date|distance|mov_time|elevation|relativeEffort|avg_power_weig|work_total|training_load|intensity|estAvgPower|energyOutput|avg_speed|max_speed|avg_cadence|max_cadence|avg_heartRate|max_heartRate|avg_power|max_power|avg_calories|avg_temperature|avg_elap_time|bicycle_model|url
27.01.2018|179.54|07:05:14|4449|0|0|0|0||0|0|25.3|68.4|75|144|0|0|0|0|6,560|19|07:08:34|Garmin Edge 1030|https://www.strava.com/activities/1378034752
25.01.2018|129.19|05:00:42|3461|0|0|0|0||0|0|25.8|69.8|74|123|0|0|0|0|4,813|24|05:06:35|Garmin Edge 1030|https://www.strava.com/activities/1375084456
01.01.2018|46.46|01:30:02|376|0|0|0|0||0|0|31|69.5|65|172|0|0|0|0|1,215||01:31:20|Zwift|https://www.strava.com/activities/1335575934
31.01.2018|184.42|06:06:28|2970|0|0|0|0||0|0|30.2|68.8|80|126|0|0|0|0|5,979|17|06:42:04|Garmin Edge 1030|https://www.strava.com/activities/1384860601
26.01.2018|113.36|04:01:01|2235|0|0|0|0||0|0|28.2|71.6|75|139|0|0|0|0|3,475|22|04:19:33|Garmin Edge 1030|https://www.strava.com/activities/1376166339
17.01.2018|77.85|02:50:54|1010|0|0|0|0||0|0|27.3|58|78|119|0|0|0|0|2,421|8|02:56:27|Garmin Edge 1030|https://www.strava.com/activities/1375083919
16.01.2018|140.18|05:01:31|1514|0|0|0|0||0|0|27.9|56.2|79|125|0|0|0|0|4,448|11|05:22:58|Garmin Edge 1030|https://www.strava.com/activities/1375084106
18.02.2018|179.58|04:37:48|3037|0|0|0|0||0|0|38.8|88.6|85|138|0|0|0|0|5,043|16|04:46:21|Garmin Edge 1030|https://www.strava.com/activities/1565235293
16.02.2018|19.91|00:27:07|222|0|0|0|0||0|0|44.1|69.1|93|113|0|0|0|0|690|14|00:27:38|Garmin Edge 1030|https://www.strava.com/activities/1565234616
16.02.2018|20.75|00:38:19|226|0|0|0|0||0|0|32.5|69.5|77|112|0|0|0|0|575|17|00:38:19|Garmin Edge 1030|https://www.strava.com/activities/1565234722
13.02.2018|91.3|03:00:48|1297|0|0|0|0||0|0|30.3|68|79|127|0|0|0|0|2,609|12|03:13:20|Garmin Edge 1030|https://www.strava.com/activities/1565235239
10.02.2018|71.32|01:48:03|290|0|0|0|0||0|0|39.6|59|81|132|0|0|0|0|1,738||01:48:03|Zwift|https://www.strava.com/activities/1400155472
02.02.2018|194.29|07:08:40|4502|0|0|0|0||0|0|27.2|69.8|78|142|0|0|0|0|6,887|18|07:29:07|Garmin Edge 1030|https://www.strava.com/activities/1388079188
25.02.2018|149.03|04:05:46|1332|0|0|0|0||0|0|36.4|82.4|82|135|0|0|0|0|3,699|2|04:07:30|Garmin Edge 1030|https://www.strava.com/activities/1565235296
24.02.2018|203.65|05:10:36|1968|0|0|0|0||0|0|39.3|81.4|86|134|0|0|0|0|5,278|5|05:11:05|Garmin Edge 1030|https://www.strava.com/activities/1565235565
23.02.2018|82.36|02:43:23|707|0|0|0|0||0|0|30.2|57.2|79|120|0|0|0|0|2,264|1|02:49:28|Garmin Edge 1030|https://www.strava.com/activities/1565234930
17.02.2018|197.18|04:40:35|2061|0|0|0|0||0|0|42.2|83.9|80|131|0|0|0|0|3,617|17|04:41:40|Garmin Edge 1030|https://www.strava.com/activities/1565235133
15.02.2018|196.36|05:11:45|3321|0|0|0|0||0|0|37.8|90.7|83|203|0|0|0|0|4,967|17|05:14:44|Garmin Edge 1030|https://www.strava.com/activities/1565235793
14.02.2018|195.78|04:59:08|2085|0|0|0|0||0|0|39.3|81|81|132|0|0|0|0|3,961|16|05:01:21|Garmin Edge 1030|https://www.strava.com/activities/1565235434
31.03.2018|61.06|02:03:22|154|0|0|0|0||0|0|29.7|42.1|82|108|0|0|0|0|1,839|9|02:13:25|Garmin Edge 1030|https://www.strava.com/activities/1565234933
27.03.2018|55.74|01:51:56|328|0|0|0|0||0|0|29.9|51.5|80|131|0|0|0|0|1,651|4|01:55:05|Garmin Edge 1030|https://www.strava.com/activities/1565234866
22.03.2018|74.06|02:31:21|205|0|0|0|0||0|0|29.4|40.7|82|113|0|0|0|0|2,103|5|02:38:50|Garmin Edge 1030|https://www.strava.com/activities/1565235030
16.03.2018|86.81|02:44:08|546|0|0|0|0||0|0|31.7|57.2|81|121|0|0|0|0|2,057|11|03:11:27|Garmin Edge 1030|https://www.strava.com/activities/1565234986
07.03.2018|25.39|00:44:15|417|0|0|0|0||0|0|34.4|76.7|85|119|0|0|0|0|815|7|00:52:12|Garmin Edge 1030|https://www.strava.com/activities/1565234749
03.03.2018|47.66|01:33:40|555|0|0|0|0||0|0|30.5|56.2|79|124|0|0|0|0|1,299|3|01:35:03|Garmin Edge 1030|https://www.strava.com/activities/1565234909
29.03.2018|94.39|03:22:26|854|0|0|0|0||0|0|28|70.9|75|111|0|0|0|0|2,500|9|04:03:42|Garmin Edge 1030|https://www.strava.com/activities/1565235182
28.03.2018|185.68|04:34:54|644|0|0|0|0||0|0|40.5|86.4|84|134|0|0|0|0|4,980|6|04:35:56|Garmin Edge 1030|https://www.strava.com/activities/1565235420
26.03.2018|23.52|00:55:12|57|0|0|0|0||0|0|25.6|37.8|68|98|0|0|0|0|420|12|01:30:16|Garmin Edge 1030|https://www.strava.com/activities/1565234725
25.03.2018|255.08|06:16:48|1811|0|0|0|0||0|0|40.6|91.4|82|146|0|0|0|0|5,717|11|06:18:07|Garmin Edge 1030|https://www.strava.com/activities/1565235639
24.03.2018|37.69|01:21:27|155|0|0|0|0||0|0|27.8|44.6|72|97|0|0|0|0|747|10|01:49:11|Garmin Edge 1030|https://www.strava.com/activities/1565234787
23.03.2018|177.52|04:47:52|1656|0|0|0|0||0|0|37|83.2|82|188|0|0|0|0|4,394|5|04:51:13|Garmin Edge 1030|https://www.strava.com/activities/1565235385
17.03.2018|300.61|07:33:47|1955|0|0|0|0||0|0|39.7|77.4|83|128|0|0|0|0|6,396|9|07:40:26|Garmin Edge 1030|https://www.strava.com/activities/1565236442
09.03.2018|109.52|02:50:36|1394|0|0|0|0||0|0|38.5|73.4|82|130|0|0|0|0|2,610|15|02:51:01|Garmin Edge 1030|https://www.strava.com/activities/1565235064
08.03.2018|167.83|04:17:27|2425|0|0|0|0||0|0|39.1|82.8|85|131|0|0|0|0|4,156|12|04:18:04|Garmin Edge 1030|https://www.strava.com/activities/1565235388
06.03.2018|215.59|05:36:48|2711|0|0|0|0||0|0|38.4|93.6|84|135|0|0|0|0|4,843|11|05:38:31|Garmin Edge 1030|https://www.strava.com/activities/1565235387
05.03.2018|189.41|04:55:16|728|0|0|0|0||0|0|38.5|69.8|81|135|0|0|0|0|3,187|12|04:57:51|Garmin Edge 1030|https://www.strava.com/activities/1565235255
04.03.2018|142.22|03:29:08|577|0|0|0|0||0|0|40.8|77|87|130|0|0|0|0|3,383|4|03:29:52|Garmin Edge 1030|https://www.strava.com/activities/1565235349
28.04.2018|183.44|06:01:05|3064|0|0|0|0||0|0|30.5|71.3|81|127|0|0|0|0|6,350|8|06:29:14|Garmin Edge 1030|https://www.strava.com/activities/1536687561
27.04.2018|121.53|04:01:13|1811|0|0|0|0||0|0|30.2|70.6|80|114|0|0|0|0|4,031|6|04:13:03|Garmin Edge 1030|https://www.strava.com/activities/1534633410
26.04.2018|44.13|01:40:19|724|0|0|0|0||0|0|26.4|69.5|76|121|0|0|0|0|1,323|9|01:55:22|Garmin Edge 1030|https://www.strava.com/activities/1565234962
21.04.2018|157.41|05:46:51|3012|0|0|0|0||0|0|27.2|78.5|78|113|0|0|0|0|5,425|13|05:56:11|Garmin Edge 1030|https://www.strava.com/activities/1522284628
20.04.2018|148.91|05:08:40|2408|0|0|0|0||0|0|28.9|70.9|76|128|0|0|0|0|4,750|14|05:25:42|Garmin Edge 1030|https://www.strava.com/activities/1520364102
08.04.2018|95.52|03:07:32|1282|0|0|0|0||0|0|30.6|67|86|120|0|0|0|0|3,055|6|03:09:05|Garmin Edge 1030|https://www.strava.com/activities/1497488276
25.04.2018|89.59|03:06:09|1498|0|0|0|0||0|0|28.9|83.9|75|142|0|0|0|0|2,891|9|03:47:22|Garmin Edge 1030|https://www.strava.com/activities/1532362340
22.04.2018|152.37|04:34:54|2644|0|0|0|0||0|0|33.3|93.2|86|139|0|0|0|0|5,231|9|05:24:28|Garmin Edge 1030|https://www.strava.com/activities/1525118015
01.04.2018|175.89|04:15:36|823|0|0|0|0||0|0|41.3|82.4|87|132|0|0|0|0|4,527|5|04:18:19|Garmin Edge 1030|https://www.strava.com/activities/1565235406
30.05.2018|143.2|04:35:21|2017|0|0|0|0||0|0|31.2|71.6|82|121|0|0|0|0|4,282|21|04:39:35|Garmin Edge 1030|https://www.strava.com/activities/1605697482
29.05.2018|123.79|04:16:49|1695|0|0|0|0||0|0|28.9|66.6|79|137|0|0|0|0|3,316|22|04:33:25|Garmin Edge 1030|https://www.strava.com/activities/1603596467
28.05.2018|70.17|02:40:19|906|0|0|0|0||0|0|26.3|56.5|77|116|0|0|0|0|1,750|18|03:17:07|Garmin Edge 1030|https://www.strava.com/activities/1601285664
27.05.2018|169.58|06:01:17|2970|0|0|0|0||0|0|28.2|70.6|80|230|0|0|0|0|5,312|16|06:09:41|Garmin Edge 1030|https://www.strava.com/activities/1599477986
26.05.2018|133|04:27:02|2023|0|0|0|0||0|0|29.9|66.6|81|133|0|0|0|0|4,070|22|04:27:40|Garmin Edge 1030|https://www.strava.com/activities/1597685181
25.05.2018|58.39|02:23:53|1404|0|0|0|0||0|0|24.3|65.2|70|115|0|0|0|0|1,922|20|02:26:35|Garmin Edge 1030|https://www.strava.com/activities/1595375315
23.05.2018|90.21|03:15:58|1321|0|0|0|0||0|0|27.6|59.8|76|128|0|0|0|0|2,567|11|03:25:45|Garmin Edge 1030|https://www.strava.com/activities/1590295517
22.05.2018|127.93|04:30:13|1842|0|0|0|0||0|0|28.4|62.3|77|127|0|0|0|0|3,630|20|04:30:58|Garmin Edge 1030|https://www.strava.com/activities/1588617664
20.05.2018|74.77|02:42:52|499|0|0|0|0||0|0|27.5|54.7|76|109|0|0|0|0|1,642|21|03:16:04|Garmin Edge 1030|https://www.strava.com/activities/1584062265
19.05.2018|185.43|06:04:48|2165|0|0|0|0||0|0|30.5|67|78|120|0|0|0|0|5,398|19|06:15:36|Garmin Edge 1030|https://www.strava.com/activities/1581951579
18.05.2018|136.38|04:45:23|2804|0|0|0|0||0|0|28.7|65.5|78|124|0|0|0|0|4,417|13|05:31:26|Garmin Edge 1030|https://www.strava.com/activities/1579734672
17.05.2018|130.29|04:18:19|1682|0|0|0|0||0|0|30.3|66.2|79|132|0|0|0|0|3,655|22|04:19:04|Garmin Edge 1030|https://www.strava.com/activities/1577734104
16.05.2018|34.59|01:26:40|322|0|0|0|0||0|0|23.9|43.6|76|209|0|0|0|0|832|25|02:12:09|Garmin Edge 1030|https://www.strava.com/activities/1575721739
15.05.2018|110.38|03:48:30|1445|0|0|0|0||0|0|29|79.6|79|133|0|0|0|0|3,117|21|03:50:37|Garmin Edge 1030|https://www.strava.com/activities/1573413820
14.05.2018|170.19|06:01:59|3463|0|0|0|0||0|0|28.2|73.4|80|130|0|0|0|0|5,549|12|06:10:01|Garmin Edge 1030|https://www.strava.com/activities/1571426933
13.05.2018|123.46|04:18:12|2176|0|0|0|0||0|0|28.7|73.1|76|125|0|0|0|0|4,181|15|04:19:08|Garmin Edge 1030|https://www.strava.com/activities/1569832109
31.05.2018|88.91|03:00:49|938|0|0|0|0||0|0|29.5|68.8|78|130|0|0|0|0|2,394|22|03:55:05|Garmin Edge 1030|https://www.strava.com/activities/1607665208
24.06.2018|115.09|02:32:50|719|0|0|0|0||0|0|45.2|78.5|87|132|0|0|0|0|2,235|24|02:35:43|Garmin Edge 520|https://www.strava.com/activities/1659167204
23.06.2018|226.3|05:21:49|1288|0|0|0|0||0|0|42.2|76|83|122|0|0|0|0|4,268|21|05:25:43|Garmin Edge 520|https://www.strava.com/activities/1656789841
22.06.2018|158.19|05:16:19|3972|0|0|0|0||0|0|30|96.8|82|145|0|0|0|0|5,592|19|05:19:23|Garmin Edge 520|https://www.strava.com/activities/1654898740
21.06.2018|156.67|04:03:54|1185|0|0|0|0||0|0|38.5|80.3|82|154|0|0|0|0|2,879|31|04:07:15|Garmin Edge 520|https://www.strava.com/activities/1652829155
20.06.2018|30.34|00:49:13|16|0|0|0|0||0|0|37|61.6|82|114|0|0|0|0|635|28|00:56:12|Garmin Edge 520|https://www.strava.com/activities/1650548180
20.06.2018|45.75|01:11:26|49|0|0|0|0||0|0|38.4|62.6|84|132|0|0|0|0|864|27|01:20:05|Garmin Edge 520|https://www.strava.com/activities/1650265337
19.06.2018|61.09|01:43:22|48|0|0|0|0||0|0|35.5|55.4|79|118|0|0|0|0|966|30|01:47:10|Garmin Edge 1030|https://www.strava.com/activities/1648579874
18.06.2018|65.94|02:13:02|205|0|0|0|0||0|0|29.7|45.4|79|104|0|0|0|0|1,351|29|02:57:07|Garmin Edge 1030|https://www.strava.com/activities/1646207854
17.06.2018|33.99|00:49:50|263|0|0|0|0||0|0|40.9|67|90|91|0|0|0|0|1,311|29|00:50:55|Garmin Edge 1030|https://www.strava.com/activities/1644297073
17.06.2018|31.11|01:05:09|338|0|0|0|0||0|0|28.7|86|67|101|0|0|0|0|546|27|01:06:29|Garmin Edge 1030|https://www.strava.com/activities/1643879448
09.06.2018|18.67|00:25:17|179|0|0|0|0||0|0|44.3|90|90|132|0|0|0|0|465|27|00:27:01|Garmin Edge 1030|https://www.strava.com/activities/1627157628
06.06.2018|45.86|01:34:19|517|0|0|0|0||0|0|29.2|58.3|78|114|0|0|0|0|1,132|21|01:43:46|Garmin Edge 1030|https://www.strava.com/activities/1621201512
03.06.2018|108.11|03:45:31|2109|0|0|0|0||0|0|28.8|78.8|78|128|0|0|0|0|3,176|28|04:05:30|Garmin Edge 1030|https://www.strava.com/activities/1614543437
02.06.2018|55.44|02:18:35|1116|0|0|0|0||0|0|24|64.1|72|118|0|0|0|0|1,736|26|02:25:48|Garmin Edge 1030|https://www.strava.com/activities/1612434666
16.06.2018|127.84|02:58:16|978|0|0|0|0||0|0|43|72|82|133|0|0|0|0|2,463|31|02:58:16|Garmin Edge 1030|https://www.strava.com/activities/1642324168
15.06.2018|176.57|04:43:23|2807|0|0|0|0||0|0|37.4|85.7|80|141|0|0|0|0|4,087|23|04:43:23|Garmin Edge 1030|https://www.strava.com/activities/1640066166
14.06.2018|188.55|05:30:19|3565|0|0|0|0||0|0|34.2|89.3|81|135|0|0|0|0|4,965|20|05:31:03|Garmin Edge 1030|https://www.strava.com/activities/1638192805
13.06.2018|156|04:10:01|2658|0|0|0|0||0|0|37.4|92.9|81|138|0|0|0|0|3,748|15|04:10:52|Garmin Edge 1030|https://www.strava.com/activities/1636129886
12.06.2018|191.24|04:43:19|2205|0|0|0|0||0|0|40.5|83.9|85|124|0|0|0|0|4,124|14|04:43:19|Garmin Edge 1030|https://www.strava.com/activities/1633935607
11.06.2018|185.84|04:57:52|1123|0|0|0|0||0|0|37.4|81.4|81|135|0|0|0|0|3,871|16|04:58:55|Garmin Edge 1030|https://www.strava.com/activities/1631908587
10.06.2018|156.11|03:54:53|1752|0|0|0|0||0|0|39.9|95.8|85|126|0|0|0|0|3,060|29|03:55:49|Garmin Edge 1030|https://www.strava.com/activities/1629975412
09.06.2018|37.43|00:58:36|356|0|0|0|0||0|0|38.3|84.6|85|131|0|0|0|0|829|24|01:00:27|Garmin Edge 1030|https://www.strava.com/activities/1626777709
08.06.2018|47.67|01:43:16|605|0|0|0|0||0|0|27.7|61.9|72|106|0|0|0|0|908|23|01:47:11|Garmin Edge 1030|https://www.strava.com/activities/1624734575
07.06.2018|189.57|04:31:37|2181|0|0|0|0||0|0|41.9|87.8|88|143|0|0|0|0|4,100|24|04:38:46|Garmin Edge 1030|https://www.strava.com/activities/1623392205
27.07.2018|106.07|03:00:02|604|0|0|0|0||0|0|35.4|67.3|83|139|0|0|0|0|2,405|16|03:00:02|Garmin Edge 1030|https://www.strava.com/activities/1730665837
30.08.2018|133.35|04:22:13|2085|0|0|0|0||0|0|30.5|67|83|132|0|0|0|0|3,892|14|04:53:27|Garmin Edge 1030|https://www.strava.com/activities/1807424356
29.08.2018|87.96|03:07:28|1439|0|0|0|0||0|0|28.2|77.8|79|129|0|0|0|0|2,359|13|04:11:31|Garmin Edge 520|https://www.strava.com/activities/1805182025
25.08.2018|64.43|02:03:37|498|0|0|0|0||0|0|31.3|62.6|81|129|0|0|0|0|1,368|18|02:03:52|Garmin Edge 1030|https://www.strava.com/activities/1796027671
14.08.2018|42.96|01:09:11|35|0|0|0|0||0|0|37.3|51.8|86|106|0|0|0|0|921|19|01:10:56|Garmin Edge 520|https://www.strava.com/activities/1771201532
26.08.2018|226.7|05:53:47|2399|0|0|0|0||0|0|38.4|78.5|85|135|0|0|0|0|4,728|17|05:57:33|Garmin Edge 1030|https://www.strava.com/activities/1798991131
19.08.2018|212.39|05:13:31|2204|0|0|0|0||0|0|40.6|92.9|86|135|0|0|0|0|4,603|22|05:14:43|Garmin Edge 1030|https://www.strava.com/activities/1783144129
18.08.2018|186.93|04:26:48|1630|0|0|0|0||0|0|42|99|87|133|0|0|0|0|3,860|24|04:27:32|Garmin Edge 1030|https://www.strava.com/activities/1780695466
17.08.2018|208.4|04:50:48|1350|0|0|0|0||0|0|43|86.4|84|125|0|0|0|0|4,014|24|04:53:22|Garmin Edge 1030|https://www.strava.com/activities/1778460275
16.08.2018|176.22|04:06:57|483|0|0|0|0||0|0|42.8|74.2|87|136|0|0|0|0|3,203|25|04:07:46|Garmin Edge 1030|https://www.strava.com/activities/1776297193
15.08.2018|177.88|03:56:52|323|0|0|0|0||0|0|45.1|66.6|87|133|0|0|0|0|3,015|20|03:59:15|Garmin Edge 1030|https://www.strava.com/activities/1774056877
13.08.2018|182.17|04:12:55|235|0|0|0|0||0|0|43.2|66.2|84|132|0|0|0|0|3,158|18|04:14:08|Garmin Edge 1030|https://www.strava.com/activities/1769360271
29.09.2018|28.59|01:11:53|450|0|0|0|0||0|0|23.9|60.1|77|104|0|0|0|0|659|5|01:11:53|Garmin Edge 1030|https://www.strava.com/activities/1872106267
27.09.2018|95.63|03:12:09|1162|0|0|0|0||0|0|29.9|79.6|78|116|0|0|0|0|2,571|13|03:47:00|Garmin Edge 1030|https://www.strava.com/activities/1868736243
25.09.2018|72.55|02:35:00|1168|0|0|0|0||0|0|28.1|64.4|77|114|0|0|0|0|2,001|11|03:24:50|Garmin Edge 1030|https://www.strava.com/activities/1864554511
24.09.2018|64.55|02:05:33|823|0|0|0|0||0|0|30.8|76|83|125|0|0|0|0|1,911|10|02:07:55|Garmin Edge 1030|https://www.strava.com/activities/1863313710
28.09.2018|140.07|04:51:24|2573|0|0|0|0||0|0|28.8|75.6|79|142|0|0|0|0|4,437|9|05:20:29|Garmin Edge 1030|https://www.strava.com/activities/1870857674
26.09.2018|87.68|03:00:20|1352|0|0|0|0||0|0|29.2|75.6|80|125|0|0|0|0|2,349|14|03:51:06|Garmin Edge 1030|https://www.strava.com/activities/1866762404
13.10.2018|36.53|01:33:51|736|0|0|0|0||0|0|23.4|56.2|72|126|0|0|0|0|1,031|26|01:44:25|Garmin Edge 1030|https://www.strava.com/activities/1901086295
10.10.2018|86.2|02:47:15|225|0|0|0|0||0|0|30.9|50.8|76|108|0|0|0|0|1,855|19|03:22:05|Garmin Edge 1030|https://www.strava.com/activities/1895803242
09.10.2018|176.08|04:30:55|2499|0|0|0|0||0|0|39|90.4|86|135|0|0|0|0|3,901|21|04:32:29|Garmin Edge 1030|https://www.strava.com/activities/1894029601
08.10.2018|42.54|01:31:38|345|0|0|0|0||0|0|27.9|71.6|74|125|0|0|0|0|853|20|01:55:23|Garmin Edge 1030|https://www.strava.com/activities/1891698517
07.10.2018|200.91|04:39:18|1660|0|0|0|0||0|0|43.2|77.8|88|205|0|0|0|0|3,730|22|04:46:57|Garmin Edge 1030|https://www.strava.com/activities/1890167419
06.10.2018|194.28|04:58:52|2485|0|0|0|0||0|0|39|74.5|90|128|0|0|0|0|4,855|14|05:03:53|Garmin Edge 1030|https://www.strava.com/activities/1887688886
05.10.2018|44.71|01:23:50|84|0|0|0|0||0|0|32|58.3|81|139|0|0|0|0|1,030|21|01:32:42|Garmin Edge 1030|https://www.strava.com/activities/1885626726
21.10.2018|171.37|03:44:45|289|0|0|0|0||0|0|45.8|82.8|90|134|0|0|0|0|3,056|15|03:45:36|Garmin Edge 1030|https://www.strava.com/activities/1917647707
20.10.2018|216.38|05:00:07|1472|0|0|0|0||0|0|43.3|82.1|88|130|0|0|0|0|3,980|17|05:00:46|Garmin Edge 1030|https://www.strava.com/activities/1915670163
19.10.2018|155.11|03:40:52|1083|0|0|0|0||0|0|42.1|78.5|84|128|0|0|0|0|2,445|21|03:41:23|Garmin Edge 1030|https://www.strava.com/activities/1915668674
18.10.2018|137.28|03:14:07|531|0|0|0|0||0|0|42.4|75.6|86|134|0|0|0|0|2,095|20|03:39:40|Garmin Edge 1030|https://www.strava.com/activities/1911941110
17.10.2018|146.41|03:18:17|353|0|0|0|0||0|0|44.3|66.6|88|130|0|0|0|0|2,587|16|03:20:18|Garmin Edge 1030|https://www.strava.com/activities/1911585127
16.10.2018|129.6|03:07:57|415|0|0|0|0||0|0|41.4|73.1|86|136|0|0|0|0|2,210|27|03:38:19|Garmin Edge 1030|https://www.strava.com/activities/1907673190
14.10.2018|86.5|02:30:10|836|0|0|0|0||0|0|34.6|77.8|82|140|0|0|0|0|2,093|26|03:41:07|Garmin Edge 1030|https://www.strava.com/activities/1903501831
13.12.2018|161.75|05:01:13|1405|0|0|0|0||0|0|32.2|64.4|82|161|0|0|0|0|3,345|12|05:40:25|Garmin Edge 1030|https://www.strava.com/activities/2015184232
12.12.2018|138.96|04:11:49|1261|0|0|0|0||0|0|33.1|61.9|73|124|0|0|0|0|2,566|15|04:42:15|Garmin Edge 1030|https://www.strava.com/activities/2013640776
21.03.2019|107.18|03:00:32|928|0|0|0|0||0|0|35.6|67|78|121|135|176|0|0|2,303||03:01:38|Zwift|https://www.strava.com/activities/2228861624
19.03.2019|69.83|02:33:31|1713|0|0|0|0||0|0|27.3|81.7|79|111|0|0|0|0|1,911||02:33:31|Zwift|https://www.strava.com/activities/2224285172
19.03.2019|34.09|00:45:44|112|0|0|0|0||0|0|44.7|58.3|89|124|0|0|0|0|774||00:45:44|Zwift|https://www.strava.com/activities/2223950165
17.03.2019|38.7|01:04:05|122|0|0|0|0||0|0|36.2|52.6|81|103|0|0|0|0|605||01:05:03|Zwift|https://www.strava.com/activities/2218641619
27.04.2019|121.93|04:10:15|1747|0|0|0|0||0|0|29.2|81.4|79|134|127|181|0|0|3,312|6|04:12:35|Garmin Edge 820|https://www.strava.com/activities/2322955754
20.04.2019|213.46|07:00:10|3664|0|0|0|0||0|0|30.5|77.8|78|200|126|181|0|0|5,812|13|07:28:50|Garmin Edge 1030|https://www.strava.com/activities/2304915230
18.04.2019|192.19|06:32:16|3013|0|0|0|0||0|0|29.4|70.9|80|141|126|169|0|0|5,136|17|07:07:52|Garmin Edge 1030|https://www.strava.com/activities/2299619703
14.04.2019|133.32|04:17:33|2270|0|0|0|0||0|0|31.1|72.7|80|128|135|181|0|0|3,988|3|04:24:31|Garmin Edge 1030|https://www.strava.com/activities/2289446147
06.04.2019|137.03|04:11:44|1457|0|0|0|0||0|0|32.7|71.3|77|185|124|167|0|0|3,250|6|04:52:44|Garmin Edge 1030|https://www.strava.com/activities/2268905871
05.04.2019|135.5|04:21:52|2082|0|0|0|0||0|0|31|83.2|79|119|135|175|0|0|3,930|2|04:33:22|Garmin Edge 1030|https://www.strava.com/activities/2266648914
01.04.2019|167.05|05:43:09|3476|0|0|0|0||0|0|29.2|76.7|77|200|134|183|0|0|4,797|3|06:41:23|Garmin Edge 1030|https://www.strava.com/activities/2258237288
15.05.2019|175.94|05:59:07|2710|0|0|0|0||0|0|29.4|83.5|77|200|121|168|0|0|4,412|21|06:34:13|Garmin Edge 820|https://www.strava.com/activities/2369758819
21.05.2019|147.11|05:00:56|2756|0|0|0|0||0|0|29.3|73.1|78|200|117|182|0|0|3,825|18|05:42:24|Garmin Edge 820|https://www.strava.com/activities/2385245961
19.05.2019|119.38|04:03:17|1566|0|0|0|0||0|0|29.4|67|74|200|110|186|0|0|2,812|17|04:18:22|Garmin Edge 820|https://www.strava.com/activities/2380258585
30.06.2019|196.18|04:21:19|1343|0|0|0|0||0|0|45|72.7|91|200|155|192|0|0|4,573|22|04:21:19|Garmin Edge 830|https://www.strava.com/activities/2494489120
27.06.2019|94.82|03:13:00|1070|0|0|0|0||0|0|29.5|58.3|77|200|116|187|0|0|2,424|19|03:40:42|Garmin Edge 820|https://www.strava.com/activities/2484901748
11.06.2019|104.26|03:21:41|1268|0|0|0|0||0|0|31|74.9|78|173|122|183|0|0|2,601|20|03:23:34|Garmin Edge 820|https://www.strava.com/activities/2441583434
10.06.2019|137.82|05:00:55|3183|0|0|0|0||0|0|27.5|69.8|78|200|123|166|0|0|3,917|19|05:02:29|Garmin Edge 820|https://www.strava.com/activities/2441491121
09.06.2019|135.39|04:08:17|2617|0|0|0|0||0|0|32.7|73.1|83|200|138|184|0|0|3,904|21|04:09:20|Garmin Edge 820|https://www.strava.com/activities/2436354884
26.07.2019|133.45|03:52:03|1777|0|0|0|0||0|0|34.5|74.5|83|183|134|184|0|0|3,339|25|03:55:05|Garmin Edge 830|https://www.strava.com/activities/2564348583
25.07.2019|148.6|05:08:11|3174|0|0|0|0||0|0|28.9|89.6|77|200|126|171|0|0|3,958|32|05:38:35|Garmin Edge 830|https://www.strava.com/activities/2562216297
24.07.2019|132.88|04:03:58|2084|0|0|0|0||0|0|32.7|80.6|82|149|132|187|0|0|3,311|30|04:18:32|Garmin Edge 830|https://www.strava.com/activities/2559504065
22.07.2019|209.28|07:37:02|4421|0|0|0|0||0|0|27.5|78.5|79|200|124|169|0|0|5,506|29|08:06:23|Garmin Edge 830|https://www.strava.com/activities/2553750203
21.07.2019|131.65|04:07:50|2235|0|0|0|0||0|0|31.9|72.4|83|200|131|187|0|0|3,289|29|04:13:21|Garmin Edge 830|https://www.strava.com/activities/2551211592
20.07.2019|147.02|05:01:53|3233|0|0|0|0||0|0|29.2|82.8|79|167|131|177|0|0|3,953|26|05:27:31|Garmin Edge 830|https://www.strava.com/activities/2548351812
18.07.2019|163.16|05:12:41|2599|0|0|0|0||0|0|31.3|78.5|82|200|122|175|0|0|3,944|24|05:31:52|Garmin Edge 830|https://www.strava.com/activities/2543619431
16.07.2019|120.9|04:04:01|2161|0|0|0|0||0|0|29.7|74.9|79|200|118|161|0|0|2,887|25|04:39:13|Garmin Edge 830|https://www.strava.com/activities/2539015284
21.08.2019|192.85|06:00:30|2892|0|0|0|0||0|0|32.1|68.8|83|184|135|183|0|0|5,425|28|06:13:40|Garmin Edge 830|https://www.strava.com/activities/2638687854
17.08.2019|221.44|07:01:31|2507|0|0|0|0||0|0|31.5|76.7|79|163|123|161|0|0|5,746|31|07:26:22|Garmin Edge 830|https://www.strava.com/activities/2626968292
14.08.2019|136.94|04:30:18|1644|0|0|0|0||0|0|30.4|75.6|78|142|118|167|0|0|3,280|31|04:38:05|Garmin Edge 830|https://www.strava.com/activities/2618369563
13.08.2019|200.19|06:12:20|2067|0|0|0|0||0|0|32.3|73.1|81|178|118|158|0|0|4,920|25|06:18:37|Garmin Edge 830|https://www.strava.com/activities/2615360001
16.10.2019|50.36|01:37:47|207|0|0|0|0||0|0|30.9|57.2|88|178|114|188|0|0|1,053|30|02:45:16|Garmin Edge 830|https://www.strava.com/activities/2792903416
11.10.2019|27.74|00:45:38|138|0|0|0|0||0|0|36.5|60.8|88|116|140|190|0|0|596||00:46:30|Zwift|https://www.strava.com/activities/2779516948
17.10.2019|151.64|03:36:29|520|0|0|0|0||0|0|42|74.5|86|180|122|193|0|0|2,440|31|04:48:16|Garmin Edge 830|https://www.strava.com/activities/2795211159
28.12.2019|169.1|05:25:36|2245|0|0|0|0||0|0|31.2|69.5|79|200|138|176|0|0|4,881|8|06:12:36|Garmin Edge 830|https://www.strava.com/activities/2962786306
08.12.2019|107.8|03:56:53|1717|0|0|0|0||0|0|27.3|71.6|79|200|129|176|0|0|3,031|5|04:06:18|Garmin Edge 830|https://www.strava.com/activities/2919917094
05.12.2019|92.99|03:31:20|620|0|0|0|0||0|0|26.4|68|79|149|121|167|0|0|2,510|6|03:46:42|Garmin Edge 830|https://www.strava.com/activities/2913050304
29.12.2019|202.15|06:09:55|1998|0|0|0|0||0|0|32.8|81|81|177|136|189|0|0|5,243|8|07:37:25|Garmin Edge 830|https://www.strava.com/activities/2965821495
07.12.2019|155.08|05:04:48|2098|0|0|0|0||0|0|30.5|68|81|200|136|189|0|0|3,965|7|05:20:27|Garmin Edge 830|https://www.strava.com/activities/2917293282
04.12.2019|149.63|05:03:32|2282|0|0|0|0||0|0|29.6|77|80|171|134|179|0|0|3,908|7|05:49:07|Garmin Edge 830|https://www.strava.com/activities/2910894245
03.12.2019|116.8|04:02:28|1834|0|0|0|0||0|0|28.9|66.6|80|136|139|189|0|0|3,190|5|04:28:25|Garmin Edge 830|https://www.strava.com/activities/2909384961
31.01.2020|165.62|05:18:00|1927|0|0|0|0||0|0|31.3|68|83|200|126|183|0|0|4,715|10|05:27:17|Garmin Edge 830|https://www.strava.com/activities/3059816983
29.01.2020|175.29|06:23:16|3196|0|0|0|0||0|0|27.4|70.9|78|200|122|176|0|0|5,315|4|07:02:59|Garmin Edge 830|https://www.strava.com/activities/3053890764
23.01.2020|154.99|06:10:42|3549|0|0|0|0||0|0|25.1|70.9|75|200|112|160|0|0|4,661|15|06:34:53|Garmin Edge 830|https://www.strava.com/activities/3037545669
20.01.2020|188.99|06:02:04|2673|0|0|0|0||0|0|31.3|73.8|80|200|122|177|0|0|4,981|13|06:28:10|Garmin Edge 830|https://www.strava.com/activities/3029347933
19.01.2020|150.82|06:02:38|3155|0|0|0|0||0|0|25|85.7|73|200|111|168|0|0|4,270|18|06:23:11|Garmin Edge 830|https://www.strava.com/activities/3026600827
15.01.2020|202.33|06:14:22|3035|0|0|0|0||0|0|32.4|75.2|78|200|127|170|0|0|5,590|13|06:40:49|Garmin Edge 830|https://www.strava.com/activities/3014867284
14.01.2020|173.09|06:03:59|2398|0|0|0|0||0|0|28.5|75.2|79|157|112|176|0|0|4,327|12|06:53:40|Garmin Edge 830|https://www.strava.com/activities/3011883989
10.01.2020|196.34|06:00:05|2704|0|0|0|0||0|0|32.7|74.5|81|200|127|173|0|0|5,164|15|06:29:41|Garmin Edge 830|https://www.strava.com/activities/2999740553
08.01.2020|134.38|05:07:21|3348|0|0|0|0||0|0|26.2|78.8|77|200|125|183|0|0|4,113|12|05:49:37|Garmin Edge 830|https://www.strava.com/activities/2994344786
07.01.2020|66.87|02:10:47|644|0|0|0|0||0|0|30.7|83.9|79|116|101|129|0|0|1,392|18|02:25:42|Garmin Edge 830|https://www.strava.com/activities/2992012966
22.01.2020|159.67|06:02:37|3781|0|0|0|0||0|0|26.4|77.8|77|200|122|182|0|0|4,809|12|06:28:47|Garmin Edge 830|https://www.strava.com/activities/3035371379
18.01.2020|132.23|05:00:36|3185|0|0|0|0||0|0|26.4|78.5|76|200|122|180|0|0|3,942|14|05:44:02|Garmin Edge 830|https://www.strava.com/activities/3023176235
17.01.2020|151.99|05:40:08|2706|0|0|0|0||0|0|26.8|75.6|76|200|104|139|0|0|4,081|12|06:48:28|Garmin Edge 830|https://www.strava.com/activities/3020168228
13.01.2020|132.77|05:01:01|3012|0|0|0|0||0|0|26.5|70.9|76|200|115|176|0|0|3,756|10|05:57:40|Garmin Edge 830|https://www.strava.com/activities/3008841418
12.01.2020|157.32|06:09:15|3166|0|0|0|0||0|0|25.6|70.6|70|195|110|172|0|0|4,369|11|06:56:03|Garmin Edge 830|https://www.strava.com/activities/3006436436
09.01.2020|179.34|06:39:55|3634|0|0|0|0||0|0|26.9|72.4|71|200|114|179|0|0|4,595|11|07:28:16|Garmin Edge 830|https://www.strava.com/activities/2997226856
31.01.2020|165.62|05:18:00|1927|0|0|0|0||0|0|31.3|68|83|200|126|183|0|0|4,715|10|05:27:17|Garmin Edge 830|https://www.strava.com/activities/3059816983
29.01.2020|175.29|06:23:16|3196|0|0|0|0||0|0|27.4|70.9|78|200|122|176|0|0|5,315|4|07:02:59|Garmin Edge 830|https://www.strava.com/activities/3053890764
23.01.2020|154.99|06:10:42|3549|0|0|0|0||0|0|25.1|70.9|75|200|112|160|0|0|4,661|15|06:34:53|Garmin Edge 830|https://www.strava.com/activities/3037545669
20.01.2020|188.99|06:02:04|2673|0|0|0|0||0|0|31.3|73.8|80|200|122|177|0|0|4,981|13|06:28:10|Garmin Edge 830|https://www.strava.com/activities/3029347933
19.01.2020|150.82|06:02:38|3155|0|0|0|0||0|0|25|85.7|73|200|111|168|0|0|4,270|18|06:23:11|Garmin Edge 830|https://www.strava.com/activities/3026600827
15.01.2020|202.33|06:14:22|3035|0|0|0|0||0|0|32.4|75.2|78|200|127|170|0|0|5,590|13|06:40:49|Garmin Edge 830|https://www.strava.com/activities/3014867284
14.01.2020|173.09|06:03:59|2398|0|0|0|0||0|0|28.5|75.2|79|157|112|176|0|0|4,327|12|06:53:40|Garmin Edge 830|https://www.strava.com/activities/3011883989
10.01.2020|196.34|06:00:05|2704|0|0|0|0||0|0|32.7|74.5|81|200|127|173|0|0|5,164|15|06:29:41|Garmin Edge 830|https://www.strava.com/activities/2999740553
08.01.2020|134.38|05:07:21|3348|0|0|0|0||0|0|26.2|78.8|77|200|125|183|0|0|4,113|12|05:49:37|Garmin Edge 830|https://www.strava.com/activities/2994344786
07.01.2020|66.87|02:10:47|644|0|0|0|0||0|0|30.7|83.9|79|116|101|129|0|0|1,392|18|02:25:42|Garmin Edge 830|https://www.strava.com/activities/2992012966
22.01.2020|159.67|06:02:37|3781|0|0|0|0||0|0|26.4|77.8|77|200|122|182|0|0|4,809|12|06:28:47|Garmin Edge 830|https://www.strava.com/activities/3035371379
18.01.2020|132.23|05:00:36|3185|0|0|0|0||0|0|26.4|78.5|76|200|122|180|0|0|3,942|14|05:44:02|Garmin Edge 830|https://www.strava.com/activities/3023176235
17.01.2020|151.99|05:40:08|2706|0|0|0|0||0|0|26.8|75.6|76|200|104|139|0|0|4,081|12|06:48:28|Garmin Edge 830|https://www.strava.com/activities/3020168228
13.01.2020|132.77|05:01:01|3012|0|0|0|0||0|0|26.5|70.9|76|200|115|176|0|0|3,756|10|05:57:40|Garmin Edge 830|https://www.strava.com/activities/3008841418
12.01.2020|157.32|06:09:15|3166|0|0|0|0||0|0|25.6|70.6|70|195|110|172|0|0|4,369|11|06:56:03|Garmin Edge 830|https://www.strava.com/activities/3006436436
09.01.2020|179.34|06:39:55|3634|0|0|0|0||0|0|26.9|72.4|71|200|114|179|0|0|4,595|11|07:28:16|Garmin Edge 830|https://www.strava.com/activities/2997226856
17.04.2020|35.28|01:10:35|895|0|0|0|0||0|0|30|91.4|84|123|131|167|0|0|1,087||01:10:59|Zwift|https://www.strava.com/activities/3312198851
10.04.2020|22.99|01:03:42|827|0|0|0|0||0|0|21.7|76.3|72|148|0|0|0|0|848||01:15:46|Zwift|https://www.strava.com/activities/3279274576
10.04.2020|24.31|00:45:49|496|0|0|0|0||0|0|31.8|88.6|82|123|7|146|0|0|658||00:45:49|Zwift|https://www.strava.com/activities/3278934068
28.07.2020|138.37|04:33:14|1745|0|0|0|0||0|0|30.4|64.1|76|200|0|0|0|0|3,214|29|04:51:31|Garmin Edge 830|https://www.strava.com/activities/3826784417
15.07.2020|121.13|04:13:09|3170|0|0|0|0||0|0|28.7|72.4|83|148|0|0|0|0|3,641|19|04:36:24|Garmin Edge 830|https://www.strava.com/activities/3765602136
14.07.2020|158.14|06:21:52|3952|0|0|0|0||0|0|24.8|79.9|72|200|0|0|0|0|4,500|15|06:43:18|Garmin Edge 830|https://www.strava.com/activities/3761328936
12.07.2020|150.32|05:28:53|4097|0|0|0|0||0|0|27.4|74.5|76|200|128|182|0|0|4,558|24|05:49:49|Garmin Edge 830|https://www.strava.com/activities/3752658384
25.07.2020|117.3|03:30:04|1936|0|0|0|0||0|0|33.5|66.6|80|200|0|0|0|0|3,011|21|03:44:46|Garmin Edge 830|https://www.strava.com/activities/3810563145
24.07.2020|157.76|05:35:05|3891|0|0|0|0||0|0|28.2|81.4|77|147|0|0|0|0|4,134|19|05:59:57|Garmin Edge 830|https://www.strava.com/activities/3808019869
23.07.2020|135.1|04:08:26|2171|0|0|0|0||0|0|32.6|72.7|82|168|0|0|0|0|3,300|25|04:28:25|Garmin Edge 830|https://www.strava.com/activities/3804617159
21.07.2020|177.12|06:24:11|4191|0|0|0|0||0|0|27.7|75.6|78|200|0|0|0|0|4,538|28|06:53:48|Garmin Edge 830|https://www.strava.com/activities/3796026502
20.07.2020|156.55|04:45:39|2475|0|0|0|0||0|0|32.9|75.2|80|200|0|0|0|0|4,221|25|05:07:53|Garmin Edge 830|https://www.strava.com/activities/3790158156
19.07.2020|181.48|05:43:38|2894|0|0|0|0||0|0|31.7|75.6|80|200|0|0|0|0|4,185|25|06:06:59|Garmin Edge 830|https://www.strava.com/activities/3786443268
28.08.2020|186.63|06:29:04|4262|0|0|0|0||0|0|28.8|82.4|78|200|0|0|0|0|5,717|33|06:43:56|Garmin Edge 830|https://www.strava.com/activities/3977969439
26.08.2020|143.26|05:00:09|3424|0|0|0|0||0|0|28.6|73.8|79|200|0|0|0|0|4,056|32|05:18:10|Garmin Edge 1030|https://www.strava.com/activities/3968993217
25.08.2020|156.41|05:30:36|2589|0|0|0|0||0|0|28.4|72.4|80|200|0|0|0|0|4,072|31|05:56:00|Garmin Edge 1030|https://www.strava.com/activities/3963906754
24.08.2020|135.18|04:07:58|1830|0|0|0|0||0|0|32.7|67.7|77|138|0|0|0|0|3,401|27|04:13:24|Garmin Edge 1030|https://www.strava.com/activities/3959185047
22.08.2020|178.42|06:10:51|3518|0|0|0|0||0|0|28.9|75.2|77|200|0|0|0|0|5,108|27|06:19:44|Garmin Edge 1030|https://www.strava.com/activities/3949368360
21.08.2020|162.33|05:35:48|3125|0|0|0|0||0|0|29|79.2|75|200|0|0|0|0|4,583|29|05:49:09|Garmin Edge 1030|https://www.strava.com/activities/3945298763
20.08.2020|134.49|04:48:36|2318|0|0|0|0||0|0|28|74.2|77|200|0|0|0|0|3,542|32|04:56:06|Garmin Edge 1030|https://www.strava.com/activities/3940698002
19.08.2020|94.64|03:06:53|1215|0|0|0|0||0|0|30.4|64.4|76|176|0|0|0|0|2,340|30|03:06:53|Garmin Edge 830|https://www.strava.com/activities/3935372538
16.08.2020|64.55|01:56:11|608|0|0|0|0||0|0|33.3|73.1|79|150|0|0|0|0|1,727|32|01:56:11|Garmin Edge 830|https://www.strava.com/activities/3924687690
04.08.2020|97.55|03:05:53|822|0|0|0|0||0|0|31.5|78.1|76|154|0|0|0|0|2,383|24|03:16:46|Garmin Edge 830|https://www.strava.com/activities/3862899103
28.09.2020|48.54|01:37:06|952|0|0|0|0||0|0|30|72.7|78|153|0|0|0|0|3,290|11|01:49:23|Garmin Edge 830|https://www.strava.com/activities/4123720896
20.10.2020|235.75|06:24:47|4036|0|0|0|0||0|0|36.8|84.6|84|200|0|0|0|0|5,920|15|06:25:33|Garmin Edge 830|https://www.strava.com/activities/4221132235
13.10.2020|179.62|04:12:24|2077|0|0|0|0||0|0|42.7|83.5|89|194|0|0|0|0|4,557|15|04:12:43|Garmin Edge 830|https://www.strava.com/activities/4196931055
17.12.2020|120.33|04:11:06|1879|0|0|0|0||0|0|28.8|83.9|82|142|0|0|0|0|3,421|7|04:12:53|Garmin Edge 830|https://www.strava.com/activities/4483385926
16.12.2020|160.11|06:03:22|3010|0|0|0|0||0|0|26.4|70.6|78|135|0|0|0|0|4,620|8|06:25:22|Garmin Edge 830|https://www.strava.com/activities/4479841571
15.12.2020|159.03|05:05:21|2156|0|0|0|0||0|0|31.2|79.2|81|132|0|0|0|0|4,817|6|05:07:39|Garmin Edge 830|https://www.strava.com/activities/4475492040
loaded urls in 5.04:12:17.2937370
