date|distance|mov_time|elevation|relativeEffort|avg_power_weig|work_total|training_load|intensity|estAvgPower|energyOutput|avg_speed|max_speed|avg_cadence|max_cadence|avg_heartRate|max_heartRate|avg_power|max_power|avg_calories|avg_temperature|avg_elap_time|bicycle_model|url
31.01.2018|47.18|01:19:27|403|0|174|690|34|47%|0|0|35.6|70.6|69|113|123|174|145|515|769|19|01:58:18|Garmin Edge 510|https://www.strava.com/activities/1384901680
27.01.2018|0.25|00:00:00|0|0|0|0|0||824|14|52.9|66.2|0|0|0|0|0|0|16|23|00:00:17|Garmin Edge 520|https://www.strava.com/activities/1378772193
29.01.2018|107.91|03:47:19|1952|0|210|2194|131|57%|0|0|28.5|70.2|73|124|122|188|161|632|2,446|19|05:02:45|Garmin Edge 520|https://www.strava.com/activities/1381616980
28.01.2018|114.02|03:28:08|1360|0|183|1906|90|50%|0|0|32.9|67.7|77|200|105|170|153|525|2,126|18|04:06:17|Garmin Edge 520|https://www.strava.com/activities/1381615971
27.01.2018|87.83|03:24:14|1664|0|0|0|0||148|1813|25.8|71.3|0|0|125|182|0|0|2,021|15|03:57:16|Garmin Edge 520|https://www.strava.com/activities/1378009476
26.01.2018|165.43|05:13:59|1927|0|0|0|0||194|3652|31.6|74.2|0|0|134|173|0|0|4,072|17|05:47:36|Garmin Edge 520|https://www.strava.com/activities/1376520715
25.01.2018|104.55|04:00:52|2395|0|189|2185|106|51%|0|0|26|71.6|73|187|142|181|151|1240|2,436|17|04:27:15|Garmin Edge 520|https://www.strava.com/activities/1374900483
24.01.2018|69.21|02:22:10|660|0|146|867|37|40%|0|0|29.2|67|75|124|135|169|102|816|967|20|03:08:20|Garmin Edge 520|https://www.strava.com/activities/1374898752
20.01.2018|152.07|03:40:44|1456|0|236|2460|151|64%|0|0|41.3|99.4|83|209|139|204|186|900|2,743|31|03:41:59|Garmin Edge 520|https://www.strava.com/activities/1365488051
19.01.2018|137.67|03:42:47|1724|0|211|2210|121|57%|0|0|37.1|92.5|85|175|113|167|165|932|2,464|42|03:44:07|Garmin Edge 520|https://www.strava.com/activities/1364329524
18.01.2018|128.6|03:20:57|1079|0|183|1569|83|50%|0|0|38.4|81|82|192|137|202|130|906|1,749|42|03:21:43|Garmin Edge 520|https://www.strava.com/activities/1362607664
17.01.2018|18.44|00:38:09|109|0|111|148|6|30%|0|0|29|65.2|68|116|0|0|65|465|165|37|00:40:55|Garmin Edge 520|https://www.strava.com/activities/1361114809
17.01.2018|162.81|04:38:26|2283|0|196|2470|131|53%|0|0|35.1|80.6|81|200|105|189|148|906|2,754|38|04:39:42|Garmin Edge 520|https://www.strava.com/activities/1361114906
16.01.2018|146.55|03:49:13|1371|0|182|1950|93|49%|0|0|38.4|78.8|82|201|130|192|142|1038|2,174|34|03:50:46|Garmin Edge 520|https://www.strava.com/activities/1359496407
15.01.2018|69.24|02:15:15|122|0|124|934|28|34%|0|0|30.7|43.2|82|184|0|0|115|538|1,042|26|03:14:12|Garmin Edge 520|https://www.strava.com/activities/1357955328
14.01.2018|51.5|01:06:40|286|0|238|810|46|65%|0|0|46.4|67.3|90|137|155|194|203|1023|903|17|01:06:40|Garmin Edge 520|https://www.strava.com/activities/1356224858
14.01.2018|52.11|01:46:41|596|0|206|843|66|56%|0|0|29.3|75.2|80|192|107|191|132|564|940|22|02:44:29|Garmin Edge 520|https://www.strava.com/activities/1355892720
11.01.2018|129.11|03:51:41|1605|0|214|2104|145|58%|0|0|33.4|104|79|199|132|193|151|712|2,346|30|04:35:00|Garmin Edge 520|https://www.strava.com/activities/1351132758
10.01.2018|160.2|05:02:23|1586|0|196|2707|154|53%|0|0|31.8|83.2|76|190|121|196|149|1026|3,018|25|05:48:13|Garmin Edge 520|https://www.strava.com/activities/1349542692
09.01.2018|140.96|04:27:24|1909|0|206|2726|154|56%|0|0|31.6|71.3|77|190|130|184|170|1000|3,039|22|05:02:24|Garmin Edge 520|https://www.strava.com/activities/1347877749
08.01.2018|129.56|04:13:24|1791|0|166|2160|95|45%|0|0|30.7|75.6|78|179|112|156|142|615|2,409|20|05:17:09|Garmin Edge 520|https://www.strava.com/activities/1346384151
07.01.2018|82.27|02:51:11|1467|0|193|1399|71|52%|0|0|28.8|79.2|74|213|110|156|136|733|1,560|16|03:44:14|Garmin Edge 520|https://www.strava.com/activities/1344500623
04.01.2018|73.1|02:04:00|257|0|0|0|0||202|1506|35.4|65.2|0|0|56|69|0|0|1,679|15|02:11:49|Garmin Edge 520|https://www.strava.com/activities/1340378508
03.01.2018|116.44|04:11:49|2225|0|0|0|0||174|2630|27.7|74.5|0|0|0|0|0|0|2,932|22|04:34:06|Garmin Edge 520|https://www.strava.com/activities/1339155016
02.01.2018|142.53|04:00:23|1044|0|186|2422|106|51%|0|0|35.6|74.5|65|152|133|167|168|887|2,700|15|04:07:38|Garmin Edge 810|https://www.strava.com/activities/1337579124
01.01.2018|31.06|01:44:24|582|0|100|391|14|27%|0|0|17.9|44.3|64|106|0|0|62|546|436|21|02:33:55|Garmin Edge 810|https://www.strava.com/activities/1339260985
28.02.2018|132.54|04:31:18|2818|0|250|3232|218|68%|0|0|29.3|65.2|76|111|143|190|199|694|3,604|19|04:46:10|Garmin Edge 1030|https://www.strava.com/activities/1430257386
25.02.2018|115.83|03:06:18|863|0|230|2216|130|63%|0|0|37.3|70.2|80|109|145|187|198|466|2,471|16|03:49:36|Garmin Edge 1030|https://www.strava.com/activities/1426047526
24.02.2018|229.02|05:52:04|2582|0|218|4438|216|59%|0|0|39|84.6|82|155|157|181|210|589|4,948|14|06:36:03|Garmin Edge 1030|https://www.strava.com/activities/1424256011
22.02.2018|43.63|01:30:16|207|0|140|679|22|38%|0|0|29|44.3|75|151|0|0|125|313|758|19|02:07:34|Garmin Edge 1030|https://www.strava.com/activities/1420679995
21.02.2018|94.21|02:32:37|493|0|181|1431|65|49%|0|0|37|67.7|74|128|125|162|156|322|1,596|21|03:15:34|Garmin Edge 1030|https://www.strava.com/activities/1419303493
20.02.2018|148.3|04:14:33|1081|0|206|2792|138|56%|0|0|35|75.6|72|126|134|172|183|488|3,113|19|04:45:05|Garmin Edge 1030|https://www.strava.com/activities/1417390632
18.02.2018|57.77|02:32:05|694|0|159|1020|51|43%|0|0|22.8|59.8|64|127|105|191|112|907|1,137|25|03:21:14|Garmin Edge 1030|https://www.strava.com/activities/1415545950
16.02.2018|9.87|01:59:50|0|0|0|0|0||0|0|0|0|0|0|0|0|0|0|||00:00:00||https://www.strava.com/activities/1410537083
14.02.2018|9.15|02:02:16|0|0|0|0|0||0|0|0|0|0|0|0|0|0|0|||00:00:00||https://www.strava.com/activities/1407379339
05.02.2018|52.33|01:42:22|448|0|199|838|55|54%|0|0|30.7|58.3|79|124|114|186|136|576|934|30|01:54:23|Garmin Edge 1030|https://www.strava.com/activities/1394610854
03.02.2018|73.57|02:10:53|740|0|177|1219|53|48%|0|0|33.7|69.1|79|111|113|156|155|894|1,359|20|02:22:19|Garmin Edge 1030|https://www.strava.com/activities/1389774670
27.02.2018|119.14|03:38:22|1301|0|225|2650|140|61%|0|0|32.7|79.6|81|119|144|186|202|495|2,955|23|03:50:51|Garmin Edge 1030|https://www.strava.com/activities/1428799313
23.02.2018|151.14|04:21:07|1207|0|222|2952|164|60%|0|0|34.7|62.6|72|147|0|0|188|739|3,291|18|04:56:55|Garmin Edge 1030|https://www.strava.com/activities/1422461301
19.02.2018|146.54|04:18:18|810|0|204|2827|134|55%|0|0|34|72|79|120|146|198|182|1048|3,153|24|04:55:51|Garmin Edge 1030|https://www.strava.com/activities/1416062281
11.02.2018|189.77|04:28:40|2709|0|252|3326|208|68%|0|0|42.4|88.6|87|144|141|198|206|766|3,709|26|04:28:40|Garmin Edge 1030|https://www.strava.com/activities/1403505234
10.02.2018|161.9|03:40:24|1976|0|244|2590|162|66%|0|0|44.1|90.7|88|137|0|0|196|1061|2,887|31|03:43:11|Garmin Edge 1030|https://www.strava.com/activities/1401360695
09.02.2018|153.1|03:19:59|1355|0|237|2441|137|64%|0|0|45.9|73.4|91|133|0|0|203|937|2,722|33|03:19:59|Garmin Edge 1030|https://www.strava.com/activities/1401359765
08.02.2018|166.49|03:36:38|623|0|197|2141|104|54%|0|0|46.1|67.7|86|159|131|199|165|1033|2,387|34|03:44:49|Garmin Edge 1030|https://www.strava.com/activities/1398002279
07.02.2018|179.82|03:49:09|478|0|187|2166|98|51%|0|0|47.1|70.2|86|137|0|0|158|885|2,415|32|03:49:09|Garmin Edge 1030|https://www.strava.com/activities/1397046424
06.02.2018|98.96|02:06:49|261|0|224|1511|78|61%|0|0|46.8|68.4|90|154|149|200|199|1044|1,685|32|02:09:57|Garmin Edge 1030|https://www.strava.com/activities/1394611798
04.02.2018|210|05:17:55|3301|0|250|3881|244|68%|0|0|39.6|74.5|83|122|156|199|203|1034|4,328|25|05:17:55|Garmin Edge 1030|https://www.strava.com/activities/1392054617
01.02.2018|88.55|02:14:38|674|0|213|1404|80|58%|0|0|39.5|75.6|76|106|141|194|174|447|1,565|16|02:29:15|Garmin Edge 520|https://www.strava.com/activities/1386492161
29.03.2018|6.13|01:30:14|0|0|0|0|0||0|0|0|0|0|0|0|0|0|0|||00:00:00|Garmin Edge 1030|https://www.strava.com/activities/1478097982
28.03.2018|6.89|01:38:25|0|0|0|0|0||0|0|0|0|0|0|0|0|0|0|||00:00:00||https://www.strava.com/activities/1478518151
25.03.2018|3.61|00:07:07|37|0|146|60|1|40%|0|0|30.4|41|74|94|108|135|140|341|67|13|00:07:07|Garmin Edge 1030|https://www.strava.com/activities/1473219570
22.03.2018|0.51|00:00:00|0|0|65|6|0|18%|0|0|33.6|37.1|80|97|97|105|100|327|6|13|00:00:55|Garmin Edge 1030|https://www.strava.com/activities/1467438324
17.03.2018|42.52|01:30:51|791|0|209|1084|50|57%|0|0|28.1|62.3|78|111|123|147|199|459|1,209|12|01:33:31|Garmin Edge 1030|https://www.strava.com/activities/1457413117
16.03.2018|104.61|03:34:12|2273|0|254|2735|186|69%|0|0|29.3|76.7|82|151|133|198|213|918|3,049|14|04:37:29|Garmin Edge 1030|https://www.strava.com/activities/1455886853
15.03.2018|37.92|01:26:04|617|0|168|785|32|46%|0|0|26.4|67.7|75|107|0|0|152|484|875|18|01:46:09|Garmin Edge 1030|https://www.strava.com/activities/1454282768
14.03.2018|126.76|04:31:36|2780|0|251|3284|227|68%|0|0|28|70.6|75|116|130|201|202|719|3,662|15|05:33:38|Garmin Edge 1030|https://www.strava.com/activities/1452689235
13.03.2018|97.97|03:21:44|1692|0|205|2163|113|56%|0|0|29.1|67.3|76|119|115|178|179|592|2,412|15|04:03:31|Garmin Edge 1030|https://www.strava.com/activities/1450860207
12.03.2018|48.21|01:41:55|690|0|0|0|0||163|997|28.4|59|0|0|111|141|0|0|1,112|16|01:43:30|Garmin Edge 1030|https://www.strava.com/activities/1449205001
09.03.2018|122.38|03:01:21|521|0|225|2156|122|61%|0|0|40.5|81|78|110|134|189|198|556|2,404|14|03:22:31|Garmin Edge 1030|https://www.strava.com/activities/1444057278
08.03.2018|34.69|01:46:35|721|0|151|764|32|41%|0|0|19.5|64.4|68|120|0|0|119|336|852|16|02:19:46|Garmin Edge 1030|https://www.strava.com/activities/1442666348
04.03.2018|146.91|05:07:15|3187|0|239|3606|226|65%|0|0|28.7|67|74|135|136|191|196|856|4,020|17|05:22:57|Garmin Edge 1030|https://www.strava.com/activities/1436551593
03.03.2018|183.36|04:59:00|1637|0|217|3528|180|59%|0|0|36.8|68|77|128|138|171|197|453|3,933|18|05:31:07|Garmin Edge 1030|https://www.strava.com/activities/1434622467
25.03.2018|146.65|03:25:06|1939|0|288|3024|211|78%|0|0|42.9|77.4|84|200|147|193|246|1079|3,371|12|03:41:04|Garmin Edge 1030|https://www.strava.com/activities/1473221452
24.03.2018|116.29|02:36:20|695|0|268|2174|138|73%|0|0|44.6|87.1|85|141|144|188|232|1065|2,424|7|02:36:37|Garmin Edge 1030|https://www.strava.com/activities/1469403452
23.03.2018|207.7|05:20:44|3168|0|241|3868|227|65%|0|0|38.9|88.6|83|143|135|187|201|971|4,312|15|05:21:21|Garmin Edge 1030|https://www.strava.com/activities/1467440311
22.03.2018|168.92|04:30:25|3637|0|291|4141|281|79%|0|0|37.5|81.4|85|166|155|195|255|1028|4,617|12|04:30:25|Garmin Edge 1030|https://www.strava.com/activities/1467439402
21.03.2018|152.79|04:18:11|2794|0|260|3349|217|71%|0|0|35.5|74.9|81|124|143|195|216|1049|3,734|12|04:19:40|Garmin Edge 1030|https://www.strava.com/activities/1467441078
20.03.2018|174.57|04:39:19|2227|0|224|3127|174|61%|0|0|37.5|78.8|81|129|127|199|187|1019|3,487|14|04:41:58|Garmin Edge 1030|https://www.strava.com/activities/1462734640
19.03.2018|151.73|03:38:45|1754|0|0|0|0||376|4935|41.6|72.4|0|0|0|0|0|0|5,502|16|03:39:41|Garmin Edge 1030|https://www.strava.com/activities/1461101642
10.03.2018|132.43|04:39:46|2581|0|229|2940|191|62%|0|0|28.4|63.7|72|135|137|194|175|797|3,278|20|05:31:35|Garmin Edge 1030|https://www.strava.com/activities/1446232177
07.03.2018|202.22|06:03:37|2233|0|219|4466|223|60%|0|0|33.4|80.6|78|134|140|183|205|497|4,980|19|06:46:32|Garmin Edge 1030|https://www.strava.com/activities/1441519766
06.03.2018|145.48|04:29:09|1767|0|234|3220|189|64%|0|0|32.4|65.5|76|144|140|188|199|577|3,590|15|04:38:57|Garmin Edge 1030|https://www.strava.com/activities/1439550966
02.03.2018|123.7|03:46:25|1532|0|226|2629|147|61%|0|0|32.8|74.9|77|113|138|187|194|461|2,932|19|03:57:35|Garmin Edge 1030|https://www.strava.com/activities/1432934774
01.03.2018|50.09|01:35:04|207|0|142|760|25|39%|0|0|31.6|55.8|76|113|106|140|133|352|848|25|02:09:22|Garmin Edge 1030|https://www.strava.com/activities/1431546759
24.04.2018|4.02|00:05:57|95|0|415|150|12|113%|0|0|40.6|84.2|86|146|0|0|420|881|167|24|00:05:57|Garmin Edge 1030|https://www.strava.com/activities/1528984051
24.04.2018|0|00:00:00|0|0|243|0|17|66%|0|0|3.2|1.1|74|119|0|0|144|822|0|22|00:23:49|Garmin Edge 1030|https://www.strava.com/activities/1528983926
24.04.2018|7.45|00:17:44|167|0|195|192|8|53%|0|0|25.2|73.1|65|122|0|0|181|481|214|24|00:18:19|Garmin Edge 1030|https://www.strava.com/activities/1528983853
23.04.2018|36.07|01:22:32|996|0|242|989|62|66%|0|0|26.2|68|76|108|127|181|200|652|1,103|12|01:32:13|Garmin Edge 1030|https://www.strava.com/activities/1526438420
22.04.2018|42.32|01:38:26|1130|0|234|1136|70|64%|0|0|25.8|61.2|76|99|121|176|192|447|1,266|22|01:58:19|Garmin Edge 1030|https://www.strava.com/activities/1524582452
21.04.2018|86.07|03:36:39|2413|0|242|2293|162|66%|0|0|23.8|66.6|71|123|120|189|176|527|2,557|19|04:05:06|Garmin Edge 1030|https://www.strava.com/activities/1522158479
20.04.2018|104.27|04:24:24|3400|0|255|3095|220|69%|0|0|23.7|66.6|73|119|129|225|195|767|3,451|19|05:07:54|Garmin Edge 1030|https://www.strava.com/activities/1520127360
19.04.2018|34.2|01:23:42|782|0|181|858|35|49%|0|0|24.5|77|79|184|109|140|171|314|957|22|01:54:03|Garmin Edge 1030|https://www.strava.com/activities/1518021716
18.04.2018|92.85|03:30:42|2662|0|255|2573|174|69%|0|0|26.4|68|77|197|137|188|204|992|2,869|21|03:48:17|Garmin Edge 1030|https://www.strava.com/activities/1515891208
17.04.2018|150.52|06:09:54|4251|0|215|3800|223|58%|0|0|24.4|87.1|73|161|129|174|171|424|4,237|17|07:02:35|Garmin Edge 1030|https://www.strava.com/activities/1513918852
15.04.2018|35.21|01:14:46|516|0|182|788|30|49%|0|0|28.3|65.9|80|109|0|0|176|330|879|13|01:15:46|Garmin Edge 1030|https://www.strava.com/activities/1509166581
14.04.2018|152.72|05:03:51|2375|0|203|3322|167|55%|0|0|30.2|69.8|80|115|121|180|182|823|3,704|17|06:21:09|Garmin Edge 1030|https://www.strava.com/activities/1507982614
13.04.2018|149.8|05:10:00|3136|0|257|3964|265|70%|0|0|29|72.4|77|120|136|196|213|866|4,420|15|06:00:11|Garmin Edge 1030|https://www.strava.com/activities/1506013985
12.04.2018|67.09|02:20:56|938|0|213|1525|81|58%|0|0|28.6|61.2|79|112|118|186|180|778|1,701|15|02:37:31|Garmin Edge 1030|https://www.strava.com/activities/1504656625
11.04.2018|57.17|02:00:32|1029|0|249|1492|100|68%|0|0|28.5|61.2|76|106|132|185|206|697|1,663|5|02:12:20|Garmin Edge 1030|https://www.strava.com/activities/1502070736
10.04.2018|126.19|04:13:23|1866|0|201|2490|132|55%|0|0|29.9|61.2|79|116|123|227|164|423|2,777|8|04:56:07|Garmin Edge 1030|https://www.strava.com/activities/1500240109
09.04.2018|15.2|00:45:11|851|0|293|731|48|80%|0|0|20.2|54.7|73|103|0|0|269|809|815|9|00:45:42|Garmin Edge 1030|https://www.strava.com/activities/1498643840
09.04.2018|69.33|02:34:24|1139|0|189|1543|71|51%|0|0|26.9|49.7|75|106|0|0|167|508|1,721|13|03:10:13|Garmin Edge 1030|https://www.strava.com/activities/1498448344
29.04.2018|181.46|04:09:58|2073|0|241|3091|177|65%|0|0|43.6|87.8|86|131|0|0|206|926|3,446|21|04:09:58|Garmin Edge 1030|https://www.strava.com/activities/1539454102
28.04.2018|147.91|04:20:09|3517|0|286|3907|262|78%|0|0|34.1|88.9|84|146|151|189|250|1039|4,356|26|04:20:09|Garmin Edge 1030|https://www.strava.com/activities/1539452833
27.04.2018|9.74|00:39:26|774|0|266|591|34|72%|0|0|14.8|27.4|67|84|135|174|250|428|659|19|00:40:36|Garmin Edge 1030|https://www.strava.com/activities/1534411621
26.04.2018|173.02|04:05:17|2283|0|258|3355|200|70%|0|0|42.3|91.8|86|143|138|185|228|944|3,741|15|04:05:17|Garmin Edge 1030|https://www.strava.com/activities/1533156173
25.04.2018|165.9|04:03:51|2420|0|262|3084|205|71%|0|0|40.8|90.4|84|182|136|198|211|1012|3,439|23|04:03:51|Garmin Edge 1030|https://www.strava.com/activities/1531198230
24.04.2018|22.69|00:55:31|494|0|217|475|40|59%|0|0|24.5|76|67|130|124|185|143|557|530|18|01:32:35|Garmin Edge 1030|https://www.strava.com/activities/1528402309
31.05.2018|33.2|01:07:56|159|0|0|0|0||205|836|29.3|46.1|0|0|0|0|0|0|932|12|01:17:20|Garmin Edge 1030|https://www.strava.com/activities/1609064402
16.05.2018|34.51|00:42:14|248|0|367|929|70|100%|0|0|49|74.2|89|110|179|193|367|683|1,036|17|00:42:14|Garmin Edge 1030|https://www.strava.com/activities/1576871062
16.05.2018|34.55|00:48:48|250|0|271|774|44|74%|0|0|42.5|73.1|81|107|141|168|264|416|863|13|00:48:48|Garmin Edge 1030|https://www.strava.com/activities/1576356175
09.05.2018|19.11|01:00:25|347|0|0|0|0||166|603|19|50.4|0|0|96|131|0|0|672|18|01:24:54|Garmin Edge 1030|https://www.strava.com/activities/1562803227
08.05.2018|135.2|03:17:35|555|0|0|0|0||317|3763|41.1|68.4|0|0|137|182|0|0|4,196|16|04:18:18|Garmin Edge 1030|https://www.strava.com/activities/1558639449
05.05.2018|50.05|01:23:48|263|0|0|0|0||252|1267|35.8|61.2|0|0|124|147|0|0|1,412|15|01:26:00|Garmin Edge 1030|https://www.strava.com/activities/1551658375
03.05.2018|144.47|05:03:21|2837|0|224|3452|193|61%|0|0|28.6|73.4|76|122|141|179|190|598|3,849|19|05:40:26|Garmin Edge 1030|https://www.strava.com/activities/1547819154
30.05.2018|170.17|05:23:47|4420|0|0|0|0||259|5036|31.5|83.5|0|0|0|0|0|0|5,615|15|06:21:07|Garmin Edge 1030|https://www.strava.com/activities/1606844956
29.05.2018|115.29|04:24:41|3328|0|0|0|0||223|3534|26.1|74.2|0|0|0|0|0|0|3,940|16|04:50:25|Garmin Edge 1030|https://www.strava.com/activities/1604391376
28.05.2018|97.63|02:52:42|2165|0|227|2110|128|62%|0|0|33.9|71.6|79|120|0|0|204|637|2,352|14|03:21:06|Garmin Edge 1030|https://www.strava.com/activities/1602167168
26.05.2018|78.66|03:58:15|2112|0|0|0|0||164|2349|19.8|60.8|0|0|0|0|0|0|2,619|14|04:43:39|Garmin Edge 1030|https://www.strava.com/activities/1597893072
20.05.2018|29.87|01:02:46|433|0|105|377|10|29%|0|0|28.6|37.1|73|200|0|0|100|499|421|17|02:16:28|Garmin Edge 1030|https://www.strava.com/activities/1597894001
19.05.2018|147.53|03:17:30|3269|0|0|0|0||377|4470|44.8|65.2|0|0|0|0|0|0|4,984|25|03:27:09|Garmin Edge 1030|https://www.strava.com/activities/1597894065
18.05.2018|194.8|05:30:15|5791|0|257|4353|264|70%|0|0|35.4|92.5|83|146|0|0|220|853|4,853|20|05:31:07|Garmin Edge 1030|https://www.strava.com/activities/1597894089
17.05.2018|180.44|04:12:11|3840|0|196|2480|118|53%|0|0|42.9|79.9|84|200|0|0|164|984|2,765|27|04:18:03|Garmin Edge 1030|https://www.strava.com/activities/1597893422
15.05.2018|196.42|04:52:20|2497|0|243|3665|212|66%|0|0|40.3|88.6|86|200|136|199|209|984|4,087|20|04:53:04|Garmin Edge 1030|https://www.strava.com/activities/1576356181
14.05.2018|156.21|04:14:10|2549|0|248|3016|191|67%|0|0|36.9|81|84|200|131|197|198|935|3,363|22|04:14:10|Garmin Edge 1030|https://www.strava.com/activities/1576474365
13.05.2018|133.65|03:01:29|396|0|219|2148|108|60%|0|0|44.2|66.6|87|195|131|190|197|919|2,395|22|03:02:31|Garmin Edge 1030|https://www.strava.com/activities/1576470033
12.05.2018|47.34|01:29:12|139|0|176|826|38|48%|0|0|31.8|53.6|78|171|104|174|154|1038|921|17|02:10:03|Garmin Edge 1030|https://www.strava.com/activities/1567952035
10.05.2018|114.47|03:34:27|1505|0|244|2530|164|66%|0|0|32|61.9|78|129|140|188|197|577|2,821|20|04:18:55|Garmin Edge 1030|https://www.strava.com/activities/1562805133
07.05.2018|184.55|05:37:28|2706|0|0|0|0||260|5273|32.8|81.7|0|0|130|173|0|0|5,879|19|06:06:41|Garmin Edge 1030|https://www.strava.com/activities/1556772388
06.05.2018|110.68|04:08:43|2565|0|226|1785|161|61%|0|0|26.7|65.5|68|113|131|186|120|650|1,990|15|04:43:50|Garmin Edge 1030|https://www.strava.com/activities/1554441380
04.05.2018|172.41|05:39:08|2341|0|211|3606|192|57%|0|0|30.5|67|76|143|138|183|177|808|4,021|19|06:43:03|Garmin Edge 1030|https://www.strava.com/activities/1549684796
02.05.2018|103.49|03:11:33|876|0|195|1925|93|53%|0|0|32.4|61.9|79|171|129|180|168|419|2,147|20|03:43:54|Garmin Edge 1030|https://www.strava.com/activities/1545557119
30.06.2018|51.43|01:49:10|763|0|0|0|0||170|1115|28.3|66.2|0|0|0|0|0|0|1,244|27|01:49:10|Garmin Edge 1030|https://www.strava.com/activities/1671600702
29.06.2018|126.97|04:08:18|658|0|239|2938|182|65%|0|0|30.7|56.9|81|200|0|0|197|1031|3,276|27|04:35:21|Garmin Edge 1030|https://www.strava.com/activities/1669655146
28.06.2018|82.76|02:41:38|1377|0|225|1773|102|61%|0|0|30.7|71.6|80|111|0|0|183|488|1,977|15|02:54:43|Garmin Edge 1030|https://www.strava.com/activities/1669653793
27.06.2018|28.99|01:12:32|611|0|176|692|28|48%|0|0|24|60.1|77|105|0|0|159|330|772|17|01:15:36|Garmin Edge 1030|https://www.strava.com/activities/1665126121
26.06.2018|76.35|03:02:13|2001|0|244|2009|137|66%|0|0|25.1|67.3|78|116|0|0|184|652|2,240|29|03:08:52|Garmin Edge 1030|https://www.strava.com/activities/1663274494
25.06.2018|118.37|04:41:32|3296|0|238|3282|210|65%|0|0|25.2|81.4|76|115|0|0|194|726|3,659|25|05:17:18|Garmin Edge 1030|https://www.strava.com/activities/1661370574
24.06.2018|147.46|05:15:50|3281|0|252|3841|252|68%|0|0|28|70.2|80|113|0|0|203|669|4,283|27|05:35:19|Garmin Edge 1030|https://www.strava.com/activities/1659523171
23.06.2018|64.44|02:32:18|1739|0|250|1754|121|68%|0|0|25.4|124.6|79|200|0|0|192|539|1,956|18|02:38:16|Garmin Edge 1030|https://www.strava.com/activities/1656267088
23.06.2018|64.44|02:32:18|1739|0|250|1754|121|68%|0|0|25.4|124.6|79|200|0|0|192|539|1,956|18|02:38:16|Garmin Edge 1030|https://www.strava.com/activities/1653312646
05.06.2018|117.84|04:03:01|3366|0|0|0|0||252|3676|29.1|73.4|0|0|0|0|0|0|4,098|16|04:35:55|Garmin Edge 1030|https://www.strava.com/activities/1619439089
05.06.2018|117.84|04:03:01|3366|0|0|0|0||252|3676|29.1|73.4|0|0|0|0|0|0|4,098|16|04:35:55|Garmin Edge 1030|https://www.strava.com/activities/1613059252
17.06.2018|142.76|04:02:07|2782|0|209|2710|138|57%|0|0|35.4|92.2|81|165|0|0|187|806|3,021|15|04:32:34|Garmin Edge 1030|https://www.strava.com/activities/1645217818
17.06.2018|142.76|04:02:07|2782|0|209|2710|138|57%|0|0|35.4|92.2|81|165|0|0|187|806|3,021|15|04:32:34|Garmin Edge 1030|https://www.strava.com/activities/1638844410
14.06.2018|178.76|05:50:42|4425|0|209|3784|193|57%|0|0|30.6|97.6|79|142|0|0|180|740|4,219|18|06:40:48|Garmin Edge 1030|https://www.strava.com/activities/1636697858
14.06.2018|178.76|05:50:42|4425|0|209|3784|193|57%|0|0|30.6|97.6|79|142|0|0|180|740|4,219|18|06:40:48|Garmin Edge 1030|https://www.strava.com/activities/1634517881
12.06.2018|100.97|03:03:19|2079|0|238|2153|131|65%|0|0|33|61.2|79|115|0|0|196|702|2,401|12|03:09:11|Garmin Edge 1030|https://www.strava.com/activities/1630373475
04.06.2018|169.94|05:34:02|3664|0|221|515|109|60%|0|0|30.5|67.7|43|117|0|0|26|889|574|13|05:57:26|Garmin Edge 1030|https://www.strava.com/activities/1617489430
03.06.2018|25.51|01:32:55|699|0|0|0|0||130|725|16.5|55.8|0|0|0|0|0|0|809|17|02:07:15|Garmin Edge 1030|https://www.strava.com/activities/1615304587
01.06.2018|145.49|04:33:22|3028|0|0|0|0||250|4100|31.9|67|0|0|0|0|0|0|4,571|12|04:47:54|Garmin Edge 1030|https://www.strava.com/activities/1611073849
31.07.2018|50.42|02:15:35|1290|0|173|1221|51|47%|0|0|22.3|72.4|74|109|0|0|150|365|1,362|26|02:21:07|Garmin Edge 1030|https://www.strava.com/activities/1746921911
09.07.2018|35.05|00:39:04|384|0|334|767|53|91%|0|0|53.8|87.1|98|131|0|0|327|891|764|30|00:39:04|Garmin Edge 1030|https://www.strava.com/activities/1691348918
09.07.2018|34.98|00:49:14|371|0|221|611|29|60%|0|0|42.6|78.8|88|150|0|0|207|753|612|26|00:49:14|Garmin Edge 1030|https://www.strava.com/activities/1691348640
05.07.2018|48.3|01:39:02|698|0|0|0|0||186|1105|29.3|64.8|0|0|0|0|0|0|1,232|19|02:25:36|Garmin Edge 1030|https://www.strava.com/activities/1682467857
04.07.2018|112.54|03:03:24|1233|0|221|1947|116|60%|0|0|36.8|85|82|121|0|0|177|668|2,171|25|03:40:40|Garmin Edge 1030|https://www.strava.com/activities/1680288331
03.07.2018|35.37|01:15:42|489|0|185|792|32|50%|0|0|28|68.4|80|103|0|0|174|344|883|23|01:16:46|Garmin Edge 1030|https://www.strava.com/activities/1677795343
02.07.2018|83.75|02:53:57|1061|0|187|1548|80|51%|0|0|28.9|64.1|79|113|0|0|148|625|1,726|28|03:40:44|Garmin Edge 1030|https://www.strava.com/activities/1677795246
01.07.2018|145.58|04:31:14|2361|0|254|3073|226|69%|0|0|32.2|74.2|82|152|0|0|189|1050|3,426|23|05:08:26|Garmin Edge 1030|https://www.strava.com/activities/1673997256
31.08.2018|0|00:00:00|0|0|0|0|0||0|0|0|0|0|0|0|0|0|0|0|0|00:00:00|Garmin Edge 810|https://www.strava.com/activities/2071677076
18.08.2018|73.29|03:10:11|834|0|0|0|0||103|1181|23.1|47.2|0|0|0|0|0|0|2,624|13|03:47:50|Garmin Edge 820|https://www.strava.com/activities/2002026660
16.08.2018|6.82|01:15:04|0|0|0|0|0||0|0|0|0|0|0|0|0|0|0|||00:00:00|Garmin fēnix 5X|https://www.strava.com/activities/1776810133
15.08.2018|6.31|01:11:40|0|0|0|0|0||0|0|0|0|0|0|0|0|0|0|||00:00:00|Garmin fēnix 5X|https://www.strava.com/activities/1774877222
14.08.2018|6.44|01:21:16|0|0|0|0|0||0|0|0|0|0|0|0|0|0|0|||00:00:00|Garmin fēnix 5X|https://www.strava.com/activities/1772658784
03.08.2018|43.19|01:43:36|597|0|187|822|49|51%|0|0|25|64.8|78|139|0|0|132|586|917|29|02:14:23|Garmin Edge 1030|https://www.strava.com/activities/1746922107
02.08.2018|77.32|02:23:08|1227|0|241|1810|104|65%|0|0|32.4|72.4|83|115|0|0|211|621|2,018|27|02:28:06|Garmin Edge 1030|https://www.strava.com/activities/1746921896
01.08.2018|35.51|01:29:36|1061|0|228|1007|59|62%|0|0|23.8|83.2|77|132|0|0|187|501|1,123|30|01:32:23|Garmin Edge 1030|https://www.strava.com/activities/1746922153
31.08.2018|57.07|01:52:26|248|0|0|0|0||149|1003|30.5|54|0|0|0|0|0|0|1,730|17|02:07:06|Garmin Edge 810|https://www.strava.com/activities/2071677232
30.08.2018|54.8|02:13:45|679|0|0|0|0||126|1008|24.6|58.7|0|0|0|0|0|0|1,721|15|02:22:13|Garmin Edge 810|https://www.strava.com/activities/2071677075
28.09.2018|194.97|06:13:02|3827|0|0|0|0||244|5453|31.4|65.9|0|0|0|0|0|0|6,080|17|07:01:26|Garmin Edge 1030|https://www.strava.com/activities/1871665123
16.09.2018|151.06|05:15:23|3415|0|0|0|0||224|4242|28.7|64.8|0|0|0|0|0|0|4,730|16|06:09:04|Garmin Edge 1030|https://www.strava.com/activities/1846725222
14.09.2018|34.98|01:22:23|848|0|0|0|0||208|1028|25.5|52.6|0|0|0|0|0|0|1,146|16|01:25:06|Garmin Edge 1030|https://www.strava.com/activities/1843961352
12.09.2018|42.84|01:05:04|603|0|0|0|0||330|1289|39.5|64.8|0|0|0|0|0|0|1,437|21|01:09:05|Garmin Edge 1030|https://www.strava.com/activities/1837075703
08.09.2018|135.02|04:01:47|2018|0|0|0|0||244|3545|33.5|62.6|0|0|0|0|0|0|3,953|18|04:40:22|Garmin Edge 1030|https://www.strava.com/activities/1828397147
01.09.2018|113.5|03:04:54|1482|0|0|0|0||267|2964|36.8|76.3|0|0|0|0|0|0|3,304|22|03:06:41|Garmin Edge 1030|https://www.strava.com/activities/1812745386
29.09.2018|54.46|01:49:27|848|0|0|0|0||223|1465|29.9|55.1|0|0|0|0|0|0|1,634|18|02:37:49|Garmin Edge 1030|https://www.strava.com/activities/1877110670
27.09.2018|101.34|03:35:04|2000|0|0|0|0||220|2834|28.3|63.7|0|0|0|0|0|0|3,160|17|04:02:49|Garmin Edge 1030|https://www.strava.com/activities/1869729152
26.09.2018|134.49|04:19:36|2516|0|0|0|0||237|3689|31.1|67.7|0|0|0|0|0|0|4,113|15|04:34:38|Garmin Edge 1030|https://www.strava.com/activities/1867662887
25.09.2018|82.63|02:33:47|1001|0|0|0|0||221|2044|32.2|69.8|0|0|0|0|0|0|2,279|15|04:57:19|Garmin Edge 1030|https://www.strava.com/activities/1866122174
24.09.2018|91.49|03:19:23|1914|0|0|0|0||220|2633|27.5|59|0|0|0|0|0|0|2,936|14|03:45:18|Garmin Edge 1030|https://www.strava.com/activities/1863383236
23.09.2018|163.76|04:21:33|1935|0|0|0|0||277|4350|37.6|62.6|0|0|0|0|0|0|4,850|16|05:00:33|Garmin Edge 1030|https://www.strava.com/activities/1861620263
22.09.2018|146.86|04:38:49|2752|0|0|0|0||246|4122|31.6|55.8|0|0|0|0|0|0|4,596|17|05:20:32|Garmin Edge 1030|https://www.strava.com/activities/1859120618
20.09.2018|102.33|04:14:51|3313|0|0|0|0||211|3228|24.1|68.4|0|0|0|0|0|0|3,599|20|05:02:15|Garmin Edge 1030|https://www.strava.com/activities/1855064343
19.09.2018|196.34|06:29:04|4643|0|0|0|0||241|5623|30.3|83.2|0|0|0|0|0|0|6,269|19|07:14:46|Garmin Edge 1030|https://www.strava.com/activities/1853068402
18.09.2018|182.22|04:51:56|2549|0|0|0|0||277|4853|37.5|63.7|0|0|0|0|0|0|5,411|20|05:24:31|Garmin Edge 1030|https://www.strava.com/activities/1850768597
17.09.2018|71.74|02:14:07|911|0|0|0|0||227|1823|32.1|49|0|0|0|0|0|0|2,033|25|02:43:59|Garmin Edge 1030|https://www.strava.com/activities/1848233686
15.09.2018|224.23|06:26:57|3677|0|0|0|0||264|6127|34.8|86.4|0|0|0|0|0|0|6,831|14|07:23:31|Garmin Edge 1030|https://www.strava.com/activities/1843963644
13.09.2018|170.3|05:07:52|2839|0|0|0|0||255|4719|33.2|72|0|0|0|0|0|0|5,262|17|06:26:05|Garmin Edge 1030|https://www.strava.com/activities/1839709642
11.09.2018|179.14|05:43:09|3229|0|0|0|0||234|4808|31.3|69.5|0|0|0|0|0|0|5,361|16|06:43:09|Garmin Edge 1030|https://www.strava.com/activities/1835402484
10.09.2018|116.51|03:21:31|1424|0|0|0|0||252|3043|34.7|64.8|0|0|0|0|0|0|3,393|16|04:01:00|Garmin Edge 1030|https://www.strava.com/activities/1832861851
09.09.2018|162.63|05:09:28|2187|0|0|0|0||219|4075|31.5|84.6|0|0|0|0|0|0|4,543|18|05:41:03|Garmin Edge 1030|https://www.strava.com/activities/1831139698
06.09.2018|76.78|03:05:16|1949|0|0|0|0||192|2132|24.9|61.2|0|0|0|0|0|0|2,377|17|03:34:23|Garmin Edge 1030|https://www.strava.com/activities/1823970660
05.09.2018|124.37|04:13:03|2446|0|0|0|0||220|3343|29.5|71.3|0|0|0|0|0|0|3,728|17|04:23:27|Garmin Edge 1030|https://www.strava.com/activities/1821920014
04.09.2018|90.36|03:09:57|1675|0|0|0|0||208|2368|28.5|59.4|0|0|0|0|0|0|2,640|13|03:21:25|Garmin Edge 1030|https://www.strava.com/activities/1819531346
03.09.2018|51.19|02:10:18|850|0|0|0|0||130|1016|23.6|65.9|0|0|0|0|0|0|1,132|21|02:35:54|Garmin Edge 810|https://www.strava.com/activities/2071678048
02.09.2018|85.17|03:04:54|1167|0|0|0|0||165|1831|27.6|74.2|0|0|0|0|0|0|2,042|22|03:34:50|Garmin Edge 810|https://www.strava.com/activities/2071677640
28.09.2018|194.97|06:13:02|3827|0|0|0|0||244|5453|31.4|65.9|0|0|0|0|0|0|6,080|17|07:01:26|Garmin Edge 1030|https://www.strava.com/activities/1871665123
16.09.2018|151.06|05:15:23|3415|0|0|0|0||224|4242|28.7|64.8|0|0|0|0|0|0|4,730|16|06:09:04|Garmin Edge 1030|https://www.strava.com/activities/1846725222
14.09.2018|34.98|01:22:23|848|0|0|0|0||208|1028|25.5|52.6|0|0|0|0|0|0|1,146|16|01:25:06|Garmin Edge 1030|https://www.strava.com/activities/1843961352
12.09.2018|42.84|01:05:04|603|0|0|0|0||330|1289|39.5|64.8|0|0|0|0|0|0|1,437|21|01:09:05|Garmin Edge 1030|https://www.strava.com/activities/1837075703
08.09.2018|135.02|04:01:47|2018|0|0|0|0||244|3545|33.5|62.6|0|0|0|0|0|0|3,953|18|04:40:22|Garmin Edge 1030|https://www.strava.com/activities/1828397147
01.09.2018|113.5|03:04:54|1482|0|0|0|0||267|2964|36.8|76.3|0|0|0|0|0|0|3,304|22|03:06:41|Garmin Edge 1030|https://www.strava.com/activities/1812745386
29.09.2018|54.46|01:49:27|848|0|0|0|0||223|1465|29.9|55.1|0|0|0|0|0|0|1,634|18|02:37:49|Garmin Edge 1030|https://www.strava.com/activities/1877110670
27.09.2018|101.34|03:35:04|2000|0|0|0|0||220|2834|28.3|63.7|0|0|0|0|0|0|3,160|17|04:02:49|Garmin Edge 1030|https://www.strava.com/activities/1869729152
26.09.2018|134.49|04:19:36|2516|0|0|0|0||237|3689|31.1|67.7|0|0|0|0|0|0|4,113|15|04:34:38|Garmin Edge 1030|https://www.strava.com/activities/1867662887
25.09.2018|82.63|02:33:47|1001|0|0|0|0||221|2044|32.2|69.8|0|0|0|0|0|0|2,279|15|04:57:19|Garmin Edge 1030|https://www.strava.com/activities/1866122174
24.09.2018|91.49|03:19:23|1914|0|0|0|0||220|2633|27.5|59|0|0|0|0|0|0|2,936|14|03:45:18|Garmin Edge 1030|https://www.strava.com/activities/1863383236
23.09.2018|163.76|04:21:33|1935|0|0|0|0||277|4350|37.6|62.6|0|0|0|0|0|0|4,850|16|05:00:33|Garmin Edge 1030|https://www.strava.com/activities/1861620263
22.09.2018|146.86|04:38:49|2752|0|0|0|0||246|4122|31.6|55.8|0|0|0|0|0|0|4,596|17|05:20:32|Garmin Edge 1030|https://www.strava.com/activities/1859120618
20.09.2018|102.33|04:14:51|3313|0|0|0|0||211|3228|24.1|68.4|0|0|0|0|0|0|3,599|20|05:02:15|Garmin Edge 1030|https://www.strava.com/activities/1855064343
19.09.2018|196.34|06:29:04|4643|0|0|0|0||241|5623|30.3|83.2|0|0|0|0|0|0|6,269|19|07:14:46|Garmin Edge 1030|https://www.strava.com/activities/1853068402
18.09.2018|182.22|04:51:56|2549|0|0|0|0||277|4853|37.5|63.7|0|0|0|0|0|0|5,411|20|05:24:31|Garmin Edge 1030|https://www.strava.com/activities/1850768597
17.09.2018|71.74|02:14:07|911|0|0|0|0||227|1823|32.1|49|0|0|0|0|0|0|2,033|25|02:43:59|Garmin Edge 1030|https://www.strava.com/activities/1848233686
15.09.2018|224.23|06:26:57|3677|0|0|0|0||264|6127|34.8|86.4|0|0|0|0|0|0|6,831|14|07:23:31|Garmin Edge 1030|https://www.strava.com/activities/1843963644
13.09.2018|170.3|05:07:52|2839|0|0|0|0||255|4719|33.2|72|0|0|0|0|0|0|5,262|17|06:26:05|Garmin Edge 1030|https://www.strava.com/activities/1839709642
11.09.2018|179.14|05:43:09|3229|0|0|0|0||234|4808|31.3|69.5|0|0|0|0|0|0|5,361|16|06:43:09|Garmin Edge 1030|https://www.strava.com/activities/1835402484
10.09.2018|116.51|03:21:31|1424|0|0|0|0||252|3043|34.7|64.8|0|0|0|0|0|0|3,393|16|04:01:00|Garmin Edge 1030|https://www.strava.com/activities/1832861851
09.09.2018|162.63|05:09:28|2187|0|0|0|0||219|4075|31.5|84.6|0|0|0|0|0|0|4,543|18|05:41:03|Garmin Edge 1030|https://www.strava.com/activities/1831139698
06.09.2018|76.78|03:05:16|1949|0|0|0|0||192|2132|24.9|61.2|0|0|0|0|0|0|2,377|17|03:34:23|Garmin Edge 1030|https://www.strava.com/activities/1823970660
05.09.2018|124.37|04:13:03|2446|0|0|0|0||220|3343|29.5|71.3|0|0|0|0|0|0|3,728|17|04:23:27|Garmin Edge 1030|https://www.strava.com/activities/1821920014
04.09.2018|90.36|03:09:57|1675|0|0|0|0||208|2368|28.5|59.4|0|0|0|0|0|0|2,640|13|03:21:25|Garmin Edge 1030|https://www.strava.com/activities/1819531346
03.09.2018|51.19|02:10:18|850|0|0|0|0||130|1016|23.6|65.9|0|0|0|0|0|0|1,132|21|02:35:54|Garmin Edge 810|https://www.strava.com/activities/2071678048
02.09.2018|85.17|03:04:54|1167|0|0|0|0||165|1831|27.6|74.2|0|0|0|0|0|0|2,042|22|03:34:50|Garmin Edge 810|https://www.strava.com/activities/2071677640
30.11.2018|20.06|00:43:11|306|0|175|420|16|48%|0|0|27.9|57.2|58|91|0|0|162|286|420|16|00:43:31|Garmin Edge 1030|https://www.strava.com/activities/1997945617
26.11.2018|57.28|01:37:11|211|0|159|922|31|43%|0|0|35.4|53.6|59|89|0|0|158|314|920|24|01:43:00|Garmin Edge 1030|https://www.strava.com/activities/1992900814
24.11.2018|14.41|02:45:46|0|0|0|0|0||0|0|0|0|0|0|0|0|0|0|||00:00:00|Garmin fēnix 5X|https://www.strava.com/activities/1983262665
23.11.2018|16.64|03:00:08|0|0|0|0|0||0|0|0|0|0|0|0|0|0|0|||00:00:00|Garmin fēnix 5X|https://www.strava.com/activities/1980884848
22.11.2018|56|01:48:02|894|0|774|1843|827|210%|0|0|31.1|113.4|69|169|0|0|284|2000|2,054|11|01:52:29|Garmin Edge 1030|https://www.strava.com/activities/1980416007
20.11.2018|14.36|02:40:40|0|0|0|0|0||0|0|0|0|0|0|0|0|0|0|||00:00:00|Garmin fēnix 5X|https://www.strava.com/activities/1980430039
19.11.2018|72.57|01:52:31|962|0|149|974|31|40%|0|0|38.7|59.4|74|93|0|0|144|297|1,085|18|02:12:39|Garmin Edge 1030|https://www.strava.com/activities/1974126178
16.11.2018|7.84|01:05:25|0|0|0|0|0||0|0|0|0|0|0|0|0|0|0|||00:00:00|Garmin fēnix 5X|https://www.strava.com/activities/1980428940
15.11.2018|8.33|01:19:59|0|0|0|0|0||0|0|0|0|0|0|0|0|0|0|||00:00:00|Garmin fēnix 5X|https://www.strava.com/activities/1980428540
30.11.2018|95.12|02:44:29|822|0|191|1727|76|52%|0|0|34.7|90|64|135|0|0|175|916|1,726|19|02:58:00|Garmin Edge 1030|https://www.strava.com/activities/1992901103
27.11.2018|17.95|03:09:23|0|0|0|0|0||0|0|0|0|0|0|0|0|0|0|||00:00:00|Garmin fēnix 5X|https://www.strava.com/activities/1988221219
25.11.2018|68.89|02:23:37|506|0|165|1135|50|45%|0|0|28.8|64.1|57|122|0|0|132|936|1,135|19|02:43:17|Garmin Edge 1030|https://www.strava.com/activities/1984646220
18.11.2018|70.75|02:08:23|916|0|126|849|27|34%|0|0|33.1|63|77|117|0|0|110|914|946|18|02:59:54|Garmin Edge 1030|https://www.strava.com/activities/1972441328
14.11.2018|2.36|00:30:26|0|0|0|0|0||0|0|0|0|0|0|0|0|0|0|||00:00:00|Garmin fēnix 5X|https://www.strava.com/activities/1980427732
03.11.2018|33.03|01:43:30|379|0|0|0|0||84|521|19.2|48.2|0|0|0|0|0|0|1,094|26|01:56:42|Garmin Edge 810|https://www.strava.com/activities/2071676751
26.12.2018|9.21|00:28:41|481|0|91|113|3|25%|0|0|19.3|32|63|87|0|0|66|301|126|34|00:29:40|Garmin Edge 1030|https://www.strava.com/activities/2036986593
26.12.2018|9.48|00:23:31|485|0|101|121|3|27%|0|0|24.2|48.6|68|106|0|0|86|428|135|28|00:29:26|Garmin Edge 1030|https://www.strava.com/activities/2036986013
25.12.2018|45.49|01:15:38|727|0|181|747|33|49%|0|0|36.1|71.3|73|109|0|0|165|346|833|20|02:27:50|Garmin Edge 1030|https://www.strava.com/activities/2035160191
19.12.2018|183.94|06:02:22|2696|0|227|3871|242|62%|0|0|30.5|69.8|74|109|0|0|178|925|4,316|11|06:55:46|Garmin Edge 1030|https://www.strava.com/activities/2025132858
17.12.2018|177.75|05:15:34|1559|0|227|3489|213|62%|0|0|33.8|73.8|79|127|0|0|184|875|3,891|12|05:50:08|Garmin Edge 1030|https://www.strava.com/activities/2021759186
16.12.2018|59.61|02:00:16|200|0|131|834|26|36%|0|0|29.7|55.1|73|117|0|0|116|426|930|15|02:48:56|Garmin Edge 1030|https://www.strava.com/activities/2020111951
15.12.2018|176.24|05:38:02|1627|0|189|3039|156|51%|0|0|31.3|70.6|72|116|0|0|150|1003|3,388|12|06:24:31|Garmin Edge 1030|https://www.strava.com/activities/2018655842
14.12.2018|140.62|04:32:13|1440|0|201|2893|142|55%|0|0|31|68|74|167|0|0|177|635|3,226|9|05:17:39|Garmin Edge 1030|https://www.strava.com/activities/2017029532
13.12.2018|189.25|06:12:11|2355|0|194|3477|181|53%|0|0|30.5|61.6|69|133|0|0|156|575|3,877|10|06:39:08|Garmin Edge 1030|https://www.strava.com/activities/2015247680
12.12.2018|138.29|04:16:04|1256|0|163|2199|86|44%|0|0|32.4|63|67|109|0|0|143|974|2,451|14|05:06:49|Garmin Edge 1030|https://www.strava.com/activities/2013547598
29.12.2018|188.97|06:00:21|4720|0|203|3734|190|55%|0|0|31.5|90.7|75|162|0|0|173|742|4,164|20|06:54:58|Garmin Edge 1030|https://www.strava.com/activities/2042939595
28.12.2018|148.91|04:15:13|2823|0|211|2572|154|57%|0|0|35|69.8|75|108|0|0|168|701|2,868|16|05:09:21|Garmin Edge 1030|https://www.strava.com/activities/2040702234
26.12.2018|47.63|01:03:50|2501|0|252|817|49|68%|0|0|44.8|64.4|89|120|0|0|213|1013|910|33|01:03:50|Garmin Edge 1030|https://www.strava.com/activities/2036986339
24.12.2018|202.4|06:18:59|3773|0|192|3682|176|52%|0|0|32|79.2|72|129|0|0|162|983|4,106|20|07:00:03|Garmin Edge 1030|https://www.strava.com/activities/2033899728
23.12.2018|159.65|05:00:09|3580|0|223|3201|191|61%|0|0|31.9|83.5|75|121|0|0|178|943|3,569|18|05:38:16|Garmin Edge 1030|https://www.strava.com/activities/2032110961
22.12.2018|194.41|06:20:27|4761|0|196|3747|191|53%|0|0|30.7|90.7|73|125|0|0|164|671|4,178|19|07:16:42|Garmin Edge 1030|https://www.strava.com/activities/2030308734
21.12.2018|81.07|02:31:34|1652|0|177|1371|60|48%|0|0|32.1|71.3|70|118|0|0|151|425|1,529|20|03:27:12|Garmin Edge 1030|https://www.strava.com/activities/2028369209
18.12.2018|181.69|06:01:26|2595|0|181|3283|149|49%|0|0|30.2|81|75|150|0|0|151|567|3,661|9|06:45:57|Garmin Edge 1030|https://www.strava.com/activities/2023533510
08.12.2018|135.22|04:35:43|1839|0|0|0|0||163|2697|29.4|77|0|0|0|0|0|0|3,007|17|05:16:08|Garmin Edge 820|https://www.strava.com/activities/2007016610
07.12.2018|96.59|03:12:25|1224|0|0|0|0||164|1898|30.1|69.5|0|0|0|0|0|0|2,116|13|03:25:53|Garmin Edge 820|https://www.strava.com/activities/2007015725
05.12.2018|118.49|04:22:13|2299|0|0|0|0||169|2653|27.1|71.3|0|0|0|0|0|0|2,959|18|05:01:28|Garmin Edge 820|https://www.strava.com/activities/2002027793
04.12.2018|133.51|04:14:03|2711|0|204|2510|133|55%|0|0|31.5|68|71|122|0|0|165|1110|2,799|16|04:47:13|Garmin Edge 1030|https://www.strava.com/activities/1999962165
03.12.2018|118.73|03:19:40|1480|0|0|0|0||270|3240|35.7|65.2|0|0|0|0|0|0|3,612|20|04:27:11|Garmin Edge 1030|https://www.strava.com/activities/1998737998
14.02.2021|162.46|03:46:50|1359|0|251|3003|177|68%|0|0|43|73.4|88|184|0|0|221|1000|3,348|6|03:49:11|Garmin Edge 830|https://www.strava.com/activities/4815242472
13.02.2021|152.57|04:08:03|2683|0|272|3537|226|74%|0|0|36.9|81.4|86|171|0|0|238|927|3,944|5|04:08:39|Garmin Edge 830|https://www.strava.com/activities/4815241885
26.02.2019|117.38|04:11:09|3770|0|251|2863|208|68%|0|0|28|70.2|74|112|0|0|190|865|3,192|15|04:35:11|Garmin Edge 1030|https://www.strava.com/activities/2177723812
25.02.2019|208.39|06:13:18|4139|0|198|3791|186|54%|0|0|33.5|74.2|79|216|0|0|169|935|4,227|22|06:55:25|Garmin Edge 1030|https://www.strava.com/activities/2175444509
23.02.2019|63.14|02:01:46|1163|0|156|983|37|42%|0|0|31.1|57.6|76|135|0|0|135|368|1,096|24|02:39:55|Garmin Edge 1030|https://www.strava.com/activities/2170134289
22.02.2019|198.69|06:07:09|4836|0|180|3408|151|49%|0|0|32.5|68|78|206|0|0|155|574|3,800|21|06:39:47|Garmin Edge 1030|https://www.strava.com/activities/2167858627
09.02.2019|113.7|03:34:00|2587|0|184|1930|91|50%|0|0|31.9|62.6|76|140|0|0|150|539|2,152|17|03:41:47|Garmin Edge 1030|https://www.strava.com/activities/2139116666
08.02.2019|34.06|01:15:02|509|0|109|400|12|30%|0|0|27.2|61.9|71|111|0|0|89|659|446|21|02:23:05|Garmin Edge 1030|https://www.strava.com/activities/2139115801
07.02.2019|129.45|04:11:46|3587|0|240|2495|189|65%|0|0|30.9|82.8|78|117|0|0|165|632|2,782|20|04:48:59|Garmin Edge 1030|https://www.strava.com/activities/2139116199
06.02.2019|136.58|05:09:41|4120|0|188|2718|136|51%|0|0|26.5|69.5|72|129|0|0|146|1025|3,031|21|05:48:16|Garmin Edge 1030|https://www.strava.com/activities/2139115351
05.02.2019|187.65|05:56:57|4957|0|226|3595|233|61%|0|0|31.5|72.7|75|156|0|0|168|714|4,008|21|07:00:15|Garmin Edge 1030|https://www.strava.com/activities/2139113885
04.02.2019|65.75|02:05:25|1222|0|172|982|47|47%|0|0|31.5|69.5|79|187|0|0|130|465|1,094|23|02:56:29|Garmin Edge 1030|https://www.strava.com/activities/2139109461
03.02.2019|4.34|00:09:40|186|0|42|13|0|11%|0|0|27|41.8|61|89|0|0|22|259|14|35|00:09:40|Garmin Edge 1030|https://www.strava.com/activities/2139108744
02.02.2019|63|01:57:30|902|0|0|0|0||255|1798|32.2|45.7|0|0|0|0|0|0|2,004|32|02:08:37|Garmin Edge 1030|https://www.strava.com/activities/2139107154
01.02.2019|28.27|00:37:31|543|0|340|763|53|92%|0|0|45.2|75.6|91|115|0|0|339|613|850|29|00:37:31|Garmin Edge 1030|https://www.strava.com/activities/2139106709
28.02.2019|155.84|05:13:06|4301|0|257|3635|262|70%|0|0|29.9|78.5|77|129|0|0|194|913|4,053|14|05:27:42|Garmin Edge 1030|https://www.strava.com/activities/2182452707
27.02.2019|69.96|02:26:10|1298|0|169|1074|54|46%|0|0|28.7|72.7|71|200|0|0|122|511|1,197|16|03:15:29|Garmin Edge 1030|https://www.strava.com/activities/2179913190
24.02.2019|138.16|04:12:57|2997|0|229|2706|170|62%|0|0|32.8|82.4|77|208|0|0|178|584|3,018|16|04:30:46|Garmin Edge 1030|https://www.strava.com/activities/2173263823
21.02.2019|142.81|04:03:06|3093|0|211|2431|137|57%|0|0|35.2|65.9|80|193|0|0|167|712|2,710|21|04:35:51|Garmin Edge 1030|https://www.strava.com/activities/2165695982
20.02.2019|95.4|03:19:49|2262|0|199|1797|100|54%|0|0|28.6|74.5|76|202|0|0|150|807|2,004|13|03:30:02|Garmin Edge 1030|https://www.strava.com/activities/2163856698
19.02.2019|72.15|02:03:58|855|0|28|20|1|8%|0|0|34.9|53.6|69|90|0|0|3|141|22|20|02:47:48|Garmin Edge 1030|https://www.strava.com/activities/2163855815
17.02.2019|175.91|04:04:24|4190|0|247|3013|183|67%|0|0|43.2|90.4|84|200|0|0|205|1012|3,360|21|04:04:24|Garmin Edge 1030|https://www.strava.com/activities/2163855530
16.02.2019|178.22|04:17:30|4629|0|261|3505|216|71%|0|0|41.5|79.9|85|200|0|0|227|967|3,908|20|04:17:30|Garmin Edge 1030|https://www.strava.com/activities/2163854171
15.02.2019|136.32|03:04:34|3775|0|195|968|86|53%|0|0|44.3|90|86|140|0|0|87|915|1,079|27|03:04:55|Garmin Edge 1030|https://www.strava.com/activities/2163852950
03.02.2019|250.05|05:55:57|5640|0|199|3564|173|54%|0|0|42.2|69.5|85|158|0|0|167|917|3,974|32|05:56:13|Garmin Edge 1030|https://www.strava.com/activities/2139109300
23.03.2019|42.64|02:02:21|1378|0|0|0|0||152|1119|20.9|60.5|0|0|0|0|0|0|1,248|12|03:38:32|Garmin Edge 1030|https://www.strava.com/activities/2234635998
22.03.2019|91.22|03:36:04|2624|0|234|2370|152|64%|0|0|25.3|76.3|71|129|0|0|183|581|2,642|11|04:29:30|Garmin Edge 1030|https://www.strava.com/activities/2231681771
21.03.2019|115.03|04:13:52|2841|0|238|3075|186|65%|0|0|27.2|77.4|74|105|0|0|202|938|3,429|11|05:05:50|Garmin Edge 1030|https://www.strava.com/activities/2231680896
20.03.2019|68.17|03:01:09|2056|0|206|1798|99|56%|0|0|22.6|65.2|67|104|0|0|165|574|2,005|6|03:48:46|Garmin Edge 1030|https://www.strava.com/activities/2226996972
19.03.2019|42.56|02:05:15|865|0|0|0|0||136|1025|20.4|64.4|0|0|0|0|0|0|1,143|2|02:32:52|Garmin Edge 1030|https://www.strava.com/activities/2226996072
08.03.2019|42.88|02:09:39|1598|0|220|1285|82|60%|0|0|19.8|89.3|64|128|0|0|165|928|1,432|7|02:38:11|Garmin Edge 1030|https://www.strava.com/activities/2199170690
07.03.2019|33.95|01:28:46|792|0|161|725|30|44%|0|0|23|79.6|68|100|0|0|136|467|808|8|02:33:41|Garmin Edge 1030|https://www.strava.com/activities/2197086294
06.03.2019|134.26|04:44:40|2829|0|235|2887|203|64%|0|0|28.3|65.9|72|108|0|0|169|626|3,219|7|05:28:16|Garmin Edge 1030|https://www.strava.com/activities/2195111872
04.03.2019|123.96|04:12:09|2457|0|206|2656|137|56%|0|0|29.5|74.2|75|110|0|0|176|594|2,962|13|05:10:36|Garmin Edge 1030|https://www.strava.com/activities/2190678214
03.03.2019|45.98|01:59:32|1257|0|202|1116|64|55%|0|0|23.1|63|72|105|0|0|156|978|1,244|13|02:43:31|Garmin Edge 1030|https://www.strava.com/activities/2188690516
31.03.2019|139.5|03:22:26|2176|0|282|2940|200|77%|0|0|41.3|86|86|200|0|0|242|1052|2,944|12|03:23:33|Garmin Edge 1030|https://www.strava.com/activities/2264842412
17.03.2019|120.73|03:03:31|2168|0|302|2920|205|82%|0|0|39.5|85.3|85|200|0|0|265|895|3,256|10|03:03:31|Garmin Edge 1030|https://www.strava.com/activities/2226996226
05.03.2019|165.7|06:06:43|4032|0|237|3882|272|64%|0|0|27.1|73.1|72|118|0|0|176|726|4,329|8|07:22:04|Garmin Edge 1030|https://www.strava.com/activities/2193069764
01.03.2019|123.08|03:27:04|1671|0|213|1889|119|58%|0|0|35.7|68|76|105|0|0|152|478|2,106|18|03:35:48|Garmin Edge 1030|https://www.strava.com/activities/2184202091
23.03.2019|42.64|02:02:21|1378|0|0|0|0||152|1119|20.9|60.5|0|0|0|0|0|0|1,248|12|03:38:32|Garmin Edge 1030|https://www.strava.com/activities/2234635998
22.03.2019|91.22|03:36:04|2624|0|234|2370|152|64%|0|0|25.3|76.3|71|129|0|0|183|581|2,642|11|04:29:30|Garmin Edge 1030|https://www.strava.com/activities/2231681771
21.03.2019|115.03|04:13:52|2841|0|238|3075|186|65%|0|0|27.2|77.4|74|105|0|0|202|938|3,429|11|05:05:50|Garmin Edge 1030|https://www.strava.com/activities/2231680896
20.03.2019|68.17|03:01:09|2056|0|206|1798|99|56%|0|0|22.6|65.2|67|104|0|0|165|574|2,005|6|03:48:46|Garmin Edge 1030|https://www.strava.com/activities/2226996972
19.03.2019|42.56|02:05:15|865|0|0|0|0||136|1025|20.4|64.4|0|0|0|0|0|0|1,143|2|02:32:52|Garmin Edge 1030|https://www.strava.com/activities/2226996072
08.03.2019|42.88|02:09:39|1598|0|220|1285|82|60%|0|0|19.8|89.3|64|128|0|0|165|928|1,432|7|02:38:11|Garmin Edge 1030|https://www.strava.com/activities/2199170690
07.03.2019|33.95|01:28:46|792|0|161|725|30|44%|0|0|23|79.6|68|100|0|0|136|467|808|8|02:33:41|Garmin Edge 1030|https://www.strava.com/activities/2197086294
06.03.2019|134.26|04:44:40|2829|0|235|2887|203|64%|0|0|28.3|65.9|72|108|0|0|169|626|3,219|7|05:28:16|Garmin Edge 1030|https://www.strava.com/activities/2195111872
04.03.2019|123.96|04:12:09|2457|0|206|2656|137|56%|0|0|29.5|74.2|75|110|0|0|176|594|2,962|13|05:10:36|Garmin Edge 1030|https://www.strava.com/activities/2190678214
03.03.2019|45.98|01:59:32|1257|0|202|1116|64|55%|0|0|23.1|63|72|105|0|0|156|978|1,244|13|02:43:31|Garmin Edge 1030|https://www.strava.com/activities/2188690516
31.03.2019|139.5|03:22:26|2176|0|282|2940|200|77%|0|0|41.3|86|86|200|0|0|242|1052|2,944|12|03:23:33|Garmin Edge 1030|https://www.strava.com/activities/2264842412
17.03.2019|120.73|03:03:31|2168|0|302|2920|205|82%|0|0|39.5|85.3|85|200|0|0|265|895|3,256|10|03:03:31|Garmin Edge 1030|https://www.strava.com/activities/2226996226
05.03.2019|165.7|06:06:43|4032|0|237|3882|272|64%|0|0|27.1|73.1|72|118|0|0|176|726|4,329|8|07:22:04|Garmin Edge 1030|https://www.strava.com/activities/2193069764
01.03.2019|123.08|03:27:04|1671|0|213|1889|119|58%|0|0|35.7|68|76|105|0|0|152|478|2,106|18|03:35:48|Garmin Edge 1030|https://www.strava.com/activities/2184202091
23.05.2019|64|02:32:28|584|0|189|1149|52|51%|0|0|25.2|52.9|76|168|0|0|126|406|1,281|20|02:38:59|Garmin Edge 130|https://www.strava.com/activities/2394136396
20.05.2019|56.48|01:39:06|459|0|187|1064|43|51%|0|0|34.2|60.8|78|187|0|0|179|355|1,187|21|01:43:00|Garmin Edge 130|https://www.strava.com/activities/2383181939
17.05.2019|96.67|03:09:37|1230|0|208|2034|104|57%|0|0|30.6|60.1|73|173|0|0|179|434|2,268|21|03:18:26|Garmin Edge 130|https://www.strava.com/activities/2376034803
15.05.2019|46.63|01:57:55|1145|0|203|1188|61|55%|0|0|23.7|76|70|200|0|0|168|597|1,325|26|02:17:52|Garmin Edge 130|https://www.strava.com/activities/2376031549
03.05.2019|51.7|01:38:01|571|0|170|908|36|46%|0|0|31.6|60.1|75|165|0|0|154|413|1,013|12|01:56:03|Garmin Edge 130|https://www.strava.com/activities/2338204466
01.05.2019|168.8|06:02:16|3817|0|217|4007|226|59%|0|0|28|76.3|74|166|0|0|184|599|4,468|21|07:21:31|Garmin Edge 130|https://www.strava.com/activities/2333910803
31.05.2019|50.3|01:40:18|387|0|153|805|30|42%|0|0|30.1|58|75|185|0|0|134|489|898|25|01:46:23|Garmin Edge 130|https://www.strava.com/activities/2415718639
30.05.2019|153.71|05:13:27|3324|0|236|3675|226|64%|0|0|29.4|68.8|76|200|0|0|195|770|4,098|18|05:36:20|Garmin Edge 130|https://www.strava.com/activities/2410147853
29.05.2019|194.03|07:02:23|4511|0|215|4611|250|58%|0|0|27.6|69.5|74|200|0|0|182|1100|5,141|18|07:53:23|Garmin Edge 130|https://www.strava.com/activities/2407531999
28.05.2019|152.98|05:00:24|2328|0|222|3328|193|60%|0|0|30.6|64.4|74|200|0|0|185|836|3,711|19|05:26:35|Garmin Edge 130|https://www.strava.com/activities/2404806968
26.05.2019|147.78|05:18:53|3229|0|218|3444|198|59%|0|0|27.8|65.5|73|200|0|0|180|694|3,840|21|06:06:02|Garmin Edge 130|https://www.strava.com/activities/2400070600
25.05.2019|195.64|06:27:30|3495|0|209|4135|224|57%|0|0|30.3|71.6|75|200|0|0|178|887|4,611|18|07:10:25|Garmin Edge 130|https://www.strava.com/activities/2397341680
24.05.2019|160.27|05:00:23|1808|0|217|3368|182|59%|0|0|32|71.6|75|200|0|0|187|1110|3,756|14|05:23:16|Garmin Edge 130|https://www.strava.com/activities/2394144420
22.05.2019|157.82|05:03:13|2404|0|212|3316|176|58%|0|0|31.2|68|76|200|0|0|182|1099|3,697|18|05:21:10|Garmin Edge 130|https://www.strava.com/activities/2388996434
21.05.2019|130.25|04:00:57|2178|0|229|2716|161|62%|0|0|32.4|65.5|74|200|0|0|188|1143|3,028|17|05:01:34|Garmin Edge 130|https://www.strava.com/activities/2386182620
19.05.2019|128.99|04:00:50|1539|0|209|2612|134|57%|0|0|32.1|59.4|74|176|0|0|181|534|2,913|23|04:09:16|Garmin Edge 130|https://www.strava.com/activities/2381228187
18.05.2019|133.31|04:00:43|1348|0|221|2922|154|60%|0|0|33.2|71.6|76|200|0|0|202|616|3,258|21|04:35:06|Garmin Edge 130|https://www.strava.com/activities/2378390321
14.05.2019|68.64|02:44:57|1896|0|237|1879|120|64%|0|0|25|61.6|75|200|0|0|190|400|2,095|24|03:28:34|Garmin Edge 130|https://www.strava.com/activities/2366692966
13.05.2019|75.68|03:20:46|2332|0|233|2066|145|63%|0|0|22.6|67.7|71|200|0|0|171|420|2,303|22|04:34:52|Garmin Edge 130|https://www.strava.com/activities/2364430698
02.05.2019|108.42|03:58:06|2608|0|249|2634|202|68%|0|0|27.3|66.2|70|167|0|0|184|582|2,937|17|05:08:49|Garmin Edge 130|https://www.strava.com/activities/2336140320
30.06.2019|121.88|04:40:50|3409|0|261|3536|245|71%|0|0|26|81.4|75|191|0|0|210|766|3,942|35|05:12:24|Garmin Edge 830|https://www.strava.com/activities/2492493028
28.06.2019|110.81|04:50:36|3176|0|235|3071|211|64%|0|0|22.9|74.9|70|200|0|0|176|609|3,424|33|06:11:05|Garmin Edge 830|https://www.strava.com/activities/2487397797
27.06.2019|149.61|05:50:32|4216|0|239|4169|267|65%|0|0|25.6|77.8|73|200|0|0|198|530|4,648|33|06:45:48|Garmin Edge 830|https://www.strava.com/activities/2484925925
25.06.2019|67.51|02:48:27|1823|0|208|1838|96|57%|0|0|24|72.7|71|200|0|0|182|376|2,049|33|03:11:04|Garmin Edge 830|https://www.strava.com/activities/2479121807
23.06.2019|104.96|03:10:35|2908|0|282|2825|187|77%|0|0|33|100.4|80|168|0|0|247|907|3,150|26|03:10:35|Garmin Edge 830|https://www.strava.com/activities/2479121060
15.06.2019|0.01|00:00:00|0|0|144|0|3|39%|0|0|0|0.7|0|102|0|0|0|229|0|0|00:15:11|Garmin Edge 830|https://www.strava.com/activities/2452269227
15.06.2019|11.11|00:16:10|137|0|329|262|23|89%|0|0|41.2|63.7|82|100|0|0|270|737|292|21|00:18:01|Garmin Edge 830|https://www.strava.com/activities/2452268819
15.06.2019|0.01|00:00:00|0|0|254|0|20|69%|0|0|0|0.4|0|128|0|0|0|996|0|0|00:25:47|Garmin Edge 830|https://www.strava.com/activities/2452268634
15.06.2019|45.17|01:13:24|303|0|233|881|50|63%|0|0|36.9|55.1|79|200|0|0|200|504|878|21|01:15:52|Garmin Edge 830|https://www.strava.com/activities/2452268517
14.06.2019|31.06|01:00:20|426|0|236|640|42|64%|0|0|30.9|75.6|76|133|0|0|177|713|713|23|01:01:59|Garmin Edge 830|https://www.strava.com/activities/2452267834
13.06.2019|66.11|02:43:51|1747|0|236|1779|119|64%|0|0|24.2|71.3|70|189|0|0|181|631|1,983|22|03:12:58|Garmin Edge 130|https://www.strava.com/activities/2446612315
12.06.2019|111.73|04:05:29|3088|0|228|2819|163|62%|0|0|27.3|75.2|71|207|0|0|191|430|3,143|16|04:28:15|Garmin Edge 130|https://www.strava.com/activities/2444327016
11.06.2019|59.42|02:18:03|496|0|249|1690|110|68%|0|0|25.8|61.2|72|165|0|0|204|423|1,884|5|02:23:48|Garmin Edge 130|https://www.strava.com/activities/2441059643
07.06.2019|127.3|04:17:47|2671|0|240|2974|189|65%|0|0|29.6|68.4|75|185|0|0|192|815|3,316|18|04:30:31|Garmin Edge 130|https://www.strava.com/activities/2431221553
05.06.2019|66.47|02:14:02|708|0|0|0|0||165|1324|29.8|58|0|0|0|0|0|0|1,476|19|02:19:44|Garmin Edge 130|https://www.strava.com/activities/2429479731
04.06.2019|42.31|01:29:39|360|0|145|717|23|39%|0|0|28.3|62.3|72|155|0|0|133|465|800|23|02:11:50|Garmin Edge 130|https://www.strava.com/activities/2429477237
03.06.2019|145.26|04:09:24|1466|0|218|2761|154|59%|0|0|34.9|67.3|78|193|0|0|184|1040|3,078|20|05:14:17|Garmin Edge 130|https://www.strava.com/activities/2421101517
29.06.2019|30.15|01:34:56|886|0|171|795|36|46%|0|0|19.1|70.6|68|136|0|0|140|332|887|35|01:54:14|Garmin Edge 830|https://www.strava.com/activities/2489544363
26.06.2019|82.72|03:22:45|2113|0|216|2096|123|59%|0|0|24.5|77.8|69|146|0|0|172|344|2,337|34|04:11:18|Garmin Edge 830|https://www.strava.com/activities/2482131331
09.06.2019|109.45|02:58:38|817|0|230|2041|125|63%|0|0|36.8|60.1|79|177|0|0|190|815|2,275|20|03:18:52|Garmin Edge 130|https://www.strava.com/activities/2441057196
08.06.2019|239.43|07:02:02|2716|0|205|4625|232|56%|0|0|34|75.6|77|200|0|0|183|1030|5,156|20|08:06:15|Garmin Edge 130|https://www.strava.com/activities/2434488349
06.06.2019|180.49|06:11:04|3268|0|215|4037|218|58%|0|0|29.2|71.3|75|200|0|0|181|653|4,502|17|06:31:37|Garmin Edge 130|https://www.strava.com/activities/2429489737
02.06.2019|275.48|07:00:28|2187|0|215|5120|248|58%|0|0|39.3|81.7|80|200|0|0|203|906|5,709|20|08:17:56|Garmin Edge 130|https://www.strava.com/activities/2418958393
01.06.2019|203.82|06:11:16|3475|0|231|4388|258|63%|0|0|32.9|80.6|77|200|0|0|197|1066|4,893|18|07:11:56|Garmin Edge 130|https://www.strava.com/activities/2415727299
30.07.2019|72.94|01:53:37|147|0|230|1419|76|63%|0|0|38.5|57.2|85|172|0|0|208|924|1,419|19|01:59:05|Garmin Edge 830|https://www.strava.com/activities/2619629953
29.07.2019|78.72|02:04:15|264|0|219|1478|73|60%|0|0|38|59.8|82|200|0|0|198|863|1,479|23|02:04:15|Garmin Edge 830|https://www.strava.com/activities/2619629462
04.07.2019|86.15|02:45:07|1020|0|176|1558|67|48%|0|0|31.3|52.6|76|200|0|0|157|642|1,737|23|03:23:16|Garmin Edge 130|https://www.strava.com/activities/2503362722
03.07.2019|68.96|01:39:45|69|0|226|1110|71|61%|0|0|41.5|65.9|84|200|0|0|186|811|1,192|24|02:03:00|Garmin Edge 130|https://www.strava.com/activities/2503356379
01.07.2019|128.32|05:01:33|3382|0|221|3279|191|60%|0|0|25.5|72.4|72|200|0|0|181|391|3,656|32|05:45:09|Garmin Edge 830|https://www.strava.com/activities/2495247201
31.07.2019|81.77|01:54:46|107|0|230|1439|77|63%|0|0|42.7|62.6|85|200|0|0|209|971|1,440|18|02:00:25|Garmin Edge 830|https://www.strava.com/activities/2619630737
28.07.2019|124.88|03:02:49|870|0|238|2077|128|65%|0|0|41|77|81|185|0|0|189|854|2,316|22|03:04:24|Garmin Edge 830|https://www.strava.com/activities/2619629641
11.07.2019|108.91|03:51:34|2316|0|241|3164|92|65%|0|0|28.2|85.3|87|200|0|0|228|689|3,528|21|04:31:19|Garmin Edge 130|https://www.strava.com/activities/2619652284
31.08.2019|44.12|01:35:04|513|0|102|344|12|28%|0|0|27.8|55.8|70|200|0|0|60|234|383|18|01:40:42|Garmin Edge 830|https://www.strava.com/activities/2671806042
27.08.2019|46.73|01:40:39|672|0|152|839|30|41%|0|0|27.9|60.1|74|146|0|0|139|333|936|19|02:14:57|Garmin Edge 830|https://www.strava.com/activities/2660724506
24.08.2019|139.69|03:57:10|1933|0|189|2321|107|51%|0|0|35.3|67.3|76|200|0|0|163|990|2,588|18|04:31:59|Garmin Edge 830|https://www.strava.com/activities/2651616717
23.08.2019|55.05|01:47:15|917|0|148|857|29|40%|0|0|30.8|50|76|144|0|0|133|420|955|19|02:45:50|Garmin Edge 830|https://www.strava.com/activities/2644936648
18.08.2019|53.16|01:23:24|120|0|261|1165|79|71%|0|0|38.2|56.2|83|200|0|0|233|1037|1,299|19|03:27:11|Garmin Edge 830|https://www.strava.com/activities/2630808514
17.08.2019|0.46|00:19:14|0|0|183|209|21|50%|0|0|1.4|5|80|92|0|0|181|333|233|23|00:54:10|Garmin Edge 830|https://www.strava.com/activities/2630807151
13.08.2019|103.76|03:06:33|2233|0|183|1934|82|50%|0|0|33.4|69.8|78|200|0|0|173|698|2,156|19|03:52:11|Garmin Edge 830|https://www.strava.com/activities/2619634201
12.08.2019|60.46|02:00:08|729|0|152|1029|34|41%|0|0|30.2|47.5|70|118|0|0|143|381|1,148|19|02:02:34|Garmin Edge 830|https://www.strava.com/activities/2619632933
03.08.2019|176.39|05:00:17|3028|0|232|3385|199|63%|0|0|35.2|90|78|200|0|0|188|962|3,774|29|05:01:41|Garmin Edge 830|https://www.strava.com/activities/2619632868
30.08.2019|231.35|06:13:22|4846|0|218|4296|227|59%|0|0|37.2|97.2|78|200|0|0|192|655|4,790|22|07:49:16|Garmin Edge 830|https://www.strava.com/activities/2665628361
29.08.2019|181.81|06:11:53|4654|0|191|3655|179|52%|0|0|29.3|73.8|71|200|0|0|164|532|4,075|23|08:10:46|Garmin Edge 830|https://www.strava.com/activities/2663069072
28.08.2019|227.17|06:50:58|4649|0|233|5004|295|63%|0|0|33.2|78.1|77|200|0|0|203|1018|5,579|14|08:37:04|Garmin Edge 830|https://www.strava.com/activities/2660726234
26.08.2019|143.23|04:09:10|2145|0|176|2196|97|48%|0|0|34.5|69.8|74|200|0|0|147|1036|2,448|18|04:39:43|Garmin Edge 830|https://www.strava.com/activities/2654110702
25.08.2019|182.77|04:53:36|3038|0|214|3175|170|58%|0|0|37.4|76|73|200|0|0|180|1027|3,540|17|05:59:08|Garmin Edge 830|https://www.strava.com/activities/2651619365
22.08.2019|213.71|05:58:49|5017|0|206|3875|198|56%|0|0|35.7|72.7|77|186|0|0|180|711|4,320|22|07:23:19|Garmin Edge 830|https://www.strava.com/activities/2642767836
21.08.2019|161.13|04:53:06|3133|0|198|3103|163|54%|0|0|33|76.3|75|168|0|0|176|1094|3,460|21|05:40:37|Garmin Edge 830|https://www.strava.com/activities/2639508646
20.08.2019|126.54|03:34:02|1952|0|179|2240|108|49%|0|0|35.5|78.5|76|200|0|0|174|928|2,498|19|04:31:58|Garmin Edge 830|https://www.strava.com/activities/2636273576
16.08.2019|62.6|01:48:55|760|0|159|957|35|43%|0|0|34.5|63.7|74|166|0|0|146|381|1,067|13|02:20:19|Garmin Edge 830|https://www.strava.com/activities/2624150260
15.08.2019|88.05|03:07:12|2006|0|191|1814|90|52%|0|0|28.2|69.1|72|200|0|0|162|502|2,023|18|04:07:45|Garmin Edge 830|https://www.strava.com/activities/2622316821
14.08.2019|99.98|03:11:55|1184|0|187|1927|85|51%|0|0|31.3|70.6|76|200|0|0|167|600|2,149|16|04:03:54|Garmin Edge 130|https://www.strava.com/activities/2619658095
30.09.2019|114.37|04:08:33|2630|0|251|2928|200|68%|0|0|27.6|65.5|76|182|0|0|196|778|3,265|22|04:22:00|Garmin Edge 830|https://www.strava.com/activities/2751683188
29.09.2019|164.65|05:56:02|3176|0|227|3967|248|62%|0|0|27.7|72.7|74|185|0|0|186|1007|4,423|22|06:38:17|Garmin Edge 830|https://www.strava.com/activities/2749716899
28.09.2019|109.79|03:54:51|2194|0|244|2647|176|66%|0|0|28.1|70.6|73|195|0|0|188|890|2,952|22|04:14:10|Garmin Edge 830|https://www.strava.com/activities/2746183388
27.09.2019|35.69|01:35:28|435|0|145|693|27|39%|0|0|22.4|60.1|69|164|0|0|121|374|772|24|03:22:21|Garmin Edge 830|https://www.strava.com/activities/2746180855
26.09.2019|109.06|03:58:00|2666|0|256|3097|202|70%|0|0|27.5|65.5|74|168|0|0|217|726|3,453|20|04:10:27|Garmin Edge 830|https://www.strava.com/activities/2741163580
25.09.2019|86.38|03:19:08|1687|0|225|1947|129|61%|0|0|26|60.8|72|183|0|0|163|776|2,171|22|03:32:13|Garmin Edge 830|https://www.strava.com/activities/2738516393
24.09.2019|83.35|03:10:08|1826|0|208|1992|105|57%|0|0|26.3|67|73|144|0|0|175|387|2,221|21|03:15:44|Garmin Edge 830|https://www.strava.com/activities/2738045107
23.09.2019|62.49|02:12:43|763|0|173|1249|51|47%|0|0|28.3|61.9|78|141|0|0|157|450|1,393|18|02:42:25|Garmin Edge 830|https://www.strava.com/activities/2733276641
20.09.2019|40.75|01:25:48|64|0|111|539|13|30%|0|0|28.5|40.7|72|148|0|0|105|409|601|23|01:59:45|Garmin Edge 830|https://www.strava.com/activities/2733275465
14.09.2019|57.03|02:04:16|496|0|0|0|0||143|1063|27.5|58.7|0|0|0|0|0|0|1,185|25|02:57:54|Garmin Edge 830|https://www.strava.com/activities/2711406201
07.09.2019|236.55|06:23:07|6615|0|243|5282|290|66%|0|0|37|85|81|200|0|0|230|554|5,890|19|07:14:55|Garmin Edge 830|https://www.strava.com/activities/2688889366
06.09.2019|48.18|01:38:33|804|0|146|785|28|40%|0|0|29.3|57.6|72|148|0|0|133|465|876|21|02:18:26|Garmin Edge 830|https://www.strava.com/activities/2688886929
01.09.2019|130.02|04:01:37|2134|0|0|0|0||260|3767|32.3|76|0|0|0|0|0|0|4,200|18|04:49:58|Garmin Edge 830|https://www.strava.com/activities/2671807523
21.09.2019|197.52|05:04:12|2948|0|273|4241|279|74%|0|0|39|79.2|85|200|0|0|232|991|4,728|22|05:05:23|Garmin Edge 830|https://www.strava.com/activities/2733276781
19.09.2019|161.73|04:00:45|1916|0|279|3416|233|76%|0|0|40.3|94.7|84|185|0|0|236|959|3,809|27|04:02:58|Garmin Edge 830|https://www.strava.com/activities/2733275271
16.09.2019|69.28|02:28:09|1601|0|0|0|0||203|1805|28.1|80.3|0|0|0|0|0|0|2,012|23|02:43:11|Garmin Edge 830|https://www.strava.com/activities/2713349591
15.09.2019|68.21|02:18:33|789|0|0|0|0||189|1568|29.5|65.5|0|0|0|0|0|0|1,748|28|03:49:03|Garmin Edge 830|https://www.strava.com/activities/2711407118
13.09.2019|64.87|01:59:58|845|0|0|0|0||259|1866|32.4|58.7|0|0|0|0|0|0|2,080|15|02:09:22|Garmin Edge 830|https://www.strava.com/activities/2704848810
12.09.2019|158.1|05:00:22|4385|0|58|32|12|16%|0|0|31.6|70.9|85|149|0|0|2|805|36|19|05:54:33|Garmin Edge 830|https://www.strava.com/activities/2704848898
10.09.2019|165.75|05:44:16|5081|0|217|3775|206|59%|0|0|28.9|76.7|71|200|0|0|183|739|4,209|31|06:25:21|Garmin Edge 830|https://www.strava.com/activities/2704847300
09.09.2019|130.86|05:08:18|4648|0|253|4058|253|69%|0|0|25.5|70.2|75|200|0|0|219|787|4,525|27|05:33:28|Garmin Edge 830|https://www.strava.com/activities/2695889851
08.09.2019|127.52|04:12:00|2861|0|202|2376|133|55%|0|0|30.4|72.7|72|188|0|0|157|601|2,649|21|04:56:26|Garmin Edge 830|https://www.strava.com/activities/2692121552
05.09.2019|168.41|05:00:45|3663|0|213|3195|175|58%|0|0|33.6|73.4|77|200|0|0|177|646|3,562|20|05:59:07|Garmin Edge 830|https://www.strava.com/activities/2683267632
04.09.2019|178.32|05:08:54|3381|0|190|3058|144|52%|0|0|34.6|76|76|185|0|0|165|1080|3,410|19|05:56:57|Garmin Edge 830|https://www.strava.com/activities/2680591500
03.09.2019|227.21|07:37:54|5763|0|0|0|0||266|7319|29.8|80.3|0|0|0|0|0|0|8,160|18|08:52:50|Garmin Edge 830|https://www.strava.com/activities/2677673622
08.10.2019|57.01|02:23:26|1491|0|224|1362|93|61%|0|0|23.8|63|68|163|0|0|158|578|1,518|15|02:53:17|Garmin Edge 830|https://www.strava.com/activities/2772435169
07.10.2019|46.8|01:40:54|465|0|142|736|26|39%|0|0|27.8|63.4|70|186|0|0|122|531|821|16|02:32:09|Garmin Edge 830|https://www.strava.com/activities/2769874307
04.10.2019|43.67|01:38:14|597|0|184|931|42|50%|0|0|26.7|64.1|77|200|0|0|158|371|1,038|21|02:04:44|Garmin Edge 830|https://www.strava.com/activities/2761742586
03.10.2019|76.97|02:46:28|622|0|180|1574|68|49%|0|0|27.7|58.7|77|190|0|0|158|406|1,755|25|03:39:59|Garmin Edge 830|https://www.strava.com/activities/2759628192
02.10.2019|172.61|06:04:15|3842|0|256|4373|315|70%|0|0|28.4|64.4|78|200|0|0|200|1129|4,876|20|07:12:16|Garmin Edge 830|https://www.strava.com/activities/2757173429
12.10.2019|239.25|05:55:55|3685|0|281|5078|345|76%|0|0|40.3|92.2|85|200|0|0|238|1009|5,662|17|05:57:11|Garmin Edge 830|https://www.strava.com/activities/2932554813
06.10.2019|173.42|04:09:09|1445|0|239|2854|176|65%|0|0|41.8|72|82|200|0|0|191|959|3,182|20|04:11:22|Garmin Edge 830|https://www.strava.com/activities/2769874251
29.11.2019|45.84|01:26:21|407|0|173|750|34|47%|0|0|31.9|59.8|77|144|0|0|145|541|837|26|01:48:54|Garmin Edge 130|https://www.strava.com/activities/2908424423
28.11.2019|7.19|01:31:08|0|0|0|0|0||0|0|0|0|0|0|0|0|0|0|||00:00:00|Garmin Edge 130|https://www.strava.com/activities/2897961667
20.11.2019|74.68|02:18:27|462|0|158|1250|44|43%|0|0|32.4|78.8|76|174|0|0|150|536|1,394|22|02:24:15|Garmin Edge 820|https://www.strava.com/activities/2882401960
19.11.2019|51.13|01:39:34|332|0|139|788|24|38%|0|0|30.8|61.9|75|160|0|0|132|362|879|24|01:42:59|Garmin Edge 820|https://www.strava.com/activities/2882401707
16.11.2019|62.24|01:30:35|85|0|0|0|0||338|1837|41.2|56.9|0|0|0|0|0|0|1,631|21|01:30:35|Garmin Edge 820|https://www.strava.com/activities/2882401378
30.11.2019|49.51|01:47:05|519|0|0|0|0||142|912|27.7|71.6|0|0|0|0|0|0|1,590|30|02:12:49|Garmin Edge 130|https://www.strava.com/activities/2908426434
27.11.2019|136.58|03:49:02|1416|0|165|1699|82|45%|0|0|35.8|63|71|200|0|0|124|741|1,895|19|1.03:33:39|Garmin Edge 130|https://www.strava.com/activities/2897959628
26.11.2019|102.8|03:07:34|1165|0|175|1829|75|48%|0|0|32.9|65.9|78|179|0|0|162|1054|2,039|21|03:21:35|Garmin Edge 130|https://www.strava.com/activities/2894256957
24.11.2019|77.36|02:25:13|629|0|163|1283|50|44%|0|0|32|78.8|77|121|0|0|147|471|1,431|21|03:13:16|Garmin Edge 130|https://www.strava.com/activities/2894255106
23.11.2019|54.97|02:05:06|778|0|157|1074|47|43%|0|0|26.4|53.6|71|183|0|0|143|559|1,198|25|02:33:54|Garmin Edge 130|https://www.strava.com/activities/2894253716
22.11.2019|57.88|01:46:09|580|0|169|911|38|46%|0|0|32.7|64.4|78|200|0|0|143|565|1,015|21|02:37:10|Garmin Edge 130|https://www.strava.com/activities/2883625886
21.11.2019|12.04|02:43:59|827|0|0|0|0||56|553|4.4|11.2|0|0|0|0|0|0|617|27|03:37:37|Garmin Edge 130|https://www.strava.com/activities/2882397575
29.12.2019|103.06|03:01:03|4597|0|160|1579|57|43%|0|0|34.2|76.3|72|103|0|0|145|459|1,761|23|03:37:02|Garmin Edge 830|https://www.strava.com/activities/2966246483
27.12.2019|147.79|04:10:03|3898|0|212|2589|144|58%|0|0|35.5|78.8|77|200|0|0|173|726|2,886|27|04:20:51|Garmin Edge 830|https://www.strava.com/activities/2960719067
26.12.2019|48.26|01:02:59|2607|0|272|961|57|74%|0|0|46|67|90|180|0|0|254|1037|1,072|26|01:02:59|Garmin Edge 830|https://www.strava.com/activities/2960716963
23.12.2019|73.74|02:28:02|2055|0|192|1406|71|52%|0|0|29.9|67.7|75|200|0|0|158|607|1,567|16|02:40:03|Garmin Edge 830|https://www.strava.com/activities/2952167291
23.12.2019|128.97|03:22:02|5910|0|189|1992|92|51%|0|0|38.3|82.1|80|200|0|0|164|417|2,221|19|03:36:24|Garmin Edge 830|https://www.strava.com/activities/2952166935
21.12.2019|65.21|02:15:05|1448|0|144|1089|36|39%|0|0|29|56.9|76|169|0|0|134|356|1,214|20|02:46:29|Garmin Edge 830|https://www.strava.com/activities/2947585625
18.12.2019|223.38|07:01:29|2167|0|194|4064|203|53%|0|0|31.8|64.1|78|191|0|0|161|992|4,531|15|07:51:51|Garmin Edge 830|https://www.strava.com/activities/2941298938
16.12.2019|2.09|00:27:52|5|0|157|200|21|43%|0|0|4.5|42.8|79|98|0|0|119|278|439|22|04:18:46|Garmin Edge 830|https://www.strava.com/activities/2939105546
15.12.2019|168.8|05:38:33|2309|0|187|3122|151|51%|0|0|29.9|74.5|71|200|0|0|154|997|3,481|22|06:24:42|Garmin Edge 830|https://www.strava.com/activities/2935127000
14.12.2019|157.4|05:00:40|1689|0|175|2624|120|48%|0|0|31.4|68|72|145|0|0|145|568|2,925|18|06:17:56|Garmin Edge 830|https://www.strava.com/activities/2932556143
13.12.2019|133.84|04:21:42|1517|0|171|2182|97|46%|0|0|30.7|69.1|72|175|0|0|139|1068|2,433|18|05:10:11|Garmin Edge 130|https://www.strava.com/activities/2930504980
11.12.2019|74.98|02:22:28|614|0|142|990|36|39%|0|0|31.6|62.3|73|183|0|0|116|431|1,104|17|02:23:56|Garmin Edge 130|https://www.strava.com/activities/2926509381
05.12.2019|41.49|01:30:04|451|0|0|0|0||134|722|27.6|52.2|0|0|0|0|0|0|805|17|02:15:17|Garmin Edge 130|https://www.strava.com/activities/2914839662
03.12.2019|126.51|04:28:09|1786|0|0|0|0||160|2571|28.3|65.5|0|0|0|0|0|0|2,867|22|05:47:51|Garmin Edge 130|https://www.strava.com/activities/2909465196
31.12.2019|242.48|07:12:25|5583|0|208|4371|243|57%|0|0|33.6|81.7|80|200|0|0|168|620|4,874|19|07:57:15|Garmin Edge 830|https://www.strava.com/activities/2972006425
30.12.2019|175.14|06:00:18|4900|0|208|3805|202|57%|0|0|29.2|78.5|74|200|0|0|176|587|4,243|20|06:25:16|Garmin Edge 830|https://www.strava.com/activities/2968810778
28.12.2019|221.29|07:02:29|6930|0|184|3837|183|50%|0|0|31.4|68.4|75|200|0|0|151|939|4,278|19|07:57:50|Garmin Edge 830|https://www.strava.com/activities/2963862656
24.12.2019|245.99|07:01:54|6157|0|195|4259|205|53%|0|0|35|91.4|77|200|0|0|168|1005|4,749|17|08:18:48|Garmin Edge 830|https://www.strava.com/activities/2954432509
22.12.2019|182.3|06:10:32|5673|0|176|3293|149|48%|0|0|29.5|77|75|200|0|0|148|857|3,672|18|07:15:36|Garmin Edge 830|https://www.strava.com/activities/2950453174
19.12.2019|180.88|06:00:33|3342|0|226|3734|238|61%|0|0|30.1|69.5|75|155|0|0|173|1011|4,163|12|07:03:48|Garmin Edge 830|https://www.strava.com/activities/2943198938
17.12.2019|171.02|05:41:35|2217|0|205|3254|188|56%|0|0|30|67.7|76|144|0|0|159|1002|3,628|15|06:33:04|Garmin Edge 830|https://www.strava.com/activities/2939107302
12.12.2019|131.83|04:58:58|1616|0|164|2357|110|45%|0|0|26.5|54.4|66|161|0|0|131|825|2,628|15|1.01:10:00|Garmin Edge 130|https://www.strava.com/activities/2930499102
08.12.2019|102.88|03:43:37|1122|0|161|1528|71|44%|0|0|27.6|64.8|62|182|0|0|114|623|1,703|24|04:38:08|Garmin Edge 130|https://www.strava.com/activities/2926505314
07.12.2019|114.54|03:37:01|1222|0|159|1615|71|43%|0|0|31.7|74.5|74|200|0|0|124|484|1,801|25|04:13:53|Garmin Edge 130|https://www.strava.com/activities/2917975716
06.12.2019|163.73|05:11:41|2048|0|177|2485|124|48%|0|0|31.5|79.9|73|185|0|0|133|1127|2,771|25|06:15:11|Garmin Edge 130|https://www.strava.com/activities/2917970834
04.12.2019|87.25|03:03:05|991|0|0|0|0||155|1708|28.6|61.9|0|0|0|0|0|0|1,905|23|03:33:12|Garmin Edge 130|https://www.strava.com/activities/2914837838
01.12.2019|128.65|04:07:27|2239|0|14|4|0|4%|0|0|31.2|80.3|74|91|0|0|0|222|4,416|22|04:39:30|Garmin Edge 130|https://www.strava.com/activities/2908432698
31.01.2020|137.44|04:12:01|4623|0|207|2423|138|56%|0|0|32.7|78.8|77|196|0|0|160|851|2,702|22|05:06:53|Garmin Edge 830|https://www.strava.com/activities/3059978433
29.01.2020|54.89|01:21:39|2267|0|227|953|54|62%|0|0|40.3|73.8|83|114|0|0|195|495|1,062|25|01:25:50|Garmin Edge 830|https://www.strava.com/activities/3054440525
28.01.2020|109.69|03:46:39|5050|0|210|2149|131|57%|0|0|29|68.4|74|200|0|0|158|871|2,396|26|04:12:52|Garmin Edge 830|https://www.strava.com/activities/3051504267
27.01.2020|172.58|05:03:59|6245|0|192|2828|142|52%|0|0|34.1|75.2|77|174|0|0|155|784|3,153|24|05:27:49|Garmin Edge 830|https://www.strava.com/activities/3048992308
12.01.2020|209.54|06:01:04|4522|0|197|3829|181|54%|0|0|34.8|74.9|76|200|0|0|177|732|4,269|19|07:53:28|Garmin Edge 830|https://www.strava.com/activities/3007690069
07.01.2020|60.61|01:41:10|1573|0|151|834|28|41%|0|0|35.9|67.3|79|155|0|0|137|582|930|25|01:42:55|Garmin Edge 830|https://www.strava.com/activities/2991191281
02.01.2020|234.21|07:01:15|6513|0|197|4087|210|54%|0|0|33.4|87.1|80|189|0|0|162|1084|4,557|23|08:07:19|Garmin Edge 830|https://www.strava.com/activities/2976756604
01.01.2020|53.16|01:46:41|1400|0|122|732|21|33%|0|0|29.9|48.2|87|200|0|0|114|276|816|26|01:55:56|Garmin Edge 830|https://www.strava.com/activities/2973542178
25.01.2020|120.74|03:57:00|4417|0|223|2326|152|61%|0|0|30.6|69.1|75|200|0|0|164|664|2,594|24|04:07:47|Garmin Edge 830|https://www.strava.com/activities/3042857605
11.01.2020|212.84|07:02:54|6003|0|217|4389|255|59%|0|0|30.2|77|76|200|0|0|173|824|4,893|16|08:03:52|Garmin Edge 830|https://www.strava.com/activities/3002844268
10.01.2020|159.27|05:37:02|5816|0|230|3577|232|63%|0|0|28.4|67.7|73|200|0|0|177|819|3,988|22|05:58:37|Garmin Edge 830|https://www.strava.com/activities/2999411434
08.01.2020|102.41|03:05:53|3771|0|137|1403|44|37%|0|0|33.1|69.5|72|99|0|0|126|327|1,564|23|03:39:34|Garmin Edge 830|https://www.strava.com/activities/2993988081
07.01.2020|145.11|04:19:17|4005|0|225|2800|166|61%|0|0|33.6|89.3|79|200|0|0|180|808|3,122|22|04:44:55|Garmin Edge 830|https://www.strava.com/activities/2991191143
06.01.2020|187.29|06:05:07|7420|0|219|3637|227|60%|0|0|30.8|76.3|74|192|0|0|166|715|4,055|20|06:30:09|Garmin Edge 830|https://www.strava.com/activities/2988334045
04.01.2020|219.17|07:02:56|6592|0|210|4326|238|57%|0|0|31.1|81.4|76|200|0|0|170|1056|4,824|22|07:49:27|Garmin Edge 830|https://www.strava.com/activities/2982465272
03.01.2020|164.94|05:02:30|6602|0|196|2733|148|53%|0|0|32.7|77.4|76|200|0|0|151|713|3,047|24|05:24:22|Garmin Edge 830|https://www.strava.com/activities/2979081367
31.01.2020|137.44|04:12:01|4623|0|207|2423|138|56%|0|0|32.7|78.8|77|196|0|0|160|851|2,702|22|05:06:53|Garmin Edge 830|https://www.strava.com/activities/3059978433
29.01.2020|54.89|01:21:39|2267|0|227|953|54|62%|0|0|40.3|73.8|83|114|0|0|195|495|1,062|25|01:25:50|Garmin Edge 830|https://www.strava.com/activities/3054440525
28.01.2020|109.69|03:46:39|5050|0|210|2149|131|57%|0|0|29|68.4|74|200|0|0|158|871|2,396|26|04:12:52|Garmin Edge 830|https://www.strava.com/activities/3051504267
27.01.2020|172.58|05:03:59|6245|0|192|2828|142|52%|0|0|34.1|75.2|77|174|0|0|155|784|3,153|24|05:27:49|Garmin Edge 830|https://www.strava.com/activities/3048992308
12.01.2020|209.54|06:01:04|4522|0|197|3829|181|54%|0|0|34.8|74.9|76|200|0|0|177|732|4,269|19|07:53:28|Garmin Edge 830|https://www.strava.com/activities/3007690069
07.01.2020|60.61|01:41:10|1573|0|151|834|28|41%|0|0|35.9|67.3|79|155|0|0|137|582|930|25|01:42:55|Garmin Edge 830|https://www.strava.com/activities/2991191281
02.01.2020|234.21|07:01:15|6513|0|197|4087|210|54%|0|0|33.4|87.1|80|189|0|0|162|1084|4,557|23|08:07:19|Garmin Edge 830|https://www.strava.com/activities/2976756604
01.01.2020|53.16|01:46:41|1400|0|122|732|21|33%|0|0|29.9|48.2|87|200|0|0|114|276|816|26|01:55:56|Garmin Edge 830|https://www.strava.com/activities/2973542178
25.01.2020|120.74|03:57:00|4417|0|223|2326|152|61%|0|0|30.6|69.1|75|200|0|0|164|664|2,594|24|04:07:47|Garmin Edge 830|https://www.strava.com/activities/3042857605
11.01.2020|212.84|07:02:54|6003|0|217|4389|255|59%|0|0|30.2|77|76|200|0|0|173|824|4,893|16|08:03:52|Garmin Edge 830|https://www.strava.com/activities/3002844268
10.01.2020|159.27|05:37:02|5816|0|230|3577|232|63%|0|0|28.4|67.7|73|200|0|0|177|819|3,988|22|05:58:37|Garmin Edge 830|https://www.strava.com/activities/2999411434
08.01.2020|102.41|03:05:53|3771|0|137|1403|44|37%|0|0|33.1|69.5|72|99|0|0|126|327|1,564|23|03:39:34|Garmin Edge 830|https://www.strava.com/activities/2993988081
07.01.2020|145.11|04:19:17|4005|0|225|2800|166|61%|0|0|33.6|89.3|79|200|0|0|180|808|3,122|22|04:44:55|Garmin Edge 830|https://www.strava.com/activities/2991191143
06.01.2020|187.29|06:05:07|7420|0|219|3637|227|60%|0|0|30.8|76.3|74|192|0|0|166|715|4,055|20|06:30:09|Garmin Edge 830|https://www.strava.com/activities/2988334045
04.01.2020|219.17|07:02:56|6592|0|210|4326|238|57%|0|0|31.1|81.4|76|200|0|0|170|1056|4,824|22|07:49:27|Garmin Edge 830|https://www.strava.com/activities/2982465272
03.01.2020|164.94|05:02:30|6602|0|196|2733|148|53%|0|0|32.7|77.4|76|200|0|0|151|713|3,047|24|05:24:22|Garmin Edge 830|https://www.strava.com/activities/2979081367
22.03.2020|2.26|00:46:03|16|0|127|286|16|35%|0|0|2.9|25.6|65|114|0|0|104|938|319|22|01:20:35|Garmin Edge 830|https://www.strava.com/activities/3208773612
21.03.2020|0.47|00:15:42|51|0|232|212|39|63%|0|0|1.8|7.6|78|95|0|0|225|350|236|17|01:00:05|Garmin Edge 830|https://www.strava.com/activities/3208773245
21.03.2020|2.81|00:44:00|54|0|207|559|33|56%|0|0|3.8|56.2|82|120|0|0|212|299|623|19|01:05:03|Garmin Edge 830|https://www.strava.com/activities/3208773036
20.03.2020|0.46|00:14:36|137|0|216|199|44|59%|0|0|1.9|7.2|84|99|0|0|227|317|222|19|01:17:26|Garmin Edge 830|https://www.strava.com/activities/3208772769
20.03.2020|0.41|00:14:56|112|0|207|190|31|56%|0|0|1.7|6.5|82|93|0|0|212|411|212|17|01:00:39|Garmin Edge 830|https://www.strava.com/activities/3208772475
19.03.2020|0.22|00:06:21|69|0|245|79|47|67%|0|0|2.1|19.4|84|99|0|0|208|356|88|20|01:05:16|Garmin Edge 830|https://www.strava.com/activities/3208772051
18.03.2020|0.3|00:05:07|28|0|204|63|65|55%|0|0|3.6|9|77|115|0|0|204|857|70|21|02:23:32|Garmin Edge 830|https://www.strava.com/activities/3208771766
17.03.2020|0.1|00:01:34|0|0|266|10|24|72%|0|0|4|22.7|81|107|0|0|107|422|11|18|00:27:44|Garmin Edge 830|https://www.strava.com/activities/3208771179
17.03.2020|0.03|00:00:00|0|0|227|0|63|62%|0|0|0|0.4|0|97|0|0|0|331|0|0|01:40:33|Garmin Edge 830|https://www.strava.com/activities/3208771158
16.03.2020|0.16|00:03:28|8|0|211|45|54|57%|0|0|2.8|4.7|68|197|0|0|214|358|50|22|02:02:35|Garmin Edge 830|https://www.strava.com/activities/3208770629
12.03.2020|137.05|05:08:44|3303|0|252|3378|253|68%|0|0|26.6|64.8|73|200|0|0|182|541|3,766|11|06:07:37|Garmin Edge 830|https://www.strava.com/activities/3177223220
10.03.2020|128.54|04:02:24|1666|0|233|2706|169|63%|0|0|31.8|75.6|75|166|0|0|186|533|3,018|17|04:44:32|Garmin Edge 830|https://www.strava.com/activities/3171145265
07.03.2020|170.23|06:12:07|3664|0|231|4388|254|63%|0|0|27.4|67.3|74|141|0|0|197|577|4,893|12|06:55:34|Garmin Edge 1030|https://www.strava.com/activities/3162762018
06.03.2020|112.58|04:07:53|2726|0|267|3194|227|73%|0|0|27.3|59.4|73|182|0|0|215|712|3,562|9|04:39:47|Garmin Edge 1030|https://www.strava.com/activities/3159553783
03.03.2020|97.79|03:44:12|2215|0|251|2608|178|68%|0|0|26.2|62.3|75|154|0|0|194|792|2,908|9|04:08:22|Garmin Edge 1030|https://www.strava.com/activities/3150800313
02.03.2020|109.08|04:20:01|1046|0|221|2703|166|60%|0|0|25.2|55.8|72|169|0|0|173|777|3,014|7|04:44:01|Garmin Edge 1030|https://www.strava.com/activities/3150157413
01.03.2020|80.69|03:17:02|1618|0|199|1986|101|54%|0|0|24.6|82.8|71|149|0|0|168|862|2,214|8|03:58:05|Garmin Edge 1030|https://www.strava.com/activities/3147267671
11.03.2020|177.17|06:11:27|3247|0|242|4344|277|66%|0|0|28.6|65.2|71|175|0|0|195|694|4,844|15|06:50:21|Garmin Edge 830|https://www.strava.com/activities/3174430161
08.03.2020|171.95|06:12:33|3850|0|251|4438|306|68%|0|0|27.7|62.6|74|192|0|0|199|637|4,948|10|07:02:05|Garmin Edge 1030|https://www.strava.com/activities/3166048180
04.03.2020|157.32|05:33:33|3375|0|241|4062|244|65%|0|0|28.3|81.7|76|148|0|0|203|824|4,529|10|05:47:08|Garmin Edge 1030|https://www.strava.com/activities/3153704417
29.05.2020|103.27|03:08:43|2001|0|150|1419|55|41%|0|0|32.8|68.8|77|154|0|0|125|421|1,582|18|03:46:37|Garmin Edge 1030|https://www.strava.com/activities/3569192345
23.05.2020|51.33|01:44:57|949|0|0|0|0||222|1395|29.3|53.6|0|0|0|0|0|0|1,556|12|02:03:52|Garmin Edge 1030|https://www.strava.com/activities/3569188257
18.05.2020|52.55|01:39:07|1314|0|126|673|20|34%|0|0|31.8|55.8|70|200|0|0|113|300|751|21|02:22:30|Garmin Edge 1030|https://www.strava.com/activities/3569186166
16.05.2020|49.27|02:06:06|1447|0|0|0|0||210|1590|23.4|54.4|0|0|0|0|0|0|1,773|20|05:00:36|Garmin Edge 1030|https://www.strava.com/activities/3569185553
12.05.2020|19.3|01:29:07|743|0|0|0|0||145|773|13|55.1|0|0|0|0|0|0|862|17|02:03:44|Garmin Edge 1030|https://www.strava.com/activities/3569184955
31.05.2020|62.17|01:59:53|352|0|142|991|32|39%|0|0|31.1|60.1|74|180|0|0|138|296|1,105|23|02:11:57|Garmin Edge 830|https://www.strava.com/activities/3550518847
30.05.2020|80.01|02:29:11|2216|0|0|0|0||278|2488|32.2|72|0|0|0|0|0|0|2,774|19|03:35:53|Garmin Edge 1030|https://www.strava.com/activities/3569193007
28.05.2020|119.6|03:58:03|2576|0|0|0|0||235|3358|30.1|77.8|0|0|0|0|0|0|3,744|15|05:02:08|Garmin Edge 1030|https://www.strava.com/activities/3569190960
25.05.2020|68.99|02:16:05|1764|0|0|0|0||260|2121|30.4|60.8|0|0|0|0|0|0|2,364|16|03:02:30|Garmin Edge 1030|https://www.strava.com/activities/3569189232
22.05.2020|57.75|01:45:36|1363|0|0|0|0||260|1648|32.8|61.2|0|0|0|0|0|0|1,838|20|04:00:34|Garmin Edge 1030|https://www.strava.com/activities/3569187521
21.05.2020|88.68|03:28:37|2762|0|0|0|0||222|2782|25.5|73.1|0|0|0|0|0|0|3,102|15|04:10:35|Garmin Edge 1030|https://www.strava.com/activities/3569187108
30.06.2020|193.05|06:00:44|2350|0|215|3646|216|58%|0|0|32.1|67.3|71|200|0|0|168|612|4,065|20|06:35:04|Garmin Edge 830|https://www.strava.com/activities/3694974844
29.06.2020|51.19|01:31:24|332|0|171|836|32|46%|0|0|33.6|59.8|66|138|0|0|153|330|933|15|01:32:27|Garmin Edge 830|https://www.strava.com/activities/3688429469
28.06.2020|162.43|06:10:12|3586|0|223|3465|240|61%|0|0|26.3|70.9|72|200|0|0|156|503|3,863|14|07:23:34|Garmin Edge 830|https://www.strava.com/activities/3686225612
26.06.2020|31.93|01:13:13|476|0|177|659|29|48%|0|0|26.2|60.5|67|155|0|0|150|475|735|20|01:17:01|Garmin Edge 830|https://www.strava.com/activities/3678791562
25.06.2020|180.46|07:04:59|4224|0|203|4067|225|55%|0|0|25.5|70.6|69|200|0|0|159|914|4,534|18|08:16:52|Garmin Edge 830|https://www.strava.com/activities/3678792331
18.06.2020|54.25|01:36:59|301|0|157|865|30|43%|0|0|33.6|58|73|195|0|0|149|618|964|20|01:40:09|Garmin Edge 830|https://www.strava.com/activities/3640233676
16.06.2020|159.56|05:00:16|1719|0|203|3002|160|55%|0|0|31.9|77.4|71|200|0|0|167|517|3,347|20|05:22:10|Garmin Edge 830|https://www.strava.com/activities/3626126470
15.06.2020|224.21|07:01:28|3178|0|211|4587|233|57%|0|0|31.9|88.9|73|191|0|0|181|550|5,115|22|07:18:48|Garmin Edge 830|https://www.strava.com/activities/3620743120
14.06.2020|60.38|02:00:31|342|0|151|1036|33|41%|0|0|30.1|58.7|70|154|0|0|143|398|1,155|20|02:00:49|Garmin Edge 830|https://www.strava.com/activities/3614929117
12.06.2020|169.93|05:35:32|2528|0|216|3801|203|59%|0|0|30.4|79.9|73|200|0|0|189|567|4,238|19|06:08:30|Garmin Edge 830|https://www.strava.com/activities/3607891477
10.06.2020|44.86|01:33:40|279|0|132|654|21|36%|0|0|28.7|62.6|66|136|0|0|116|279|729|22|01:53:25|Garmin Edge 830|https://www.strava.com/activities/3607879013
06.06.2020|63.49|02:07:36|430|0|151|1063|38|41%|0|0|29.9|52.2|73|141|0|0|139|355|1,185|16|02:34:32|Garmin Edge 830|https://www.strava.com/activities/3580745748
04.06.2020|242.19|07:01:17|1503|0|181|4201|178|49%|0|0|34.5|84.2|75|200|0|0|166|642|4,684|19|07:40:11|Garmin Edge 830|https://www.strava.com/activities/3569187210
03.06.2020|65.15|02:00:51|242|0|130|912|26|35%|0|0|32.3|54|73|169|0|0|126|235|1,017|18|02:14:09|Garmin Edge 830|https://www.strava.com/activities/3559356353
27.06.2020|165.83|06:02:11|3584|0|233|3806|252|63%|0|0|27.5|68.8|69|200|0|0|175|579|4,244|17|06:31:39|Garmin Edge 830|https://www.strava.com/activities/3680523642
24.06.2020|222.72|06:05:50|1904|0|215|3787|216|58%|0|0|36.5|76.7|74|200|0|0|173|968|4,222|21|07:15:23|Garmin Edge 830|https://www.strava.com/activities/3666499666
22.06.2020|48.9|01:44:42|323|0|139|808|25|38%|0|0|28|48.2|65|145|0|0|129|386|901|20|01:46:14|Garmin Edge 830|https://www.strava.com/activities/3666490055
21.06.2020|171.22|05:08:37|1199|0|215|3174|183|58%|0|0|33.3|68.4|72|200|0|0|171|648|3,539|20|05:54:57|Garmin Edge 830|https://www.strava.com/activities/3651329696
20.06.2020|194.68|06:06:39|1791|0|196|3582|184|53%|0|0|31.9|63|72|200|0|0|163|794|3,994|17|07:32:05|Garmin Edge 830|https://www.strava.com/activities/3649666351
19.06.2020|199.16|06:05:01|2007|0|214|3685|216|58%|0|0|32.7|67|73|200|0|0|168|931|4,109|19|06:40:13|Garmin Edge 830|https://www.strava.com/activities/3640235904
17.06.2020|167|06:02:01|3309|0|216|3575|224|59%|0|0|27.7|63|73|200|0|0|165|588|3,986|15|06:57:48|Garmin Edge 830|https://www.strava.com/activities/3631122897
13.06.2020|159.17|05:35:01|3199|0|226|3518|216|61%|0|0|28.5|73.1|72|190|0|0|175|496|3,923|18|06:09:38|Garmin Edge 830|https://www.strava.com/activities/3610327074
11.06.2020|160.82|06:04:20|3034|0|213|3658|214|58%|0|0|26.5|70.6|69|176|0|0|167|716|4,079|15|07:29:54|Garmin Edge 830|https://www.strava.com/activities/3607885922
09.06.2020|281.21|07:17:50|1337|0|221|5037|273|60%|0|0|38.5|87.1|76|200|0|0|192|655|5,616|20|07:51:08|Garmin Edge 830|https://www.strava.com/activities/3592585192
08.06.2020|86.28|02:59:57|601|0|130|1217|39|35%|0|0|28.8|58.3|66|189|0|0|113|505|1,357|21|03:25:16|Garmin Edge 830|https://www.strava.com/activities/3584932733
07.06.2020|239.02|07:31:11|3321|0|199|4742|230|54%|0|0|31.8|85.7|74|200|0|0|175|961|5,287|20|08:42:08|Garmin Edge 830|https://www.strava.com/activities/3580748817
05.06.2020|183.22|05:00:09|830|0|193|2973|142|52%|0|0|36.6|69.5|72|144|0|0|165|670|3,315|20|05:36:05|Garmin Edge 830|https://www.strava.com/activities/3569191083
02.06.2020|201.43|05:20:11|815|0|186|3262|143|51%|0|0|37.7|77.4|78|200|0|0|170|507|3,637|19|05:47:00|Garmin Edge 830|https://www.strava.com/activities/3555021234
01.06.2020|166.78|05:00:34|952|0|136|2266|73|37%|0|0|33.3|63.7|74|186|0|0|126|409|2,527|19|05:45:03|Garmin Edge 830|https://www.strava.com/activities/3550521072
22.07.2020|148.96|05:21:23|4108|0|254|3818|277|69%|0|0|27.8|72.7|76|182|0|0|198|663|4,257|26|06:30:38|Garmin Edge 830|https://www.strava.com/activities/3801434457
21.07.2020|111.87|04:08:25|2991|0|218|2582|154|59%|0|0|27|72.7|72|200|0|0|173|696|2,879|28|04:57:26|Garmin Edge 830|https://www.strava.com/activities/3795952573
20.07.2020|40.84|01:37:10|682|0|173|866|37|47%|0|0|25.2|63.4|72|200|0|0|149|497|966|25|01:43:32|Garmin Edge 830|https://www.strava.com/activities/3791550554
18.07.2020|135.3|03:00:22|811|0|207|1764|95|56%|0|0|45|87.8|83|191|0|0|163|782|1,760|21|03:02:14|Garmin Edge 830|https://www.strava.com/activities/3791548937
16.07.2020|68.34|01:57:25|232|0|159|1054|37|43%|0|0|34.9|52.2|74|182|0|0|150|562|1,175|19|02:22:53|Garmin Edge 830|https://www.strava.com/activities/3772257322
15.07.2020|137.8|05:04:11|2777|0|214|3006|179|58%|0|0|27.2|72.7|68|200|0|0|165|621|3,352|17|05:30:30|Garmin Edge 830|https://www.strava.com/activities/3770613996
14.07.2020|217.52|07:00:36|2430|0|190|4041|199|52%|0|0|31|68.4|70|185|0|0|160|679|4,506|18|07:55:00|Garmin Edge 830|https://www.strava.com/activities/3770611301
13.07.2020|194.56|06:00:25|1751|0|209|3593|206|57%|0|0|32.4|58|73|200|0|0|166|944|4,006|19|06:34:09|Garmin Edge 830|https://www.strava.com/activities/3758517314
11.07.2020|61.46|01:56:04|178|0|128|786|24|35%|0|0|31.8|52.2|66|200|0|0|113|556|876|20|02:00:36|Garmin Edge 830|https://www.strava.com/activities/3756306474
11.07.2020|0.1|00:02:08|62|0|194|21|41|53%|0|0|3.1|9.7|69|120|0|0|162|390|23|18|01:29:34|Garmin Edge 830|https://www.strava.com/activities/3756305069
09.07.2020|190.73|05:59:44|2020|0|215|3708|223|58%|0|0|31.8|61.6|73|180|0|0|172|587|4,134|18|07:30:57|Garmin Edge 830|https://www.strava.com/activities/3738802415
08.07.2020|247.88|07:33:37|3133|0|212|5088|261|58%|0|0|32.8|93.6|73|200|0|0|187|1015|5,673|19|08:14:58|Garmin Edge 830|https://www.strava.com/activities/3734764825
07.07.2020|40.16|01:46:48|807|0|172|859|41|47%|0|0|22.6|63.7|67|132|0|0|134|411|958|21|02:10:57|Garmin Edge 830|https://www.strava.com/activities/3727949074
06.07.2020|144.01|05:30:08|3830|0|235|3631|233|64%|0|0|26.2|69.8|70|200|0|0|183|581|4,049|19|06:01:00|Garmin Edge 830|https://www.strava.com/activities/3726765568
05.07.2020|206.54|07:02:50|3474|0|217|4235|260|59%|0|0|29.3|65.9|71|200|0|0|167|781|4,722|18|08:03:40|Garmin Edge 830|https://www.strava.com/activities/3719633775
04.07.2020|172.37|06:00:25|2675|0|228|3606|239|62%|0|0|28.7|68.4|71|200|0|0|167|736|4,021|16|06:18:04|Garmin Edge 830|https://www.strava.com/activities/3714180991
03.07.2020|32.17|01:01:08|273|0|173|560|23|47%|0|0|31.6|62.6|72|156|0|0|153|601|624|19|01:04:23|Garmin Edge 830|https://www.strava.com/activities/3714177764
02.07.2020|163.99|05:08:53|1767|0|211|2943|180|57%|0|0|31.9|69.8|72|200|0|0|159|539|3,281|15|06:22:00|Garmin Edge 830|https://www.strava.com/activities/3714177948
17.07.2020|132|04:23:08|1843|0|233|2631|182|63%|0|0|30.1|66.2|73|200|0|0|167|613|2,624|17|04:44:44|Garmin Edge 830|https://www.strava.com/activities/3776902316
10.07.2020|204.7|06:05:30|1208|0|164|3339|128|45%|0|0|33.6|64.4|72|199|0|0|152|570|3,723|18|07:00:07|Garmin Edge 830|https://www.strava.com/activities/3756305210
01.07.2020|203.82|07:16:46|4185|0|210|4356|254|57%|0|0|28|69.1|72|200|0|0|166|621|4,857|17|08:29:26|Garmin Edge 830|https://www.strava.com/activities/3700508043
20.08.2020|20.23|00:49:13|517|0|212|450|28|58%|0|0|24.7|65.9|69|127|0|0|153|415|502|26|00:52:10|Garmin Edge 830|https://www.strava.com/activities/4229101556
20.08.2020|64.62|02:26:06|1753|0|231|1763|99|63%|0|0|26.5|73.4|77|118|0|0|201|346|1,966|27|02:39:27|Garmin Edge 830|https://www.strava.com/activities/4229102049
19.08.2020|14.96|00:49:15|704|0|208|562|27|57%|0|0|18.2|70.2|69|92|0|0|190|298|627|27|00:50:51|Garmin Edge 830|https://www.strava.com/activities/4229099695
19.08.2020|58.23|02:04:45|1138|0|191|1260|59|52%|0|0|28|77.4|75|115|0|0|168|316|1,405|27|02:15:54|Garmin Edge 830|https://www.strava.com/activities/4229099485
26.08.2020|34.83|01:04:51|114|0|156|529|20|42%|0|0|32.2|51.5|78|150|0|0|136|379|590|24|01:08:07|Garmin Edge 830|https://www.strava.com/activities/4229114410
25.08.2020|147.93|05:08:03|2213|0|185|2585|135|50%|0|0|28.8|75.6|72|186|0|0|140|574|2,883|25|05:44:05|Garmin Edge 830|https://www.strava.com/activities/4229115389
24.08.2020|110.95|04:01:27|2751|0|245|2403|194|67%|0|0|27.6|83.5|80|181|0|0|166|604|2,680|23|05:10:32|Garmin Edge 830|https://www.strava.com/activities/4229112055
23.08.2020|26.39|01:25:12|874|0|161|700|29|44%|0|0|18.6|80.3|69|112|0|0|137|327|781|23|02:06:31|Garmin Edge 830|https://www.strava.com/activities/4229109011
22.08.2020|161.56|06:13:41|4124|0|223|3896|237|61%|0|0|25.9|76.3|71|146|0|0|174|554|4,344|25|06:57:01|Garmin Edge 830|https://www.strava.com/activities/4229110077
21.08.2020|137.76|05:15:43|3799|0|229|3471|213|62%|0|0|26.2|76|74|134|0|0|183|419|3,870|30|06:06:52|Garmin Edge 830|https://www.strava.com/activities/4229106409
29.09.2020|28.32|01:04:59|564|0|232|734|50|63%|0|0|26.2|61.6|83|176|0|0|188|770|818|11|01:20:40|Garmin Edge 830|https://www.strava.com/activities/4229119239
26.09.2020|44.63|01:37:47|799|0|218|1054|63|59%|0|0|27.4|57.2|73|156|0|0|180|585|1,175|20|03:52:15|Garmin Edge 830|https://www.strava.com/activities/4229118415
25.09.2020|76.39|03:01:05|1448|0|216|1880|112|59%|0|0|25.3|59.8|71|165|0|0|173|733|2,097|19|03:58:20|Garmin Edge 830|https://www.strava.com/activities/4229118339
21.09.2020|21.43|01:03:32|590|0|194|525|29|53%|0|0|20.2|58|61|112|0|0|138|842|586|23|01:05:20|Garmin Edge 830|https://www.strava.com/activities/4229114885
29.10.2020|82.45|03:17:11|1882|0|231|2191|139|63%|0|0|25.1|59.8|75|153|0|0|185|736|2,443|16|03:49:13|Garmin Edge 830|https://www.strava.com/activities/4272112701
28.10.2020|66.03|02:25:49|1192|0|222|1621|90|60%|0|0|27.2|58.7|77|157|0|0|185|1093|1,807|17|02:29:16|Garmin Edge 830|https://www.strava.com/activities/4272110042
27.10.2020|79.8|03:08:03|1598|0|202|1906|101|55%|0|0|25.5|70.9|73|129|0|0|169|376|2,125|16|03:44:24|Garmin Edge 830|https://www.strava.com/activities/4272108998
27.10.2020|4.67|00:18:00|141|0|164|158|7|45%|0|0|15.6|32|71|87|0|0|146|252|176|16|00:28:41|Garmin Edge 830|https://www.strava.com/activities/4272105594
26.10.2020|5.23|00:10:22|8|0|134|71|2|36%|0|0|30.3|43.2|75|93|0|0|114|249|79|16|00:10:22|Garmin Edge 830|https://www.strava.com/activities/4272105443
25.10.2020|55.8|02:06:13|802|0|176|1200|51|48%|0|0|26.5|64.8|73|140|0|0|158|443|1,338|16|02:58:57|Garmin Edge 830|https://www.strava.com/activities/4272106083
24.10.2020|99.72|03:34:30|1466|0|202|2266|110|55%|0|0|27.9|68.4|72|158|0|0|176|666|2,527|17|03:40:34|Garmin Edge 830|https://www.strava.com/activities/4272105184
22.10.2020|36.18|01:23:58|596|0|186|799|38|51%|0|0|25.9|72|81|114|0|0|159|343|891|20|01:39:01|Garmin Edge 830|https://www.strava.com/activities/4229132622
21.10.2020|77.86|02:59:26|1633|0|221|1962|112|60%|0|0|26|66.2|74|131|0|0|182|584|2,188|17|03:39:08|Garmin Edge 830|https://www.strava.com/activities/4229132515
20.10.2020|39.64|01:27:19|758|0|215|978|51|58%|0|0|27.2|71.3|78|144|0|0|187|342|1,090|15|01:32:55|Garmin Edge 830|https://www.strava.com/activities/4229130059
19.10.2020|87.29|03:02:59|1900|0|249|2401|147|68%|0|0|28.6|67.7|79|181|0|0|219|539|2,678|16|04:17:37|Garmin Edge 830|https://www.strava.com/activities/4229129529
17.10.2020|80.15|02:55:38|1636|0|231|2128|121|63%|0|0|27.4|65.2|79|133|0|0|202|513|2,373|15|03:11:01|Garmin Edge 830|https://www.strava.com/activities/4229126878
15.10.2020|37.49|01:23:31|524|0|200|827|43|54%|0|0|26.9|56.9|77|123|0|0|165|560|922|16|01:35:59|Garmin Edge 830|https://www.strava.com/activities/4229124496
13.10.2020|34.03|01:20:03|589|0|182|722|36|49%|0|0|25.5|61.2|79|131|0|0|150|348|805|20|02:28:03|Garmin Edge 830|https://www.strava.com/activities/4229123196
12.10.2020|57.23|02:03:39|979|0|213|1312|71|58%|0|0|27.8|59.4|77|152|0|0|177|651|1,463|17|02:06:55|Garmin Edge 830|https://www.strava.com/activities/4229122442
10.10.2020|35.39|01:19:12|730|0|222|892|48|60%|0|0|26.8|58.7|78|173|0|0|188|435|890|20|01:19:35|Garmin Edge 830|https://www.strava.com/activities/4229120765
09.10.2020|34.72|01:18:28|685|0|0|0|0||173|816|26.6|58|0|0|0|0|0|0|1,220|20|01:25:31|Garmin Edge 830|https://www.strava.com/activities/4229120053
08.10.2020|34.14|01:13:23|401|0|0|0|0||158|698|27.9|50|0|0|0|0|0|0|1,090|24|01:21:53|Garmin Edge 830|https://www.strava.com/activities/4229119547
15.11.2020|130.45|04:12:40|1288|0|174|2193|99|47%|0|0|31|70.6|77|200|0|0|145|714|2,445|20|05:43:50|Garmin Edge 830|https://www.strava.com/activities/4475532748
14.11.2020|32.67|01:02:20|236|0|194|593|31|53%|0|0|31.5|57.2|78|152|0|0|159|813|661|16|01:13:46|Garmin Edge 830|https://www.strava.com/activities/4475528053
13.11.2020|92.58|03:00:13|860|0|168|1694|67|46%|0|0|30.8|69.5|77|159|0|0|157|421|1,888|22|03:24:20|Garmin Edge 830|https://www.strava.com/activities/4475528259
12.11.2020|104.93|03:10:17|619|0|173|1868|78|47%|0|0|33.1|75.2|77|132|0|0|164|652|2,083|20|04:14:15|Garmin Edge 830|https://www.strava.com/activities/4475526011
11.11.2020|80.91|02:59:49|1313|0|191|1738|86|52%|0|0|27|64.8|79|200|0|0|161|420|1,938|19|03:13:47|Garmin Edge 830|https://www.strava.com/activities/4475524100
04.11.2020|105.08|03:01:08|650|0|191|1596|86|52%|0|0|34.8|61.9|82|185|0|0|147|585|1,780|21|03:29:49|Garmin Edge 830|https://www.strava.com/activities/4286967765
03.11.2020|97.23|02:57:08|642|0|80|122|14|22%|0|0|32.9|65.9|87|136|0|0|12|328|136|24|03:31:55|Garmin Edge 830|https://www.strava.com/activities/4286966386
02.11.2020|50.37|01:40:58|420|0|170|807|38|46%|0|0|29.9|73.1|75|130|0|0|133|589|900|29|01:50:11|Garmin Edge 830|https://www.strava.com/activities/4286965422
01.11.2020|55.69|01:47:13|477|0|188|1099|48|51%|0|0|31.2|62.3|76|110|0|0|171|401|1,225|19|01:52:36|Garmin Edge 830|https://www.strava.com/activities/4272113019
06.11.2020|138.59|04:00:38|1015|0|180|2283|98|49%|0|0|34.6|77|79|155|0|0|158|595|2,546|23|04:15:15|Garmin Edge 830|https://www.strava.com/activities/4298852889
30.12.2020|76.1|02:04:25|490|0|223|1344|79|61%|0|0|36.7|68|79|169|0|0|180|816|1,499|22|02:10:51|Garmin Edge 830|https://www.strava.com/activities/4540807104
28.12.2020|148.74|05:00:00|2741|0|232|3164|211|63%|0|0|29.7|74.9|78|200|0|0|176|876|3,528|20|05:21:21|Garmin Edge 830|https://www.strava.com/activities/4531329864
27.12.2020|37.81|01:35:38|1028|0|175|870|38|48%|0|0|23.7|61.9|75|165|0|0|152|701|970|23|01:41:35|Garmin Edge 830|https://www.strava.com/activities/4531326753
26.12.2020|170.69|06:03:51|3023|0|205|3544|200|56%|0|0|28.1|64.8|75|200|0|0|162|775|3,951|18|06:56:15|Garmin Edge 830|https://www.strava.com/activities/4521748215
25.12.2020|144.54|05:03:16|2080|0|186|2926|137|51%|0|0|28.6|62.6|76|172|0|0|161|815|2,929|18|05:45:23|Garmin Edge 830|https://www.strava.com/activities/4517687492
24.12.2020|147.89|05:04:19|2659|0|207|3007|166|56%|0|0|29.2|68|74|200|0|0|165|741|3,353|18|05:21:16|Garmin Edge 830|https://www.strava.com/activities/4513398490
21.12.2020|107.37|03:20:20|912|0|155|1611|61|42%|0|0|32.2|73.1|79|200|0|0|134|561|1,796|22|04:58:47|Garmin Edge 830|https://www.strava.com/activities/4513395423
20.12.2020|153.83|05:00:45|2035|0|189|2892|135|51%|0|0|30.7|64.8|76|200|0|0|160|1037|3,224|21|05:30:04|Garmin Edge 830|https://www.strava.com/activities/4498188651
18.12.2020|121.4|04:05:13|1360|0|185|2204|109|50%|0|0|29.7|66.2|76|184|0|0|150|1014|2,458|21|04:28:40|Garmin Edge 830|https://www.strava.com/activities/4498184685
17.12.2020|52.37|01:35:28|407|0|175|886|39|48%|0|0|32.9|57.2|79|173|0|0|155|564|988|23|01:47:07|Garmin Edge 830|https://www.strava.com/activities/4487350792
16.12.2020|120.77|03:57:47|1140|0|154|1942|70|42%|0|0|30.5|77.4|69|200|0|0|136|387|2,165|22|04:03:49|Garmin Edge 830|https://www.strava.com/activities/4487350843
15.12.2020|133.21|04:00:56|1222|0|185|2395|102|50%|0|0|33.2|70.6|77|141|0|0|166|506|2,670|22|04:09:23|Garmin Edge 830|https://www.strava.com/activities/4487348960
14.12.2020|151.51|05:03:52|2020|0|188|2792|139|51%|0|0|29.9|67|75|200|0|0|153|841|3,113|19|05:38:12|Garmin Edge 830|https://www.strava.com/activities/4475560235
12.12.2020|42.37|02:05:43|1113|0|157|457|39|43%|0|0|20.2|79.6|79|150|0|0|61|961|510|27|02:31:56|Garmin Edge 830|https://www.strava.com/activities/4475557261
11.12.2020|102.47|03:02:13|786|0|169|1742|69|46%|0|0|33.7|55.8|78|163|0|0|159|485|1,943|25|03:52:56|Garmin Edge 830|https://www.strava.com/activities/4475557183
10.12.2020|87.8|03:01:03|1350|0|201|1837|96|55%|0|0|29.1|68|77|200|0|0|169|652|2,048|23|03:16:15|Garmin Edge 830|https://www.strava.com/activities/4475555927
03.12.2020|88.42|03:00:40|993|0|162|1557|59|44%|0|0|29.4|57.6|76|200|0|0|144|444|1,736|24|03:05:29|Garmin Edge 830|https://www.strava.com/activities/4475551698
02.12.2020|65.5|02:00:42|508|0|173|1185|47|47%|0|0|32.6|69.5|80|200|0|0|164|521|1,321|21|02:09:59|Garmin Edge 830|https://www.strava.com/activities/4475549639
31.12.2020|274.82|07:10:09|2845|0|223|5005|277|61%|0|0|38.3|97.6|80|200|0|0|194|954|5,580|17|08:07:55|Garmin Edge 830|https://www.strava.com/activities/4546850703
29.12.2020|187.33|06:00:31|1838|0|196|3734|178|53%|0|0|31.2|65.9|76|200|0|0|173|959|4,163|20|07:10:03|Garmin Edge 830|https://www.strava.com/activities/4536595459
22.12.2020|67.91|01:57:18|250|0|201|1089|62|55%|0|0|34.7|65.5|81|154|0|0|155|1076|1,214|26|02:33:22|Garmin Edge 830|https://www.strava.com/activities/4513395859
19.12.2020|120.04|04:04:45|1465|0|198|2264|123|54%|0|0|29.4|76.7|77|183|0|0|154|1106|2,525|19|04:25:43|Garmin Edge 830|https://www.strava.com/activities/4498186091
08.12.2020|140.34|04:00:14|1006|0|188|2477|108|51%|0|0|35.1|76.3|80|180|0|0|172|539|2,762|23|04:15:15|Garmin Edge 830|https://www.strava.com/activities/4475555252
07.12.2020|110.64|03:01:14|400|0|177|1640|73|48%|0|0|36.6|64.4|82|148|0|0|151|1066|1,829|22|03:22:20|Garmin Edge 830|https://www.strava.com/activities/4475554049
05.12.2020|88.06|03:04:01|1018|0|182|1678|78|49%|0|0|28.7|63.7|73|181|0|0|152|1013|1,871|19|03:17:55|Garmin Edge 830|https://www.strava.com/activities/4475553283
04.12.2020|67.65|02:00:04|348|0|146|964|33|40%|0|0|33.8|56.9|81|189|0|0|134|649|1,075|26|02:06:46|Garmin Edge 830|https://www.strava.com/activities/4475552169
loaded urls in 6.04:28:27.2636916
