date|distance|mov_time|elevation|relativeEffort|avg_power_weig|work_total|training_load|intensity|estAvgPower|energyOutput|avg_speed|max_speed|avg_cadence|max_cadence|avg_heartRate|max_heartRate|avg_power|max_power|avg_calories|avg_temperature|avg_elap_time|bicycle_model|url
29.01.2018|102.58|03:33:29|1884|0|310|3334|191|72%|0|0|28.8|75.2|64|121|132|175|260|1468|3,718|3|03:40:49|Garmin Edge 520|https://www.strava.com/activities/1381250980
26.01.2018|31.09|01:21:25|548|0|200|787|32|47%|0|0|22.9|60.1|67|111|101|136|161|560|877|5|02:11:07|Garmin Edge 520|https://www.strava.com/activities/1376090038
25.01.2018|139.42|05:01:47|2759|0|302|4374|256|70%|0|0|27.7|69.8|71|143|135|183|242|1461|4,877|2|05:53:15|Garmin Edge 520|https://www.strava.com/activities/1374587625
24.01.2018|114.51|04:09:36|2041|0|305|3878|212|71%|0|0|27.5|71.6|69|139|141|180|259|1414|4,324|2|04:13:51|Garmin Edge 520|https://www.strava.com/activities/1372975052
23.01.2018|84.47|03:15:05|1855|0|299|2835|160|70%|0|0|26|65.5|70|133|140|187|242|1538|3,161|7|03:17:24|Garmin Edge 520|https://www.strava.com/activities/1371187518
19.01.2018|47.45|02:00:34|777|0|259|1503|75|60%|0|0|23.6|52.2|65|186|115|151|208|665|1,676|0|02:35:07|Garmin Edge 520|https://www.strava.com/activities/1364441831
18.01.2018|124.26|04:50:06|2677|0|291|4212|241|68%|0|0|25.7|75.6|72|128|140|181|242|1406|4,697|0|06:44:40|Garmin Edge 1000|https://www.strava.com/activities/1363168650
17.01.2018|52.01|02:03:05|591|0|276|1594|85|64%|0|0|25.4|63.7|71|186|129|168|216|1262|1,777|0|02:04:21|Garmin Edge 1000|https://www.strava.com/activities/1361509007
11.01.2018|79.17|03:06:41|741|0|272|2419|128|63%|0|0|25.4|68|69|182|123|171|216|887|2,698|2|03:14:02|Garmin Edge 1000|https://www.strava.com/activities/1351512204
09.01.2018|50.58|02:02:58|914|0|237|1382|64|55%|0|0|24.7|57.2|69|102|114|164|187|715|1,541|0|02:07:00|Garmin Edge 1000|https://www.strava.com/activities/1348222355
08.01.2018|110|03:50:54|1930|0|306|3567|198|71%|0|0|28.6|78.1|79|146|140|180|257|2344|3,977|0|03:55:27|Garmin Edge 1000|https://www.strava.com/activities/1346885106
05.01.2018|47.88|01:49:44|842|0|264|1417|72|61%|0|0|26.2|63|76|189|125|171|215|703|1,580|1|02:26:31|Garmin Edge 1000|https://www.strava.com/activities/1341787738
28.01.2018|103.63|04:08:40|2380|0|281|3379|182|65%|0|0|25|75.2|65|138|120|174|226|1403|3,768|6|05:07:43|Garmin Edge 520|https://www.strava.com/activities/1379697203
27.01.2018|157.45|05:10:58|1942|0|296|4732|258|69%|0|0|30.4|60.1|74|202|136|188|254|1481|5,276|3|05:37:34|Garmin Edge 520|https://www.strava.com/activities/1377866064
21.01.2018|91.66|03:17:49|529|0|223|2253|95|52%|0|0|27.8|58|73|178|110|140|190|1153|2,512|-1|04:51:39|Garmin Edge 520|https://www.strava.com/activities/1368299220
20.01.2018|156.82|05:19:08|1924|0|280|4480|234|65%|0|0|29.5|60.8|75|120|131|182|234|1397|4,995|0|05:45:00|Garmin Edge 520|https://www.strava.com/activities/1366368985
12.01.2018|109.09|04:06:36|798|0|273|3413|173|63%|0|0|26.5|85|68|137|130|172|231|1640|3,805|2|05:17:56|Garmin Edge 1000|https://www.strava.com/activities/1353274657
07.01.2018|146.36|05:33:04|2873|0|286|4439|256|67%|0|0|26.4|73.4|67|126|128|177|222|2205|4,949|0|06:35:40|Garmin Edge 1000|https://www.strava.com/activities/1345525725
04.01.2018|137.05|04:30:26|1169|0|271|3901|186|63%|0|0|30.4|64.8|70|123|137|177|240|1307|4,350|6|04:49:22|Garmin Edge 1000|https://www.strava.com/activities/1340461246
03.01.2018|125.23|04:05:34|930|0|252|3339|147|59%|0|0|30.6|57.2|82|160|133|178|227|1402|3,723|4|04:20:43|Garmin Edge 1000|https://www.strava.com/activities/1338761054
02.01.2018|100.92|03:43:38|1546|0|308|3256|196|72%|0|0|27.1|61.9|62|119|144|185|243|1304|3,630|1|03:48:11|Garmin Edge 1000|https://www.strava.com/activities/1337234079
23.02.2018|26.28|00:59:29|492|0|281|718|42|65%|0|0|26.5|60.1|74|108|124|174|201|1156|800|0|01:02:03|Garmin Edge 520|https://www.strava.com/activities/1421646054
22.02.2018|19.22|00:39:36|251|0|248|469|23|58%|0|0|29.1|64.1|73|105|115|162|197|556|522|2|00:41:43|Garmin Edge 520|https://www.strava.com/activities/1420583490
14.02.2018|25.88|01:02:58|175|0|255|790|39|59%|0|0|24.7|56.5|71|115|112|157|209|1473|881|0|01:12:37|Garmin Edge 520|https://www.strava.com/activities/1411315929
09.02.2018|115.9|04:38:49|2164|0|250|3457|167|58%|0|0|24.9|73.4|65|202|113|149|207|805|3,854|1|06:08:54|Garmin Edge 520|https://www.strava.com/activities/1399310792
08.02.2018|79.61|03:03:12|1307|0|254|2315|116|59%|0|0|26.1|65.2|67|107|114|159|211|2023|2,582|3|03:21:41|Garmin Edge 520|https://www.strava.com/activities/1397939590
07.02.2018|127.47|04:39:18|2491|0|279|3954|204|65%|0|0|27.4|79.2|69|120|124|165|236|1226|4,409|0|04:50:57|Garmin Edge 520|https://www.strava.com/activities/1396159821
06.02.2018|96.98|03:05:01|1500|0|312|3005|165|73%|0|0|31.5|65.9|66|133|146|175|271|1359|3,351|-1|03:07:49|Garmin Edge 520|https://www.strava.com/activities/1394202228
05.02.2018|26.96|01:10:40|518|0|211|758|29|49%|0|0|22.9|64.1|68|106|102|135|179|454|845|0|01:50:01|Garmin Edge 520|https://www.strava.com/activities/1393985404
02.02.2018|126.09|04:15:26|2202|0|312|3800|235|73%|0|0|29.6|66.2|69|144|134|180|248|1403|4,237|1|04:30:48|Garmin Edge 520|https://www.strava.com/activities/1387766559
28.02.2018|142.45|04:08:05|1269|0|260|2994|158|60%|0|0|34.5|61.6|79|144|123|179|201|1208|3,338|11|04:34:18|Garmin Edge 520|https://www.strava.com/activities/1430014882
26.02.2018|180.87|05:54:51|3772|0|281|4492|264|65%|0|0|30.6|75.6|75|132|137|189|211|1083|5,009|13|06:23:39|Garmin Edge 520|https://www.strava.com/activities/1427123687
25.02.2018|129.55|03:42:49|2181|0|266|2928|147|62%|0|0|34.9|63.4|78|135|137|188|219|1441|3,264|13|03:52:17|Garmin Edge 520|https://www.strava.com/activities/1425370339
24.02.2018|38.9|01:23:36|509|0|211|877|39|49%|0|0|27.9|61.6|76|125|109|163|175|1242|978|13|02:22:27|Garmin Edge 520|https://www.strava.com/activities/1424687581
22.02.2018|75.45|02:41:36|1312|0|301|2243|136|70%|0|0|28|61.9|71|127|134|184|231|703|2,501|1|03:53:11|Garmin Edge 520|https://www.strava.com/activities/1420588115
18.02.2018|170.38|05:40:45|2000|0|297|5239|295|69%|0|0|30|66.2|71|117|138|182|256|1123|5,841|2|06:23:01|Garmin Edge 520|https://www.strava.com/activities/1413923731
17.02.2018|147.52|04:56:22|1910|0|278|4132|220|65%|0|0|29.9|61.9|76|146|140|190|232|1329|4,607|3|06:02:31|Garmin Edge 520|https://www.strava.com/activities/1412039291
03.02.2018|144.17|04:41:16|1515|0|282|4225|208|66%|0|0|30.8|70.6|74|233|128|170|250|1049|4,711|0|04:49:17|Garmin Edge 520|https://www.strava.com/activities/1389383417
01.02.2018|110.34|04:23:31|2322|0|275|3610|187|64%|0|0|25.1|85|66|132|125|163|228|781|4,025|0|05:22:22|Garmin Edge 520|https://www.strava.com/activities/1386333240
31.03.2018|13.65|00:28:49|103|0|0|0|0||151|261|28.4|44.3|0|0|121|144|0|0|291|8|00:29:42|Garmin Edge 520|https://www.strava.com/activities/1482914127
28.03.2018|140.07|04:45:40|632|0|0|0|0||154|2635|29.4|63.4|0|0|130|167|0|0|2,938|3|05:00:23|Garmin Edge 520|https://www.strava.com/activities/1476193662
27.03.2018|57.75|02:02:40|447|0|0|0|0||152|1118|28.2|57.6|0|0|149|181|0|0|1,247|3|02:07:49|Garmin Edge 520|https://www.strava.com/activities/1474343796
21.03.2018|100.2|03:00:21|558|0|274|2738|125|64%|0|0|33.3|61.9|82|114|136|172|253|1206|3,053|4|04:25:57|Garmin Edge 520|https://www.strava.com/activities/1465340662
17.03.2018|8.18|00:15:33|171|0|0|0|0||308|287|31.6|65.9|0|0|151|167|0|0|320|3|00:15:33|Garmin Edge 520|https://www.strava.com/activities/1460548854
09.03.2018|35.26|01:29:58|720|0|227|990|43|53%|0|0|23.5|61.9|70|114|122|156|183|575|1,104|12|01:33:18|Garmin Edge 520|https://www.strava.com/activities/1444976348
02.03.2018|12.23|00:28:17|69|0|0|0|0||125|212|26|44.6|0|0|92|122|0|0|236|12|00:31:02|Garmin Edge 520|https://www.strava.com/activities/1434045383
31.03.2018|135.73|03:12:03|1225|0|0|0|0||409|4714|42.4|75.2|0|0|155|188|0|0|5,256|9|03:12:25|Garmin Edge 520|https://www.strava.com/activities/1482914177
29.03.2018|59.28|01:58:22|134|0|0|0|0||149|1061|30|40.7|0|0|104|136|0|0|1,182|8|03:07:06|Garmin Edge 520|https://www.strava.com/activities/1479128062
25.03.2018|186.53|04:39:49|1207|0|0|0|0||344|5781|40|80.3|0|0|145|190|0|0|6,446|9|04:40:06|Garmin Edge 520|https://www.strava.com/activities/1473501878
24.03.2018|54.9|01:57:47|344|0|0|0|0||148|1047|28|60.8|0|0|110|180|0|0|1,168|9|02:59:01|Garmin Edge 520|https://www.strava.com/activities/1468858298
23.03.2018|32.57|01:13:19|285|0|164|556|18|38%|0|0|26.7|51.1|66|97|95|124|127|445|620|6|02:10:47|Garmin Edge 520|https://www.strava.com/activities/1467514281
22.03.2018|121.05|04:12:17|413|0|257|3013|159|60%|0|0|28.8|61.9|72|114|118|169|199|807|3,360|3|04:33:33|Garmin Edge 520|https://www.strava.com/activities/1466156428
20.03.2018|40.59|01:29:56|474|0|204|867|34|47%|0|0|27.1|51.8|72|108|104|144|161|574|966|6|02:08:25|Garmin Edge 520|https://www.strava.com/activities/1462289397
18.03.2018|152.07|03:30:50|1490|0|0|0|0||407|5151|43.3|90.4|0|0|135|188|0|0|5,743|14|03:30:50|Garmin Edge 520|https://www.strava.com/activities/1460549031
17.03.2018|64.11|01:45:55|330|0|341|1857|110|79%|0|0|36.3|77.4|82|138|151|182|292|983|2,071|7|01:45:55|Garmin Edge 520|https://www.strava.com/activities/1460548874
16.03.2018|150.06|03:36:58|1123|0|275|2864|148|64%|0|0|41.5|78.1|79|132|129|188|220|1217|3,194|11|03:37:22|Garmin Edge 520|https://www.strava.com/activities/1456486237
15.03.2018|206.17|05:01:32|1676|0|298|4580|240|69%|0|0|41|72|83|128|141|182|253|1313|5,107|12|05:02:01|Garmin Edge 520|https://www.strava.com/activities/1455456040
14.03.2018|180.34|04:28:45|397|0|309|4251|231|72%|0|0|40.3|74.9|85|128|149|189|264|1342|4,740|11|04:28:45|Garmin Edge 520|https://www.strava.com/activities/1453189267
13.03.2018|33.13|01:00:22|285|0|0|0|0||235|853|32.9|70.2|0|0|131|185|0|0|951|14|01:02:50|Garmin Edge 520|https://www.strava.com/activities/1450638426
12.03.2018|101.34|03:05:25|891|0|201|1929|70|47%|0|0|32.8|58|79|120|136|192|173|594|2,150|15|03:43:14|Garmin Edge 520|https://www.strava.com/activities/1449528851
11.03.2018|144.44|03:32:21|829|0|325|3429|203|76%|0|0|40.8|78.8|85|140|151|186|269|1437|3,824|10|03:32:21|Garmin Edge 520|https://www.strava.com/activities/1448096238
10.03.2018|71.52|02:27:00|890|0|256|1715|90|60%|0|0|29.2|76|77|138|128|176|194|1420|1,912|15|02:33:45|Garmin Edge 520|https://www.strava.com/activities/1445431815
07.03.2018|20.93|00:50:35|279|0|161|341|11|37%|0|0|24.8|55.4|70|135|102|141|112|487|380|16|00:51:46|Garmin Edge 520|https://www.strava.com/activities/1440456099
06.03.2018|125.78|04:06:04|2299|0|212|1805|80|49%|0|0|30.7|74.5|72|128|124|179|122|896|2,012|11|05:16:32|Garmin Edge 520|https://www.strava.com/activities/1439151619
05.03.2018|141.74|04:05:10|2681|0|276|3249|177|64%|0|0|34.7|89.3|81|139|132|184|221|1319|3,623|14|04:27:07|Garmin Edge 520|https://www.strava.com/activities/1437471073
04.03.2018|141.32|04:10:06|1167|0|247|2230|121|57%|0|0|33.9|67.7|77|128|126|184|149|1343|2,486|13|04:30:31|Garmin Edge 520|https://www.strava.com/activities/1435844841
03.03.2018|127.46|04:15:43|3008|0|297|3695|211|69%|0|0|29.9|84.6|75|140|146|189|241|1457|4,120|14|04:31:44|Garmin Edge 520|https://www.strava.com/activities/1434047076
01.03.2018|134.81|04:34:27|3135|0|289|3534|217|67%|0|0|29.5|70.2|73|132|133|191|215|1249|3,940|14|04:51:51|Garmin Edge 520|https://www.strava.com/activities/1431300128
31.03.2018|13.65|00:28:49|103|0|0|0|0||151|261|28.4|44.3|0|0|121|144|0|0|291|8|00:29:42|Garmin Edge 520|https://www.strava.com/activities/1482914127
28.03.2018|140.07|04:45:40|632|0|0|0|0||154|2635|29.4|63.4|0|0|130|167|0|0|2,938|3|05:00:23|Garmin Edge 520|https://www.strava.com/activities/1476193662
27.03.2018|57.75|02:02:40|447|0|0|0|0||152|1118|28.2|57.6|0|0|149|181|0|0|1,247|3|02:07:49|Garmin Edge 520|https://www.strava.com/activities/1474343796
21.03.2018|100.2|03:00:21|558|0|274|2738|125|64%|0|0|33.3|61.9|82|114|136|172|253|1206|3,053|4|04:25:57|Garmin Edge 520|https://www.strava.com/activities/1465340662
17.03.2018|8.18|00:15:33|171|0|0|0|0||308|287|31.6|65.9|0|0|151|167|0|0|320|3|00:15:33|Garmin Edge 520|https://www.strava.com/activities/1460548854
09.03.2018|35.26|01:29:58|720|0|227|990|43|53%|0|0|23.5|61.9|70|114|122|156|183|575|1,104|12|01:33:18|Garmin Edge 520|https://www.strava.com/activities/1444976348
02.03.2018|12.23|00:28:17|69|0|0|0|0||125|212|26|44.6|0|0|92|122|0|0|236|12|00:31:02|Garmin Edge 520|https://www.strava.com/activities/1434045383
31.03.2018|135.73|03:12:03|1225|0|0|0|0||409|4714|42.4|75.2|0|0|155|188|0|0|5,256|9|03:12:25|Garmin Edge 520|https://www.strava.com/activities/1482914177
29.03.2018|59.28|01:58:22|134|0|0|0|0||149|1061|30|40.7|0|0|104|136|0|0|1,182|8|03:07:06|Garmin Edge 520|https://www.strava.com/activities/1479128062
25.03.2018|186.53|04:39:49|1207|0|0|0|0||344|5781|40|80.3|0|0|145|190|0|0|6,446|9|04:40:06|Garmin Edge 520|https://www.strava.com/activities/1473501878
24.03.2018|54.9|01:57:47|344|0|0|0|0||148|1047|28|60.8|0|0|110|180|0|0|1,168|9|02:59:01|Garmin Edge 520|https://www.strava.com/activities/1468858298
23.03.2018|32.57|01:13:19|285|0|164|556|18|38%|0|0|26.7|51.1|66|97|95|124|127|445|620|6|02:10:47|Garmin Edge 520|https://www.strava.com/activities/1467514281
22.03.2018|121.05|04:12:17|413|0|257|3013|159|60%|0|0|28.8|61.9|72|114|118|169|199|807|3,360|3|04:33:33|Garmin Edge 520|https://www.strava.com/activities/1466156428
20.03.2018|40.59|01:29:56|474|0|204|867|34|47%|0|0|27.1|51.8|72|108|104|144|161|574|966|6|02:08:25|Garmin Edge 520|https://www.strava.com/activities/1462289397
18.03.2018|152.07|03:30:50|1490|0|0|0|0||407|5151|43.3|90.4|0|0|135|188|0|0|5,743|14|03:30:50|Garmin Edge 520|https://www.strava.com/activities/1460549031
17.03.2018|64.11|01:45:55|330|0|341|1857|110|79%|0|0|36.3|77.4|82|138|151|182|292|983|2,071|7|01:45:55|Garmin Edge 520|https://www.strava.com/activities/1460548874
16.03.2018|150.06|03:36:58|1123|0|275|2864|148|64%|0|0|41.5|78.1|79|132|129|188|220|1217|3,194|11|03:37:22|Garmin Edge 520|https://www.strava.com/activities/1456486237
15.03.2018|206.17|05:01:32|1676|0|298|4580|240|69%|0|0|41|72|83|128|141|182|253|1313|5,107|12|05:02:01|Garmin Edge 520|https://www.strava.com/activities/1455456040
14.03.2018|180.34|04:28:45|397|0|309|4251|231|72%|0|0|40.3|74.9|85|128|149|189|264|1342|4,740|11|04:28:45|Garmin Edge 520|https://www.strava.com/activities/1453189267
13.03.2018|33.13|01:00:22|285|0|0|0|0||235|853|32.9|70.2|0|0|131|185|0|0|951|14|01:02:50|Garmin Edge 520|https://www.strava.com/activities/1450638426
12.03.2018|101.34|03:05:25|891|0|201|1929|70|47%|0|0|32.8|58|79|120|136|192|173|594|2,150|15|03:43:14|Garmin Edge 520|https://www.strava.com/activities/1449528851
11.03.2018|144.44|03:32:21|829|0|325|3429|203|76%|0|0|40.8|78.8|85|140|151|186|269|1437|3,824|10|03:32:21|Garmin Edge 520|https://www.strava.com/activities/1448096238
10.03.2018|71.52|02:27:00|890|0|256|1715|90|60%|0|0|29.2|76|77|138|128|176|194|1420|1,912|15|02:33:45|Garmin Edge 520|https://www.strava.com/activities/1445431815
07.03.2018|20.93|00:50:35|279|0|161|341|11|37%|0|0|24.8|55.4|70|135|102|141|112|487|380|16|00:51:46|Garmin Edge 520|https://www.strava.com/activities/1440456099
06.03.2018|125.78|04:06:04|2299|0|212|1805|80|49%|0|0|30.7|74.5|72|128|124|179|122|896|2,012|11|05:16:32|Garmin Edge 520|https://www.strava.com/activities/1439151619
05.03.2018|141.74|04:05:10|2681|0|276|3249|177|64%|0|0|34.7|89.3|81|139|132|184|221|1319|3,623|14|04:27:07|Garmin Edge 520|https://www.strava.com/activities/1437471073
04.03.2018|141.32|04:10:06|1167|0|247|2230|121|57%|0|0|33.9|67.7|77|128|126|184|149|1343|2,486|13|04:30:31|Garmin Edge 520|https://www.strava.com/activities/1435844841
03.03.2018|127.46|04:15:43|3008|0|297|3695|211|69%|0|0|29.9|84.6|75|140|146|189|241|1457|4,120|14|04:31:44|Garmin Edge 520|https://www.strava.com/activities/1434047076
01.03.2018|134.81|04:34:27|3135|0|289|3534|217|67%|0|0|29.5|70.2|73|132|133|191|215|1249|3,940|14|04:51:51|Garmin Edge 520|https://www.strava.com/activities/1431300128
31.03.2018|13.65|00:28:49|103|0|0|0|0||151|261|28.4|44.3|0|0|121|144|0|0|291|8|00:29:42|Garmin Edge 520|https://www.strava.com/activities/1482914127
28.03.2018|140.07|04:45:40|632|0|0|0|0||154|2635|29.4|63.4|0|0|130|167|0|0|2,938|3|05:00:23|Garmin Edge 520|https://www.strava.com/activities/1476193662
27.03.2018|57.75|02:02:40|447|0|0|0|0||152|1118|28.2|57.6|0|0|149|181|0|0|1,247|3|02:07:49|Garmin Edge 520|https://www.strava.com/activities/1474343796
21.03.2018|100.2|03:00:21|558|0|274|2738|125|64%|0|0|33.3|61.9|82|114|136|172|253|1206|3,053|4|04:25:57|Garmin Edge 520|https://www.strava.com/activities/1465340662
17.03.2018|8.18|00:15:33|171|0|0|0|0||308|287|31.6|65.9|0|0|151|167|0|0|320|3|00:15:33|Garmin Edge 520|https://www.strava.com/activities/1460548854
09.03.2018|35.26|01:29:58|720|0|227|990|43|53%|0|0|23.5|61.9|70|114|122|156|183|575|1,104|12|01:33:18|Garmin Edge 520|https://www.strava.com/activities/1444976348
02.03.2018|12.23|00:28:17|69|0|0|0|0||125|212|26|44.6|0|0|92|122|0|0|236|12|00:31:02|Garmin Edge 520|https://www.strava.com/activities/1434045383
31.03.2018|135.73|03:12:03|1225|0|0|0|0||409|4714|42.4|75.2|0|0|155|188|0|0|5,256|9|03:12:25|Garmin Edge 520|https://www.strava.com/activities/1482914177
29.03.2018|59.28|01:58:22|134|0|0|0|0||149|1061|30|40.7|0|0|104|136|0|0|1,182|8|03:07:06|Garmin Edge 520|https://www.strava.com/activities/1479128062
25.03.2018|186.53|04:39:49|1207|0|0|0|0||344|5781|40|80.3|0|0|145|190|0|0|6,446|9|04:40:06|Garmin Edge 520|https://www.strava.com/activities/1473501878
24.03.2018|54.9|01:57:47|344|0|0|0|0||148|1047|28|60.8|0|0|110|180|0|0|1,168|9|02:59:01|Garmin Edge 520|https://www.strava.com/activities/1468858298
23.03.2018|32.57|01:13:19|285|0|164|556|18|38%|0|0|26.7|51.1|66|97|95|124|127|445|620|6|02:10:47|Garmin Edge 520|https://www.strava.com/activities/1467514281
22.03.2018|121.05|04:12:17|413|0|257|3013|159|60%|0|0|28.8|61.9|72|114|118|169|199|807|3,360|3|04:33:33|Garmin Edge 520|https://www.strava.com/activities/1466156428
20.03.2018|40.59|01:29:56|474|0|204|867|34|47%|0|0|27.1|51.8|72|108|104|144|161|574|966|6|02:08:25|Garmin Edge 520|https://www.strava.com/activities/1462289397
18.03.2018|152.07|03:30:50|1490|0|0|0|0||407|5151|43.3|90.4|0|0|135|188|0|0|5,743|14|03:30:50|Garmin Edge 520|https://www.strava.com/activities/1460549031
17.03.2018|64.11|01:45:55|330|0|341|1857|110|79%|0|0|36.3|77.4|82|138|151|182|292|983|2,071|7|01:45:55|Garmin Edge 520|https://www.strava.com/activities/1460548874
16.03.2018|150.06|03:36:58|1123|0|275|2864|148|64%|0|0|41.5|78.1|79|132|129|188|220|1217|3,194|11|03:37:22|Garmin Edge 520|https://www.strava.com/activities/1456486237
15.03.2018|206.17|05:01:32|1676|0|298|4580|240|69%|0|0|41|72|83|128|141|182|253|1313|5,107|12|05:02:01|Garmin Edge 520|https://www.strava.com/activities/1455456040
14.03.2018|180.34|04:28:45|397|0|309|4251|231|72%|0|0|40.3|74.9|85|128|149|189|264|1342|4,740|11|04:28:45|Garmin Edge 520|https://www.strava.com/activities/1453189267
13.03.2018|33.13|01:00:22|285|0|0|0|0||235|853|32.9|70.2|0|0|131|185|0|0|951|14|01:02:50|Garmin Edge 520|https://www.strava.com/activities/1450638426
12.03.2018|101.34|03:05:25|891|0|201|1929|70|47%|0|0|32.8|58|79|120|136|192|173|594|2,150|15|03:43:14|Garmin Edge 520|https://www.strava.com/activities/1449528851
11.03.2018|144.44|03:32:21|829|0|325|3429|203|76%|0|0|40.8|78.8|85|140|151|186|269|1437|3,824|10|03:32:21|Garmin Edge 520|https://www.strava.com/activities/1448096238
10.03.2018|71.52|02:27:00|890|0|256|1715|90|60%|0|0|29.2|76|77|138|128|176|194|1420|1,912|15|02:33:45|Garmin Edge 520|https://www.strava.com/activities/1445431815
07.03.2018|20.93|00:50:35|279|0|161|341|11|37%|0|0|24.8|55.4|70|135|102|141|112|487|380|16|00:51:46|Garmin Edge 520|https://www.strava.com/activities/1440456099
06.03.2018|125.78|04:06:04|2299|0|212|1805|80|49%|0|0|30.7|74.5|72|128|124|179|122|896|2,012|11|05:16:32|Garmin Edge 520|https://www.strava.com/activities/1439151619
05.03.2018|141.74|04:05:10|2681|0|276|3249|177|64%|0|0|34.7|89.3|81|139|132|184|221|1319|3,623|14|04:27:07|Garmin Edge 520|https://www.strava.com/activities/1437471073
04.03.2018|141.32|04:10:06|1167|0|247|2230|121|57%|0|0|33.9|67.7|77|128|126|184|149|1343|2,486|13|04:30:31|Garmin Edge 520|https://www.strava.com/activities/1435844841
03.03.2018|127.46|04:15:43|3008|0|297|3695|211|69%|0|0|29.9|84.6|75|140|146|189|241|1457|4,120|14|04:31:44|Garmin Edge 520|https://www.strava.com/activities/1434047076
01.03.2018|134.81|04:34:27|3135|0|289|3534|217|67%|0|0|29.5|70.2|73|132|133|191|215|1249|3,940|14|04:51:51|Garmin Edge 520|https://www.strava.com/activities/1431300128
30.06.2018|57.29|01:56:02|557|0|0|0|0||178|1236|29.6|58.3|0|0|98|148|0|0|670|20|01:56:02|Garmin Edge 520|https://www.strava.com/activities/1681190515
29.06.2018|40.52|01:37:33|303|0|0|0|0||125|729|24.9|49|0|0|98|145|0|0|589|18|03:09:09|Garmin Edge 520|https://www.strava.com/activities/1669549815
28.06.2018|28.69|00:38:24|163|0|398|896|55|93%|0|0|44.8|68.8|97|117|181|188|389|995|892|23|00:38:24|Garmin Edge 520|https://www.strava.com/activities/1669231213
27.06.2018|41.03|01:22:47|248|0|191|801|28|44%|0|0|29.7|60.8|83|115|109|156|161|973|801|18|01:28:14|Garmin Edge 520|https://www.strava.com/activities/1669231157
24.06.2018|98.34|02:39:19|1297|0|0|0|0||336|3213|37|81|0|0|136|178|0|0|1,858|24|02:39:34|Garmin Edge 520|https://www.strava.com/activities/1669230989
23.06.2018|127.74|03:12:58|1622|0|0|0|0||371|4295|39.7|82.1|0|0|149|185|0|0|2,586|14|03:12:58|Garmin Edge 520|https://www.strava.com/activities/1669230882
22.06.2018|39.85|01:34:35|720|0|0|0|0||171|972|25.3|60.8|0|0|108|153|0|0|753|16|02:06:04|Garmin Edge 520|https://www.strava.com/activities/1669230625
21.06.2018|16.08|00:20:46|161|0|449|564|37|104%|0|0|46.5|76.7|103|127|178|187|453|1002|559|11|00:20:46|Garmin Edge 520|https://www.strava.com/activities/1653537422
21.06.2018|52.51|01:52:27|718|0|239|1365|59|56%|0|0|28|64.4|77|124|110|151|202|649|1,363|12|01:54:20|Garmin Edge 520|https://www.strava.com/activities/1653537548
20.06.2018|36.27|01:16:50|252|0|187|785|24|43%|0|0|28.3|47.2|84|123|106|133|170|586|784|18|01:19:18|Garmin Edge 520|https://www.strava.com/activities/1653537123
19.06.2018|54.53|01:49:29|347|0|198|1113|41|46%|0|0|29.9|55.8|82|129|108|148|169|883|1,110|18|02:49:29|Garmin Edge 520|https://www.strava.com/activities/1653541643
17.06.2018|20.89|00:54:17|182|0|138|379|11|32%|0|0|23.1|41.8|70|108|85|113|116|457|377|15|01:39:52|Garmin Edge 520|https://www.strava.com/activities/1653540820
16.06.2018|22.13|00:35:09|345|0|0|0|0||375|790|37.8|79.2|0|0|146|165|0|0|591|28|00:35:09|Garmin Edge 520|https://www.strava.com/activities/1653540263
16.06.2018|72.16|01:43:57|763|0|0|0|0||424|2647|41.7|76.7|0|0|147|178|0|0|1,518|22|01:48:28|Garmin Edge 520|https://www.strava.com/activities/1653540062
15.06.2018|154.87|04:35:26|3088|0|0|0|0||344|5688|33.7|88.6|0|0|141|170|0|0|3,165|21|04:35:26|Garmin Edge 520|https://www.strava.com/activities/1640259088
14.06.2018|134.68|03:48:15|2453|0|0|0|0||369|5058|35.4|92.5|0|0|145|173|0|0|2,968|25|03:48:30|Garmin Edge 520|https://www.strava.com/activities/1640258625
13.06.2018|119.38|02:48:44|664|0|0|0|0||415|4202|42.5|94.7|0|0|136|177|0|0|1,885|18|02:48:44|Garmin Edge 520|https://www.strava.com/activities/1640261019
12.06.2018|129.69|04:01:58|2782|0|0|0|0||329|4780|32.2|97.6|0|0|143|175|0|0|2,877|19|04:04:18|Garmin Edge 520|https://www.strava.com/activities/1633936295
11.06.2018|117.83|03:29:33|2054|0|0|0|0||371|4660|33.7|87.8|0|0|145|174|0|0|2,640|25|03:29:48|Garmin Edge 520|https://www.strava.com/activities/1632526636
10.06.2018|163.59|03:44:51|302|0|0|0|0||396|5339|43.7|65.9|0|0|120|185|0|0|2,072|31|03:45:13|Garmin Edge 520|https://www.strava.com/activities/1632526350
09.06.2018|136.16|03:31:26|1688|0|0|0|0||413|5234|38.6|75.2|0|0|152|181|0|0|2,726|26|03:33:40|Garmin Edge 520|https://www.strava.com/activities/1628806579
08.06.2018|138.2|03:21:06|1014|0|0|0|0||383|4621|41.2|74.5|0|0|144|186|0|0|2,614|19|03:21:23|Garmin Edge 520|https://www.strava.com/activities/1626259122
07.06.2018|4.5|00:06:02|12|0|0|0|0||515|186|44.7|55.4|0|0|171|184|0|0|126|25|00:06:17|Garmin Edge 520|https://www.strava.com/activities/1626258770
07.06.2018|29.78|00:59:17|60|0|0|0|0||147|523|30.1|39.2|0|0|108|140|0|0|426|26|01:00:44|Garmin Edge 520|https://www.strava.com/activities/1626258755
06.06.2018|59.67|02:05:50|466|0|0|0|0||169|1273|28.5|66.6|0|0|117|159|0|0|1,138|27|02:43:18|Garmin Edge 520|https://www.strava.com/activities/1626258670
03.06.2018|121.67|04:23:01|2244|0|279|3499|188|65%|0|0|27.8|74.2|81|141|124|168|222|984|3,901|19|05:49:53|Garmin Edge 520|https://www.strava.com/activities/1614543619
02.06.2018|158.19|05:29:40|2595|0|283|4478|256|66%|0|0|28.8|76.7|80|149|125|175|226|1232|4,993|13|07:33:59|Garmin Edge 520|https://www.strava.com/activities/1612318115
01.06.2018|123|04:02:21|2125|0|310|3556|215|72%|0|0|30.5|73.8|80|124|137|184|245|1272|3,965|18|04:20:03|Garmin Edge 520|https://www.strava.com/activities/1610020488
30.06.2018|57.29|01:56:02|557|0|0|0|0||178|1236|29.6|58.3|0|0|98|148|0|0|670|20|01:56:02|Garmin Edge 520|https://www.strava.com/activities/1681190515
29.06.2018|40.52|01:37:33|303|0|0|0|0||125|729|24.9|49|0|0|98|145|0|0|589|18|03:09:09|Garmin Edge 520|https://www.strava.com/activities/1669549815
28.06.2018|28.69|00:38:24|163|0|398|896|55|93%|0|0|44.8|68.8|97|117|181|188|389|995|892|23|00:38:24|Garmin Edge 520|https://www.strava.com/activities/1669231213
27.06.2018|41.03|01:22:47|248|0|191|801|28|44%|0|0|29.7|60.8|83|115|109|156|161|973|801|18|01:28:14|Garmin Edge 520|https://www.strava.com/activities/1669231157
24.06.2018|98.34|02:39:19|1297|0|0|0|0||336|3213|37|81|0|0|136|178|0|0|1,858|24|02:39:34|Garmin Edge 520|https://www.strava.com/activities/1669230989
23.06.2018|127.74|03:12:58|1622|0|0|0|0||371|4295|39.7|82.1|0|0|149|185|0|0|2,586|14|03:12:58|Garmin Edge 520|https://www.strava.com/activities/1669230882
22.06.2018|39.85|01:34:35|720|0|0|0|0||171|972|25.3|60.8|0|0|108|153|0|0|753|16|02:06:04|Garmin Edge 520|https://www.strava.com/activities/1669230625
21.06.2018|16.08|00:20:46|161|0|449|564|37|104%|0|0|46.5|76.7|103|127|178|187|453|1002|559|11|00:20:46|Garmin Edge 520|https://www.strava.com/activities/1653537422
21.06.2018|52.51|01:52:27|718|0|239|1365|59|56%|0|0|28|64.4|77|124|110|151|202|649|1,363|12|01:54:20|Garmin Edge 520|https://www.strava.com/activities/1653537548
20.06.2018|36.27|01:16:50|252|0|187|785|24|43%|0|0|28.3|47.2|84|123|106|133|170|586|784|18|01:19:18|Garmin Edge 520|https://www.strava.com/activities/1653537123
19.06.2018|54.53|01:49:29|347|0|198|1113|41|46%|0|0|29.9|55.8|82|129|108|148|169|883|1,110|18|02:49:29|Garmin Edge 520|https://www.strava.com/activities/1653541643
17.06.2018|20.89|00:54:17|182|0|138|379|11|32%|0|0|23.1|41.8|70|108|85|113|116|457|377|15|01:39:52|Garmin Edge 520|https://www.strava.com/activities/1653540820
16.06.2018|22.13|00:35:09|345|0|0|0|0||375|790|37.8|79.2|0|0|146|165|0|0|591|28|00:35:09|Garmin Edge 520|https://www.strava.com/activities/1653540263
16.06.2018|72.16|01:43:57|763|0|0|0|0||424|2647|41.7|76.7|0|0|147|178|0|0|1,518|22|01:48:28|Garmin Edge 520|https://www.strava.com/activities/1653540062
15.06.2018|154.87|04:35:26|3088|0|0|0|0||344|5688|33.7|88.6|0|0|141|170|0|0|3,165|21|04:35:26|Garmin Edge 520|https://www.strava.com/activities/1640259088
14.06.2018|134.68|03:48:15|2453|0|0|0|0||369|5058|35.4|92.5|0|0|145|173|0|0|2,968|25|03:48:30|Garmin Edge 520|https://www.strava.com/activities/1640258625
13.06.2018|119.38|02:48:44|664|0|0|0|0||415|4202|42.5|94.7|0|0|136|177|0|0|1,885|18|02:48:44|Garmin Edge 520|https://www.strava.com/activities/1640261019
12.06.2018|129.69|04:01:58|2782|0|0|0|0||329|4780|32.2|97.6|0|0|143|175|0|0|2,877|19|04:04:18|Garmin Edge 520|https://www.strava.com/activities/1633936295
11.06.2018|117.83|03:29:33|2054|0|0|0|0||371|4660|33.7|87.8|0|0|145|174|0|0|2,640|25|03:29:48|Garmin Edge 520|https://www.strava.com/activities/1632526636
10.06.2018|163.59|03:44:51|302|0|0|0|0||396|5339|43.7|65.9|0|0|120|185|0|0|2,072|31|03:45:13|Garmin Edge 520|https://www.strava.com/activities/1632526350
09.06.2018|136.16|03:31:26|1688|0|0|0|0||413|5234|38.6|75.2|0|0|152|181|0|0|2,726|26|03:33:40|Garmin Edge 520|https://www.strava.com/activities/1628806579
08.06.2018|138.2|03:21:06|1014|0|0|0|0||383|4621|41.2|74.5|0|0|144|186|0|0|2,614|19|03:21:23|Garmin Edge 520|https://www.strava.com/activities/1626259122
07.06.2018|4.5|00:06:02|12|0|0|0|0||515|186|44.7|55.4|0|0|171|184|0|0|126|25|00:06:17|Garmin Edge 520|https://www.strava.com/activities/1626258770
07.06.2018|29.78|00:59:17|60|0|0|0|0||147|523|30.1|39.2|0|0|108|140|0|0|426|26|01:00:44|Garmin Edge 520|https://www.strava.com/activities/1626258755
06.06.2018|59.67|02:05:50|466|0|0|0|0||169|1273|28.5|66.6|0|0|117|159|0|0|1,138|27|02:43:18|Garmin Edge 520|https://www.strava.com/activities/1626258670
03.06.2018|121.67|04:23:01|2244|0|279|3499|188|65%|0|0|27.8|74.2|81|141|124|168|222|984|3,901|19|05:49:53|Garmin Edge 520|https://www.strava.com/activities/1614543619
02.06.2018|158.19|05:29:40|2595|0|283|4478|256|66%|0|0|28.8|76.7|80|149|125|175|226|1232|4,993|13|07:33:59|Garmin Edge 520|https://www.strava.com/activities/1612318115
01.06.2018|123|04:02:21|2125|0|310|3556|215|72%|0|0|30.5|73.8|80|124|137|184|245|1272|3,965|18|04:20:03|Garmin Edge 520|https://www.strava.com/activities/1610020488
31.08.2018|20.61|01:00:22|91|0|0|0|0||76|274|20.5|37.1|0|0|81|115|0|0|214|20|01:47:29|Garmin Edge 520|https://www.strava.com/activities/1809966207
29.08.2018|39.5|01:23:53|392|0|0|0|0||153|772|28.3|48.2|0|0|120|152|0|0|805|19|01:29:26|Garmin Edge 520|https://www.strava.com/activities/1805390851
17.08.2018|107.29|04:00:53|1697|0|245|2805|133|57%|0|0|26.7|72.7|78|136|120|167|194|1469|2,787|12|04:06:21|Garmin Edge 520|https://www.strava.com/activities/1778267200
15.08.2018|147|05:13:08|1424|0|274|3606|233|64%|0|0|28.2|60.8|80|118|127|182|192|1426|3,575|17|06:38:45|Garmin Edge 520|https://www.strava.com/activities/1773923791
13.08.2018|88.9|03:03:34|863|0|224|2108|87|52%|0|0|29.1|63|83|126|108|159|191|1260|2,100|18|03:34:14|Garmin Edge 520|https://www.strava.com/activities/1769143123
10.08.2018|124.04|04:04:35|928|0|250|3022|141|58%|0|0|30.4|65.5|82|121|114|166|206|1321|3,009|12|04:11:22|Garmin Edge 520|https://www.strava.com/activities/1762556412
09.08.2018|144|05:03:39|2590|0|304|4149|263|71%|0|0|28.5|80.3|76|116|129|180|228|1405|4,117|13|05:17:23|Garmin Edge 520|https://www.strava.com/activities/1760418279
08.08.2018|33.47|01:21:20|501|0|205|792|31|48%|0|0|24.7|61.9|71|131|102|140|162|716|788|18|01:48:56|Garmin Edge 520|https://www.strava.com/activities/1758811292
05.08.2018|74.65|03:00:22|1462|0|242|2100|96|56%|0|0|24.8|60.8|72|114|117|150|194|544|2,090|22|03:55:45|Garmin Edge 520|https://www.strava.com/activities/1751453614
04.08.2018|138.2|05:04:02|2649|0|287|4242|239|67%|0|0|27.3|70.9|77|128|131|169|233|1471|4,231|19|06:28:49|Garmin Edge 520|https://www.strava.com/activities/1749267184
03.08.2018|172.31|06:02:43|2862|0|272|4738|250|63%|0|0|28.5|69.5|77|162|127|171|218|1422|4,724|19|07:44:16|Garmin Edge 520|https://www.strava.com/activities/1747180456
01.08.2018|95.54|04:02:42|1968|0|0|0|0||170|2480|23.6|73.4|0|0|120|175|0|0|2,310|19|04:37:34|Garmin Edge 520|https://www.strava.com/activities/1742491215
29.08.2018|63.56|01:46:31|564|0|22|4|0|5%|0|0|35.8|79.6|12|101|128|169|1|521|1,087|21|01:49:23|Garmin Edge 520|https://www.strava.com/activities/1805226094
28.08.2018|145.65|03:23:23|1266|0|71|27|3|17%|0|0|43|64.1|75|111|150|186|2|919|2,627|19|03:24:31|Garmin Edge 520|https://www.strava.com/activities/1804717382
27.08.2018|30.01|01:06:15|100|0|0|0|0||117|465|27.2|38.5|0|0|95|118|0|0|344|16|02:00:34|Garmin Edge 520|https://www.strava.com/activities/1800651330
26.08.2018|185.99|04:06:47|662|0|0|0|0||438|6483|45.2|69.1|0|0|142|178|0|0|2,970|17|04:08:16|Garmin Edge 520|https://www.strava.com/activities/1800651544
25.08.2018|188.55|04:10:41|515|0|0|0|0||431|6481|45.1|63.7|0|0|141|176|0|0|2,986|16|04:10:41|Garmin Edge 520|https://www.strava.com/activities/1800655476
24.08.2018|192.09|04:19:36|1203|0|0|0|0||443|6903|44.4|81.7|0|0|150|182|0|0|3,450|17|04:19:36|Garmin Edge 520|https://www.strava.com/activities/1800655022
22.08.2018|192.01|04:22:16|1052|0|0|0|0||426|6702|43.9|79.6|0|0|145|184|0|0|3,336|24|04:22:16|Garmin Edge 520|https://www.strava.com/activities/1790680604
21.08.2018|120.85|02:50:02|854|0|0|0|0||400|4078|42.6|75.2|0|0|158|188|0|0|2,519|25|03:00:00|Garmin Edge 520|https://www.strava.com/activities/1787404776
21.08.2018|32.35|01:11:37|133|0|0|0|0||112|481|27.1|39.6|0|0|108|133|0|0|519|24|01:14:04|Garmin Edge 520|https://www.strava.com/activities/1787540554
20.08.2018|52.2|01:49:01|100|0|0|0|0||148|965|28.7|56.5|0|0|123|190|0|0|1,032|19|02:36:36|Garmin Edge 520|https://www.strava.com/activities/1784926545
16.08.2018|150.14|05:43:21|2948|0|269|4406|234|63%|0|0|26.2|71.3|74|123|125|170|214|1495|4,399|14|06:37:32|Garmin Edge 520|https://www.strava.com/activities/1776265019
12.08.2018|83.76|01:59:46|157|0|338|2200|123|79%|0|0|42|60.8|84|125|160|191|306|1305|2,207|15|01:59:46|Garmin Edge 520|https://www.strava.com/activities/1767073945
11.08.2018|114.1|03:40:18|799|0|249|2663|128|58%|0|0|31.1|63|83|124|118|176|201|2484|2,665|17|03:48:55|Garmin Edge 520|https://www.strava.com/activities/1764559975
02.08.2018|159.52|06:06:20|2877|0|0|0|0||186|4082|26.1|76.7|0|0|126|173|0|0|3,719|20|06:43:05|Garmin Edge 520|https://www.strava.com/activities/1744806868
29.09.2018|150.64|03:18:01|803|0|345|3745|211|80%|0|0|45.6|65.2|94|134|153|190|315|1444|3,762|14|03:18:01|Garmin Edge 520|https://www.strava.com/activities/1873288534
26.09.2018|25.71|00:54:45|53|0|0|0|0||130|426|28.2|37.4|0|0|122|152|0|0|550|15|00:55:08|Garmin Edge 520|https://www.strava.com/activities/1868345334
26.09.2018|20.79|00:43:12|43|0|0|0|0||136|353|28.9|40|0|0|112|134|0|0|383|16|00:46:15|Garmin Edge 520|https://www.strava.com/activities/1866558050
24.09.2018|26.92|01:05:21|78|0|143|493|12|33%|0|0|24.7|36|76|107|87|106|126|755|491|14|01:05:54|Garmin Edge 520|https://www.strava.com/activities/1862556683
22.09.2018|67.18|02:33:18|342|0|182|1359|48|42%|0|0|26.3|47.2|74|110|96|134|148|996|1,356|12|03:31:10|Garmin Edge 520|https://www.strava.com/activities/1857993995
21.09.2018|80.15|03:05:23|268|0|160|1567|46|37%|0|0|25.9|51.1|75|110|95|123|141|662|1,561|15|04:32:04|Garmin Edge 520|https://www.strava.com/activities/1856304190
20.09.2018|32.33|01:11:58|89|0|0|0|0||119|513|27|44.6|0|0|127|143|0|0|727|20|01:25:19|Garmin Edge 520|https://www.strava.com/activities/1854676126
20.09.2018|172.98|03:41:18|246|0|0|0|0||468|6215|46.9|61.9|0|0|160|187|0|0|3,300|22|03:41:18|Garmin Edge 520|https://www.strava.com/activities/1854467755
20.09.2018|31.61|00:59:45|84|0|0|0|0||170|611|31.7|42.5|0|0|120|145|0|0|616|19|01:02:41|Garmin Edge 520|https://www.strava.com/activities/1853931725
19.09.2018|40.49|01:26:59|108|0|0|0|0||127|662|27.9|47.9|0|0|103|147|0|0|606|21|01:39:04|Garmin Edge 520|https://www.strava.com/activities/1852356334
15.09.2018|108.77|04:11:51|1041|0|287|3534|194|67%|0|0|25.9|69.5|78|128|126|165|234|1596|3,517|9|05:22:03|Garmin Edge 520|https://www.strava.com/activities/1842843077
14.09.2018|90.05|02:59:00|899|0|261|2354|111|61%|0|0|30.2|61.6|83|124|125|167|219|1458|2,348|13|03:00:06|Garmin Edge 520|https://www.strava.com/activities/1840676933
03.09.2018|174.07|04:19:09|1400|0|311|3766|225|72%|0|0|40.3|85|83|139|135|180|242|1184|3,831|17|04:19:30|Garmin Edge 520|https://www.strava.com/activities/1817025525
02.09.2018|175|04:02:13|1364|0|261|2853|151|61%|0|0|43.4|77.8|82|254|133|193|196|1234|2,905|21|04:05:01|Garmin Edge 520|https://www.strava.com/activities/1814913839
01.09.2018|48.42|01:41:04|630|0|0|0|0||194|1179|28.7|65.5|0|0|128|183|0|0|1,043|19|01:55:41|Garmin Edge 520|https://www.strava.com/activities/1811741225
30.09.2018|40.42|01:35:49|136|0|135|666|17|31%|0|0|25.3|42.1|75|114|90|127|116|985|665|17|03:01:43|Garmin Edge 520|https://www.strava.com/activities/1875410065
28.09.2018|48.47|01:34:09|97|0|0|0|0||170|963|30.9|49.7|0|0|113|163|0|0|775|14|01:35:44|Garmin Edge 520|https://www.strava.com/activities/1870976714
27.09.2018|94.29|03:06:57|265|0|0|0|0||160|1790|30.3|46.1|0|0|118|156|0|0|1,758|12|05:25:07|Garmin Edge 520|https://www.strava.com/activities/1868796327
26.09.2018|162.96|03:22:44|250|0|0|0|0||501|6095|48.2|62.6|0|0|159|192|0|0|2,999|17|03:22:44|Garmin Edge 520|https://www.strava.com/activities/1867059324
25.09.2018|79.29|02:36:29|290|0|253|1739|96|59%|0|0|30.4|65.9|85|128|125|188|185|1519|1,733|14|03:40:27|Garmin Edge 520|https://www.strava.com/activities/1864675743
18.09.2018|81.11|03:19:26|1089|0|0|0|0||138|1657|24.4|65.9|0|0|105|161|0|0|1,314|18|04:25:46|Garmin Edge 520|https://www.strava.com/activities/1852155214
09.09.2018|73.98|01:38:51|353|0|335|1824|100|78%|0|0|44.9|67.3|87|143|155|185|308|1310|1,830|21|01:38:51|Garmin Edge 520|https://www.strava.com/activities/1834120566
08.09.2018|215.15|05:00:10|893|0|302|4555|246|70%|0|0|43|78.5|84|149|131|178|253|1231|4,571|13|05:00:51|Garmin Edge 520|https://www.strava.com/activities/1828193428
07.09.2018|167.63|04:07:17|1785|0|336|4257|253|78%|0|0|40.7|96.8|86|139|143|174|287|1238|4,271|12|04:09:53|Garmin Edge 520|https://www.strava.com/activities/1825528899
06.09.2018|13.88|00:21:15|336|0|462|574|40|107%|0|0|39.2|77|97|118|168|180|450|945|569|12|00:21:15|Garmin Edge 520|https://www.strava.com/activities/1823223928
05.09.2018|183.05|04:21:39|1686|0|280|3448|185|65%|0|0|42|88.2|82|143|122|184|220|1530|3,465|17|04:23:29|Garmin Edge 520|https://www.strava.com/activities/1823212946
04.09.2018|126.69|02:50:05|1313|0|331|2778|168|77%|0|0|44.7|88.9|86|185|141|179|272|1288|2,807|13|02:50:35|Garmin Edge 520|https://www.strava.com/activities/1818807641
29.10.2018|23.75|00:55:55|315|0|0|0|0||153|515|25.5|56.9|0|0|118|159|0|0|548|4|01:11:28|Garmin Edge 520|https://www.strava.com/activities/1933980143
31.10.2018|50.97|01:59:30|860|0|0|0|0||164|1176|25.6|72.4|0|0|124|171|0|0|1,273|5|03:00:14|Garmin Edge 520|https://www.strava.com/activities/1940919307
30.10.2018|37.61|01:32:34|709|0|0|0|0||164|910|24.4|67.3|0|0|132|175|0|0|1,130|3|03:23:35|Garmin Edge 520|https://www.strava.com/activities/1935635125
05.10.2018|152.1|03:21:13|591|0|325|3593|192|76%|0|0|45.4|64.4|91|142|158|181|298|1400|3,603|19|03:21:13|Garmin Edge 520|https://www.strava.com/activities/1933979999
04.10.2018|77.02|02:33:41|254|0|239|1749|83|56%|0|0|30.1|60.5|85|133|116|185|190|1432|1,745|16|03:33:28|Garmin Edge 520|https://www.strava.com/activities/1883491801
03.10.2018|127.8|04:22:08|915|0|222|2920|125|52%|0|0|29.3|61.9|81|123|104|146|186|1522|2,919|14|05:32:53|Garmin Edge 520|https://www.strava.com/activities/1881643448
26.11.2018|93.96|03:03:03|1292|0|0|0|0||207|2274|30.8|72|0|0|125|169|0|0|1,391|4|03:12:37|Wahoo ELEMNT BOLT|https://www.strava.com/activities/1985877186
25.11.2018|38.94|01:32:27|767|0|0|0|0||171|947|25.3|58.3|0|0|119|156|0|0|595|4|02:26:49|Wahoo ELEMNT BOLT|https://www.strava.com/activities/1984063734
24.11.2018|136.75|05:07:43|2646|0|0|0|0||191|3520|26.7|71.3|0|0|132|176|0|0|2,794|4|06:35:31|Wahoo ELEMNT BOLT|https://www.strava.com/activities/1982405583
23.11.2018|140.44|05:29:26|3154|0|0|0|0||195|3856|25.6|74.9|0|0|135|181|0|0|3,259|2|06:38:41|Wahoo ELEMNT BOLT|https://www.strava.com/activities/1980623954
22.11.2018|106.36|04:05:09|2543|0|0|0|0||202|2976|26|77.4|0|0|133|184|0|0|2,365|0|04:19:19|Wahoo ELEMNT BOLT|https://www.strava.com/activities/1978730712
21.11.2018|83.06|03:00:21|1224|0|0|0|0||177|1916|27.6|64.4|0|0|121|154|0|0|1,100|2|03:13:40|Wahoo ELEMNT BOLT|https://www.strava.com/activities/1976982756
19.11.2018|117.96|04:09:14|1924|0|0|0|0||191|2859|28.4|67.7|0|0|133|185|0|0|2,265|6|04:16:29|Wahoo ELEMNT BOLT|https://www.strava.com/activities/1973687117
17.11.2018|123.98|04:19:56|1626|0|0|0|0||181|2828|28.6|68|0|0|127|167|0|0|2,012|8|05:05:41|Wahoo ELEMNT BOLT|https://www.strava.com/activities/1969806713
12.11.2018|83.4|03:01:57|958|0|0|0|0||158|1723|27.5|63.7|0|0|127|167|0|0|1,809|10|03:08:57|Garmin Edge 520|https://www.strava.com/activities/1960443175
11.11.2018|55.59|02:08:13|529|0|0|0|0||131|1009|26|58.7|0|0|118|172|0|0|1,194|7|02:38:59|Garmin Edge 520|https://www.strava.com/activities/1958338917
09.11.2018|116.89|04:04:07|1318|0|0|0|0||177|2587|28.7|67.7|0|0|138|173|0|0|3,024|7|04:54:06|Garmin Edge 520|https://www.strava.com/activities/1954847268
08.11.2018|77.01|02:39:52|826|0|0|0|0||171|1639|28.9|63.7|0|0|131|171|0|0|1,734|9|03:04:31|Garmin Edge 520|https://www.strava.com/activities/1953130535
08.11.2018|8.97|00:20:10|50|0|0|0|0||138|167|26.7|45|0|0|120|154|0|0|218|11|00:22:37|Garmin Edge 520|https://www.strava.com/activities/1952848866
06.11.2018|33.17|01:28:24|647|0|0|0|0||152|808|22.5|70.2|0|0|121|172|0|0|941|9|02:24:31|Garmin Edge 520|https://www.strava.com/activities/1952792378
04.11.2018|70.84|02:49:08|1263|0|0|0|0||168|1701|25.1|69.5|0|0|126|168|0|0|1,750|9|03:17:22|Garmin Edge 520|https://www.strava.com/activities/1945841955
28.11.2018|143.64|05:16:59|2752|0|0|0|0||193|3675|27.2|87.5|0|0|127|171|0|0|2,235|9|05:25:59|Wahoo ELEMNT BOLT|https://www.strava.com/activities/1989394770
27.11.2018|113.95|04:27:37|2664|0|0|0|0||194|3121|25.5|73.1|0|0|125|175|0|0|1,847|2|04:32:58|Wahoo ELEMNT BOLT|https://www.strava.com/activities/1987616872
16.11.2018|97.45|03:38:02|1706|0|0|0|0||179|2336|26.8|57.6|0|0|116|165|0|0|1,180|10|04:37:57|Wahoo ELEMNT BOLT|https://www.strava.com/activities/1967819401
15.11.2018|107.93|03:41:18|1342|0|0|0|0||181|2402|29.3|60.5|0|0|130|169|0|0|1,846|10|04:47:38|Wahoo ELEMNT BOLT|https://www.strava.com/activities/1966053824
14.11.2018|89.5|03:28:46|2023|0|0|0|0||202|2534|25.7|83.9|0|0|142|183|0|0|2,368|11|04:31:24|Wahoo ELEMNT BOLT|https://www.strava.com/activities/1964246707
03.11.2018|62.69|02:24:00|1088|0|0|0|0||181|1566|26.1|78.8|0|0|129|173|0|0|1,671|10|04:47:16|Garmin Edge 520|https://www.strava.com/activities/1943323054
02.11.2018|75.16|02:56:36|1422|0|0|0|0||172|1819|25.5|60.5|0|0|136|188|0|0|2,121|6|05:05:46|Garmin Edge 520|https://www.strava.com/activities/1941461127
26.12.2018|75.91|02:40:28|988|0|0|0|0||179|1728|28.4|60.8|0|0|0|0|0|0|1,927|8|02:52:17|Wahoo ELEMNT BOLT|https://www.strava.com/activities/2036062243
25.12.2018|19.49|00:43:48|220|0|0|0|0||141|371|26.7|46.1|0|0|0|0|0|0|414|6|00:43:48|Wahoo ELEMNT BOLT|https://www.strava.com/activities/2035696968
24.12.2018|28.75|01:09:05|541|0|0|0|0||166|689|25|56.2|0|0|0|0|0|0|768|2|01:12:53|Wahoo ELEMNT BOLT|https://www.strava.com/activities/2032916447
20.12.2018|70.96|02:13:41|740|0|0|0|0||212|1703|31.8|77.8|0|0|0|0|0|0|1,899|10|02:42:01|Wahoo ELEMNT BOLT|https://www.strava.com/activities/2026367529
19.12.2018|154.29|04:47:20|2616|0|308|4121|261|72%|0|0|32.2|72|79|119|136|183|239|931|2,814|12|05:05:46|Wahoo ELEMNT BOLT|https://www.strava.com/activities/2025154631
18.12.2018|121.05|04:00:21|1848|0|284|3551|178|66%|0|0|30.2|68.8|77|121|0|0|246|1455|3,959|10|04:06:19|Wahoo ELEMNT BOLT|https://www.strava.com/activities/2023304018
17.12.2018|124.15|04:17:10|1904|0|286|3161|202|67%|0|0|29|65.5|77|147|0|0|205|1477|3,525|12|04:37:54|Wahoo ELEMNT BOLT|https://www.strava.com/activities/2021686979
16.12.2018|51.18|01:40:38|196|0|183|831|32|43%|0|0|30.5|45.7|80|118|0|0|138|724|926|14|02:23:52|Wahoo ELEMNT BOLT|https://www.strava.com/activities/2019591491
15.12.2018|136.03|04:19:26|2228|0|288|3544|198|67%|0|0|31.5|67|79|132|0|0|228|1448|3,952|10|04:30:28|Wahoo ELEMNT BOLT|https://www.strava.com/activities/2018220625
14.12.2018|123.01|04:00:44|813|0|215|2582|106|50%|0|0|30.7|64.1|79|134|0|0|179|1473|2,879|12|04:43:34|Wahoo ELEMNT BOLT|https://www.strava.com/activities/2016580233
13.12.2018|48.41|01:21:41|210|0|0|0|0||240|1174|35.6|52.9|0|0|0|0|0|0|1,309|10|01:28:59|Wahoo ELEMNT BOLT|https://www.strava.com/activities/2014850029
12.12.2018|163.09|05:13:50|2821|0|0|0|0||232|4366|31.2|81.4|0|0|0|0|0|0|4,869|10|05:36:16|Wahoo ELEMNT BOLT|https://www.strava.com/activities/2013501622
09.12.2018|63.8|02:43:02|1384|0|0|0|0||173|1689|23.5|70.6|0|0|107|170|0|0|746|4|03:03:55|Wahoo ELEMNT BOLT|https://www.strava.com/activities/2008132406
06.12.2018|76.58|02:45:25|1208|0|0|0|0||184|1830|27.8|64.1|0|0|98|150|0|0|522|9|03:24:36|Wahoo ELEMNT BOLT|https://www.strava.com/activities/2003191794
04.12.2018|96.2|03:12:38|1156|0|0|0|0||187|2158|30|65.9|0|0|136|175|0|0|1,949|2|03:14:15|Wahoo ELEMNT BOLT|https://www.strava.com/activities/1999519544
11.12.2018|147.49|04:54:11|2619|0|0|0|0||217|3833|30.1|66.6|0|0|0|0|0|0|4,274|12|05:05:31|Wahoo ELEMNT BOLT|https://www.strava.com/activities/2011751511
05.12.2018|82.68|02:52:42|1181|0|0|0|0||182|1884|28.7|60.5|0|0|106|160|0|0|930|2|02:55:43|Wahoo ELEMNT BOLT|https://www.strava.com/activities/2003462009
02.12.2018|156.96|06:13:58|2423|0|0|0|0||157|3530|25.2|60.8|0|0|111|153|0|0|1,649|9|08:11:42|Wahoo ELEMNT BOLT|https://www.strava.com/activities/1996869044
01.12.2018|173.07|07:02:02|3224|0|0|0|0||166|4206|24.6|67.3|0|0|104|158|0|0|1,702|5|09:25:06|Wahoo ELEMNT BOLT|https://www.strava.com/activities/1994763903
25.01.2019|81.16|02:40:09|753|0|0|0|0||203|1952|30.4|61.2|0|0|129|176|0|0|1,256|7|02:40:24|Wahoo ELEMNT|https://www.strava.com/activities/2102058578
24.01.2019|82.67|03:02:19|800|0|0|0|0||165|1803|27.2|60.1|0|0|112|152|0|0|621|1|03:16:09|Wahoo ELEMNT|https://www.strava.com/activities/2100149939
22.01.2019|72.46|02:36:16|810|0|0|0|0||177|1658|27.8|68.4|0|0|115|149|0|0|688|2|02:38:51|Wahoo ELEMNT|https://www.strava.com/activities/2095933883
20.01.2019|187.35|06:00:32|1923|0|0|0|0||211|4569|31.2|61.9|0|0|127|175|0|0|2,714|1|06:27:18|Wahoo ELEMNT|https://www.strava.com/activities/2091952736
19.01.2019|97.03|03:10:20|1018|0|0|0|0||207|2361|30.6|61.2|0|0|126|162|0|0|1,438|1|03:14:16|Wahoo ELEMNT|https://www.strava.com/activities/2092196767
18.01.2019|158.73|05:28:08|2286|0|0|0|0||212|4176|29|73.4|0|0|136|169|0|0|3,524|0|05:32:42|Wahoo ELEMNT|https://www.strava.com/activities/2086880038
17.01.2019|90.96|03:00:16|1649|0|0|0|0||239|2589|30.3|69.1|0|0|143|183|0|0|2,077|0|03:02:56|Wahoo ELEMNT|https://www.strava.com/activities/2084758625
16.01.2019|98.53|03:24:22|1167|0|0|0|0||197|2418|28.9|69.1|0|0|138|181|0|0|2,249|3|03:25:33|Wahoo ELEMNT|https://www.strava.com/activities/2082563274
14.01.2019|73.86|03:04:09|1445|0|0|0|0||179|1983|24.1|61.9|0|0|111|156|0|0|788|4|03:10:36|Wahoo ELEMNT|https://www.strava.com/activities/2077905563
13.01.2019|140.36|05:01:26|1908|0|0|0|0||201|3628|27.9|74.2|0|0|126|178|0|0|2,327|8|05:41:03|Wahoo ELEMNT|https://www.strava.com/activities/2075962225
12.01.2019|78.09|02:55:48|1802|0|0|0|0||239|2516|26.7|88.2|0|0|141|182|0|0|1,961|4|02:59:35|Wahoo ELEMNT|https://www.strava.com/activities/2073124641
11.01.2019|76.63|03:06:13|1568|0|0|0|0||190|2119|24.7|63.4|0|0|118|150|0|0|1,041|3|04:21:42|Wahoo ELEMNT|https://www.strava.com/activities/2071151634
10.01.2019|103.46|03:02:34|959|0|0|0|0||246|2690|34|61.6|0|0|147|175|0|0|2,497|1|03:06:35|Wahoo ELEMNT|https://www.strava.com/activities/2068676682
09.01.2019|170.03|05:03:32|1765|0|0|0|0||246|4487|33.6|67.3|0|0|147|177|0|0|4,114|2|05:28:55|Wahoo ELEMNT|https://www.strava.com/activities/2066609580
08.01.2019|95.4|03:02:04|655|0|0|0|0||213|2326|31.4|60.8|0|0|134|179|0|0|1,708|4|03:06:55|Wahoo ELEMNT|https://www.strava.com/activities/2064155057
28.01.2019|56.82|02:10:23|643|0|0|0|0||171|1338|26.1|64.4|0|0|123|158|0|0|823|3|02:30:55|Wahoo ELEMNT|https://www.strava.com/activities/2109007484
27.01.2019|75.68|03:06:07|1742|0|0|0|0||206|2304|24.4|74.9|0|0|0|0|0|0|2,569|1|03:13:54|Wahoo ELEMNT|https://www.strava.com/activities/2106762799
06.01.2019|123.39|04:04:23|1748|0|0|0|0||234|3427|30.3|71.6|0|0|135|184|0|0|2,330|7|04:14:13|Wahoo ELEMNT|https://www.strava.com/activities/2059975677
05.01.2019|67.43|02:40:24|1385|0|0|0|0||198|1909|25.2|70.9|0|0|136|181|0|0|1,675|3|02:51:53|Wahoo ELEMNT|https://www.strava.com/activities/2057163566
04.01.2019|165.16|06:02:33|3645|0|0|0|0||231|5024|27.3|82.8|0|0|0|0|0|0|5,602|0|06:14:12|Wahoo ELEMNT|https://www.strava.com/activities/2055075840
02.01.2019|151.23|05:00:46|1489|0|0|0|0||192|3464|30.2|62.3|0|0|0|0|0|0|3,863|1|05:11:32|Wahoo ELEMNT|https://www.strava.com/activities/2050402132
01.01.2019|148.84|05:00:48|1649|0|0|0|0||198|3582|29.7|65.9|0|0|0|0|0|0|3,994|7|05:10:09|Wahoo ELEMNT|https://www.strava.com/activities/2048397015
15.02.2019|157.33|05:11:59|1703|0|279|4174|229|65%|0|0|30.3|64.4|81|127|128|179|223|1631|2,397|14|05:26:54|Wahoo ELEMNT|https://www.strava.com/activities/2150671557
13.02.2019|209|06:14:10|2258|0|288|5503|297|67%|0|0|33.5|68.8|84|139|130|182|245|1459|3,244|11|07:26:27|Wahoo ELEMNT|https://www.strava.com/activities/2143490958
04.02.2019|145.8|04:59:37|2050|0|288|4110|246|67%|0|0|29.2|69.1|81|136|137|184|229|1617|3,127|11|06:25:48|Wahoo ELEMNT|https://www.strava.com/activities/2123948376
24.02.2019|159.33|03:29:56|846|0|307|3200|177|71%|0|0|45.5|70.2|84|141|139|184|254|1420|2,253|17|03:29:56|Wahoo ELEMNT|https://www.strava.com/activities/2172128605
23.02.2019|92.02|02:17:02|1208|0|371|2793|170|86%|0|0|40.3|63.7|88|133|150|179|340|1349|1,897|9|02:17:53|Wahoo ELEMNT|https://www.strava.com/activities/2168674621
22.02.2019|111.52|02:29:16|936|0|292|2102|123|68%|0|0|44.8|77.4|84|141|132|188|235|1468|1,300|17|02:40:25|Wahoo ELEMNT|https://www.strava.com/activities/2166591552
21.02.2019|141.76|03:27:17|1128|0|0|0|0||363|4519|41|81.7|0|0|137|192|0|0|2,076|21|03:27:46|Wahoo ELEMNT|https://www.strava.com/activities/2164652302
17.02.2019|95.23|02:57:02|934|0|286|2376|136|67%|0|0|32.3|69.1|84|126|126|185|224|1623|1,227|16|03:56:22|Wahoo ELEMNT|https://www.strava.com/activities/2155480835
16.02.2019|167.14|05:16:13|2016|0|278|4448|230|65%|0|0|31.7|67.3|82|127|129|179|234|1559|2,716|14|05:45:08|Wahoo ELEMNT|https://www.strava.com/activities/2153098864
12.02.2019|184.64|06:02:05|3078|0|312|5800|331|73%|0|0|30.6|76.3|82|122|143|183|267|1516|4,280|10|07:04:47|Wahoo ELEMNT|https://www.strava.com/activities/2141314117
10.02.2019|153.5|05:00:16|2022|0|293|4193|236|68%|0|0|30.7|64.4|81|125|132|179|233|1485|2,724|15|05:06:17|Wahoo ELEMNT|https://www.strava.com/activities/2137011407
05.02.2019|183.64|06:09:04|2697|0|289|5025|293|67%|0|0|29.9|66.6|80|150|139|187|227|1629|3,980|10|07:14:41|Wahoo ELEMNT|https://www.strava.com/activities/2126005344
29.03.2019|181.04|06:29:23|4447|0|312|6057|356|73%|0|0|27.9|90.4|78|151|135|171|259|1562|4,040|14|06:50:57|Wahoo ELEMNT BOLT|https://www.strava.com/activities/2249471337
28.03.2019|141.06|05:00:54|3294|0|315|4552|282|73%|0|0|28.1|66.6|78|130|131|174|252|1534|2,687|13|05:40:49|Wahoo ELEMNT BOLT|https://www.strava.com/activities/2246975005
02.03.2019|96.86|02:48:45|1004|0|277|2438|120|64%|0|0|34.4|96.8|83|149|128|166|241|1030|1,274|8|03:01:49|Wahoo ELEMNT|https://www.strava.com/activities/2185694210
01.03.2019|183.32|05:30:53|1375|0|286|5078|258|67%|0|0|33.2|60.1|83|158|133|172|256|1495|3,120|6|05:54:52|Wahoo ELEMNT|https://www.strava.com/activities/2183821820
27.03.2019|121.12|04:01:37|1571|0|262|3296|169|61%|0|0|30.1|72|79|110|123|174|227|1088|1,708|9|06:07:48|Wahoo ELEMNT BOLT|https://www.strava.com/activities/2244648668
24.03.2019|156.74|03:38:56|1544|0|287|2802|163|67%|0|0|43|78.8|80|131|123|180|213|1280|1,601|26|03:39:28|Wahoo ELEMNT BOLT|https://www.strava.com/activities/2237867215
23.03.2019|76.43|02:01:57|1270|0|333|1973|121|77%|0|0|37.6|78.1|83|149|138|182|270|1074|1,252|24|02:02:40|Wahoo ELEMNT BOLT|https://www.strava.com/activities/2234065529
22.03.2019|181.28|04:29:38|1865|0|272|3349|179|63%|0|0|40.3|83.2|79|128|120|183|207|1324|1,609|21|04:30:43|Wahoo ELEMNT BOLT|https://www.strava.com/activities/2232205677
21.03.2019|188.6|04:24:45|1533|0|267|3056|172|62%|0|0|42.7|85.3|76|131|115|189|192|1236|1,347|21|04:29:42|Wahoo ELEMNT|https://www.strava.com/activities/2230437237
20.03.2019|217.18|05:24:10|2072|0|167|626|82|39%|0|0|40.2|79.2|74|215|127|191|32|1089|2,615|26|05:30:06|Wahoo ELEMNT|https://www.strava.com/activities/2227175042
17.03.2019|29.59|01:06:52|407|0|199|650|24|46%|0|0|26.6|69.5|71|102|109|133|162|482|188|16|01:46:20|Wahoo ELEMNT|https://www.strava.com/activities/2220692345
17.03.2019|183.29|04:32:44|2394|0|337|4570|278|78%|0|0|40.3|88.6|83|132|146|185|279|1409|3,354|17|04:33:13|Wahoo ELEMNT|https://www.strava.com/activities/2220693526
13.03.2019|162.02|03:48:12|1259|0|0|0|0||391|5357|42.6|61.9|0|0|161|181|0|0|3,640|6|03:48:12|Wahoo ELEMNT|https://www.strava.com/activities/2211127272
11.03.2019|152.27|05:04:47|1393|0|0|0|0||211|3854|30|64.4|0|0|133|175|0|0|2,975|7|05:50:37|Wahoo ELEMNT|https://www.strava.com/activities/2206329737
07.03.2019|140.48|04:53:06|1437|0|286|4052|229|67%|0|0|28.8|74.5|76|140|127|174|230|1554|2,147|10|05:46:29|Wahoo ELEMNT|https://www.strava.com/activities/2197213391
06.03.2019|119.57|04:01:12|902|0|268|3049|163|62%|0|0|29.7|61.9|77|128|119|169|211|1532|1,160|10|04:39:17|Wahoo ELEMNT|https://www.strava.com/activities/2195295871
05.03.2019|202.05|04:48:08|1853|0|310|4422|250|72%|0|0|42.1|72|83|134|151|183|256|1876|3,977|9|04:49:03|Wahoo ELEMNT|https://www.strava.com/activities/2192987807
29.03.2019|181.04|06:29:23|4447|0|312|6057|356|73%|0|0|27.9|90.4|78|151|135|171|259|1562|4,040|14|06:50:57|Wahoo ELEMNT BOLT|https://www.strava.com/activities/2249471337
28.03.2019|141.06|05:00:54|3294|0|315|4552|282|73%|0|0|28.1|66.6|78|130|131|174|252|1534|2,687|13|05:40:49|Wahoo ELEMNT BOLT|https://www.strava.com/activities/2246975005
02.03.2019|96.86|02:48:45|1004|0|277|2438|120|64%|0|0|34.4|96.8|83|149|128|166|241|1030|1,274|8|03:01:49|Wahoo ELEMNT|https://www.strava.com/activities/2185694210
01.03.2019|183.32|05:30:53|1375|0|286|5078|258|67%|0|0|33.2|60.1|83|158|133|172|256|1495|3,120|6|05:54:52|Wahoo ELEMNT|https://www.strava.com/activities/2183821820
27.03.2019|121.12|04:01:37|1571|0|262|3296|169|61%|0|0|30.1|72|79|110|123|174|227|1088|1,708|9|06:07:48|Wahoo ELEMNT BOLT|https://www.strava.com/activities/2244648668
24.03.2019|156.74|03:38:56|1544|0|287|2802|163|67%|0|0|43|78.8|80|131|123|180|213|1280|1,601|26|03:39:28|Wahoo ELEMNT BOLT|https://www.strava.com/activities/2237867215
23.03.2019|76.43|02:01:57|1270|0|333|1973|121|77%|0|0|37.6|78.1|83|149|138|182|270|1074|1,252|24|02:02:40|Wahoo ELEMNT BOLT|https://www.strava.com/activities/2234065529
22.03.2019|181.28|04:29:38|1865|0|272|3349|179|63%|0|0|40.3|83.2|79|128|120|183|207|1324|1,609|21|04:30:43|Wahoo ELEMNT BOLT|https://www.strava.com/activities/2232205677
21.03.2019|188.6|04:24:45|1533|0|267|3056|172|62%|0|0|42.7|85.3|76|131|115|189|192|1236|1,347|21|04:29:42|Wahoo ELEMNT|https://www.strava.com/activities/2230437237
20.03.2019|217.18|05:24:10|2072|0|167|626|82|39%|0|0|40.2|79.2|74|215|127|191|32|1089|2,615|26|05:30:06|Wahoo ELEMNT|https://www.strava.com/activities/2227175042
17.03.2019|29.59|01:06:52|407|0|199|650|24|46%|0|0|26.6|69.5|71|102|109|133|162|482|188|16|01:46:20|Wahoo ELEMNT|https://www.strava.com/activities/2220692345
17.03.2019|183.29|04:32:44|2394|0|337|4570|278|78%|0|0|40.3|88.6|83|132|146|185|279|1409|3,354|17|04:33:13|Wahoo ELEMNT|https://www.strava.com/activities/2220693526
13.03.2019|162.02|03:48:12|1259|0|0|0|0||391|5357|42.6|61.9|0|0|161|181|0|0|3,640|6|03:48:12|Wahoo ELEMNT|https://www.strava.com/activities/2211127272
11.03.2019|152.27|05:04:47|1393|0|0|0|0||211|3854|30|64.4|0|0|133|175|0|0|2,975|7|05:50:37|Wahoo ELEMNT|https://www.strava.com/activities/2206329737
07.03.2019|140.48|04:53:06|1437|0|286|4052|229|67%|0|0|28.8|74.5|76|140|127|174|230|1554|2,147|10|05:46:29|Wahoo ELEMNT|https://www.strava.com/activities/2197213391
06.03.2019|119.57|04:01:12|902|0|268|3049|163|62%|0|0|29.7|61.9|77|128|119|169|211|1532|1,160|10|04:39:17|Wahoo ELEMNT|https://www.strava.com/activities/2195295871
05.03.2019|202.05|04:48:08|1853|0|310|4422|250|72%|0|0|42.1|72|83|134|151|183|256|1876|3,977|9|04:49:03|Wahoo ELEMNT|https://www.strava.com/activities/2192987807
20.05.2019|125.22|04:07:58|2351|0|313|3742|224|73%|0|0|30.3|80.3|82|127|137|174|252|1465|2,568|15|04:13:15|Wahoo ELEMNT BOLT|https://www.strava.com/activities/2382611937
16.05.2019|94.33|03:08:08|1336|0|283|2611|138|66%|0|0|30.1|68.8|85|140|124|171|231|1551|1,256|14|03:11:34|Wahoo ELEMNT BOLT|https://www.strava.com/activities/2371938334
15.05.2019|73.58|02:34:04|1537|0|300|2144|130|70%|0|0|28.7|70.2|81|119|133|170|232|886|1,452|21|02:52:42|Wahoo ELEMNT BOLT|https://www.strava.com/activities/2369465812
19.05.2019|114.48|04:01:16|2601|0|323|3626|230|75%|0|0|28.5|72.7|79|120|139|184|250|1531|2,614|14|04:16:14|Wahoo ELEMNT BOLT|https://www.strava.com/activities/2380130787
06.05.2019|38.89|01:27:55|614|0|0|0|0||169|890|26.5|56.5|0|0|104|139|0|0|247|4|01:37:13|Wahoo ELEMNT BOLT|https://www.strava.com/activities/2346778040
05.05.2019|180.99|04:52:23|3493|0|341|4723|306|79%|0|0|37.1|94.3|85|136|136|183|269|1399|2,954|10|04:53:20|Wahoo ELEMNT BOLT|https://www.strava.com/activities/2344616996
04.05.2019|134.96|03:36:04|2357|0|346|3827|232|80%|0|0|37.5|82.1|87|146|142|179|295|1167|2,467|5|03:36:40|Wahoo ELEMNT BOLT|https://www.strava.com/activities/2341962920
03.05.2019|136.95|03:18:59|1579|0|292|2848|154|68%|0|0|41.3|79.2|85|142|133|177|239|1164|1,899|7|03:20:20|Wahoo ELEMNT BOLT|https://www.strava.com/activities/2339383056
02.05.2019|189.11|04:19:46|1134|0|300|3979|212|70%|0|0|43.7|70.9|89|145|136|180|255|1227|2,602|8|04:20:52|Wahoo ELEMNT BOLT|https://www.strava.com/activities/2338073540
14.06.2019|68.75|02:00:13|675|0|307|2051|103|71%|0|0|34.3|63.4|95|148|154|186|284|1544|1,781|13|02:03:02|Wahoo ELEMNT BOLT|https://www.strava.com/activities/2448991219
07.06.2019|91.42|04:22:14|849|0|143|1579|54|33%|0|0|20.9|56.2|67|118|97|157|100|913|601|13|06:20:08|Wahoo ELEMNT BOLT|https://www.strava.com/activities/2431067256
04.06.2019|95.14|03:03:07|1153|0|259|2479|111|60%|0|0|31.2|61.2|84|116|133|177|226|931|1,750|15|03:04:29|Wahoo ELEMNT BOLT|https://www.strava.com/activities/2422663709
03.06.2019|90.5|03:02:28|1058|0|221|2109|82|51%|0|0|29.8|55.8|80|120|121|162|193|985|1,082|17|03:17:01|Wahoo ELEMNT BOLT|https://www.strava.com/activities/2420052204
30.06.2019|196.6|04:28:23|1380|0|296|4117|212|69%|0|0|44|74.2|83|129|156|185|256|1479|4,031|24|04:28:23|Wahoo ELEMNT BOLT|https://www.strava.com/activities/2494700398
29.06.2019|49.56|01:45:49|424|0|235|1120|60|55%|0|0|28.1|56.2|83|221|124|179|176|1650|682|29|02:30:38|Wahoo ELEMNT BOLT|https://www.strava.com/activities/2489527373
27.06.2019|128.82|04:00:29|1305|0|245|3137|135|57%|0|0|32.1|57.2|85|147|127|177|217|1574|1,811|20|04:23:16|Wahoo ELEMNT BOLT|https://www.strava.com/activities/2484613472
26.06.2019|100.11|02:53:29|750|0|273|2616|117|63%|0|0|34.6|55.1|90|123|134|166|251|808|1,741|12|02:55:40|Wahoo ELEMNT BOLT|https://www.strava.com/activities/2481745768
23.06.2019|176.97|04:09:59|1693|0|301|3845|205|70%|0|0|42.5|70.2|82|141|151|190|256|1296|3,464|27|04:12:00|Wahoo ELEMNT BOLT|https://www.strava.com/activities/2474176566
20.06.2019|85.95|02:37:36|896|0|270|2089|110|63%|0|0|32.7|62.3|86|128|127|188|221|1564|1,201|16|02:54:43|Wahoo ELEMNT BOLT|https://www.strava.com/activities/2465246402
15.06.2019|103.04|03:00:24|1136|0|318|3105|167|74%|0|0|34.3|63.4|90|129|147|178|287|1615|2,391|14|03:04:09|Wahoo ELEMNT BOLT|https://www.strava.com/activities/2451556008
06.06.2019|133.68|04:07:19|1646|0|279|3714|181|65%|0|0|32.4|66.6|84|115|138|177|250|811|2,752|15|04:29:05|Wahoo ELEMNT BOLT|https://www.strava.com/activities/2427964040
25.07.2019|144.23|05:01:05|1813|0|236|3403|159|55%|0|0|28.7|65.5|77|117|114|167|188|1551|1,183|36|05:27:22|Wahoo ELEMNT BOLT|https://www.strava.com/activities/2562268820
24.07.2019|93.69|03:25:30|1326|0|218|2287|89|51%|0|0|27.4|69.8|81|111|110|145|186|849|640|26|03:28:21|Wahoo ELEMNT BOLT|https://www.strava.com/activities/2559048059
23.07.2019|120.49|04:33:24|2873|0|307|3665|235|71%|0|0|26.4|73.8|70|144|129|182|223|1539|2,380|26|04:46:37|Wahoo ELEMNT BOLT|https://www.strava.com/activities/2556303833
21.07.2019|49.51|01:54:08|803|0|261|1384|70|61%|0|0|26|56.9|81|131|110|154|202|943|471|18|01:54:56|Wahoo ELEMNT BOLT|https://www.strava.com/activities/2550108567
17.07.2019|104.29|04:23:30|2012|0|200|2665|100|47%|0|0|23.7|81|73|163|104|137|169|587|578|20|05:17:56|Wahoo ELEMNT BOLT|https://www.strava.com/activities/2539661582
09.07.2019|127.14|04:00:34|1616|0|305|3607|208|71%|0|0|31.7|74.5|81|129|137|182|250|1200|2,331|20|04:13:35|Wahoo ELEMNT BOLT|https://www.strava.com/activities/2517552356
01.07.2019|68.12|02:53:20|1494|0|232|1856|87|54%|0|0|23.6|65.2|73|120|110|159|178|700|642|16|04:43:58|Wahoo ELEMNT BOLT|https://www.strava.com/activities/2495298082
24.07.2019|45.86|01:10:39|481|0|354|1340|89|82%|0|0|39|63.4|84|132|154|184|316|1437|1,016|23|01:20:33|Wahoo ELEMNT BOLT|https://www.strava.com/activities/2561455226
21.07.2019|39.95|01:09:38|574|0|365|1368|84|85%|0|0|34.4|58.7|80|134|171|189|327|1480|1,225|20|01:10:46|Wahoo ELEMNT BOLT|https://www.strava.com/activities/2551908162
19.07.2019|75.97|03:01:05|1567|0|247|2094|100|57%|0|0|25.2|60.5|74|112|109|162|193|753|707|11|03:04:51|Wahoo ELEMNT BOLT|https://www.strava.com/activities/2545050639
18.07.2019|144.44|05:15:42|3213|0|297|4476|263|69%|0|0|27.5|79.2|73|126|128|178|236|1538|2,591|19|06:24:14|Wahoo ELEMNT BOLT|https://www.strava.com/activities/2542809777
16.07.2019|44.41|01:02:33|446|0|360|1187|91|84%|0|0|42.6|60.8|84|134|0|0|316|1416|1,323|16|01:20:51|Wahoo ELEMNT BOLT|https://www.strava.com/activities/2538113576
16.07.2019|92.1|03:10:38|1325|0|252|2479|112|59%|0|0|29|72.4|80|118|119|184|217|1222|1,031|18|03:19:44|Wahoo ELEMNT BOLT|https://www.strava.com/activities/2536477821
14.07.2019|181.14|04:09:20|1999|0|329|4308|248|77%|0|0|43.6|74.5|86|132|152|185|288|1503|3,492|20|04:15:43|Wahoo ELEMNT BOLT|https://www.strava.com/activities/2533703147
11.07.2019|150.91|05:08:35|1952|0|282|4021|228|66%|0|0|29.3|72|78|128|127|177|217|1575|2,302|22|05:32:06|Wahoo ELEMNT BOLT|https://www.strava.com/activities/2523327254
03.07.2019|46.11|01:01:19|667|0|378|1248|81|88%|0|0|45.1|73.1|87|149|161|184|339|1314|961|16|01:04:47|Wahoo ELEMNT BOLT|https://www.strava.com/activities/2502806507
03.07.2019|71.78|02:25:16|697|0|235|1673|78|55%|0|0|29.7|59|82|120|112|174|192|983|569|21|03:36:11|Wahoo ELEMNT BOLT|https://www.strava.com/activities/2502807978
02.07.2019|119.57|04:09:52|1229|0|247|2985|141|57%|0|0|28.7|69.1|81|130|120|176|199|1555|1,517|18|05:27:39|Wahoo ELEMNT BOLT|https://www.strava.com/activities/2497661877
30.08.2019|75.54|02:19:10|127|0|299|2023|120|71%|0|0|32.6|51.8|81|123|0|0|242|1297|2,256|24|03:02:29|Wahoo ELEMNT BOLT|https://www.strava.com/activities/2664492720
19.08.2019|53.74|01:23:26|237|0|331|1378|93|79%|0|0|38.7|68|89|134|0|0|275|1298|1,537|19|01:42:58|Wahoo ELEMNT BOLT|https://www.strava.com/activities/2631930300
16.08.2019|140.32|04:32:18|1079|0|277|3593|208|66%|0|0|30.9|72.4|80|129|0|0|220|1367|4,006|22|04:57:54|Wahoo ELEMNT BOLT|https://www.strava.com/activities/2624066500
12.08.2019|47.23|01:44:20|129|0|165|983|29|39%|0|0|27.2|40.7|80|118|98|126|157|531|192|22|03:41:20|Wahoo ELEMNT BOLT|https://www.strava.com/activities/2612403720
10.08.2019|42.1|01:21:14|427|0|222|947|44|53%|0|0|31.1|72.4|84|144|115|170|194|1240|347|24|01:42:26|Wahoo ELEMNT BOLT|https://www.strava.com/activities/2606934424
07.08.2019|77.56|03:00:25|1768|0|0|0|0||200|2170|25.8|75.6|0|0|129|171|0|0|1,601|14|03:05:06|Wahoo ELEMNT BOLT|https://www.strava.com/activities/2599196218
02.08.2019|89.58|03:00:58|772|0|252|2048|111|60%|0|0|29.7|60.1|86|124|114|170|189|1393|656|20|03:06:27|Wahoo ELEMNT BOLT|https://www.strava.com/activities/2583836090
01.08.2019|118.82|04:04:57|1953|0|316|3274|241|75%|0|0|29.1|72.4|82|149|128|186|223|1443|1,878|21|04:29:01|Wahoo ELEMNT BOLT|https://www.strava.com/activities/2581473065
31.08.2019|191.29|04:19:17|529|0|257|3414|161|61%|0|0|44.3|67.7|76|139|0|0|219|1409|3,806|30|04:19:17|Wahoo ELEMNT BOLT|https://www.strava.com/activities/2667794576
29.08.2019|110.36|03:33:09|464|0|219|2551|98|52%|0|0|31.1|53.6|77|135|0|0|199|766|2,845|22|04:58:25|Wahoo ELEMNT BOLT|https://www.strava.com/activities/2661920200
28.08.2019|209.41|05:12:46|2024|0|302|4395|275|72%|0|0|40.2|76.3|75|120|0|0|234|1247|4,901|29|05:22:20|Wahoo ELEMNT BOLT|https://www.strava.com/activities/2659601563
26.08.2019|199.99|05:18:50|1923|0|302|4476|280|72%|0|0|37.6|65.2|81|125|0|0|234|1396|4,991|30|05:40:26|Wahoo ELEMNT BOLT|https://www.strava.com/activities/2653673083
24.08.2019|116.44|03:47:45|279|0|231|2561|123|55%|0|0|30.7|55.8|80|130|0|0|187|1036|2,856|29|05:05:15|Wahoo ELEMNT BOLT|https://www.strava.com/activities/2647010931
23.08.2019|61.35|02:03:15|81|0|167|1128|33|40%|0|0|29.9|41.4|80|158|0|0|153|956|1,258|25|02:41:35|Wahoo ELEMNT BOLT|https://www.strava.com/activities/2643873985
22.08.2019|200.36|05:00:03|1544|0|299|4497|259|71%|0|0|40.1|69.8|82|136|0|0|250|1555|5,014|25|05:30:35|Wahoo ELEMNT BOLT|https://www.strava.com/activities/2641870148
13.08.2019|172.79|03:52:20|701|0|322|3872|230|77%|0|0|44.6|66.6|84|135|147|180|278|1391|3,046|17|03:54:36|Wahoo ELEMNT BOLT|https://www.strava.com/activities/2615752794
11.08.2019|126.4|02:53:40|310|0|318|2936|167|76%|0|0|43.7|70.6|85|144|156|181|282|1331|2,548|21|02:54:37|Wahoo ELEMNT BOLT|https://www.strava.com/activities/2611036291
09.08.2019|39.05|01:33:09|860|0|0|0|0||189|1056|25.2|72|0|0|114|157|0|0|534|23|02:15:07|Wahoo ELEMNT BOLT|https://www.strava.com/activities/2604086830
08.08.2019|128.57|04:36:59|2350|0|0|0|0||197|3269|27.9|63.7|0|0|128|181|0|0|2,222|20|05:17:47|Wahoo ELEMNT BOLT|https://www.strava.com/activities/2601764766
04.08.2019|167.89|03:53:17|1968|0|324|3793|233|77%|0|0|43.2|85.3|84|146|149|184|271|1376|3,057|22|03:55:29|Wahoo ELEMNT BOLT|https://www.strava.com/activities/2591299470
30.09.2019|29.38|01:14:49|662|0|321|860|76|76%|0|0|23.6|68.4|69|130|129|178|192|1156|620|14|01:21:46|Wahoo ELEMNT BOLT|https://www.strava.com/activities/2751928696
02.09.2019|82.76|03:05:54|1924|0|0|0|0||219|2446|26.7|74.2|0|0|123|177|0|0|1,352|14|05:18:59|Wahoo ELEMNT BOLT|https://www.strava.com/activities/2673193465
19.09.2019|62.05|02:09:57|1157|0|281|1815|102|67%|0|0|28.7|68.8|79|117|127|177|233|721|967|18|03:14:32|Wahoo ELEMNT BOLT|https://www.strava.com/activities/2722257807
14.09.2019|169.41|04:08:08|2375|0|339|4320|270|81%|0|0|41|86.8|82|124|139|173|290|1247|2,856|17|04:08:08|Wahoo ELEMNT BOLT|https://www.strava.com/activities/2712265696
13.09.2019|192.61|04:21:40|2224|0|323|4131|258|77%|0|0|44.2|87.5|82|147|136|177|263|1268|2,640|19|04:22:08|Wahoo ELEMNT BOLT|https://www.strava.com/activities/2704902131
11.09.2019|182.73|04:17:19|1265|0|278|3613|188|66%|0|0|42.6|76.3|77|126|124|176|234|1242|1,788|19|04:18:19|Wahoo ELEMNT BOLT|https://www.strava.com/activities/2699234779
10.09.2019|179.51|04:52:11|3411|0|331|4745|304|79%|0|0|36.9|88.2|80|162|136|177|271|1334|3,053|16|04:53:25|Wahoo ELEMNT BOLT|https://www.strava.com/activities/2696461209
09.09.2019|186.77|04:34:19|1794|0|277|3775|204|66%|0|0|40.9|80.6|81|126|121|179|229|1276|1,803|15|04:50:43|Wahoo ELEMNT BOLT|https://www.strava.com/activities/2693569492
08.09.2019|169.96|04:10:18|1973|0|298|3441|211|71%|0|0|40.7|82.4|79|134|122|177|229|1121|1,695|18|04:12:27|Wahoo ELEMNT BOLT|https://www.strava.com/activities/2691590682
07.09.2019|207.79|04:55:30|2182|0|283|3989|223|67%|0|0|42.2|90.7|77|130|130|176|225|1168|2,492|17|04:56:28|Wahoo ELEMNT BOLT|https://www.strava.com/activities/2688273919
06.09.2019|55.66|01:54:24|807|0|254|1491|76|60%|0|0|29.2|63|77|149|113|162|217|1228|521|13|02:06:37|Wahoo ELEMNT BOLT|https://www.strava.com/activities/2685178418
04.09.2019|144.05|05:00:43|3376|0|0|0|0||239|4320|28.7|73.4|0|0|132|177|0|0|2,776|14|05:17:11|Wahoo ELEMNT BOLT|https://www.strava.com/activities/2679065371
03.10.2019|26.21|01:02:15|594|0|302|760|54|72%|0|0|25.3|67|74|122|135|179|204|1263|612|8|01:03:32|Wahoo ELEMNT BOLT|https://www.strava.com/activities/2759949680
30.11.2019|111.2|04:22:39|2609|0|288|3665|215|69%|0|0|25.4|78.1|77|168|0|0|233|1057|2,609|0|05:18:28|Wahoo ELEMNT BOLT|https://www.strava.com/activities/2901971229
27.11.2019|69.39|04:05:07|1444|0|0|0|0||135|1993|17|65.2|0|0|141|174|0|0|2,883|5|05:02:11|Wahoo ELEMNT BOLT|https://www.strava.com/activities/2895094146
20.11.2019|65.96|03:36:23|1473|0|0|0|0||140|1815|18.3|64.1|0|0|0|0|0|0|2,260|3|04:15:49|Wahoo ELEMNT BOLT|https://www.strava.com/activities/2878894365
19.11.2019|62.49|02:30:54|1351|0|259|1945|98|62%|0|0|24.8|70.6|80|133|0|0|215|796|1,208|-1|02:34:44|Wahoo ELEMNT BOLT|https://www.strava.com/activities/2875741778
09.11.2019|138.68|05:22:15|2623|0|272|4417|239|65%|0|0|25.8|61.9|79|122|0|0|228|1531|3,374|1|06:37:33|Wahoo ELEMNT BOLT|https://www.strava.com/activities/2852557096
03.11.2019|32.88|02:47:54|961|0|0|0|0||105|1058|11.8|52.2|0|0|127|171|0|0|1,416|7|04:22:58|Wahoo ELEMNT BOLT|https://www.strava.com/activities/2838383516
28.11.2019|74.39|03:06:01|1805|0|279|2423|139|66%|0|0|24|61.9|77|109|126|172|217|1401|1,522|5|03:15:28|Wahoo ELEMNT BOLT|https://www.strava.com/activities/2896931966
21.11.2019|65.86|02:30:17|1189|0|244|1804|89|58%|0|0|26.3|66.2|84|126|117|157|200|1114|878|2|03:13:48|Wahoo ELEMNT BOLT|https://www.strava.com/activities/2880877023
18.11.2019|101.27|03:45:39|1454|0|242|2775|135|58%|0|0|26.9|61.9|92|134|126|168|205|1505|1,724|4|04:21:18|Wahoo ELEMNT BOLT|https://www.strava.com/activities/2873887276
16.11.2019|43.19|02:44:33|1082|0|0|0|0||121|1196|15.7|58.7|0|0|125|171|0|0|1,346|6|03:40:35|Wahoo ELEMNT BOLT|https://www.strava.com/activities/2869055289
14.11.2019|43.72|03:21:53|1305|0|0|0|0||127|1538|13|48.2|0|0|138|174|0|0|2,531|2|04:47:21|Wahoo ELEMNT BOLT|https://www.strava.com/activities/2864384207
12.11.2019|70.57|02:58:35|1553|0|256|2208|113|61%|0|0|23.7|63|77|109|130|168|206|720|1,680|4|03:33:48|Wahoo ELEMNT BOLT|https://www.strava.com/activities/2859656957
10.11.2019|136.57|05:19:47|3159|0|277|4429|248|66%|0|0|25.6|70.9|77|114|136|174|231|787|3,318|3|05:59:27|Wahoo ELEMNT BOLT|https://www.strava.com/activities/2855472722
30.11.2019|111.2|04:22:39|2609|0|288|3665|215|69%|0|0|25.4|78.1|77|168|0|0|233|1057|2,609|0|05:18:28|Wahoo ELEMNT BOLT|https://www.strava.com/activities/2901971229
27.11.2019|69.39|04:05:07|1444|0|0|0|0||135|1993|17|65.2|0|0|141|174|0|0|2,883|5|05:02:11|Wahoo ELEMNT BOLT|https://www.strava.com/activities/2895094146
20.11.2019|65.96|03:36:23|1473|0|0|0|0||140|1815|18.3|64.1|0|0|0|0|0|0|2,260|3|04:15:49|Wahoo ELEMNT BOLT|https://www.strava.com/activities/2878894365
19.11.2019|62.49|02:30:54|1351|0|259|1945|98|62%|0|0|24.8|70.6|80|133|0|0|215|796|1,208|-1|02:34:44|Wahoo ELEMNT BOLT|https://www.strava.com/activities/2875741778
09.11.2019|138.68|05:22:15|2623|0|272|4417|239|65%|0|0|25.8|61.9|79|122|0|0|228|1531|3,374|1|06:37:33|Wahoo ELEMNT BOLT|https://www.strava.com/activities/2852557096
03.11.2019|32.88|02:47:54|961|0|0|0|0||105|1058|11.8|52.2|0|0|127|171|0|0|1,416|7|04:22:58|Wahoo ELEMNT BOLT|https://www.strava.com/activities/2838383516
28.11.2019|74.39|03:06:01|1805|0|279|2423|139|66%|0|0|24|61.9|77|109|126|172|217|1401|1,522|5|03:15:28|Wahoo ELEMNT BOLT|https://www.strava.com/activities/2896931966
21.11.2019|65.86|02:30:17|1189|0|244|1804|89|58%|0|0|26.3|66.2|84|126|117|157|200|1114|878|2|03:13:48|Wahoo ELEMNT BOLT|https://www.strava.com/activities/2880877023
18.11.2019|101.27|03:45:39|1454|0|242|2775|135|58%|0|0|26.9|61.9|92|134|126|168|205|1505|1,724|4|04:21:18|Wahoo ELEMNT BOLT|https://www.strava.com/activities/2873887276
16.11.2019|43.19|02:44:33|1082|0|0|0|0||121|1196|15.7|58.7|0|0|125|171|0|0|1,346|6|03:40:35|Wahoo ELEMNT BOLT|https://www.strava.com/activities/2869055289
14.11.2019|43.72|03:21:53|1305|0|0|0|0||127|1538|13|48.2|0|0|138|174|0|0|2,531|2|04:47:21|Wahoo ELEMNT BOLT|https://www.strava.com/activities/2864384207
12.11.2019|70.57|02:58:35|1553|0|256|2208|113|61%|0|0|23.7|63|77|109|130|168|206|720|1,680|4|03:33:48|Wahoo ELEMNT BOLT|https://www.strava.com/activities/2859656957
10.11.2019|136.57|05:19:47|3159|0|277|4429|248|66%|0|0|25.6|70.9|77|114|136|174|231|787|3,318|3|05:59:27|Wahoo ELEMNT BOLT|https://www.strava.com/activities/2855472722
27.01.2020|43.21|01:42:36|813|0|234|1196|58|56%|0|0|25.3|66.2|75|106|111|138|194|1221|1,193|26|02:25:26|Garmin Edge 830|https://www.strava.com/activities/3047033636
26.01.2020|57.8|01:44:18|627|0|236|1209|56|56%|0|0|33.3|70.6|80|123|118|149|193|1431|1,207|28|01:47:34|Garmin Edge 830|https://www.strava.com/activities/3043754793
20.01.2020|45.77|01:54:11|873|0|245|1171|69|58%|0|0|24.1|76.3|77|133|105|169|171|583|1,168|19|02:34:36|Garmin Edge 830|https://www.strava.com/activities/3026935327
18.01.2020|60.22|01:54:12|129|0|247|1188|74|59%|0|0|31.6|66.6|85|129|122|186|173|1312|1,181|25|02:35:23|Garmin Edge 830|https://www.strava.com/activities/3020453879
17.01.2020|139.96|04:11:51|1672|0|280|3393|202|67%|0|0|33.3|95.4|85|141|123|176|225|1563|3,396|23|05:06:16|Garmin Edge 830|https://www.strava.com/activities/3018146071
16.01.2020|103.68|03:17:39|1685|0|275|2493|147|65%|0|0|31.5|76.3|81|134|116|179|210|1393|2,487|22|03:47:55|Garmin Edge 830|https://www.strava.com/activities/3015261522
15.01.2020|51.51|01:46:36|129|0|148|853|25|35%|0|0|29|52.6|81|121|0|0|133|933|850|28|02:51:25|Garmin Edge 830|https://www.strava.com/activities/3012325122
04.01.2020|104.52|04:03:00|1168|0|308|3366|220|73%|0|0|25.8|66.6|80|134|0|0|231|1540|3,347|3|04:12:33|Garmin Edge 520|https://www.strava.com/activities/2981347673
03.01.2020|133.99|04:18:28|1119|0|258|3626|170|61%|0|0|31.1|67.7|84|120|0|0|234|1315|3,621|4|04:55:34|Garmin Edge 520|https://www.strava.com/activities/2978452254
26.01.2020|153.04|03:30:06|1645|0|304|3075|182|72%|0|0|43.7|87.1|86|134|131|175|244|1112|3,084|27|03:30:33|Garmin Edge 830|https://www.strava.com/activities/3043683891
25.01.2020|157.07|03:59:51|1708|0|297|3101|201|71%|0|0|39.3|85.3|82|125|128|179|215|1138|3,111|27|04:00:22|Garmin Edge 830|https://www.strava.com/activities/3040578816
24.01.2020|162.11|03:51:52|1609|0|273|2811|163|65%|0|0|41.9|99|81|130|128|173|202|1109|2,831|25|03:52:32|Garmin Edge 830|https://www.strava.com/activities/3038626187
23.01.2020|136.38|03:32:04|2300|0|309|3236|192|74%|0|0|38.6|88.2|82|133|131|183|254|1078|3,248|19|03:32:35|Garmin Edge 830|https://www.strava.com/activities/3035390620
22.01.2020|134.92|03:29:45|2112|0|295|2829|172|70%|0|0|38.6|88.2|84|129|135|187|225|1105|2,843|27|03:30:13|Garmin Edge 830|https://www.strava.com/activities/3032582191
21.01.2020|151.43|03:34:48|1191|0|276|2510|156|66%|0|0|42.3|80.3|82|134|130|191|195|1606|2,524|30|03:36:12|Garmin Edge 830|https://www.strava.com/activities/3029672599
19.01.2020|50.34|01:10:16|107|0|311|1205|66|74%|0|0|43|67.3|84|130|154|176|286|1305|1,215|17|01:16:30|Garmin Edge 830|https://www.strava.com/activities/3023959923
14.01.2020|104.47|03:31:04|1605|0|238|2345|121|57%|0|0|29.7|81.7|75|126|126|178|185|912|2,344|35|04:12:09|Garmin Edge 830|https://www.strava.com/activities/3009419616
13.01.2020|85.81|02:48:54|1181|0|234|1923|92|56%|0|0|30.5|81.4|84|138|130|198|190|925|1,922|35|03:01:47|Garmin Edge 830|https://www.strava.com/activities/3006717374
12.01.2020|70.57|02:20:11|184|0|171|1233|44|41%|0|0|30.2|42.5|80|152|132|198|147|1166|1,231|27|03:08:17|Garmin Edge 830|https://www.strava.com/activities/3003338504
08.01.2020|136.9|05:00:46|2592|0|281|4066|232|67%|0|0|27.3|77|79|125|128|177|225|1540|4,057|4|05:43:49|Garmin Edge 520|https://www.strava.com/activities/2993055053
05.01.2020|113.63|04:33:21|781|0|271|3648|198|65%|0|0|24.9|83.2|76|131|99|162|222|1363|3,641|4|05:35:44|Garmin Edge 520|https://www.strava.com/activities/2984593210
02.01.2020|78.35|03:05:25|1736|0|298|2665|162|71%|0|0|25.4|83.5|74|139|0|0|240|1432|2,644|3|03:19:19|Garmin Edge 520|https://www.strava.com/activities/2975329480
27.01.2020|43.21|01:42:36|813|0|234|1196|58|56%|0|0|25.3|66.2|75|106|111|138|194|1221|1,193|26|02:25:26|Garmin Edge 830|https://www.strava.com/activities/3047033636
26.01.2020|57.8|01:44:18|627|0|236|1209|56|56%|0|0|33.3|70.6|80|123|118|149|193|1431|1,207|28|01:47:34|Garmin Edge 830|https://www.strava.com/activities/3043754793
20.01.2020|45.77|01:54:11|873|0|245|1171|69|58%|0|0|24.1|76.3|77|133|105|169|171|583|1,168|19|02:34:36|Garmin Edge 830|https://www.strava.com/activities/3026935327
18.01.2020|60.22|01:54:12|129|0|247|1188|74|59%|0|0|31.6|66.6|85|129|122|186|173|1312|1,181|25|02:35:23|Garmin Edge 830|https://www.strava.com/activities/3020453879
17.01.2020|139.96|04:11:51|1672|0|280|3393|202|67%|0|0|33.3|95.4|85|141|123|176|225|1563|3,396|23|05:06:16|Garmin Edge 830|https://www.strava.com/activities/3018146071
16.01.2020|103.68|03:17:39|1685|0|275|2493|147|65%|0|0|31.5|76.3|81|134|116|179|210|1393|2,487|22|03:47:55|Garmin Edge 830|https://www.strava.com/activities/3015261522
15.01.2020|51.51|01:46:36|129|0|148|853|25|35%|0|0|29|52.6|81|121|0|0|133|933|850|28|02:51:25|Garmin Edge 830|https://www.strava.com/activities/3012325122
04.01.2020|104.52|04:03:00|1168|0|308|3366|220|73%|0|0|25.8|66.6|80|134|0|0|231|1540|3,347|3|04:12:33|Garmin Edge 520|https://www.strava.com/activities/2981347673
03.01.2020|133.99|04:18:28|1119|0|258|3626|170|61%|0|0|31.1|67.7|84|120|0|0|234|1315|3,621|4|04:55:34|Garmin Edge 520|https://www.strava.com/activities/2978452254
26.01.2020|153.04|03:30:06|1645|0|304|3075|182|72%|0|0|43.7|87.1|86|134|131|175|244|1112|3,084|27|03:30:33|Garmin Edge 830|https://www.strava.com/activities/3043683891
25.01.2020|157.07|03:59:51|1708|0|297|3101|201|71%|0|0|39.3|85.3|82|125|128|179|215|1138|3,111|27|04:00:22|Garmin Edge 830|https://www.strava.com/activities/3040578816
24.01.2020|162.11|03:51:52|1609|0|273|2811|163|65%|0|0|41.9|99|81|130|128|173|202|1109|2,831|25|03:52:32|Garmin Edge 830|https://www.strava.com/activities/3038626187
23.01.2020|136.38|03:32:04|2300|0|309|3236|192|74%|0|0|38.6|88.2|82|133|131|183|254|1078|3,248|19|03:32:35|Garmin Edge 830|https://www.strava.com/activities/3035390620
22.01.2020|134.92|03:29:45|2112|0|295|2829|172|70%|0|0|38.6|88.2|84|129|135|187|225|1105|2,843|27|03:30:13|Garmin Edge 830|https://www.strava.com/activities/3032582191
21.01.2020|151.43|03:34:48|1191|0|276|2510|156|66%|0|0|42.3|80.3|82|134|130|191|195|1606|2,524|30|03:36:12|Garmin Edge 830|https://www.strava.com/activities/3029672599
19.01.2020|50.34|01:10:16|107|0|311|1205|66|74%|0|0|43|67.3|84|130|154|176|286|1305|1,215|17|01:16:30|Garmin Edge 830|https://www.strava.com/activities/3023959923
14.01.2020|104.47|03:31:04|1605|0|238|2345|121|57%|0|0|29.7|81.7|75|126|126|178|185|912|2,344|35|04:12:09|Garmin Edge 830|https://www.strava.com/activities/3009419616
13.01.2020|85.81|02:48:54|1181|0|234|1923|92|56%|0|0|30.5|81.4|84|138|130|198|190|925|1,922|35|03:01:47|Garmin Edge 830|https://www.strava.com/activities/3006717374
12.01.2020|70.57|02:20:11|184|0|171|1233|44|41%|0|0|30.2|42.5|80|152|132|198|147|1166|1,231|27|03:08:17|Garmin Edge 830|https://www.strava.com/activities/3003338504
08.01.2020|136.9|05:00:46|2592|0|281|4066|232|67%|0|0|27.3|77|79|125|128|177|225|1540|4,057|4|05:43:49|Garmin Edge 520|https://www.strava.com/activities/2993055053
05.01.2020|113.63|04:33:21|781|0|271|3648|198|65%|0|0|24.9|83.2|76|131|99|162|222|1363|3,641|4|05:35:44|Garmin Edge 520|https://www.strava.com/activities/2984593210
02.01.2020|78.35|03:05:25|1736|0|298|2665|162|71%|0|0|25.4|83.5|74|139|0|0|240|1432|2,644|3|03:19:19|Garmin Edge 520|https://www.strava.com/activities/2975329480
27.03.2020|102.72|03:33:31|1806|0|310|3226|201|74%|0|0|28.9|69.8|83|118|135|187|252|1007|3,223|11|03:41:24|Garmin Edge 830|https://www.strava.com/activities/3224016172
25.03.2020|84.06|03:03:12|1730|0|323|2736|186|77%|0|0|27.5|75.2|82|160|134|180|249|1263|2,728|16|03:37:36|Garmin Edge 830|https://www.strava.com/activities/3217148634
24.03.2020|38.71|02:31:50|790|0|0|0|0||103|939|15.3|69.1|0|0|104|158|0|0|1,266|17|03:10:39|Garmin Edge 830|https://www.strava.com/activities/3213029469
19.03.2020|35.76|01:04:47|296|0|310|827|59|74%|0|0|33.1|60.5|88|130|0|0|213|1023|847||01:05:42|Zwift|https://www.strava.com/activities/3197751152
18.03.2020|76.56|03:03:02|1731|0|299|2506|158|71%|0|0|25.1|65.2|74|120|119|173|228|940|2,499|5|03:11:04|Garmin Edge 830|https://www.strava.com/activities/3194112215
11.03.2020|109.38|04:09:49|1938|0|299|3535|217|71%|0|0|26.3|75.6|80|145|126|176|236|1414|3,515|7|04:17:37|Garmin Edge 830|https://www.strava.com/activities/3174451243
10.03.2020|107.99|04:15:54|1830|0|300|3626|220|71%|0|0|25.3|96.8|72|111|0|0|236|643|3,610|7|04:20:54|Garmin Edge 830|https://www.strava.com/activities/3171612732
07.03.2020|46.46|01:35:25|382|0|225|1173|48|54%|0|0|29.2|54.4|81|107|111|142|205|616|1,168|9|01:43:21|Garmin Edge 830|https://www.strava.com/activities/3161497087
06.03.2020|166.7|05:33:24|2054|0|270|4687|239|64%|0|0|30|70.6|82|131|0|0|234|1521|4,666|9|06:06:04|Garmin Edge 830|https://www.strava.com/activities/3159363732
04.03.2020|112.57|04:29:33|2703|0|296|3716|226|70%|0|0|25.1|72.7|79|135|0|0|230|797|3,708|5|05:39:06|Garmin Edge 830|https://www.strava.com/activities/3153505719
22.03.2020|78.45|03:13:34|1472|0|236|2324|108|56%|0|0|24.3|71.6|77|135|106|146|200|1381|2,316|7|03:29:23|Garmin Edge 830|https://www.strava.com/activities/3206645688
21.03.2020|81.84|03:15:14|1934|0|291|2901|164|69%|0|0|25.2|79.6|77|123|125|164|248|1183|2,895|8|03:28:35|Garmin Edge 830|https://www.strava.com/activities/3203180610
17.03.2020|188.34|05:44:34|1740|0|288|5040|286|69%|0|0|32.8|80.6|84|122|132|190|244|1469|5,032|13|06:42:45|Garmin Edge 830|https://www.strava.com/activities/3191284120
15.03.2020|146.69|05:37:53|3035|0|296|5009|295|70%|0|0|26|83.5|75|131|126|172|247|1227|4,993|6|06:37:37|Garmin Edge 830|https://www.strava.com/activities/3186171394
14.03.2020|150.66|05:04:43|1600|0|268|4292|213|64%|0|0|29.7|65.9|83|128|129|167|235|1463|4,285|10|06:35:12|Garmin Edge 830|https://www.strava.com/activities/3183118476
01.03.2020|205.58|05:04:10|1855|0|306|4570|270|73%|0|0|40.6|80.3|82|157|0|0|250|1269|4,591|9|05:04:57|Garmin Edge 830|https://www.strava.com/activities/3145471098
29.04.2020|39.65|00:49:34|329|0|381|1106|68|91%|0|0|48|59.8|95|120|159|188|372|787|1,196||00:49:34|Zwift|https://www.strava.com/activities/3372024462
29.04.2020|63.41|02:00:38|1113|0|216|1464|54|51%|0|0|31.5|82.4|88|205|108|149|202|967|1,399||02:04:33|Zwift|https://www.strava.com/activities/3369683615
26.04.2020|96.55|03:25:13|2041|0|300|2965|177|71%|0|0|28.2|83.5|80|137|129|173|241|1550|2,967|19|03:44:51|Garmin Edge 830|https://www.strava.com/activities/3356423821
25.04.2020|28.67|01:08:07|472|0|209|749|31|50%|0|0|25.3|68|79|102|100|146|183|643|747|14|01:16:00|Garmin Edge 830|https://www.strava.com/activities/3349835675
24.04.2020|38.54|02:04:47|843|0|0|0|0||204|1527|18.5|58.3|0|0|124|167|0|0|1,441|19|02:30:10|Garmin Edge 830|https://www.strava.com/activities/3345519390
24.04.2020|29.31|00:52:06|258|0|244|697|29|58%|0|0|33.8|68|89|107|126|154|223|418|665||00:52:06|Zwift|https://www.strava.com/activities/3344611728
21.04.2020|27.81|00:50:54|491|0|234|671|26|56%|0|0|32.8|85.3|89|145|110|142|220|483|641||00:50:54|Zwift|https://www.strava.com/activities/3329596455
16.04.2020|21.9|00:36:08|48|0|372|589|47|89%|0|0|36.4|56.9|85|130|149|190|272|552|795||00:36:08|Zwift|https://www.strava.com/activities/3308470863
16.04.2020|78.67|02:34:27|1048|0|282|2233|116|67%|0|0|30.6|64.4|83|132|130|171|241|1343|2,231|18|02:35:59|Garmin Edge 830|https://www.strava.com/activities/3306660793
15.04.2020|81.57|03:05:42|1774|0|298|2574|159|71%|0|0|26.4|71.6|78|127|127|175|231|1258|2,573|20|03:13:12|Garmin Edge 830|https://www.strava.com/activities/3302354661
13.04.2020|5.03|00:24:01|0|0|0|0|0||0|0|0|0|0|0|0|0|0|0|||00:00:00||https://www.strava.com/activities/3293837977
11.04.2020|62.07|03:33:55|1377|0|0|0|0||199|2555|17.4|57.2|0|0|141|178|0|0|3,082|19|04:03:21|Garmin Edge 830|https://www.strava.com/activities/3284297196
31.05.2020|200.5|06:17:02|1527|0|269|5589|274|64%|0|0|31.9|74.5|83|119|121|177|247|880|5,582|24|07:31:28|Garmin Edge 830|https://www.strava.com/activities/3543010622
30.05.2020|114.35|04:03:08|1854|0|277|3428|188|66%|0|0|28.2|90.4|86|141|123|172|235|1417|3,419|20|04:47:52|Garmin Edge 830|https://www.strava.com/activities/3535671658
27.05.2020|78.72|04:26:30|1693|0|0|0|0||198|3159|17.7|63.4|0|0|125|169|0|0|3,175|21|05:17:51|Garmin Edge 830|https://www.strava.com/activities/3519712960
24.05.2020|145.36|05:01:04|1315|0|239|3898|167|57%|0|0|29|69.1|81|123|107|153|216|1414|3,890|15|05:16:44|Garmin Edge 830|https://www.strava.com/activities/3505015381
23.05.2020|104.76|04:16:54|2417|0|293|3730|215|70%|0|0|24.5|95.4|76|130|120|171|242|1548|3,720|14|04:39:33|Garmin Edge 830|https://www.strava.com/activities/3498681097
22.05.2020|42.57|01:05:08|254|0|261|876|41|62%|0|0|39.2|65.9|81|114|111|169|224|604|839||01:05:08|Zwift|https://www.strava.com/activities/3494597610
21.05.2020|41.61|01:00:16|136|0|302|886|52|72%|0|0|41.4|70.9|86|137|117|171|245|1001|866||01:00:16|Zwift|https://www.strava.com/activities/3489519368
20.05.2020|48.4|01:19:52|397|0|274|983|61|65%|0|0|36.4|82.1|80|121|106|170|205|517|955||01:37:36|Zwift|https://www.strava.com/activities/3483581123
20.05.2020|66.71|02:30:39|1287|0|275|1861|113|65%|0|0|26.6|69.5|67|129|111|160|206|1372|1,846|23|03:01:48|Garmin Edge 830|https://www.strava.com/activities/3481869395
19.05.2020|68.76|04:04:13|1513|0|0|0|0||189|2765|16.9|61.6|0|0|118|162|0|0|2,640|18|05:00:28|Garmin Edge 830|https://www.strava.com/activities/3476620491
17.05.2020|164.5|05:59:46|3648|0|302|5313|320|72%|0|0|27.4|79.6|80|121|127|174|246|1410|5,306|15|06:35:35|Garmin Edge 830|https://www.strava.com/activities/3466894095
16.05.2020|75.75|04:04:08|1681|0|0|0|0||215|3143|18.6|60.5|0|0|127|171|0|0|3,014|13|04:48:21|Garmin Edge 830|https://www.strava.com/activities/3460776465
14.05.2020|18.04|00:26:22|46|0|422|563|44|100%|0|0|41.1|57.6|88|114|152|182|356|593|574||00:26:22|Zwift|https://www.strava.com/activities/3451079871
13.05.2020|86|03:03:24|1935|0|314|2821|174|75%|0|0|28.1|80.6|74|109|125|163|256|887|2,815|8|03:06:51|Garmin Edge 830|https://www.strava.com/activities/3444277825
09.05.2020|72.78|02:05:09|1065|0|285|1899|96|68%|0|0|34.9|87.1|85|128|120|172|253|555|1,818||02:05:09|Zwift|https://www.strava.com/activities/3423705755
06.05.2020|45|01:00:38|377|0|377|1150|81|90%|0|0|44.5|68.4|85|119|149|185|316|797|1,201||01:00:38|Zwift|https://www.strava.com/activities/3409614651
06.05.2020|46.16|01:35:45|899|0|231|1294|48|55%|0|0|28.9|69.5|82|129|107|133|225|455|1,236||01:35:45|Zwift|https://www.strava.com/activities/3406273028
02.05.2020|91.96|02:37:47|1008|0|0|0|0||249|2358|35|75.6|0|0|138|173|0|0|2,257|15|02:41:09|Garmin Edge 830|https://www.strava.com/activities/3384811578
01.05.2020|34.54|01:30:09|1090|0|244|1118|50|58%|0|0|23|78.8|84|110|112|150|207|387|1,066||01:30:09|Zwift|https://www.strava.com/activities/3378587014
30.06.2020|130.23|04:15:27|1116|0|244|3259|140|57%|0|0|30.6|69.1|82|125|116|165|213|1313|3,241|16|04:24:18|Garmin Edge 830|https://www.strava.com/activities/3693113554
28.06.2020|74.88|02:37:31|1279|0|291|2237|123|68%|0|0|28.5|75.6|79|131|118|163|237|1392|2,233|11|02:40:55|Garmin Edge 830|https://www.strava.com/activities/3681693236
27.06.2020|113.07|04:07:24|2324|0|298|3624|199|69%|0|0|27.4|91.8|80|144|131|178|244|1420|3,603|18|04:10:29|Garmin Edge 830|https://www.strava.com/activities/3678614472
26.06.2020|78.87|02:38:13|1252|0|283|2242|118|66%|0|0|29.9|69.1|83|126|122|159|236|1462|2,228|21|03:13:19|Garmin Edge 830|https://www.strava.com/activities/3673290691
25.06.2020|116.31|03:56:18|1824|0|310|3454|216|72%|0|0|29.5|71.3|83|112|141|185|244|1055|3,422|29|04:21:54|Garmin Edge 830|https://www.strava.com/activities/3669317550
21.06.2020|145.98|05:16:05|3174|0|302|4759|263|70%|0|0|27.7|83.5|80|131|130|182|251|1447|4,749|16|05:31:01|Garmin Edge 830|https://www.strava.com/activities/3648495547
19.06.2020|41.54|01:28:48|689|0|243|1146|47|57%|0|0|28.1|78.1|87|139|110|154|215|619|1,092||01:29:14|Zwift|https://www.strava.com/activities/3637628966
18.06.2020|88.61|03:11:59|1938|0|316|2986|173|73%|0|0|27.7|75.2|76|130|128|174|259|1358|2,958|11|03:13:31|Garmin Edge 830|https://www.strava.com/activities/3633510902
16.06.2020|103.28|03:13:26|1155|0|292|2967|160|70%|0|0|32|81.4|85|128|132|172|256|1366|2,955|21|03:17:57|Garmin Edge 830|https://www.strava.com/activities/3623805765
13.06.2020|136.48|04:05:17|1164|0|284|3696|191|68%|0|0|33.4|75.2|86|128|129|176|251|1442|3,686|23|04:11:18|Garmin Edge 830|https://www.strava.com/activities/3608493474
12.06.2020|63.23|02:05:39|719|0|226|1501|61|54%|0|0|30.2|70.2|85|135|105|151|199|555|1,431||02:17:35|Zwift|https://www.strava.com/activities/3602017174
11.06.2020|43.13|01:00:36|142|0|314|1027|56|75%|0|0|42.7|60.5|84|110|0|0|283|517|986||01:00:36|Zwift|https://www.strava.com/activities/3599163418
11.06.2020|87.13|03:15:44|1657|0|308|2737|188|73%|0|0|26.7|63.4|76|124|121|183|233|1390|2,688|10|03:54:41|Garmin Edge 830|https://www.strava.com/activities/3597566506
09.06.2020|89.06|03:15:11|1850|0|305|2741|176|73%|0|0|27.4|88.6|81|138|0|0|234|1413|2,729|14|03:31:25|Garmin Edge 830|https://www.strava.com/activities/3587414195
06.06.2020|107.68|04:03:03|2054|0|309|3626|224|74%|0|0|26.6|74.9|78|118|128|175|249|1354|3,617|12|04:08:20|Garmin Edge 830|https://www.strava.com/activities/3572550447
03.06.2020|47.78|01:15:01|895|0|356|1423|90|85%|0|0|38.2|97.9|86|114|143|175|316|627|1,425||01:15:01|Zwift|https://www.strava.com/activities/3559653988
03.06.2020|26.3|01:14:20|1059|0|263|1016|49|63%|0|0|21.2|74.2|84|103|120|155|228|416|971||01:14:36|Zwift|https://www.strava.com/activities/3556941782
27.06.2020|38.6|01:03:53|374|0|301|1065|52|70%|0|0|36.3|78.1|85|115|132|162|278|724|1,036||01:03:53|Zwift|https://www.strava.com/activities/3679949926
20.06.2020|134.53|04:22:00|1153|0|243|3394|149|57%|0|0|30.8|68.4|82|127|111|165|216|1270|3,383|20|05:30:02|Garmin Edge 830|https://www.strava.com/activities/3643634230
18.06.2020|42.5|01:00:55|138|0|269|899|41|63%|0|0|41.9|66.2|88|117|118|157|246|566|908||01:02:28|Zwift|https://www.strava.com/activities/3634856200
14.06.2020|179.4|06:15:48|3391|0|282|5238|294|67%|0|0|28.6|74.5|79|133|120|162|232|1446|5,236|20|07:24:42|Garmin Edge 830|https://www.strava.com/activities/3614405570
10.06.2020|102.38|03:56:05|1781|0|250|2969|151|60%|0|0|26|69.8|81|124|110|159|210|847|2,962|12|04:31:55|Garmin Edge 830|https://www.strava.com/activities/3592938126
07.06.2020|171.46|06:23:32|3655|0|297|5635|342|71%|0|0|26.8|71.6|79|128|122|179|245|739|5,628|11|07:18:04|Garmin Edge 830|https://www.strava.com/activities/3578741075
05.06.2020|61.02|02:00:17|523|0|224|1424|57|53%|0|0|30.4|81|80|121|106|150|197|407|1,358||02:02:19|Zwift|https://www.strava.com/activities/3566835143
05.07.2020|30.71|01:23:31|664|0|214|883|36|50%|0|0|22.1|74.2|76|111|91|147|176|522|880|16|01:49:55|Garmin Edge 830|https://www.strava.com/activities/3716446520
10.07.2020|88.45|03:13:34|1780|0|264|2501|124|61%|0|0|27.4|78.8|80|119|114|154|215|731|2,501|13|03:20:09|Garmin Edge 830|https://www.strava.com/activities/3740887178
04.07.2020|145.85|05:35:41|3169|0|268|4590|220|62%|0|0|26.1|90.4|78|140|117|158|228|737|4,578|15|05:59:58|Garmin Edge 830|https://www.strava.com/activities/3712730466
01.07.2020|126.68|04:10:06|640|0|297|3593|211|69%|0|0|30.4|70.9|84|119|125|174|239|1050|3,575|16|04:54:40|Garmin Edge 830|https://www.strava.com/activities/3698188178
24.09.2020|30.33|01:00:23|325|0|157|546|13|37%|0|0|30.1|55.1|88|134|113|138|151|319|522||01:00:23|Zwift|https://www.strava.com/activities/4105380031
18.10.2020|47.9|02:42:40|1037|0|0|0|0||190|1855|17.7|53.3|0|0|138|173|0|0|2,083|8|03:13:58|Garmin Edge 830|https://www.strava.com/activities/4211623653
15.10.2020|62.74|03:45:26|1306|0|0|0|0||173|2346|16.7|59.8|0|0|132|169|0|0|2,497|8|04:06:52|Garmin Edge 830|https://www.strava.com/activities/4197597384
29.10.2020|71.96|03:02:07|940|0|244|2245|100|57%|0|0|23.7|72|78|115|128|161|205|913|2,244|8|03:12:52|Garmin Edge 830|https://www.strava.com/activities/4257957390
24.10.2020|49.57|02:06:15|973|0|229|1408|62|53%|0|0|23.6|59.8|77|108|125|161|186|766|1,409|9|02:12:04|Garmin Edge 830|https://www.strava.com/activities/4235695177
01.10.2020|49.94|03:30:24|1214|0|0|0|0||163|2055|14.2|59.4|0|0|146|183|0|0|3,070|11|05:07:37|Garmin Edge 830|https://www.strava.com/activities/4137440464
29.11.2020|166.16|05:47:33|841|0|244|4716|192|57%|0|0|28.7|65.9|85|139|124|156|226|826|4,709|7|06:36:39|Garmin Edge 830|https://www.strava.com/activities/4407998757
07.11.2020|118.05|04:07:14|1104|0|246|3350|140|57%|0|0|28.6|63|84|147|132|167|226|1579|3,343|5|04:40:01|Garmin Edge 830|https://www.strava.com/activities/4301807113
01.11.2020|98.08|04:01:40|1268|0|258|3233|153|60%|0|0|24.4|78.8|81|140|140|173|223|1651|3,230|10|05:34:52|Garmin Edge 830|https://www.strava.com/activities/4272207670
19.11.2020|95.56|04:08:16|2086|0|256|3142|152|60%|0|0|23.1|69.8|75|114|126|165|211|771|3,144|4|04:40:23|Garmin Edge 830|https://www.strava.com/activities/4360787304
31.12.2020|165.16|05:53:43|2477|0|260|4717|233|60%|0|0|28|79.6|80|120|124|170|222|1297|4,713|11|06:53:30|Garmin Edge 830|https://www.strava.com/activities/4545122691
20.12.2020|167.65|06:01:24|1167|0|236|4459|190|55%|0|0|27.8|64.4|84|134|115|172|206|1475|4,449|7|06:59:26|Garmin Edge 830|https://www.strava.com/activities/4496400726
06.12.2020|151.47|05:26:25|2165|0|285|4864|249|66%|0|0|27.8|69.8|83|116|132|165|248|945|4,831|5|06:30:55|Garmin Edge 830|https://www.strava.com/activities/4438268833
05.12.2020|23.16|01:00:08|79|0|83|291|3|19%|0|0|23.1|49.3|77|101|100|115|81|177|280||01:00:08|Zwift|https://www.strava.com/activities/4433382143
05.12.2020|97.42|03:09:25|964|0|290|3100|143|67%|0|0|30.9|71.3|87|120|144|170|273|825|3,096|5|03:11:07|Garmin Edge 830|https://www.strava.com/activities/4432964706
12.12.2020|73.75|03:14:14|1508|0|265|2405|130|62%|0|0|22.8|65.9|70|135|120|175|206|1519|2,390|6|03:36:46|Garmin Edge 830|https://www.strava.com/activities/4461845905
loaded urls in 19:48:15.4805927
