date|distance|mov_time|elevation|relativeEffort|avg_power_weig|work_total|training_load|intensity|estAvgPower|energyOutput|avg_speed|max_speed|avg_cadence|max_cadence|avg_heartRate|max_heartRate|avg_power|max_power|avg_calories|avg_temperature|avg_elap_time|bicycle_model|url
1/31/2018|70.84|02:30:18|893|0|0|0|0||0|0|28.3|58.3|83|118|111|140|0|0|1,716|13|03:33:34|Garmin Edge 520|https://www.strava.com/activities/1384565863
1/30/2018|123.61|04:20:50|2319|0|0|0|0||0|0|28.4|61.2|86|115|130|183|0|0|3,614|10|04:32:47|Garmin Edge 520|https://www.strava.com/activities/1382884318
1/29/2018|90.62|02:50:34|733|0|0|0|0||0|0|31.9|63.7|88|134|135|179|0|0|2,212|14|02:52:09|Garmin Edge 520|https://www.strava.com/activities/1381183672
1/28/2018|40.58|01:17:02|349|0|0|0|0||0|0|31.6|54.7|0|0|118|154|0|0|958|13|01:18:09|Garmin Edge 520|https://www.strava.com/activities/1379196686
1/27/2018|108.77|03:54:54|2263|0|0|0|0||0|0|27.8|76.3|81|111|139|181|0|0|3,349|8|03:59:03|Garmin Edge 520|https://www.strava.com/activities/1377859145
1/24/2018|65.92|02:11:20|346|0|0|0|0||0|0|30.1|52.9|86|143|124|184|0|0|1,840|5|02:19:39|Garmin Edge 520|https://www.strava.com/activities/1372884602
1/22/2018|38.4|01:22:49|131|0|0|0|0||0|0|27.8|40.7|81|105|109|128|0|0|939|0|01:29:25|Garmin Edge 520|https://www.strava.com/activities/1369559207
1/21/2018|122.75|03:52:44|431|0|0|0|0||0|0|31.6|60.5|83|113|135|178|0|0|3,040|0|04:03:36|Garmin Edge 520|https://www.strava.com/activities/1368118496
1/19/2018|90.55|02:50:34|111|0|0|0|0||0|0|31.9|55.8|86|114|131|173|0|0|2,382|0|02:57:02|Garmin Edge 520|https://www.strava.com/activities/1364540775
1/18/2018|65.23|02:06:47|342|0|0|0|0||0|0|30.9|50.8|78|109|131|157|0|0|1,831|0|02:10:13|Garmin Edge 520|https://www.strava.com/activities/1363021015
1/17/2018|45.04|01:26:13|130|0|0|0|0||0|0|31.3|45.4|84|106|126|156|0|0|1,255|0|01:31:19|Garmin Edge 520|https://www.strava.com/activities/1361491293
1/10/2018|104.13|03:46:06|2000|0|0|0|0||0|0|27.6|68|83|161|133|181|0|0|3,185|12|04:26:09|Garmin Edge 520|https://www.strava.com/activities/1350097603
1/9/2018|122.44|04:15:56|2213|0|0|0|0||0|0|28.7|70.2|81|132|134|181|0|0|3,569|11|04:44:08|Garmin Edge 520|https://www.strava.com/activities/1348445865
1/6/2018|101.07|03:10:13|1101|0|0|0|0||0|0|31.9|62.6|84|125|140|180|0|0|2,603|13|03:28:17|Garmin Edge 520|https://www.strava.com/activities/1343424867
1/5/2018|56.22|01:53:00|607|0|0|0|0||0|0|29.9|62.3|84|107|110|153|0|0|1,227|16|01:53:56|Garmin Edge 520|https://www.strava.com/activities/1341801101
1/1/2018|33.35|01:12:01|131|0|0|0|0||0|0|27.8|42.1|82|103|122|146|0|0|840|6|01:57:02|Garmin Edge 520|https://www.strava.com/activities/1337712092
1/26/2018|90.72|02:52:04|1052|0|0|0|0||0|0|31.6|63|85|115|117|171|0|0|1,943|9|03:22:55|Garmin Edge 520|https://www.strava.com/activities/1376009677
1/14/2018|188.51|06:20:37|3365|0|0|0|0||0|0|29.7|76|83|120|127|168|0|0|4,916|10|07:25:58|Garmin Edge 520|https://www.strava.com/activities/1357193225
1/13/2018|123.39|04:14:36|1679|0|0|0|0||0|0|29.1|76.7|82|125|124|175|0|0|3,099|11|04:32:59|Garmin Edge 520|https://www.strava.com/activities/1354874565
1/12/2018|29.35|01:10:45|452|0|0|0|0||0|0|24.9|76.7|72|107|105|135|0|0|331|15|01:36:09|Garmin Edge 520|https://www.strava.com/activities/1353043028
1/11/2018|176.25|06:03:34|3116|0|0|0|0||0|0|29.1|72.7|83|124|131|181|0|0|4,771|10|06:45:58|Garmin Edge 520|https://www.strava.com/activities/1351815447
1/8/2018|32.58|01:14:27|353|0|0|0|0||0|0|26.3|49.7|80|120|108|131|0|0|743|13|02:25:38|Garmin Edge 520|https://www.strava.com/activities/1346824693
1/7/2018|172.35|06:01:26|3102|0|0|0|0||0|0|28.6|72.7|82|118|138|184|0|0|4,753|10|06:49:00|Garmin Edge 520|https://www.strava.com/activities/1345560266
1/4/2018|29.29|01:03:47|317|0|0|0|0||0|0|27.6|48.2|0|0|103|138|0|0|616|18|01:36:08|Garmin Edge 520|https://www.strava.com/activities/1340801612
1/2/2018|77.38|02:34:42|456|0|0|0|0||0|0|30|58|79|108|128|165|0|0|2,080|0|02:36:34|Garmin Edge 520|https://www.strava.com/activities/1337199522
2/28/2018|83.67|03:01:48|656|0|0|0|0||0|0|27.6|52.6|80|115|0|0|0|0|2,493|-7|03:11:44|Garmin Edge 520|https://www.strava.com/activities/1429848280
2/15/2018|64.46|02:02:31|232|0|0|0|0||0|0|31.6|50|89|118|0|0|0|0|1,859|0|02:03:03|Garmin Edge 520|https://www.strava.com/activities/1408718583
2/14/2018|36.73|01:15:51|128|0|0|0|0||0|0|29.1|43.6|86|107|0|0|0|0|1,041|-2|01:17:52|Garmin Edge 520|https://www.strava.com/activities/1407118353
2/9/2018|2|00:09:03|161|0|0|0|0||0|0|13.3|43.2|71|106|0|0|0|0|53|33|00:13:48|Garmin Edge 520|https://www.strava.com/activities/1399512180
2/23/2018|116.86|03:19:40|682|0|0|0|0||0|0|35.1|79.9|89|141|0|0|0|0|2,820|8|03:22:11|Garmin Edge 520|https://www.strava.com/activities/1421859143
2/22/2018|155.11|03:46:45|1291|0|0|0|0||0|0|41|86|96|140|0|0|0|0|2,986|9|03:46:45|Garmin Edge 520|https://www.strava.com/activities/1420530300
2/21/2018|60.12|01:46:06|207|0|0|0|0||0|0|34|45.4|90|110|0|0|0|0|1,223|13|01:46:06|Garmin Edge 520|https://www.strava.com/activities/1418482217
2/20/2018|26.67|00:53:14|35|0|0|0|0||0|0|30.1|45|84|113|0|0|0|0|584|13|00:55:12|Garmin Edge 520|https://www.strava.com/activities/1416791618
2/19/2018|93.51|02:29:19|275|0|0|0|0||0|0|37.6|60.1|88|114|0|0|0|0|1,466|17|02:36:42|Garmin Edge 520|https://www.strava.com/activities/1415303074
2/18/2018|174.84|04:13:23|1299|0|0|0|0||0|0|41.4|86.4|95|142|0|0|0|0|3,531|20|04:13:23|Garmin Edge 520|https://www.strava.com/activities/1413703865
2/17/2018|73.67|02:06:38|303|0|0|0|0||0|0|34.9|75.6|0|0|0|0|0|0|1,891|20|02:12:38|Garmin Edge 520|https://www.strava.com/activities/1411791338
2/11/2018|186.54|04:31:16|2494|0|0|0|0||0|0|41.3|92.5|93|149|0|0|0|0|3,855|24|04:31:16|Garmin Edge 520|https://www.strava.com/activities/1403289377
2/10/2018|161.82|03:48:43|1842|0|0|0|0||0|0|42.5|100.4|95|149|0|0|0|0|3,053|28|03:48:43|Garmin Edge 520|https://www.strava.com/activities/1401259865
2/9/2018|152.17|03:19:22|1114|0|0|0|0||0|0|45.8|72|98|125|0|0|0|0|2,588|30|03:19:22|Garmin Edge 520|https://www.strava.com/activities/1399512309
2/8/2018|163.53|03:30:31|548|0|0|0|0||0|0|46.6|68.4|94|205|0|0|0|0|2,072|31|03:30:31|Garmin Edge 520|https://www.strava.com/activities/1398106490
2/7/2018|183.4|03:54:06|423|0|0|0|0||0|0|47|72.7|93|125|125|198|0|0|2,286|29|03:54:06|Garmin Edge 520|https://www.strava.com/activities/1396552405
2/6/2018|98.99|02:07:24|245|0|0|0|0||0|0|46.6|68|95|150|153|202|0|0|1,614|29|02:07:24|Garmin Edge 520|https://www.strava.com/activities/1394697031
2/5/2018|50.58|01:30:50|126|0|0|0|0||0|0|33.4|49.7|89|136|109|146|0|0|851|28|01:47:26|Garmin Edge 520|https://www.strava.com/activities/1393000108
2/3/2018|41.81|01:19:55|149|0|0|0|0||0|0|31.4|50.4|89|117|106|139|0|0|709|28|01:36:20|Garmin Edge 520|https://www.strava.com/activities/1389895535
2/1/2018|136.6|04:39:47|2453|0|0|0|0||0|0|29.3|69.5|84|128|132|168|0|0|3,941|13|05:05:29|Garmin Edge 520|https://www.strava.com/activities/1386316533
3/29/2018|40.64|01:28:25|134|0|0|0|0||0|0|27.6|53.3|79|115|0|0|0|0|965|3|01:34:10|Garmin Edge 520|https://www.strava.com/activities/1477736677
3/28/2018|117.25|03:27:15|580|0|0|0|0||0|0|33.9|60.1|86|118|0|0|0|0|3,237|0|03:30:46|Garmin Edge 520|https://www.strava.com/activities/1476228756
3/27/2018|25.17|00:55:17|116|0|0|0|0||0|0|27.3|47.9|80|167|0|0|0|0|619|1|01:03:30|Garmin Edge 520|https://www.strava.com/activities/1475000232
3/25/2018|9.81|00:20:18|27|0|0|0|0||0|0|29|53.6|85|106|0|0|0|0|112|9|00:20:18|Garmin Edge 520|https://www.strava.com/activities/1471064810
3/25/2018|12.37|00:22:05|296|0|0|0|0||0|0|33.6|59.8|90|161|0|0|0|0|492|9|00:22:05|Garmin Edge 520|https://www.strava.com/activities/1471064655
3/25/2018|21.51|00:49:11|342|0|0|0|0||0|0|26.2|63.7|77|115|0|0|0|0|500|8|00:50:18|Garmin Edge 520|https://www.strava.com/activities/1470411307
3/23/2018|6.58|00:18:45|10|0|0|0|0||0|0|21.1|43.6|79|109|0|0|0|0|118|13|00:40:41|Garmin Edge 520|https://www.strava.com/activities/1467447375
3/22/2018|12.96|00:16:42|45|0|0|0|0||0|0|46.6|62.3|98|136|0|0|0|0|316|8|00:16:42|Garmin Edge 520|https://www.strava.com/activities/1465816294
3/22/2018|23.36|00:42:51|74|0|0|0|0||0|0|32.7|52.6|89|115|0|0|0|0|442|9|00:45:45|Garmin Edge 520|https://www.strava.com/activities/1465816156
3/22/2018|0.88|00:02:10|2|0|0|0|0||0|0|24.4|41|90|110|0|0|0|0|23|8|00:05:58|Garmin Edge 520|https://www.strava.com/activities/1465455905
3/21/2018|29.35|01:01:35|69|0|0|0|0||0|0|28.6|44.3|97|117|0|0|0|0|163|6|01:09:23|Garmin Edge 520|https://www.strava.com/activities/1464233023
3/20/2018|29.75|01:08:27|145|0|0|0|0||0|0|26.1|47.9|78|111|0|0|0|0|690|4|01:19:41|Garmin Edge 520|https://www.strava.com/activities/1462243181
3/19/2018|37.09|01:20:38|127|0|0|0|0||0|0|27.6|40|77|106|0|0|0|0|879|3|01:23:55|Garmin Edge 520|https://www.strava.com/activities/1460726644
3/16/2018|87.6|02:28:18|338|0|0|0|0||0|0|35.4|54|89|127|0|0|0|0|2,167|0|02:35:37|Garmin Edge 520|https://www.strava.com/activities/1455708441
3/15/2018|27.85|01:02:13|172|0|0|0|0||0|0|26.9|39.2|78|100|0|0|0|0|647|4|01:22:58|Garmin Edge 520|https://www.strava.com/activities/1454148385
3/14/2018|93.52|02:45:40|389|0|0|0|0||0|0|33.9|63.4|85|136|0|0|0|0|2,764|1|02:45:40|Garmin Edge 520|https://www.strava.com/activities/1452573885
3/13/2018|83.86|02:37:12|551|0|0|0|0||0|0|32|61.6|82|115|0|0|0|0|2,378|9|02:37:12|Garmin Edge 520|https://www.strava.com/activities/1450759405
3/12/2018|55.09|01:52:51|212|0|0|0|0||0|0|29.3|42.5|80|109|0|0|0|0|1,205|7|01:56:42|Garmin Edge 520|https://www.strava.com/activities/1449191603
3/10/2018|132.11|04:02:50|597|0|0|0|0||0|0|32.6|51.1|84|188|0|0|0|0|3,675|3|04:14:26|Garmin Edge 520|https://www.strava.com/activities/1445589323
3/9/2018|40.34|01:25:37|121|0|0|0|0||0|0|28.3|39.6|79|150|0|0|0|0|1,000|4|01:29:57|Garmin Edge 520|https://www.strava.com/activities/1443715257
3/8/2018|151.95|04:13:48|528|0|0|0|0||0|0|35.9|60.1|87|122|0|0|0|0|3,833|2|04:31:46|Garmin Edge 520|https://www.strava.com/activities/1442304513
3/6/2018|60|01:54:01|148|0|0|0|0||0|0|31.6|51.1|86|113|0|0|0|0|1,551|3|01:55:34|Garmin Edge 520|https://www.strava.com/activities/1438977014
3/1/2018|87.37|02:08:31|265|0|0|0|0||0|0|40.8|84.6|91|121|0|0|0|0|1,619|-5|02:15:49|Garmin Edge 520|https://www.strava.com/activities/1431281230
3/31/2018|191.06|04:48:53|2559|0|0|0|0||0|0|39.7|79.9|95|167|0|0|0|0|4,787|9|04:48:53|Garmin Edge 520|https://www.strava.com/activities/1481801874
3/30/2018|29.49|01:07:25|332|0|0|0|0||0|0|26.3|59.8|81|112|0|0|0|0|740|11|01:10:00|Garmin Edge 520|https://www.strava.com/activities/1479985036
3/24/2018|169.86|03:48:52|450|0|0|0|0||0|0|44.5|65.5|96|127|0|0|0|0|4,018|12|03:49:10|Garmin Edge 520|https://www.strava.com/activities/1469200264
3/23/2018|126.96|03:50:51|2918|0|0|0|0||0|0|33|76.7|89|145|0|0|0|0|3,794|9|03:50:51|Garmin Edge 520|https://www.strava.com/activities/1467448047
3/22/2018|97.18|02:14:11|669|0|0|0|0||0|0|43.5|76|96|136|0|0|0|0|2,134|8|02:14:11|Garmin Edge 520|https://www.strava.com/activities/1465456262
3/18/2018|196.69|04:37:56|928|0|0|0|0||0|0|42.5|68.4|96|250|0|0|0|0|4,508|0|04:37:56|Garmin Edge 520|https://www.strava.com/activities/1459592041
3/17/2018|26.14|00:54:06|57|0|0|0|0||0|0|29|41|80|107|0|0|0|0|604|-2|00:56:06|Garmin Edge 520|https://www.strava.com/activities/1457120980
3/11/2018|171.11|04:51:13|594|0|0|0|0||0|0|35.3|67.3|86|125|0|0|0|0|4,191|13|05:19:12|Garmin Edge 520|https://www.strava.com/activities/1447635659
3/4/2018|200.21|04:51:18|2040|0|0|0|0||0|0|41.2|90.4|95|150|0|0|0|0|4,435|10|04:52:27|Garmin Edge 520|https://www.strava.com/activities/1436000921
3/3/2018|28.63|01:06:59|139|0|0|0|0||0|0|25.6|71.6|83|125|0|0|0|0|824|4|01:09:25|Garmin Edge 520|https://www.strava.com/activities/1433728932
4/29/2018|39.58|01:17:02|154|0|0|0|0||0|0|30.8|47.2|86|122|0|0|0|0|720|22|02:03:41|Garmin Edge 520|https://www.strava.com/activities/1538561078
4/28/2018|203.16|05:03:37|609|0|0|0|0||0|0|40.1|65.2|92|143|0|0|0|0|4,702|17|05:27:10|Garmin Edge 520|https://www.strava.com/activities/1536561195
4/27/2018|26.09|00:56:44|131|0|0|0|0||0|0|27.6|40.7|83|150|0|0|0|0|579|14|00:58:19|Garmin Edge 520|https://www.strava.com/activities/1534608794
4/26/2018|142.21|04:12:52|638|0|0|0|0||0|0|33.7|58.3|85|122|0|0|0|0|3,934|9|04:24:44|Garmin Edge 520|https://www.strava.com/activities/1532685474
4/25/2018|97.5|03:00:11|549|0|0|0|0||0|0|32.5|55.4|82|119|0|0|0|0|2,574|15|03:10:16|Garmin Edge 520|https://www.strava.com/activities/1530843405
4/24/2018|71.18|02:08:07|162|0|0|0|0||0|0|33.3|54|86|115|0|0|0|0|1,561|14|02:31:36|Garmin Edge 520|https://www.strava.com/activities/1528507503
4/23/2018|30.46|01:03:39|212|0|0|0|0||0|0|28.7|51.1|83|115|0|0|0|0|684|20|01:04:58|Garmin Edge 520|https://www.strava.com/activities/1526491053
4/22/2018|1.98|00:05:54|26|0|0|0|0||0|0|20.2|52.9|81|104|0|0|0|0|52|21|00:05:54|Garmin Edge 520|https://www.strava.com/activities/1525094280
4/21/2018|42.43|01:40:39|696|0|0|0|0||0|0|25.3|64.8|81|120|0|0|0|0|1,058|23|02:03:51|Garmin Edge 520|https://www.strava.com/activities/1521779962
4/20/2018|50.2|01:52:33|564|0|0|0|0||0|0|26.8|58|81|113|0|0|0|0|1,142|23|02:48:27|Garmin Edge 520|https://www.strava.com/activities/1519966881
4/19/2018|115.49|04:08:53|2507|0|0|0|0||0|0|27.8|69.5|82|130|0|0|0|0|3,379|18|04:19:21|Garmin Edge 520|https://www.strava.com/activities/1517956251
4/18/2018|109.01|04:04:09|2408|0|0|0|0||0|0|26.8|74.5|79|136|0|0|0|0|3,325|16|04:15:32|Garmin Edge 520|https://www.strava.com/activities/1515774103
4/17/2018|83.26|03:01:30|1676|0|0|0|0||0|0|27.5|64.4|80|150|0|0|0|0|2,522|11|03:04:18|Garmin Edge 520|https://www.strava.com/activities/1513548443
4/16/2018|25.36|00:53:12|101|0|0|0|0||0|0|28.6|55.1|80|103|0|0|0|0|639|9|00:54:55|Garmin Edge 520|https://www.strava.com/activities/1512194029
4/15/2018|82.14|02:25:11|307|0|0|0|0||0|0|33.9|59.8|83|117|0|0|0|0|1,600|19|02:40:55|Garmin Edge 520|https://www.strava.com/activities/1509796992
4/14/2018|61.33|02:01:32|179|0|0|0|0||0|0|30.3|46.4|78|107|0|0|0|0|1,507|13|02:27:15|Garmin Edge 520|https://www.strava.com/activities/1507526903
4/10/2018|23.52|01:02:01|225|0|0|0|0||0|0|22.8|46.1|81|118|0|0|0|0|542|19|01:10:22|Garmin Edge 520|https://www.strava.com/activities/1500308911
4/9/2018|56.47|01:52:28|217|0|0|0|0||0|0|30.1|45.4|79|111|0|0|0|0|1,194|18|02:41:36|Garmin Edge 520|https://www.strava.com/activities/1498420248
4/8/2018|124.86|02:57:25|1514|0|0|0|0||0|0|42.2|91.1|97|130|0|0|0|0|2,718||02:57:42||https://www.strava.com/activities/1559201093
4/8/2018|13.02|00:25:56|138|0|0|0|0||0|0|30.1|67.7|81|125|0|0|0|0|266||00:30:13||https://www.strava.com/activities/1559200820
4/7/2018|35.92|01:10:59|261|0|0|0|0||0|0|30.4|63.7|84|120|0|0|0|0|698|13|02:10:51|Garmin Edge 520|https://www.strava.com/activities/1494121994
4/6/2018|87.37|02:50:14|367|0|0|0|0||0|0|30.8|49.7|85|125|0|0|0|0|2,288|8|03:51:31|Garmin Edge 520|https://www.strava.com/activities/1492471318
4/30/2018|26.7|01:01:10|193|0|0|0|0||0|0|26.2|56.5|82|111|0|0|0|0|527|17|01:03:26|Garmin Edge 520|https://www.strava.com/activities/1540976422
4/22/2018|171.4|04:18:39|1819|0|0|0|0||0|0|39.8|73.4|98|136|0|0|0|0|3,534|21|04:18:39|Garmin Edge 520|https://www.strava.com/activities/1525096542
4/11/2018|201.07|04:55:58|2075|0|0|0|0||0|0|40.8|83.5|92|167|0|0|0|0|4,195|13|04:57:09|Garmin Edge 520|https://www.strava.com/activities/1502436814
4/8/2018|124.86|02:57:25|1297|0|0|0|0||0|0|42.2|91.1|97|130|0|0|0|0|2,718|17|02:57:42|Garmin Edge 520|https://www.strava.com/activities/1496906432
4/8/2018|13.02|00:25:56|137|0|0|0|0||0|0|30.1|67.7|81|125|0|0|0|0|266|18|00:30:13|Garmin Edge 520|https://www.strava.com/activities/1496385479
4/4/2018|153.4|03:36:28|376|0|0|0|0||0|0|42.5|66.2|94|122|0|0|0|0|3,243|13|03:52:09|Garmin Edge 520|https://www.strava.com/activities/1489035736
4/3/2018|30.54|01:07:18|82|0|0|0|0||0|0|27.2|46.8|86|134|0|0|0|0|632|15|01:14:34|Garmin Edge 520|https://www.strava.com/activities/1486988688
4/2/2018|75.01|02:40:35|759|0|0|0|0||0|0|28|72.4|83|125|0|0|0|0|1,747|8|02:51:12|Garmin Edge 520|https://www.strava.com/activities/1485133781
4/1/2018|26.67|01:03:12|264|0|0|0|0||0|0|25.3|76|81|110|0|0|0|0|560|7|01:38:23|Garmin Edge 520|https://www.strava.com/activities/1483328280
5/31/2018|3.2|00:10:04|4|0|0|0|0||0|0|19.1|34.2|73|110|113|133|0|0|23|25|00:13:57|Garmin Edge 520|https://www.strava.com/activities/1608157020
5/31/2018|10.22|00:26:50|109|0|0|0|0||0|0|22.9|50|77|105|116|159|0|0|231|25|01:14:12|Garmin Edge 520|https://www.strava.com/activities/1608156737
5/30/2018|51.93|01:42:06|215|0|0|0|0||0|0|30.5|51.1|83|115|108|139|0|0|1,146|24|02:28:44|Garmin Edge 520|https://www.strava.com/activities/1605446703
5/29/2018|22.66|00:50:26|118|0|0|0|0||0|0|27|50.4|78|107|99|123|0|0|460|27|01:03:21|Garmin Edge 520|https://www.strava.com/activities/1603249128
5/28/2018|192.45|04:52:05|708|0|0|0|0||0|0|39.5|65.9|89|136|135|177|0|0|4,246|28|06:04:10|Garmin Edge 520|https://www.strava.com/activities/1601690660
5/27/2018|77.93|02:15:54|273|0|0|0|0||0|0|34.4|51.1|83|109|116|158|0|0|1,479|25|02:55:37|Garmin Edge 520|https://www.strava.com/activities/1599200677
5/26/2018|52.47|01:35:45|203|0|0|0|0||0|0|32.9|58|84|113|115|144|0|0|1,162|22|01:46:17|Garmin Edge 520|https://www.strava.com/activities/1596843708
5/25/2018|11.73|00:52:49|43|0|0|0|0||0|0|13.3|23|49|67|0|0|0|0|3|19|00:58:10|Garmin Edge 520|https://www.strava.com/activities/1595401723
5/24/2018|4.9|00:13:54|22|0|0|0|0||0|0|21.2|33.5|72|97|0|0|0|0|67|24|00:23:40|Garmin Edge 520|https://www.strava.com/activities/1593278930
5/20/2018|26.64|00:53:50|91|0|0|0|0||0|0|29.7|40.3|84|107|0|0|0|0|638|13|00:54:25|Garmin Edge 520|https://www.strava.com/activities/1583316883
5/19/2018|108.01|03:01:01|368|0|0|0|0||0|0|35.8|60.5|85|112|0|0|0|0|2,312|21|03:18:07|Garmin Edge 520|https://www.strava.com/activities/1581750715
5/18/2018|165.47|05:03:53|1101|0|0|0|0||0|0|32.7|62.6|83|214|0|0|0|0|4,478|17|05:11:50|Garmin Edge 520|https://www.strava.com/activities/1579867252
5/17/2018|27.71|00:57:23|124|0|0|0|0||0|0|29|50|81|143|0|0|0|0|628|17|00:58:36|Garmin Edge 520|https://www.strava.com/activities/1577489895
5/16/2018|140.32|04:00:19|791|0|0|0|0||0|0|35|55.4|85|136|0|0|0|0|3,730|17|04:15:06|Garmin Edge 520|https://www.strava.com/activities/1575676889
5/15/2018|102.07|03:07:24|564|0|0|0|0||0|0|32.7|53.3|78|112|0|0|0|0|2,638|18|03:07:24|Garmin Edge 520|https://www.strava.com/activities/1573334441
5/14/2018|64.58|01:53:15|162|0|0|0|0||0|0|34.2|61.9|86|122|0|0|0|0|1,395|21|01:55:08|Garmin Edge 520|https://www.strava.com/activities/1571209735
5/13/2018|24.38|01:51:45|188|0|0|0|0||0|0|13.1|29.2|55|70|0|0|0|0|6|27|03:01:32|Garmin Edge 520|https://www.strava.com/activities/1569582620
5/11/2018|36.94|01:15:23|363|0|0|0|0||0|0|29.4|69.8|83|115|0|0|0|0|791|24|01:16:39|Garmin Edge 520|https://www.strava.com/activities/1564793869
5/10/2018|43.18|01:25:16|146|0|0|0|0||0|0|30.4|45|80|105|0|0|0|0|936|24|01:25:31|Garmin Edge 520|https://www.strava.com/activities/1561783971
5/7/2018|41.9|01:28:05|143|0|0|0|0||0|0|28.5|43.9|83|107|0|0|0|0|891|20|01:43:46|Garmin Edge 520|https://www.strava.com/activities/1555398908
5/4/2018|85.24|02:54:24|1477|0|0|0|0||0|0|29.3|67.7|80|136|0|0|0|0|2,473|13|02:55:39|Garmin Edge 520|https://www.strava.com/activities/1548762347
5/3/2018|53.25|01:56:07|779|0|0|0|0||0|0|27.5|72.7|83|109|0|0|0|0|1,452|17|02:00:45|Garmin Edge 520|https://www.strava.com/activities/1546783496
5/2/2018|34.16|01:11:31|137|0|0|0|0||0|0|28.7|42.5|81|105|0|0|0|0|780|12|01:13:29|Garmin Edge 520|https://www.strava.com/activities/1544682744
5/31/2018|38.19|00:53:59|408|0|0|0|0||0|0|42.4|69.1|97|126|172|196|0|0|1,003|24|00:53:59|Garmin Edge 520|https://www.strava.com/activities/1608157011
5/24/2018|181.8|04:35:35|2681|0|0|0|0||0|0|39.6|90.7|92|143|0|0|0|0|4,053|22|04:36:54|Garmin Edge 520|https://www.strava.com/activities/1593280361
5/23/2018|187.89|04:32:31|1679|0|0|0|0||0|0|41.4|79.9|91|136|0|0|0|0|3,434|21|04:33:14|Garmin Edge 520|https://www.strava.com/activities/1591153944
5/23/2018|5.06|00:10:43|56|0|0|0|0||0|0|28.4|57.2|83|109|0|0|0|0|99|27|00:10:43|Garmin Edge 520|https://www.strava.com/activities/1591152212
5/22/2018|201.95|04:45:21|1766|0|0|0|0||0|0|42.5|85|94|136|0|0|0|0|3,724|20|04:45:36|Garmin Edge 520|https://www.strava.com/activities/1588958693
5/21/2018|60|02:00:23|518|0|0|0|0||0|0|29.9|55.1|85|113|0|0|0|0|998|20|02:02:07|Garmin Edge 520|https://www.strava.com/activities/1586197043
5/12/2018|14.95|00:28:43|39|0|0|0|0||0|0|31.2|50.4|86|107|0|0|0|0|236|22|00:29:35|Garmin Edge 520|https://www.strava.com/activities/1567668552
5/12/2018|169.28|03:44:03|1443|0|0|0|0||0|0|45.3|83.5|99|136|0|0|0|0|3,768|20|03:44:38|Garmin Edge 520|https://www.strava.com/activities/1567468876
5/12/2018|12.88|00:26:31|257|0|0|0|0||0|0|29.2|61.2|88|113|0|0|0|0|325|31|00:26:54|Garmin Edge 520|https://www.strava.com/activities/1567467302
5/9/2018|134.59|03:47:15|641|0|0|0|0||0|0|35.5|59|91|121|0|0|0|0|3,040|21|04:41:16|Garmin Edge 520|https://www.strava.com/activities/1560661765
5/6/2018|142.31|05:01:29|2677|0|0|0|0||0|0|28.3|83.2|79|117|0|0|0|0|4,141|14|05:16:56|Garmin Edge 520|https://www.strava.com/activities/1553503660
5/5/2018|130.26|04:41:25|3035|0|0|0|0||0|0|27.8|78.5|0|0|0|0|0|0|4,022||05:02:51||https://www.strava.com/activities/1551085031
5/1/2018|212.41|05:23:29|3024|0|0|0|0||0|0|39.4|92.9|94|150|0|0|0|0|5,032|12|05:23:29|Garmin Edge 520|https://www.strava.com/activities/1543236643
6/30/2018|65.5|02:06:40|271|0|0|0|0||0|0|31|52.6|82|110|116|143|0|0|1,436|18|02:16:46|Garmin Edge 520|https://www.strava.com/activities/1671517920
6/29/2018|53.13|01:44:19|179|0|0|0|0||0|0|30.6|43.9|83|107|106|140|0|0|1,076|27|01:55:44|Garmin Edge 520|https://www.strava.com/activities/1669607454
6/28/2018|47.15|02:16:55|570|0|0|0|0||0|0|20.7|55.4|0|0|118|169|0|0|968|25|03:02:32|Garmin Edge 520|https://www.strava.com/activities/1667447421
6/24/2018|203.9|04:31:53|1651|0|0|0|0||0|0|45|71.3|98|136|160|194|0|0|4,091|14|04:31:53|Garmin Edge 520|https://www.strava.com/activities/1659526587
6/23/2018|67.44|02:04:54|470|0|0|0|0||0|0|32.4|55.1|85|136|109|150|0|0|972|14|02:05:58|Garmin Edge 520|https://www.strava.com/activities/1656306380
6/22/2018|33.3|01:08:24|96|0|0|0|0||0|0|29.2|41|80|167|109|129|0|0|682|11|01:09:42|Garmin Edge 520|https://www.strava.com/activities/1654363558
6/21/2018|134.57|04:01:00|489|0|0|0|0||0|0|33.5|63.7|86|200|131|179|0|0|2,827|25|04:38:54|Garmin Edge 520|https://www.strava.com/activities/1652729316
6/20/2018|70.9|02:23:57|279|0|0|0|0||0|0|29.6|50.4|81|105|104|132|0|0|1,452|21|02:47:01|Garmin Edge 520|https://www.strava.com/activities/1650386224
6/19/2018|51.69|01:44:41|205|0|0|0|0||0|0|29.6|64.4|80|102|111|132|0|0|1,111|20|02:18:56|Garmin Edge 520|https://www.strava.com/activities/1648699092
6/17/2018|6.29|00:21:11|55|0|0|0|0||0|0|17.8|35.6|63|94|107|129|0|0|102|24|00:25:18|Garmin Edge 520|https://www.strava.com/activities/1644433890
6/17/2018|21.2|00:27:36|197|0|0|0|0||0|0|46.1|82.1|99|118|166|180|0|0|547|23|00:27:36|Garmin Edge 520|https://www.strava.com/activities/1644433761
6/17/2018|22.65|00:41:09|207|0|0|0|0||0|0|33|77|85|115|119|137|0|0|419|17|00:41:09|Garmin Edge 520|https://www.strava.com/activities/1644433497
6/16/2018|12.66|00:26:04|5|0|0|0|0||0|0|29.2|38.9|82|111|104|117|0|0|120|24|00:35:28|Garmin Edge 520|https://www.strava.com/activities/1642033062
6/16/2018|154.2|03:57:12|2147|0|0|0|0||0|0|39|82.1|91|136|147|183|0|0|3,310|22|03:58:50|Garmin Edge 520|https://www.strava.com/activities/1642033547
6/15/2018|3.52|00:07:17|4|0|0|0|0||0|0|29|56.9|85|105|112|126|0|0|27|21|00:07:17|Garmin Edge 520|https://www.strava.com/activities/1639918466
6/15/2018|173.35|04:06:47|1855|0|0|0|0||0|0|42.1|87.8|94|158|142|189|0|0|3,161|19|04:15:17|Garmin Edge 520|https://www.strava.com/activities/1639918816
6/14/2018|154.94|03:42:01|1449|0|0|0|0||0|0|41.9|92.2|93|136|128|189|0|0|2,579|19|03:42:01|Garmin Edge 520|https://www.strava.com/activities/1637940823
6/13/2018|158|03:32:59|574|0|0|0|0||0|0|44.5|73.1|95|125|132|193|0|0|2,461|20|03:32:59|Garmin Edge 520|https://www.strava.com/activities/1636049060
6/13/2018|1.7|00:04:10|14|0|0|0|0||0|0|24.5|33.5|77|94|101|121|0|0|19|21|00:04:10|Garmin Edge 520|https://www.strava.com/activities/1636048169
6/11/2018|43.54|01:31:42|197|0|0|0|0||0|0|28.5|50|79|108|104|122|0|0|854|19|02:08:44|Garmin Edge 520|https://www.strava.com/activities/1631394589
6/10/2018|208.81|04:54:41|2087|0|0|0|0||0|0|42.5|85.3|96|167|145|192|0|0|3,769|22|04:54:41|Garmin Edge 520|https://www.strava.com/activities/1629663741
6/10/2018|8.52|00:20:02|20|0|0|0|0||0|0|25.5|41|82|115|113|140|0|0|97|20|00:21:10|Garmin Edge 520|https://www.strava.com/activities/1629633503
6/9/2018|33.13|01:05:18|123|0|0|0|0||0|0|30.4|43.6|85|109|114|133|0|0|691|24|01:11:14|Garmin Edge 520|https://www.strava.com/activities/1626391570
6/8/2018|46.07|01:34:54|206|0|0|0|0||0|0|29.1|52.2|81|103|104|125|0|0|1,014|30|01:58:18|Garmin Edge 520|https://www.strava.com/activities/1624994101
6/7/2018|141.24|04:01:17|601|0|0|0|0||0|0|35.1|61.2|87|120|127|171|0|0|3,357|23|04:22:50|Garmin Edge 520|https://www.strava.com/activities/1623013483
6/6/2018|64.65|02:01:04|311|0|0|0|0||0|0|32|57.6|84|118|110|141|0|0|1,541|20|02:02:33|Garmin Edge 520|https://www.strava.com/activities/1620731802
6/4/2018|40.82|01:28:55|164|0|0|0|0||0|0|27.5|44.6|78|115|106|132|0|0|933|23|01:50:18|Garmin Edge 520|https://www.strava.com/activities/1616563794
6/3/2018|171.27|04:02:55|1293|0|0|0|0||0|0|42.3|81|94|188|144|181|0|0|3,730|23|04:02:55|Garmin Edge 520|https://www.strava.com/activities/1615081854
6/2/2018|21.94|00:27:52|89|0|0|0|0||0|0|47.2|61.9|97|113|173|186|0|0|650|17|00:28:26|Garmin Edge 520|https://www.strava.com/activities/1612728442
6/2/2018|126.24|02:55:23|1025|0|0|0|0||0|0|43.2|79.6|94|136|139|189|0|0|2,455|25|03:01:01|Garmin Edge 520|https://www.strava.com/activities/1611695116
6/2/2018|4.45|00:08:32|22|0|0|0|0||0|0|31.3|47.2|85|109|127|152|0|0|92|24|00:15:46|Garmin Edge 520|https://www.strava.com/activities/1611694066
6/1/2018|193.22|04:44:24|1340|0|0|0|0||0|0|40.8|73.1|93|188|141|190|0|0|3,917|28|04:45:05|Garmin Edge 520|https://www.strava.com/activities/1610112349
6/1/2018|3.37|00:08:44|18|0|0|0|0||0|0|23.2|39.6|80|106|106|131|0|0|64|32|00:08:44|Garmin Edge 520|https://www.strava.com/activities/1610110396
7/31/2018|145.27|04:01:23|644|0|0|0|0||0|0|36.1|65.5|84|125|135|175|0|0|3,080|29|04:23:43|Garmin Edge 520|https://www.strava.com/activities/1739788965
7/30/2018|73.5|02:26:37|194|0|0|0|0||0|0|30.1|53.3|77|111|114|142|0|0|1,488|27|04:10:49|Garmin Edge 520|https://www.strava.com/activities/1737622138
7/29/2018|56.18|02:30:44|212|0|0|0|0||0|0|22.4|42.8|74|198|93|136|0|0|879|21|02:57:02|Garmin Edge 520|https://www.strava.com/activities/1735401903
7/26/2018|1.41|00:05:35|4|0|0|0|0||0|0|15.2|22.7|69|97|112|126|0|0|13|24|00:05:35|Garmin Edge 520|https://www.strava.com/activities/1729164620
7/25/2018|2.34|00:03:08|4|0|0|0|0||0|0|45|55.4|107|115|186|191|0|0|79|26|00:03:08|Garmin Edge 520|https://www.strava.com/activities/1726964073
7/25/2018|10.98|00:20:35|16|0|0|0|0||0|0|32|50|87|108|0|0|0|0|196|25|00:20:35|Garmin Edge 520|https://www.strava.com/activities/1726890122
7/24/2018|37.52|01:14:05|133|0|0|0|0||0|0|30.4|51.8|82|118|111|150|0|0|721|24|01:14:05|Garmin Edge 520|https://www.strava.com/activities/1724272432
7/23/2018|91.62|02:10:32|187|0|0|0|0||0|0|42.1|65.9|89|188|133|178|0|0|1,791|27|03:07:04|Garmin Edge 520|https://www.strava.com/activities/1722151415
7/20/2018|116.94|04:59:21|3499|0|0|0|0||0|0|23.4|92.9|75|136|140|183|0|0|3,427|19|05:32:13|Garmin Edge 520|https://www.strava.com/activities/1715259079
7/18/2018|134.61|04:19:25|1686|0|0|0|0||0|0|31.1|92.9|81|119|134|177|0|0|3,108|19|04:29:42|Garmin Edge 520|https://www.strava.com/activities/1710689408
7/17/2018|74.57|03:03:56|2163|0|0|0|0||0|0|24.3|84.6|72|120|133|174|0|0|2,164|17|03:11:23|Garmin Edge 520|https://www.strava.com/activities/1708202236
7/14/2018|101.07|04:08:33|2911|0|0|0|0||0|0|24.4|99.7|75|136|141|183|0|0|3,031|18|04:17:28|Garmin Edge 520|https://www.strava.com/activities/1701680534
7/12/2018|121.06|04:09:50|2107|0|0|0|0||0|0|29.1|93.6|80|125|136|165|0|0|3,076|15|04:17:30|Garmin Edge 520|https://www.strava.com/activities/1697467810
7/11/2018|82.26|03:35:41|2446|0|0|0|0||0|0|22.9|88.9|69|136|129|169|0|0|2,429|18|03:41:06|Garmin Edge 520|https://www.strava.com/activities/1695311018
7/9/2018|15.53|00:44:20|73|0|0|0|0||0|0|21|81|66|89|0|0|0|0|91|26|02:08:11|Garmin Edge 520|https://www.strava.com/activities/1690870050
7/8/2018|136.77|06:04:37|4005|0|0|0|0||0|0|22.5|88.2|74|125|136|169|0|0|4,078|20|07:03:14|Garmin Edge 520|https://www.strava.com/activities/1689207102
7/7/2018|86.6|03:01:57|1344|0|0|0|0||0|0|28.6|118.8|79|130|133|183|0|0|2,098|13|03:03:56|Garmin Edge 520|https://www.strava.com/activities/1686429766
7/6/2018|31|01:51:17|558|0|0|0|0||0|0|16.7|63.7|64|104|97|151|0|0|624|15|02:30:36|Garmin Edge 520|https://www.strava.com/activities/1684295009
7/5/2018|94.47|03:56:38|2613|0|0|0|0||0|0|24|88.9|76|167|136|186|0|0|2,701|15|04:01:22|Garmin Edge 520|https://www.strava.com/activities/1682532596
7/4/2018|77.87|03:04:59|1362|0|0|0|0||0|0|25.3|81.7|0|0|117|148|0|0|1,242|19|03:34:27|Garmin Edge 520|https://www.strava.com/activities/1680113994
7/28/2018|168.57|03:42:33|211|0|0|0|0||0|0|45.4|60.1|93|120|146|188|0|0|3,063|29|03:43:32|Garmin Edge 520|https://www.strava.com/activities/1733473498
7/27/2018|166.09|03:36:15|547|0|0|0|0||0|0|46.1|67|94|125|155|189|0|0|3,183|24|03:36:15|Garmin Edge 520|https://www.strava.com/activities/1731224385
7/27/2018|1.5|00:03:55|5|0|0|0|0||0|0|23|33.5|73|107|110|126|0|0|24|29|00:03:55|Garmin Edge 520|https://www.strava.com/activities/1731223353
7/26/2018|166.41|03:47:47|803|0|0|0|0||0|0|43.8|63.7|92|167|154|191|0|0|3,240|23|03:49:59|Garmin Edge 520|https://www.strava.com/activities/1729164822
7/22/2018|72.27|02:18:24|396|0|0|0|0||0|0|31.3|54.4|81|107|119|160|0|0|1,594|24|02:25:16|Garmin Edge 520|https://www.strava.com/activities/1719799767
7/19/2018|35.47|01:19:57|436|0|0|0|0||0|0|26.6|74.9|76|114|104|140|0|0|661|22|01:58:18|Garmin Edge 520|https://www.strava.com/activities/1712780821
7/16/2018|44.97|01:37:22|457|0|0|0|0||0|0|27.7|79.6|77|141|108|146|0|0|845|20|02:33:30|Garmin Edge 520|https://www.strava.com/activities/1706121847
7/15/2018|123.75|05:01:10|3305|0|0|0|0||0|0|24.7|90.7|77|120|131|164|0|0|3,478|18|05:18:32|Garmin Edge 520|https://www.strava.com/activities/1704340282
7/10/2018|107.1|03:51:08|1834|0|0|0|0||0|0|27.8|88.9|81|136|126|179|0|0|2,478|17|04:32:09|Garmin Edge 520|https://www.strava.com/activities/1693186411
7/3/2018|39.47|01:26:58|447|0|0|0|0||0|0|27.2|87.1|79|115|118|149|0|0|846|18|01:42:33|Garmin Edge 520|https://www.strava.com/activities/1677915418
7/1/2018|101.19|03:02:23|417|0|0|0|0||0|0|33.3|54.7|85|136|113|163|0|0|1,686|18|03:28:47|Garmin Edge 520|https://www.strava.com/activities/1673700913
8/31/2018|38.83|01:25:45|161|0|0|0|0||0|0|27.2|50.8|80|108|100|156|0|0|753|18|01:37:57|Garmin Edge 520|https://www.strava.com/activities/1809406095
8/30/2018|40.37|01:28:10|379|0|0|0|0||0|0|27.5|55.8|80|122|101|135|0|0|829|18|01:29:49|Garmin Edge 520|https://www.strava.com/activities/1807757930
8/29/2018|137.03|04:02:56|560|0|0|0|0||0|0|33.8|62.3|81|188|130|172|0|0|3,194|21|04:16:34|Garmin Edge 520|https://www.strava.com/activities/1805156032
8/28/2018|50.16|01:39:13|204|0|0|0|0||0|0|30.3|69.5|77|113|109|130|0|0|1,072|17|01:44:11|Garmin Edge 520|https://www.strava.com/activities/1802559645
8/24/2018|1.38|00:05:20|2|0|0|0|0||0|0|15.6|20.9|75|91|103|113|0|0|11|18|00:05:20|Garmin Edge 520|https://www.strava.com/activities/1794354341
8/17/2018|33.08|01:05:58|112|0|0|0|0||0|0|30.1|47.5|78|104|108|127|0|0|648|25|01:32:08|Garmin Edge 520|https://www.strava.com/activities/1777951790
8/16/2018|130.61|03:48:11|473|0|0|0|0||0|0|34.3|55.4|82|167|121|178|0|0|2,567|25|04:27:34|Garmin Edge 520|https://www.strava.com/activities/1776085071
8/15/2018|146.29|04:10:55|574|0|0|0|0||0|0|35|66.2|83|114|132|184|0|0|3,336|20|04:56:37|Garmin Edge 520|https://www.strava.com/activities/1773944941
8/14/2018|76.22|02:29:10|269|0|0|0|0||0|0|30.7|46.1|80|105|102|129|0|0|1,549|22|02:52:43|Garmin Edge 520|https://www.strava.com/activities/1771292821
8/13/2018|66.31|02:13:31|285|0|0|0|0||0|0|29.8|52.9|79|214|112|161|0|0|1,444|29|03:02:09|Garmin Edge 520|https://www.strava.com/activities/1769251380
8/8/2018|4.77|00:13:43|59|0|0|0|0||0|0|20.9|46.8|71|100|107|149|0|0|94|30|00:21:35|Garmin Edge 520|https://www.strava.com/activities/1758453553
8/7/2018|3.02|00:07:12|5|0|0|0|0||0|0|25.2|69.5|75|100|99|130|0|0|12|25|00:08:29|Garmin Edge 520|https://www.strava.com/activities/1756119163
8/5/2018|1.8|00:04:02|5|0|0|0|0||0|0|26.9|45|84|106|107|131|0|0|20|28|00:04:23|Garmin Edge 520|https://www.strava.com/activities/1752249968
8/4/2018|133.03|02:59:42|1223|0|0|0|0||0|0|44.4|86|97|150|174|197|0|0|2,921|28|02:59:42|Garmin Edge 520|https://www.strava.com/activities/1750067276
8/4/2018|8.39|00:16:08|51|0|0|0|0||0|0|31.2|51.8|85|107|135|172|0|0|133|33|00:16:08|Garmin Edge 520|https://www.strava.com/activities/1750066717
8/4/2018|19.75|00:42:42|218|0|0|0|0||0|0|27.8|57.6|78|115|117|151|0|0|360|29|00:43:02|Garmin Edge 520|https://www.strava.com/activities/1748485131
8/3/2018|28.24|01:00:30|362|0|0|0|0||0|0|28|62.3|82|136|120|157|0|0|575|30|01:08:55|Garmin Edge 520|https://www.strava.com/activities/1746974603
8/2/2018|60.48|01:27:33|163|0|0|0|0||0|0|41.4|70.2|90|123|124|159|0|0|1,058|30|01:29:53|Garmin Edge 520|https://www.strava.com/activities/1744517852
8/1/2018|36.59|01:11:47|99|0|0|0|0||0|0|30.6|42.8|78|100|103|127|0|0|709|32|01:12:57|Garmin Edge 520|https://www.strava.com/activities/1742043791
8/26/2018|185.29|04:09:28|399|0|0|0|0||0|0|44.6|64.4|94|250|156|180|0|0|3,869|17|04:09:28|Garmin Edge 520|https://www.strava.com/activities/1798911398
8/25/2018|40.21|01:28:55|82|0|0|0|0||0|0|27.1|43.2|81|115|130|182|0|0|641|16|02:26:03|Garmin Edge 520|https://www.strava.com/activities/1796014466
8/24/2018|199.52|04:35:28|1202|0|0|0|0||0|0|43.5|86.8|96|200|157|188|0|0|3,998|18|04:35:28|Garmin Edge 520|https://www.strava.com/activities/1794352164
8/23/2018|39.39|01:26:02|109|0|0|0|0||0|0|27.5|52.2|83|120|107|154|0|0|720|20|02:16:11|Garmin Edge 520|https://www.strava.com/activities/1791875856
8/21/2018|213.6|04:56:14|1470|0|0|0|0||0|0|43.3|114.8|97|214|143|188|0|0|2,338|26|05:00:23|Garmin Edge 520|https://www.strava.com/activities/1791886194
8/20/2018|37.97|01:26:57|118|0|0|0|0||0|0|26.2|43.9|82|115|94|128|0|0|600|20|02:05:48|Garmin Edge 520|https://www.strava.com/activities/1784974985
8/19/2018|217|04:50:28|1188|0|0|0|0||0|0|44.8|71.3|96|150|137|186|0|0|3,482|22|04:50:28|Garmin Edge 520|https://www.strava.com/activities/1783096506
8/18/2018|70.09|02:15:56|184|0|0|0|0||0|0|30.9|46.4|82|115|106|143|0|0|1,258|24|02:21:15|Garmin Edge 520|https://www.strava.com/activities/1780601420
8/10/2018|136.65|03:52:20|2459|0|0|0|0||0|0|35.3|93.2|87|167|147|177|0|0|3,429|20|03:52:20|Garmin Edge 520|https://www.strava.com/activities/1763018737
8/9/2018|133.5|03:37:30|2619|0|0|0|0||0|0|36.8|94|86|214|141|167|0|0|2,981|22|03:37:30|Garmin Edge 520|https://www.strava.com/activities/2237117167
8/8/2018|151.72|03:39:40|1968|0|0|0|0||0|0|41.4|86.4|92|167|141|191|0|0|2,764|27|03:39:40|Garmin Edge 520|https://www.strava.com/activities/1758454456
8/7/2018|178.31|04:34:30|2170|0|0|0|0||0|0|39|106.2|90|167|135|181|0|0|3,310|29|04:35:02|Garmin Edge 520|https://www.strava.com/activities/1756114260
8/7/2018|4.26|00:09:01|30|0|0|0|0||0|0|28.4|47.9|79|102|110|145|0|0|52|34|00:09:16|Garmin Edge 520|https://www.strava.com/activities/1756112827
8/6/2018|137.84|03:10:28|842|0|0|0|0||0|0|43.4|73.1|94|150|151|182|0|0|2,925|24|03:10:28|Garmin Edge 520|https://www.strava.com/activities/1754188587
8/6/2018|7.3|00:17:24|46|0|0|0|0||0|0|25.2|47.5|75|107|109|138|0|0|82|29|00:17:24|Garmin Edge 520|https://www.strava.com/activities/1754187769
8/5/2018|144.07|03:16:43|805|0|0|0|0||0|0|43.9|85.3|92|132|132|191|0|0|2,256|25|03:17:16|Garmin Edge 520|https://www.strava.com/activities/1752250931
9/30/2018|136.76|04:02:25|657|0|0|0|0||0|0|33.9|60.5|80|125|129|177|0|0|3,074|12|04:25:56|Garmin Edge 520|https://www.strava.com/activities/1875312996
9/29/2018|80.1|02:17:19|280|0|0|0|0||0|0|35|73.4|84|134|122|177|0|0|1,546|12|02:44:33|Garmin Edge 520|https://www.strava.com/activities/1872714416
9/23/2018|12.72|00:34:27|11|0|0|0|0||0|0|22.2|34.9|75|101|93|121|0|0|147|27|01:22:41|Garmin Edge 520|https://www.strava.com/activities/1860798244
9/20/2018|43.91|01:26:32|159|0|0|0|0||0|0|30.4|44.3|79|103|109|135|0|0|889|22|01:39:11|Garmin Edge 520|https://www.strava.com/activities/1853931532
9/19/2018|130.4|04:01:23|766|0|0|0|0||0|0|32.4|59|81|124|130|180|0|0|2,973|24|04:10:47|Garmin Edge 520|https://www.strava.com/activities/1852055808
9/18/2018|63.48|02:03:57|252|0|0|0|0||0|0|30.7|50.4|80|125|109|138|0|0|1,295|25|02:06:14|Garmin Edge 520|https://www.strava.com/activities/1849553694
9/17/2018|28.97|01:02:51|104|0|0|0|0||0|0|27.7|41.8|74|105|104|127|0|0|525|23|01:39:50|Garmin Edge 520|https://www.strava.com/activities/1848492284
9/15/2018|3.17|00:05:50|2|0|0|0|0||0|0|32.6|42.1|88|108|122|144|0|0|35|25|00:05:50|Garmin Edge 520|https://www.strava.com/activities/1843100886
9/14/2018|6.28|00:14:53|13|0|0|0|0||0|0|25.3|38.2|79|102|0|0|0|0|88|25|00:38:59|Garmin Edge 520|https://www.strava.com/activities/1841240272
9/14/2018|34.91|01:09:16|99|0|0|0|0||0|0|30.2|49.7|84|110|109|143|0|0|634|27|01:10:13|Garmin Edge 520|https://www.strava.com/activities/1840975317
9/13/2018|38.71|01:19:42|175|0|0|0|0||0|0|29.1|42.8|76|167|102|122|0|0|719|12|01:39:51|Garmin Edge 520|https://www.strava.com/activities/1839073182
9/12/2018|137.34|04:05:14|648|0|0|0|0||0|0|33.6|59|82|214|136|182|0|0|2,969|25|04:19:33|Garmin Edge 520|https://www.strava.com/activities/1836589766
9/11/2018|70.17|02:12:44|207|0|0|0|0||0|0|31.7|43.9|77|122|114|152|0|0|1,510|18|02:13:23|Garmin Edge 520|https://www.strava.com/activities/1833970879
9/8/2018|40.42|01:11:22|98|0|0|0|0||0|0|34|49|80|111|99|138|0|0|610|19|01:55:33|Garmin Edge 520|https://www.strava.com/activities/1827017696
9/7/2018|57.47|02:00:36|255|0|0|0|0||0|0|28.6|50.8|76|113|102|155|0|0|1,149|20|02:55:19|Garmin Edge 520|https://www.strava.com/activities/1824999194
9/6/2018|100.37|03:01:33|431|0|0|0|0||0|0|33.2|61.6|82|115|119|161|0|0|2,254|15|03:08:55|Garmin Edge 520|https://www.strava.com/activities/1823045286
9/5/2018|113.43|03:16:40|241|0|0|0|0||0|0|34.6|47.9|84|132|127|159|0|0|2,629|20|03:18:54|Garmin Edge 520|https://www.strava.com/activities/1820843291
9/4/2018|55.54|01:51:55|213|0|0|0|0||0|0|29.8|53.6|78|119|110|158|0|0|1,132|18|02:37:33|Garmin Edge 520|https://www.strava.com/activities/1818380360
9/2/2018|8.79|00:17:44|10|0|0|0|0||0|0|29.7|47.2|83|107|119|151|0|0|113|24|00:17:44|Garmin Edge 520|https://www.strava.com/activities/1814713613
9/27/2018|129.22|04:01:19|562|0|0|0|0||0|0|32.1|63.7|77|150|117|169|0|0|2,771|15|04:27:27|Garmin Edge 520|https://www.strava.com/activities/1868885712
9/26/2018|90.31|03:02:44|1042|0|0|0|0||0|0|29.7|67|75|108|120|150|0|0|2,162|10|03:05:57|Garmin Edge 520|https://www.strava.com/activities/1866657739
9/25/2018|94.63|02:55:12|550|0|0|0|0||0|0|32.4|56.2|79|118|126|176|0|0|2,212|10|02:58:36|Garmin Edge 520|https://www.strava.com/activities/1864552413
9/23/2018|102.45|02:37:08|1373|0|0|0|0||0|0|39.1|77.8|92|136|139|183|0|0|2,014|27|02:42:16|Garmin Edge 520|https://www.strava.com/activities/1860799241
9/22/2018|143.36|04:01:34|2009|0|0|0|0||0|0|35.6|77.4|91|150|147|188|0|0|3,015|28|04:06:36|Garmin Edge 520|https://www.strava.com/activities/1858222417
9/21/2018|33.73|01:09:29|57|0|0|0|0||0|0|29.1|46.1|79|102|103|133|0|0|613|26|01:12:51|Garmin Edge 520|https://www.strava.com/activities/1856292309
9/16/2018|190.81|04:30:04|1802|0|0|0|0||0|0|42.4|81.7|94|136|147|188|0|0|3,562|23|04:30:28|Garmin Edge 520|https://www.strava.com/activities/1845642357
9/16/2018|6.2|00:21:03|24|0|0|0|0||0|0|17.7|39.6|66|96|94|121|0|0|64|24|01:12:42|Garmin Edge 520|https://www.strava.com/activities/1845638859
9/15/2018|179.51|04:57:16|2621|0|0|0|0||0|0|36.2|85.7|91|141|148|191|0|0|3,570|23|04:59:15|Garmin Edge 520|https://www.strava.com/activities/1843103431
9/9/2018|131.66|03:15:08|961|0|0|0|0||0|0|40.5|72.7|92|124|151|189|0|0|2,789|16|04:17:12|Garmin Edge 520|https://www.strava.com/activities/1829582922
9/2/2018|206.04|05:10:56|220|0|0|0|0||0|0|39.8|62.6|93|214|151|183|0|0|3,453|22|05:10:56|Garmin Edge 520|https://www.strava.com/activities/1814715599
9/1/2018|204.32|04:42:03|1880|0|0|0|0||0|0|43.5|86|95|214|152|190|0|0|3,656|23|04:44:15|Garmin Edge 520|https://www.strava.com/activities/1811915066
10/30/2018|3.17|00:18:01|0|0|0|0|0||0|0|0|0|0|0|0|0|0|0|||00:00:00||https://www.strava.com/activities/1935890988
10/26/2018|21.35|00:50:21|115|0|0|0|0||0|0|25.4|43.6|0|0|135|165|0|0|607|7|00:51:48|Garmin Edge 520|https://www.strava.com/activities/1927890924
10/22/2018|28.89|01:18:15|209|0|0|0|0||0|0|22.2|47.9|0|0|134|181|0|0|807|7|01:20:35|Garmin Edge 520|https://www.strava.com/activities/1920850653
10/18/2018|41.88|02:03:42|369|0|0|0|0||0|0|20.3|53.6|0|0|111|166|0|0|831|15|02:30:31|Garmin Edge 520|https://www.strava.com/activities/1912655385
10/17/2018|32.31|01:24:09|205|0|0|0|0||0|0|23|39.6|0|0|120|167|0|0|684|15|01:36:57|Garmin Edge 520|https://www.strava.com/activities/1910576208
10/14/2018|1.66|00:06:15|42|0|0|0|0||0|0|16|46.1|62|100|107|128|0|0|41|21|00:06:56|Garmin Edge 520|https://www.strava.com/activities/1904021735
10/10/2018|3.65|00:08:52|9|0|0|0|0||0|0|24.7|43.9|80|100|114|130|0|0|43|30|00:13:09|Garmin Edge 520|https://www.strava.com/activities/1896325702
10/9/2018|2.4|00:06:44|2|0|0|0|0||0|0|21.4|29.2|80|103|113|131|0|0|24|28|00:06:44|Garmin Edge 520|https://www.strava.com/activities/1893623816
10/9/2018|2.02|00:10:24|4|0|0|0|0||0|0|11.7|26.3|63|90|87|103|0|0|15|20|00:35:27|Garmin Edge 520|https://www.strava.com/activities/1893622849
10/6/2018|122.73|03:21:49|612|0|0|0|0||0|0|36.5|64.1|85|119|136|182|0|0|2,643|17|03:30:28|Garmin Edge 520|https://www.strava.com/activities/1887437408
10/5/2018|61.34|01:58:20|236|0|0|0|0||0|0|31.1|54.4|77|110|116|150|0|0|1,317|18|02:08:12|Garmin Edge 520|https://www.strava.com/activities/1885560978
10/4/2018|36.86|01:15:21|97|0|0|0|0||0|0|29.4|44.3|77|214|107|128|0|0|741|11|01:17:57|Garmin Edge 520|https://www.strava.com/activities/1883279266
10/1/2018|31.14|01:03:35|190|0|0|0|0||0|0|29.4|49.3|79|125|106|137|0|0|664|14|01:14:27|Garmin Edge 520|https://www.strava.com/activities/1877292898
10/14/2018|165.31|03:42:56|1201|0|0|0|0||0|0|44.5|77.4|91|138|129|178|0|0|2,581|18|03:42:56|Garmin Edge 520|https://www.strava.com/activities/1904023641
10/13/2018|7.48|00:16:05|82|0|0|0|0||0|0|27.9|41.4|80|115|113|136|0|0|110|21|00:16:05|Garmin Edge 520|https://www.strava.com/activities/1901990864
10/13/2018|136.49|03:19:05|770|0|0|0|0||0|0|41.1|78.5|89|127|129|180|0|0|2,263|20|03:19:05|Garmin Edge 520|https://www.strava.com/activities/1901590597
10/12/2018|206.17|05:33:46|2581|0|0|0|0||0|0|37.1|100.1|86|143|133|186|0|0|3,651|25|05:34:43|Garmin Edge 520|https://www.strava.com/activities/1900047892
10/11/2018|136.86|03:25:17|1447|0|0|0|0||0|0|40|98.6|91|155|133|197|0|0|2,237|26|03:26:12|Garmin Edge 520|https://www.strava.com/activities/1898089658
10/11/2018|7.29|00:17:41|41|0|0|0|0||0|0|24.7|49.7|76|95|129|148|0|0|102|24|00:17:41|Garmin Edge 520|https://www.strava.com/activities/1898120060
10/10/2018|152.55|03:32:11|481|0|0|0|0||0|0|43.1|74.5|91|123|127|188|0|0|1,979|27|03:34:30|Garmin Edge 520|https://www.strava.com/activities/1895771900
10/9/2018|149.57|03:31:46|1335|0|0|0|0||0|0|42.4|94|93|167|133|191|0|0|2,344|21|03:32:19|Garmin Edge 520|https://www.strava.com/activities/1893624056
10/8/2018|47.57|01:25:50|306|0|0|0|0||0|0|33.3|76|82|107|104|157|0|0|564|22|01:29:19|Garmin Edge 520|https://www.strava.com/activities/1891602419
10/3/2018|212.23|04:47:52|943|0|0|0|0||0|0|44.2|76.3|95|167|150|189|0|0|3,897|13|04:48:16|Garmin Edge 520|https://www.strava.com/activities/1881615452
11/29/2018|70.66|02:21:15|337|0|0|0|0||0|0|30|51.1|0|0|130|153|0|0|1,354|-1|02:26:17|Garmin Edge 520|https://www.strava.com/activities/1990993047
11/28/2018|88.3|03:01:25|420|0|0|0|0||0|0|29.2|54.4|0|0|133|162|0|0|1,734|0|03:12:09|Garmin Edge 520|https://www.strava.com/activities/1989306265
11/26/2018|83.19|02:40:13|168|0|0|0|0||0|0|31.2|42.1|0|0|133|158|0|0|1,548|0|02:48:46|Garmin Edge 520|https://www.strava.com/activities/1985873223
11/22/2018|25.28|01:18:48|659|0|0|0|0||0|0|19.2|56.2|0|0|0|0|0|0|102|-2|01:19:29|Garmin Edge 520|https://www.strava.com/activities/1978470111
11/19/2018|30.1|01:01:52|176|0|0|0|0||0|0|29.2|51.8|0|0|121|153|0|0|537|2|01:04:07|Garmin Edge 520|https://www.strava.com/activities/1973651703
11/18/2018|56.39|02:35:38|581|0|0|0|0||0|0|21.7|46.8|0|0|127|169|0|0|1,370|0|02:51:01|Garmin Edge 520|https://www.strava.com/activities/1971716678
11/15/2018|60.52|02:34:13|513|0|0|0|0||0|0|23.5|44.3|0|0|132|174|0|0|1,450|4|02:54:56|Garmin Edge 520|https://www.strava.com/activities/1966010342
11/14/2018|30.76|01:12:54|247|0|0|0|0||0|0|25.3|43.6|0|0|134|164|0|0|813|6|01:14:29|Garmin Edge 520|https://www.strava.com/activities/1964390792
11/12/2018|42.52|01:41:03|155|0|0|0|0||0|0|25.2|42.1|0|0|126|171|0|0|985|8|02:53:52|Garmin Edge 520|https://www.strava.com/activities/1960384379
11/12/2018|0.78|00:03:18|0|0|0|0|0||0|0|0|0|0|0|0|0|0|0|||00:00:00||https://www.strava.com/activities/1959858441
11/11/2018|52.04|02:13:26|272|0|0|0|0||0|0|23.4|52.9|0|0|119|167|0|0|1,023|4|02:35:12|Garmin Edge 520|https://www.strava.com/activities/1958494687
11/10/2018|42.54|02:03:26|358|0|0|0|0||0|0|20.7|38.5|0|0|130|166|0|0|1,157|8|02:26:09|Garmin Edge 520|https://www.strava.com/activities/1956346828
11/9/2018|30.26|01:14:27|162|0|0|0|0||0|0|24.4|42.8|0|0|130|160|0|0|746|5|01:21:22|Garmin Edge 520|https://www.strava.com/activities/1954907998
11/8/2018|40.13|01:59:39|229|0|0|0|0||0|0|20.1|43.6|0|0|134|178|0|0|1,240|6|02:24:08|Garmin Edge 520|https://www.strava.com/activities/1953183633
11/5/2018|32.07|01:03:56|136|0|0|0|0||0|0|30.1|44.3|0|0|123|150|0|0|602|13|01:07:19|Garmin Edge 520|https://www.strava.com/activities/1947292924
11/4/2018|65.32|02:00:47|187|0|0|0|0||0|0|32.4|46.1|79|111|129|162|0|0|1,393|7|02:13:26|Garmin Edge 520|https://www.strava.com/activities/1945221986
11/23/2018|19.88|03:31:17|0|0|0|0|0||0|0|0|0|0|0|0|0|0|0|||00:00:00||https://www.strava.com/activities/1980455280
12/31/2018|105.01|03:30:32|725|0|0|0|0||0|0|29.9|54|74|112|123|159|0|0|2,554|0|03:46:53|Garmin Edge 520|https://www.strava.com/activities/2046474357
12/29/2018|42.99|01:25:22|123|0|0|0|0||0|0|30.2|42.1|77|100|112|142|0|0|1,007|3|01:27:46|Garmin Edge 520|https://www.strava.com/activities/2041907757
12/27/2018|137.79|04:07:27|504|0|0|0|0||0|0|33.4|61.6|80|127|135|169|0|0|3,467|3|04:12:08|Garmin Edge 520|https://www.strava.com/activities/2038147247
12/24/2018|105.4|03:20:18|521|0|0|0|0||0|0|31.6|63|78|113|124|176|0|0|2,596|-1|03:31:53|Garmin Edge 520|https://www.strava.com/activities/2033170404
12/23/2018|53.91|02:25:22|414|0|0|0|0||0|0|22.3|43.9|0|0|139|181|0|0|1,644|3|03:16:41|Garmin Edge 520|https://www.strava.com/activities/2031379747
12/21/2018|101.44|03:34:39|1839|0|0|0|0||0|0|28.4|63.4|78|119|128|171|0|0|2,632|10|03:46:00|Garmin Edge 520|https://www.strava.com/activities/2027899617
12/20/2018|157.32|05:33:17|2809|0|0|0|0||0|0|28.3|66.2|76|117|124|153|0|0|3,958|11|06:16:32|Garmin Edge 520|https://www.strava.com/activities/2026755340
12/19/2018|130.76|04:31:56|2020|0|0|0|0||0|0|28.9|68.4|76|120|124|168|0|0|3,326|14|05:10:20|Garmin Edge 520|https://www.strava.com/activities/2025051814
12/18/2018|107.72|03:47:59|1934|0|0|0|0||0|0|28.3|70.6|78|143|129|187|0|0|2,920|12|03:53:22|Garmin Edge 520|https://www.strava.com/activities/2023293306
12/17/2018|30.63|01:12:14|379|0|0|0|0||0|0|25.4|50.8|72|110|100|128|0|0|642|17|03:26:28|Garmin Edge 520|https://www.strava.com/activities/2021646740
12/16/2018|154.1|05:23:39|2581|0|0|0|0||0|0|28.6|76|73|116|127|162|0|0|4,042|15|06:03:28|Garmin Edge 520|https://www.strava.com/activities/2020264260
12/15/2018|131.19|04:28:01|2070|0|0|0|0||0|0|29.4|86.8|77|131|135|190|0|0|3,464|14|04:57:36|Garmin Edge 520|https://www.strava.com/activities/2018277851
12/14/2018|100.45|03:41:53|1449|0|0|0|0||0|0|27.2|66.2|73|126|128|182|0|0|2,549|12|03:58:48|Garmin Edge 520|https://www.strava.com/activities/2016643126
12/13/2018|66.86|02:22:20|900|0|0|0|0||0|0|28.2|63.7|75|121|120|158|0|0|1,609|10|02:29:06|Garmin Edge 520|https://www.strava.com/activities/2015117415
12/11/2018|51.15|01:42:00|204|0|0|0|0||0|0|30.1|53.6|80|106|125|175|0|0|1,244|0|01:42:00|Garmin Edge 520|https://www.strava.com/activities/2011396181
12/10/2018|104.19|03:19:01|486|0|0|0|0||0|0|31.4|69.1|79|111|136|179|0|0|2,642|2|04:31:29|Garmin Edge 520|https://www.strava.com/activities/2010024633
12/9/2018|131.09|04:05:55|627|0|0|0|0||0|0|32|53.6|77|133|136|167|0|0|3,171|3|04:16:14|Garmin Edge 520|https://www.strava.com/activities/2008456711
12/7/2018|97.27|03:01:27|358|0|0|0|0||0|0|32.2|61.2|76|123|131|179|0|0|2,509|7|03:05:53|Garmin Edge 520|https://www.strava.com/activities/2004698022
12/5/2018|70.37|02:41:29|296|0|0|0|0||0|0|26.1|46.8|0|0|126|153|0|0|1,395|1|02:52:21|Garmin Edge 520|https://www.strava.com/activities/2001446365
12/4/2018|31.41|01:23:00|205|0|0|0|0||0|0|22.7|46.1|0|0|122|151|0|0|717|5|01:25:28|Garmin Edge 520|https://www.strava.com/activities/1999489110
12/3/2018|50.15|02:22:55|542|0|0|0|0||0|0|21.1|49.3|0|0|127|174|0|0|1,248|6|02:39:28|Garmin Edge 520|https://www.strava.com/activities/1997860633
12/26/2018|114.2|03:27:52|502|0|0|0|0||0|0|33|54|77|127|128|160|0|0|2,768|3|03:47:46|Garmin Edge 520|https://www.strava.com/activities/2036321419
12/2/2018|100.67|04:06:37|556|0|0|0|0||0|0|24.5|44.6|0|0|133|169|0|0|2,359|0|04:53:45|Garmin Edge 520|https://www.strava.com/activities/1996348303
loaded urls in 03:04:00.7629311
