date|distance|mov_time|elevation|relativeEffort|avg_power_weig|work_total|training_load|intensity|estAvgPower|energyOutput|avg_speed|max_speed|avg_cadence|max_cadence|avg_heartRate|max_heartRate|avg_power|max_power|avg_calories|avg_temperature|avg_elap_time|bicycle_model|url
1/23/2018|86.96|02:36:19|381|0|251|1765|183|74%|0|0|33.4|63.4|89|198|112|180|188|980|1,969|35|09:33:41|SRM PC8|https://www.strava.com/activities/1396534274
1/19/2018|133.04|03:20:23|716|0|231|2199|162|68%|0|0|39.8|79.9|93|130|111|160|183|1059|2,452|34|04:02:32|SRM PC8|https://www.strava.com/activities/1366906280
1/10/2018|62.83|02:16:11|984|0|239|1563|120|71%|0|0|27.7|89.3|82|147|0|0|191|1346|1,743|14|02:33:51|SRM PC8|https://www.strava.com/activities/1351743813
1/9/2018|162.33|05:59:06|3242|0|257|4702|357|76%|0|0|27.1|67|83|130|0|0|218|804|5,243|12|06:22:16|SRM PC8|https://www.strava.com/activities/1348498784
1/8/2018|98.21|03:28:16|1512|0|239|2596|178|71%|0|0|28.3|69.8|86|137|0|0|208|702|2,894|15|03:41:47|SRM PC8|https://www.strava.com/activities/1346894273
1/8/2018|36.97|01:21:18|446|0|210|902|55|62%|0|0|27.3|59|92|125|0|0|185|623|1,006|7|03:06:42|SRM PC8|https://www.strava.com/activities/1346894017
1/7/2018|148.27|05:19:53|2759|0|257|4084|324|76%|0|0|27.8|64.8|81|119|0|0|213|686|4,553|13|05:40:39|SRM PC8|https://www.strava.com/activities/1345832186
1/6/2018|32.93|01:14:55|484|0|206|799|50|61%|0|0|26.4|61.9|88|122|0|0|178|541|891|11|01:21:18|SRM PC8|https://www.strava.com/activities/1343882367
1/5/2018|133.6|04:53:03|2301|0|247|3512|270|73%|0|0|27.4|82.8|84|131|0|0|200|1238|3,916|18|05:27:28|SRM PC8|https://www.strava.com/activities/1342065779
1/2/2018|99.47|03:29:32|1490|0|242|2691|184|72%|0|0|28.5|63.4|92|119|0|0|214|762|3,001|19|03:34:25|SRM PC8|https://www.strava.com/activities/1337538882
1/28/2018|226.86|05:25:53|973|0|224|3376|252|66%|0|0|41.8|75.6|90|124|105|161|173|1133|3,764|32|08:47:45|SRM PC8|https://www.strava.com/activities/1396534430
1/27/2018|164.97|03:43:15|623|0|293|3444|299|87%|0|0|44.3|79.9|88|134|127|171|257|1152|3,840|33|05:28:10|SRM PC8|https://www.strava.com/activities/1396534257
1/26/2018|169.91|04:35:26|2353|0|279|4151|321|83%|0|0|37|81.4|86|150|131|163|251|1079|4,628|32|04:43:28|SRM PC8|https://www.strava.com/activities/1396534296
1/25/2018|64.08|01:57:37|350|0|164|941|49|49%|0|0|32.7|60.5|89|128|92|132|133|731|1,049|32|02:46:42|SRM PC8|https://www.strava.com/activities/1396534207
1/24/2018|291.16|07:01:43|1351|0|244|4748|378|72%|0|0|41.4|73.4|88|118|113|164|188|1080|5,294|27|07:40:09|SRM PC8|https://www.strava.com/activities/1396534585
1/22/2018|178.54|04:36:04|1048|0|257|3198|284|76%|0|0|38.8|87.8|88|134|118|171|193|1243|3,566|35|08:56:00|SRM PC8|https://www.strava.com/activities/1396534424
1/21/2018|209.85|05:17:19|355|0|218|3291|231|64%|0|0|39.7|66.2|89|142|118|239|173|1283|3,670|36|09:25:50|SRM PC8|https://www.strava.com/activities/1396534494
1/20/2018|52.03|01:47:10|97|0|150|872|39|44%|0|0|29.1|48.2|93|134|90|119|136|698|972|31|02:30:31|SRM PC8|https://www.strava.com/activities/1366906352
1/18/2018|184.07|05:05:14|2080|0|229|3767|242|68%|0|0|36.2|78.5|92|133|125|248|206|871|4,200|31|05:23:19|SRM PC8|https://www.strava.com/activities/1363863051
1/17/2018|143.63|04:14:37|1066|0|221|2990|186|65%|0|0|33.8|85|93|134|122|169|196|1284|3,334|32|04:30:27|SRM PC8|https://www.strava.com/activities/1362221249
1/16/2018|72.2|02:10:25|478|0|209|1385|88|62%|0|0|33.2|77|92|136|112|163|177|826|1,545|31|02:53:33|SRM PC8|https://www.strava.com/activities/1362219467
1/4/2018|176.19|05:44:41|2324|0|254|4086|337|75%|0|0|30.7|72.7|86|135|0|0|198|1350|4,556|22|06:39:45|SRM PC8|https://www.strava.com/activities/1340684824
1/3/2018|155.28|05:34:54|2737|0|258|4293|341|76%|0|0|27.8|80.6|81|131|0|0|214|1201|4,787|20|06:36:26|SRM PC8|https://www.strava.com/activities/1339293951
2/22/2018|52.55|01:19:11|128|0|274|1208|88|81%|0|0|39.8|56.2|98|130|123|152|254|1100|1,347|4|01:20:42|SRM PC8|https://www.strava.com/activities/1422023910
2/21/2018|102.57|03:33:37|1093|0|255|2898|212|75%|0|0|28.8|67.7|87|127|114|159|226|686|3,231|4|03:56:22|SRM PC8|https://www.strava.com/activities/1419325002
2/16/2018|73.69|02:14:53|735|0|280|1663|201|83%|0|0|32.8|72|85|179|117|168|205|964|1,854|19|04:15:40|SRM PC8|https://www.strava.com/activities/1410495413
2/12/2018|43.5|01:35:30|595|0|220|1082|69|65%|0|0|27.3|69.1|86|124|98|128|189|582|1,206|15|01:38:48|SRM PC8|https://www.strava.com/activities/1405630367
2/11/2018|101.82|03:43:08|1659|0|230|2615|182|68%|0|0|27.4|83.5|84|167|106|150|195|788|2,916|16|05:11:00|SRM PC8|https://www.strava.com/activities/1405630488
2/9/2018|40.01|01:37:59|692|0|209|1012|69|62%|0|0|24.5|69.8|81|128|97|139|172|571|1,129|12|02:11:03|SRM PC8|https://www.strava.com/activities/1399397877
2/7/2018|206.02|07:19:11|2820|0|249|5648|409|74%|0|0|28.1|74.2|82|174|111|155|214|737|6,297|9|07:34:22|SRM PC8|https://www.strava.com/activities/1396535593
2/5/2018|71.53|02:28:27|1060|0|217|1688|110|64%|0|0|28.9|69.1|88|122|109|143|189|571|1,882|12|02:43:56|SRM PC8|https://www.strava.com/activities/1396534288
2/25/2018|205.94|05:14:38|1510|0|304|4845|433|90%|0|0|39.3|78.5|86|137|125|208|257|1173|5,402|4|05:32:12|SRM PC8|https://www.strava.com/activities/1426671529
2/24/2018|205.53|05:25:12|1675|0|311|5111|470|92%|0|0|37.9|82.8|88|137|131|172|262|1245|5,698|7|05:52:50|SRM PC8|https://www.strava.com/activities/1424162813
2/23/2018|46.73|01:38:29|175|0|212|988|72|63%|0|0|28.5|49|92|125|100|137|167|1223|1,102|4|02:34:41|SRM PC8|https://www.strava.com/activities/1422023970
2/18/2018|181.38|04:56:07|2955|0|47|158|9|14%|0|0|36.8|82.8|85|132|130|166|9|423|176|19|05:12:28|SRM PC8|https://www.strava.com/activities/1419325186
2/17/2018|198.8|04:46:29|1918|0|207|2240|182|61%|0|0|41.6|85|86|138|114|172|130|984|2,498|20|05:02:21|SRM PC8|https://www.strava.com/activities/1412521143
2/15/2018|225.54|06:04:22|3319|0|280|4735|436|83%|0|0|37.1|90|86|132|116|169|217|1050|5,279|20|06:45:30|SRM PC8|https://www.strava.com/activities/1409137778
2/14/2018|214.81|05:36:17|2107|0|261|4182|340|77%|0|0|38.3|85|88|141|13|175|207|1187|4,663|19|05:55:04|SRM PC8|https://www.strava.com/activities/1407546122
2/13/2018|43.74|01:26:19|331|0|220|912|68|65%|0|0|30.4|58.3|88|131|96|154|176|695|1,017|17|02:19:42|SRM PC8|https://www.strava.com/activities/1405630315
2/10/2018|158.83|05:38:23|2939|0|267|4572|372|79%|0|0|28.2|66.2|79|124|116|158|225|1277|5,098|11|06:55:10|SRM PC8|https://www.strava.com/activities/1405630704
2/8/2018|118.75|04:26:25|2362|0|246|3322|245|73%|0|0|26.7|65.5|83|153|112|152|208|1277|3,704|9|04:51:40|SRM PC8|https://www.strava.com/activities/1399398081
2/6/2018|127.85|04:47:41|2590|0|251|3633|274|74%|0|0|26.7|61.9|82|134|111|147|210|978|4,051|8|05:23:17|SRM PC8|https://www.strava.com/activities/1396534688
3/31/2018|37.88|01:15:58|50|0|178|706|44|53%|0|0|29.9|41.8|94|136|0|0|155|876|788|12|03:26:05|SRM PC8|https://www.strava.com/activities/1483993511
3/30/2018|17.71|00:39:07|15|0|172|398|20|51%|0|0|27.2|56.2|95|116|0|0|170|615|444|15|05:06:45|SRM PC8|https://www.strava.com/activities/1483993447
3/29/2018|77.62|02:26:58|482|0|256|1998|145|76%|0|0|31.7|52.6|90|131|0|0|227|549|2,228|13|02:31:49|SRM PC8|https://www.strava.com/activities/1478317587
3/27/2018|30.13|01:00:24|109|0|191|647|33|57%|0|0|29.9|43.2|93|118|111|139|179|952|722|6|01:02:42|SRM PC8|https://www.strava.com/activities/1474242969
3/26/2018|48.13|01:40:08|163|0|186|1057|54|55%|0|0|28.8|47.5|93|111|105|143|176|631|1,178|14|02:02:12|SRM PC8|https://www.strava.com/activities/1474242991
3/23/2018|62.22|02:00:58|232|0|235|1632|100|70%|0|0|30.9|54|95|117|114|141|225|700|1,819|8|02:04:13|SRM PC8|https://www.strava.com/activities/1471842560
3/20/2018|62.19|02:03:33|177|0|243|1570|110|72%|0|0|30.2|53.3|93|113|109|158|212|713|1,750|7|02:09:12|SRM PC8|https://www.strava.com/activities/1462302834
3/19/2018|99.14|03:10:56|347|0|249|2639|184|74%|0|0|31.2|51.1|92|145|111|155|230|801|2,942|3|03:26:19|SRM PC8|https://www.strava.com/activities/1461264561
3/16/2018|163.52|05:28:56|1393|0|248|4112|305|73%|0|0|29.8|64.1|89|117|115|227|208|685|4,585|13|05:58:52|SRM PC8|https://www.strava.com/activities/1457208721
3/7/2018|42.35|01:20:36|830|0|295|1263|143|87%|0|0|31.5|81.4|89|138|124|154|261|873|1,408|10|02:30:59|SRM PC8|https://www.strava.com/activities/1441036183
3/28/2018|185.99|04:38:21|568|0|327|4703|448|97%|0|0|40.1|82.1|86|138|137|197|282|1317|5,243|8|05:03:47|SRM PC8|https://www.strava.com/activities/1476883082
3/25/2018|256.8|06:16:16|1671|0|305|5769|535|90%|0|0|41|89.3|89|145|135|177|256|1260|6,433|14|07:29:07|SRM PC8|https://www.strava.com/activities/1471842956
3/24/2018|42.37|01:27:01|202|0|196|872|57|58%|0|0|29.2|49|92|166|103|158|167|862|973|13|03:58:14|SRM PC8|https://www.strava.com/activities/1471842529
3/21/2018|262.76|06:27:25|794|0|280|5483|460|83%|0|0|40.7|74.9|90|136|128|175|236|1184|6,114|10|07:17:09|SRM PC8|https://www.strava.com/activities/1471842953
3/15/2018|95.68|03:07:02|324|0|229|2366|151|68%|0|0|30.7|56.2|88|123|105|144|211|800|2,638|10|03:16:42|SRM PC8|https://www.strava.com/activities/1454545576
3/14/2018|123.39|03:52:59|487|0|205|2400|148|61%|0|0|31.8|61.9|87|134|102|149|172|920|2,676|16|04:00:55|SRM PC8|https://www.strava.com/activities/1453928964
3/11/2018|60.05|01:50:34|319|0|276|1548|139|82%|0|0|32.6|59.8|84|112|114|154|233|858|1,725|12|02:08:36|SRM PC8|https://www.strava.com/activities/1448935572
3/10/2018|187.42|06:10:27|5414|0|292|5518|461|86%|0|0|30.4|133.9|80|123|123|155|248|1024|6,153|8|06:23:54|SRM PC8|https://www.strava.com/activities/1446009111
3/9/2018|204.43|05:11:58|2657|0|284|4494|380|84%|0|0|39.3|100.1|83|131|124|158|240|1123|5,011|16|05:29:24|SRM PC8|https://www.strava.com/activities/1444395638
3/8/2018|167.78|04:11:39|2403|0|311|4051|364|92%|0|0|40|83.5|86|132|130|190|268|1158|4,517|15|04:26:59|SRM PC8|https://www.strava.com/activities/1442698911
3/6/2018|215.84|05:41:15|2638|0|281|4679|404|83%|0|0|37.9|93.6|86|147|117|168|229|1135|5,217|14|06:00:36|SRM PC8|https://www.strava.com/activities/1441036410
3/5/2018|189.58|04:57:12|655|0|240|3124|259|71%|0|0|38.3|69.1|88|129|102|168|175|1094|3,484|15|05:16:55|SRM PC8|https://www.strava.com/activities/1437733536
3/4/2018|162.65|03:57:22|1013|0|251|1858|225|74%|0|0|41.1|102.2|88|129|117|171|130|1059|2,072|9|05:19:17|SRM PC8|https://www.strava.com/activities/1437733579
3/3/2018|74.64|02:47:59|807|0|200|1608|115|59%|0|0|26.7|85.7|85|158|98|150|160|871|1,793|7|04:10:38|SRM PC8|https://www.strava.com/activities/1437733456
4/30/2018|45.8|01:28:04|128|0|0|0|0||200|1059|31.2|52.6|0|0|108|136|0|0|1,181|13|02:41:19|SRM PC8|https://www.strava.com/activities/1542821702
4/23/2018|96.02|03:03:14|579|0|217|2252|133|64%|0|0|31.4|63.4|91|120|0|0|205|592|2,511|26|03:31:37|SRM PC8|https://www.strava.com/activities/1526982120
4/17/2018|77.69|02:40:44|240|0|195|1679|96|58%|0|0|29|48.2|90|190|103|139|174|608|1,872|23|03:25:56|SRM PC8|https://www.strava.com/activities/1514303137
4/7/2018|48.08|01:32:36|306|0|205|959|62|61%|0|0|31.2|58.3|88|128|103|149|173|997|1,069|20|02:57:08|SRM PC8|https://www.strava.com/activities/1494674168
4/6/2018|38|01:21:32|113|0|145|652|27|43%|0|0|28|48.2|88|130|0|0|133|1149|727|14|02:01:58|SRM PC8|https://www.strava.com/activities/1494673325
4/3/2018|57.65|02:01:52|128|0|174|1203|55|51%|0|0|28.4|41|91|114|0|0|164|783|1,341|15|02:06:42|SRM PC8|https://www.strava.com/activities/1487505519
4/27/2018|141.35|04:53:13|2417|0|252|3735|287|75%|0|0|28.9|69.1|88|137|0|0|212|918|4,164|27|06:02:56|SRM PC8|https://www.strava.com/activities/1542822153
4/26/2018|97.31|03:08:51|1139|0|247|2489|177|73%|0|0|30.9|69.8|85|119|0|0|220|765|2,776|21|03:47:08|SRM PC8|https://www.strava.com/activities/1533593505
4/24/2018|135.38|04:53:52|1833|0|219|3167|212|65%|0|0|27.6|72|83|126|0|0|180|769|3,531|26|05:37:16|SRM PC8|https://www.strava.com/activities/1528807833
4/22/2018|99.77|03:40:38|1273|0|218|2498|153|64%|0|0|27.1|78.5|88|124|0|0|189|649|2,785|27|04:17:46|SRM PC8|https://www.strava.com/activities/1525460431
4/20/2018|124.23|04:14:10|398|0|185|2632|131|55%|0|0|29.3|51.8|90|128|0|0|173|847|2,934|25|04:39:33|SRM PC8|https://www.strava.com/activities/1525460637
4/18/2018|77.41|02:28:50|109|0|185|1433|79|55%|0|0|31.2|66.6|91|113|0|0|160|890|1,598|27|02:47:03|SRM PC8|https://www.strava.com/activities/1525460328
4/8/2018|264.42|06:18:35|1522|0|315|6566|555|93%|0|0|41.9|73.4|90|138|143|174|289|1092|7,321|23|06:41:50|SRM PC8|https://www.strava.com/activities/1507639972
4/5/2018|93.07|03:11:41|221|0|265|2606|205|78%|0|0|29.1|46.8|91|126|119|167|227|893|2,906|9|03:22:50|SRM PC8|https://www.strava.com/activities/1494674595
4/4/2018|94.98|02:40:24|286|0|244|2097|147|72%|0|0|35.5|63.4|94|125|113|158|218|881|2,338|14|02:50:18|SRM PC8|https://www.strava.com/activities/1489128925
4/1/2018|271.6|06:48:03|1323|0|317|6781|612|94%|0|0|39.9|79.9|87|150|137|171|277|1183|7,560|9|07:01:54|SRM PC8|https://www.strava.com/activities/1483994495
5/28/2018|27.51|00:58:28|46|0|0|0|0||150|527|28.2|38.9|0|0|97|124|0|0|588|31|02:39:51|SRM PC8|https://www.strava.com/activities/1602301345
5/25/2018|49.34|01:36:47|89|0|246|974|120|73%|0|0|30.6|59|84|178|26|165|168|970|1,086|23|04:48:15|SRM PC8|https://www.strava.com/activities/1595476875
5/22/2018|47.38|01:29:30|95|0|0|0|0||196|1052|31.8|47.5|0|0|88|125|0|0|1,173|24|02:19:46|SRM PC8|https://www.strava.com/activities/1588584437
5/21/2018|60.6|01:54:32|169|0|0|0|0||188|1292|31.7|51.8|0|0|0|0|0|0|1,441||01:57:37||https://www.strava.com/activities/1586214206
5/20/2018|130.59|03:54:46|671|0|255|3009|235|75%|0|0|33.4|77|92|136|114|167|214|1184|3,355|14|05:16:07|SRM PC8|https://www.strava.com/activities/1583998222
5/16/2018|83.3|03:19:33|2190|0|278|2702|240|82%|0|0|25|76.3|80|125|119|208|226|646|3,013|12|03:36:43|SRM PC8|https://www.strava.com/activities/1575607683
5/15/2018|112.08|04:04:47|1954|0|266|3336|266|79%|0|0|27.5|74.2|81|116|119|156|227|1089|3,720|9|04:28:11|SRM PC8|https://www.strava.com/activities/1573551855
5/14/2018|191.46|07:01:13|3627|0|241|5180|373|71%|0|0|27.3|73.4|84|121|108|166|205|1089|5,776|14|08:05:33|SRM PC8|https://www.strava.com/activities/1571788614
5/13/2018|90.57|04:00:58|3006|0|283|3276|301|84%|0|0|22.6|78.5|76|142|120|174|227|1167|3,653|13|04:38:16|SRM PC8|https://www.strava.com/activities/1569917017
5/12/2018|37.51|01:47:25|855|0|200|1020|68|59%|0|0|21|87.8|76|119|96|140|158|485|1,137|15|02:47:00|SRM PC8|https://www.strava.com/activities/1567182735
5/11/2018|101.97|03:58:31|2928|0|253|2100|230|75%|0|0|25.7|78.5|70|125|119|160|147|1249|2,341|19|04:43:48|SRM PC8|https://www.strava.com/activities/1564601071
5/10/2018|135.79|04:59:25|2878|0|251|3835|294|74%|0|0|27.2|72|82|130|116|163|213|1297|4,276|15|05:49:33|SRM PC8|https://www.strava.com/activities/1562352421
5/9/2018|109.55|04:15:35|2947|0|276|3532|302|82%|0|0|25.7|81.4|82|125|124|169|230|1197|3,939|19|04:39:04|SRM PC8|https://www.strava.com/activities/1560230511
5/8/2018|35.47|01:51:04|872|0|204|1069|74|60%|0|0|19.2|64.1|80|121|96|144|160|530|1,192|14|02:47:17|SRM PC8|https://www.strava.com/activities/1557493663
5/7/2018|102.58|04:03:26|2731|0|256|3182|251|76%|0|0|25.3|79.9|80|124|117|248|218|1219|3,548|18|04:42:05|SRM PC8|https://www.strava.com/activities/1556181846
5/6/2018|91.21|03:55:19|2635|0|249|3011|224|74%|0|0|23.3|74.9|81|125|120|178|213|1113|3,357|15|04:36:42|SRM PC8|https://www.strava.com/activities/1554030308
5/4/2018|51.24|02:20:39|1593|0|241|1841|137|71%|0|0|21.9|76.3|83|119|117|191|218|454|2,053|9|02:46:48|SRM PC8|https://www.strava.com/activities/1548824556
5/1/2018|122.47|03:59:38|344|0|187|2336|128|55%|0|0|30.7|62.6|88|119|0|0|162|1172|2,605|12|05:03:16|SRM PC8|https://www.strava.com/activities/1542821879
5/31/2018|31.06|00:59:48|24|0|238|708|49|70%|0|0|31.2|49|94|117|105|150|197|559|789|25|00:59:48|SRM PC8|https://www.strava.com/activities/1611896157
5/29/2018|174.69|03:44:57|111|0|310|3857|329|92%|0|0|46.6|67.7|90|149|136|162|286|1174|4,301|24|04:02:38|SRM PC8|https://www.strava.com/activities/1604562995
5/27/2018|174.25|04:05:11|1155|0|286|3561|296|85%|0|0|42.6|72|87|137|122|159|242|1130|3,970|29|04:18:27|SRM PC8|https://www.strava.com/activities/1602301410
5/26/2018|150.82|03:52:01|2178|0|335|3984|392|99%|0|0|39|82.8|86|131|139|171|286|1123|4,442|32|04:12:09|SRM PC8|https://www.strava.com/activities/1597466471
5/24/2018|155.19|03:32:28|176|0|323|3832|342|96%|0|0|43.8|67.7|90|144|137|166|301|1294|4,272|25|04:06:52|SRM PC8|https://www.strava.com/activities/1593230915
5/19/2018|118.31|03:35:07|464|0|276|3281|244|82%|0|0|33|52.6|91|117|121|168|254|761|3,658|15|03:42:32|SRM PC8|https://www.strava.com/activities/1583998320
5/5/2018|87.65|02:59:33|1380|0|0|0|0||250|2698|29.3|66.2|0|0|113|154|0|0|3,008|17|03:11:15|SRM PC8|https://www.strava.com/activities/1551354122
5/2/2018|57.92|01:56:23|155|0|0|0|0||182|1268|29.9|52.6|0|0|98|139|0|0|1,414|12|02:05:16|SRM PC8|https://www.strava.com/activities/1547776034
6/23/2018|40.39|01:17:54|72|0|262|975|83|78%|0|0|31.1|48.2|89|106|0|0|209|636|1,087|21|01:25:00|SRM PC8|https://www.strava.com/activities/1675723139
6/22/2018|44.37|01:26:52|121|0|257|1102|93|76%|0|0|30.7|48.2|88|110|0|0|212|1169|1,229|20|02:18:41|SRM PC8|https://www.strava.com/activities/1675723107
6/20/2018|34.79|01:23:43|329|0|160|713|32|47%|0|0|24.9|57.6|83|114|92|166|142|522|794|29|01:28:09|SRM PC8|https://www.strava.com/activities/1675723183
6/1/2018|33.57|01:06:36|61|0|197|756|38|58%|0|0|30.2|41.8|91|110|0|0|189|470|843|16|01:07:46|SRM PC8|https://www.strava.com/activities/1611896076
6/19/2018|195.8|05:10:58|1737|0|267|3946|338|79%|0|0|37.8|90|86|135|133|186|211|1255|4,400|21|09:02:47|SRM PC8|https://www.strava.com/activities/1675723955
6/17/2018|201.36|04:31:14|346|0|333|4682|448|99%|0|0|44.5|68.4|88|141|0|0|288|1236|5,220|20|04:50:30|SRM PC8|https://www.strava.com/activities/1644819452
6/15/2018|97.8|03:11:47|1524|0|285|2755|238|84%|0|0|30.6|72|86|196|0|0|239|754|3,072|18|03:27:35|SRM PC8|https://www.strava.com/activities/1641739413
6/14/2018|108.44|03:32:38|1063|0|251|2759|205|74%|0|0|30.6|67|90|113|0|0|216|648|3,076|22|04:01:42|SRM PC8|https://www.strava.com/activities/1638378531
6/13/2018|59.14|01:42:53|602|0|233|1352|82|69%|0|0|34.5|59.8|94|114|0|0|219|572|1,508|19|01:44:35|SRM PC8|https://www.strava.com/activities/1638378386
6/10/2018|75.42|02:17:11|1952|0|311|2288|203|92%|0|0|33|86.4|85|138|0|0|278|835|2,551|23|02:32:06|SRM PC8|https://www.strava.com/activities/1633400393
6/9/2018|122.87|04:34:43|3942|0|300|4361|373|89%|0|0|26.8|92.2|77|144|0|0|265|1082|4,863|26|04:49:38|SRM PC8|https://www.strava.com/activities/1633400586
6/8/2018|141.52|04:05:03|2699|0|291|3756|308|86%|0|0|34.7|92.2|81|132|0|0|255|957|4,187|26|04:11:19|SRM PC8|https://www.strava.com/activities/1633400396
6/7/2018|187.32|05:05:01|2961|0|307|4773|431|91%|0|0|36.8|85|84|130|0|0|261|1239|5,322|25|05:19:51|SRM PC8|https://www.strava.com/activities/1623926405
6/5/2018|185.45|04:43:53|2236|0|277|3753|324|82%|0|0|39.2|79.9|86|132|125|192|220|973|4,185|25|05:01:17|SRM PC8|https://www.strava.com/activities/1619280791
6/4/2018|185.19|04:48:24|2759|0|295|4053|383|87%|0|0|38.5|80.6|86|132|123|182|234|1055|4,519|21|05:24:23|SRM PC8|https://www.strava.com/activities/1616806837
6/3/2018|42.61|01:22:24|194|0|263|838|145|78%|0|0|31|74.9|83|157|126|220|169|1033|934|27|04:09:14|SRM PC8|https://www.strava.com/activities/1614487114
6/2/2018|51.6|01:52:21|697|0|225|1398|90|67%|0|0|27.6|61.2|83|132|102|254|207|564|1,559|25|02:24:38|SRM PC8|https://www.strava.com/activities/1611896018
7/25/2018|37.71|01:16:21|62|0|184|801|39|54%|0|0|29.6|43.9|94|111|101|125|175|605|893|22|01:30:47|SRM PC8|https://www.strava.com/activities/1739423031
7/21/2018|68.53|02:26:05|601|0|212|1779|163|63%|0|0|28.1|123.8|90|140|119|155|203|1141|1,983|14|04:07:55|SRM PC8|https://www.strava.com/activities/1718964280
7/20/2018|41.92|01:21:45|176|0|158|646|34|47%|0|0|30.8|94.3|91|134|97|137|132|485|721|18|02:27:19|SRM PC8|https://www.strava.com/activities/1714914165
7/17/2018|47.48|01:41:10|639|0|134|578|30|40%|0|0|28.2|76.3|85|116|81|126|95|521|644|18|02:58:11|SRM PC8|https://www.strava.com/activities/1708145528
7/6/2018|81.07|02:44:52|148|0|212|1717|116|63%|0|0|29.5|54|87|136|0|0|174|803|1,915|31|04:21:06|SRM PC8|https://www.strava.com/activities/1691319611
7/5/2018|172.12|05:35:04|1259|0|259|4140|354|77%|0|0|30.8|67.7|86|135|0|0|206|1170|4,617|25|07:53:09|SRM PC8|https://www.strava.com/activities/1682755703
7/2/2018|0.14|00:02:23|2|0|226|25|15|67%|0|0|3.7|4|96|110|0|0|175|412|28|26|00:20:47|SRM PC8|https://www.strava.com/activities/1675723025
7/31/2018|158.6|03:59:42|1963|0|293|3501|309|87%|0|0|39.7|77.8|84|141|129|164|243|1043|3,904|32|04:12:29|SRM PC8|https://www.strava.com/activities/1743048997
7/30/2018|168.98|04:18:16|2190|0|302|3946|349|89%|0|0|39.3|97.2|83|141|134|214|255|1139|4,400|32|04:32:54|SRM PC8|https://www.strava.com/activities/1739423327
7/29/2018|168.1|04:26:02|1801|0|277|3491|303|82%|0|0|37.9|74.2|83|138|127|225|219|1059|3,893|31|04:33:09|SRM PC8|https://www.strava.com/activities/1739423276
7/28/2018|192.69|04:34:32|1351|0|299|4152|358|88%|0|0|42.1|75.6|87|132|138|177|252|1157|4,630|27|04:45:16|SRM PC8|https://www.strava.com/activities/1739423222
7/27/2018|33.35|01:13:36|235|0|175|690|36|52%|0|0|27.2|51.1|82|113|0|0|156|546|769|36|02:05:59|SRM PC8|https://www.strava.com/activities/1739422958
7/26/2018|210.21|05:06:46|1486|0|291|4315|381|86%|0|0|41.1|76.3|87|142|141|182|234|1156|4,811|35|05:09:32|SRM PC8|https://www.strava.com/activities/1739423393
7/23/2018|170.87|03:54:09|665|0|295|3685|308|87%|0|0|43.8|76.3|88|143|154|185|262|1228|4,109|34|04:17:39|SRM PC8|https://www.strava.com/activities/1739423259
7/18/2018|121.65|04:57:51|2892|0|218|3353|217|64%|0|0|24.5|88.6|78|133|119|163|188|872|3,739|28|05:16:51|SRM PC8|https://www.strava.com/activities/1710917149
7/16/2018|118.25|05:02:04|3246|0|232|3598|248|69%|0|0|23.5|85|76|128|121|158|198|623|4,011|24|05:25:11|SRM PC8|https://www.strava.com/activities/1706425702
7/15/2018|120.23|04:39:31|2709|0|218|3092|202|64%|0|0|25.8|87.8|80|123|119|151|184|797|3,447|25|04:59:56|SRM PC8|https://www.strava.com/activities/1704740007
7/13/2018|102.5|03:42:21|2097|0|234|2682|189|69%|0|0|27.7|87.1|82|126|117|154|201|528|2,990|26|04:03:51|SRM PC8|https://www.strava.com/activities/1699722018
7/12/2018|115.19|04:22:39|2124|0|208|2923|176|62%|0|0|26.3|105.1|81|137|118|254|185|990|3,259|20|04:56:18|SRM PC8|https://www.strava.com/activities/1697700535
7/11/2018|40.45|01:45:16|902|0|188|1001|58|56%|0|0|23.1|92.2|78|128|101|139|158|1051|1,116|23|02:32:17|SRM PC8|https://www.strava.com/activities/1697693766
7/9/2018|43.45|01:47:03|649|0|172|998|62|51%|0|0|24.4|77.8|83|111|101|137|155|604|1,112|24|03:02:22|SRM PC8|https://www.strava.com/activities/1691319586
7/8/2018|37.56|01:32:41|518|0|158|755|39|47%|0|0|24.3|72|83|126|18|115|136|478|842|24|02:55:18|SRM PC8|https://www.strava.com/activities/1691319437
7/4/2018|71.3|02:21:55|128|0|192|1525|81|57%|0|0|30.1|47.5|93|111|0|0|179|802|1,700|24|03:16:22|SRM PC8|https://www.strava.com/activities/1682755110
7/3/2018|118.41|03:41:04|130|0|225|2779|173|67%|0|0|32.1|46.1|89|111|0|0|209|580|3,098|26|03:53:49|SRM PC8|https://www.strava.com/activities/1682755383
8/28/2018|176.52|05:10:30|3159|0|291|4689|402|86%|0|0|34.1|90|87|137|127|222|252|1039|5,229|36|06:13:12|SRM PC8|https://www.strava.com/activities/1803917970
8/25/2018|0.01|00:00:00|0|0|174|2|6|51%|0|0|5.9|2.2|104|113|129|136|195|288|2|31|00:15:28|SRM PC8|https://www.strava.com/activities/1797023159
8/22/2018|44.04|01:43:23|215|0|170|811|47|50%|0|0|25.6|51.1|81|115|93|225|131|521|824|31|02:18:17|Garmin fēnix 5X Plus|https://www.strava.com/activities/1789480695
8/21/2018|81.68|02:39:07|390|0|177|1246|78|52%|0|0|30.8|66.2|81|118|90|139|130|554|1,240|25|03:43:30|Garmin fēnix 5X Plus|https://www.strava.com/activities/1787034542
8/20/2018|106.7|04:41:39|3326|0|268|3656|303|79%|0|0|22.7|81.4|74|126|120|159|216|549|3,651|28|04:59:12|Garmin fēnix 5X Plus|https://www.strava.com/activities/1785139517
8/19/2018|124.56|04:38:38|2673|0|259|3728|280|77%|0|0|26.8|76|82|135|125|163|223|558|3,727|31|04:50:12|Garmin fēnix 5X Plus|https://www.strava.com/activities/1783114234
8/18/2018|58.93|02:07:34|730|0|237|1485|106|70%|0|0|27.7|72.4|85|115|110|158|194|744|1,483|31|02:17:14|Garmin fēnix 5X Plus|https://www.strava.com/activities/1780287465
8/16/2018|36.64|01:36:53|1062|0|234|1161|83|69%|0|0|22.7|75.6|84|113|113|146|200|372|1,295|23|02:03:06|SRM PC8|https://www.strava.com/activities/1776512566
8/8/2018|183.16|05:53:53|1434|0|250|5231|327|74%|0|0|31.1|61.2|86|123|109|223|246|642|5,833|23|06:01:02|SRM PC8|https://www.strava.com/activities/1763303846
8/6/2018|60.25|02:07:32|122|0|144|1032|43|43%|0|0|28.3|50.4|86|108|0|0|135|559|1,150|35|03:43:05|SRM PC8|https://www.strava.com/activities/1763316946
8/31/2018|194.08|05:00:24|2554|0|258|3671|299|76%|0|0|38.8|94.3|83|128|117|154|204|1030|4,093|37|05:15:28|SRM PC8|https://www.strava.com/activities/1810216473
8/29/2018|200.29|05:16:17|2991|0|281|4143|365|83%|0|0|38|94.3|84|151|121|254|218|1045|4,619|35|05:18:02|SRM PC8|https://www.strava.com/activities/1806055066
8/27/2018|186.36|05:19:16|2963|0|273|4178|354|81%|0|0|35|92.2|84|129|121|172|218|1004|4,658|34|05:37:23|SRM PC8|https://www.strava.com/activities/1801310132
8/26/2018|173.07|04:51:21|2796|0|275|3718|327|81%|0|0|35.6|87.8|84|141|124|176|213|1033|4,145|37|05:04:14|SRM PC8|https://www.strava.com/activities/1799503415
8/23/2018|75.34|02:36:22|1023|0|243|1762|140|72%|0|0|28.9|73.8|83|131|107|162|188|894|1,760|30|02:44:29|Garmin fēnix 5X Plus|https://www.strava.com/activities/1791841325
8/17/2018|53.54|02:06:07|1079|0|248|1486|123|73%|0|0|25.5|68.4|79|146|113|159|196|1230|1,656|29|02:17:51|SRM PC8|https://www.strava.com/activities/1778728009
8/12/2018|230.51|05:57:43|1516|0|318|6062|548|94%|0|0|38.7|80.6|85|145|0|0|282|1137|6,759|15|06:22:45|SRM PC8|https://www.strava.com/activities/1768259587
8/11/2018|59.81|02:00:41|731|0|234|1286|102|69%|0|0|29.7|59.8|85|160|0|0|178|916|1,434|19|02:50:01|SRM PC8|https://www.strava.com/activities/1768258007
8/10/2018|67.8|02:11:16|812|0|257|1870|131|76%|0|0|31|61.9|88|134|0|0|237|1020|2,085|17|03:05:00|SRM PC8|https://www.strava.com/activities/1763301639
8/5/2018|149.95|04:44:21|810|0|235|3242|253|70%|0|0|31.6|81.4|86|145|105|219|190|1195|3,614|24|12:16:06|SRM PC8|https://www.strava.com/activities/1763316309
8/4/2018|76.42|02:49:28|654|0|235|1740|162|70%|0|0|27.1|82.8|80|123|103|157|171|995|1,940|26|03:49:38|SRM PC8|https://www.strava.com/activities/1763316210
8/3/2018|111.73|03:45:36|408|0|181|1776|114|54%|0|0|29.7|89.3|87|130|87|147|131|1265|1,980|29|08:24:37|SRM PC8|https://www.strava.com/activities/1763316817
8/1/2018|186.46|04:15:34|1874|0|314|4035|369|93%|0|0|43.8|101.5|84|125|134|166|263|1092|4,499|30|04:16:20|SRM PC8|https://www.strava.com/activities/1743049020
9/30/2018|89.22|03:03:28|128|0|177|1850|88|52%|0|0|29.2|38.9|89|109|0|0|168|528|2,063|15|03:41:29|SRM PC8|https://www.strava.com/activities/1877677267
9/29/2018|108.06|03:43:37|892|0|224|2076|186|66%|0|0|29|58.3|81|124|0|0|155|838|2,314|18|05:28:01|SRM PC8|https://www.strava.com/activities/1877677305
9/28/2018|37.72|01:17:27|118|0|184|794|41|54%|0|0|29.2|51.1|93|111|0|0|171|916|885|16|02:40:23|SRM PC8|https://www.strava.com/activities/1877677015
9/27/2018|431.1|07:12:57|3947|0|297|4768|571|88%|0|0|59.7|153.4|89|144|7|183|184|1131|5,316|25|08:06:59|SRM PC8|https://www.strava.com/activities/1877678143
9/23/2018|90.58|03:00:10|354|0|211|2180|126|62%|0|0|30.2|44.6|90|111|0|0|202|579|2,431|12|03:27:52|SRM PC8|https://www.strava.com/activities/1867215842
9/22/2018|89.35|03:05:14|278|0|195|1986|107|58%|0|0|28.9|41.8|91|115|0|0|179|705|2,214|15|03:18:45|SRM PC8|https://www.strava.com/activities/1867215813
9/19/2018|41.17|01:31:18|112|0|167|835|41|49%|0|0|27.1|46.8|89|115|0|0|152|653|931|25|02:02:05|SRM PC8|https://www.strava.com/activities/1867215658
9/13/2018|195.26|04:25:40|1170|0|297|4095|360|88%|0|0|44.1|79.2|92|122|121|207|257|1194|4,566|32|05:54:47|SRM PC8|https://www.strava.com/activities/1839657674
9/11/2018|79.36|02:26:19|1214|0|289|2102|220|86%|0|0|32.5|88.6|85|152|120|158|239|870|2,343|26|03:37:59|SRM PC8|https://www.strava.com/activities/1834875351
9/1/2018|203.86|04:56:58|2187|0|245|3347|261|72%|0|0|41.2|90|85|130|111|154|188|932|3,732|40|05:12:07|SRM PC8|https://www.strava.com/activities/1812621911
9/20/2018|64.3|02:17:37|150|0|171|1270|62|51%|0|0|28|41|90|116|0|0|154|543|1,416|25|02:49:46|SRM PC8|https://www.strava.com/activities/1867215692
9/15/2018|105.66|03:47:22|3216|0|312|3540|332|92%|0|0|27.9|82.1|78|132|0|0|259|940|3,947|23|03:56:47|SRM PC8|https://www.strava.com/activities/1849833846
9/14/2018|162.64|04:30:12|2706|0|274|3579|304|81%|0|0|36.1|97.2|80|151|112|249|221|969|3,990|29|04:38:30|SRM PC8|https://www.strava.com/activities/1842229146
9/12/2018|178.73|05:22:53|3526|0|285|4347|389|84%|0|0|33.2|100.8|80|131|113|157|224|985|4,847|26|05:38:49|SRM PC8|https://www.strava.com/activities/1839657958
9/9/2018|201.35|06:26:53|4562|0|294|5592|493|87%|0|0|31.2|104.4|77|130|116|156|241|1049|6,235|23|06:31:20|SRM PC8|https://www.strava.com/activities/1831173316
9/8/2018|186.77|05:45:24|3263|0|274|4282|387|81%|0|0|32.4|91.4|79|145|108|153|207|964|4,774|27|06:17:00|SRM PC8|https://www.strava.com/activities/1828109174
9/7/2018|181.54|05:07:22|3124|0|291|4469|386|86%|0|0|35.4|89.3|82|143|116|205|242|1095|4,983|24|05:12:47|SRM PC8|https://www.strava.com/activities/1825880759
9/6/2018|191.72|05:17:06|3125|0|288|4214|384|85%|0|0|36.3|90.7|82|144|110|249|222|933|4,699|20|05:18:53|SRM PC8|https://www.strava.com/activities/1825880410
9/5/2018|218.28|05:53:46|3642|0|284|4884|428|84%|0|0|37|83.5|83|137|116|245|230|925|5,445|22|06:28:05|SRM PC8|https://www.strava.com/activities/1825880463
9/4/2018|183.35|04:34:18|1420|0|210|2210|181|62%|0|0|40.1|80.6|86|133|107|160|134|1036|2,465|31|04:55:07|SRM PC8|https://www.strava.com/activities/1825880199
9/3/2018|46.36|01:30:24|494|0|193|904|51|57%|0|0|30.8|59.8|89|170|0|0|167|515|1,008|28|01:34:12|SRM PC8|https://www.strava.com/activities/1825879391
9/2/2018|215.83|06:31:02|4394|0|273|5307|433|81%|0|0|33.1|87.8|81|136|118|153|226|1059|5,917|35|06:56:58|SRM PC8|https://www.strava.com/activities/1815430031
10/31/2018|5.9|00:33:06|0|0|0|0|0||0|0|0|0|0|0|0|0|0|0|||00:00:00|Garmin fēnix 5X Plus|https://www.strava.com/activities/1937216256
10/5/2018|80.73|02:38:52|164|0|220|1773|120|65%|0|0|30.5|53.3|91|120|0|0|186|971|1,977|18|03:21:28|SRM PC8|https://www.strava.com/activities/1885993532
10/4/2018|45.82|01:46:23|587|0|249|1607|102|74%|0|0|25.8|71.6|84|151|0|0|252|993|1,792|24|01:52:57|SRM PC8|https://www.strava.com/activities/1885993236
10/3/2018|35.55|01:08:50|90|0|192|777|41|57%|0|0|31|41|93|112|0|0|188|564|866|14|02:19:35|SRM PC8|https://www.strava.com/activities/1885993091
10/1/2018|45.98|01:40:52|134|0|164|914|43|49%|0|0|27.4|46.8|89|109|0|0|151|689|1,019|13|02:57:24|SRM PC8|https://www.strava.com/activities/1877677038
10/2/2018|200.79|04:45:13|1429|0|326|4858|451|96%|0|0|42.2|79.9|89|145|0|0|284|1144|5,417|13|04:55:23|SRM PC8|https://www.strava.com/activities/1885994014
11/26/2018|51.78|01:52:58|633|0|221|1307|86|65%|0|0|27.5|61.2|93|128|121|154|193|598|1,314|22|02:41:46|Garmin fēnix 5X Plus|https://www.strava.com/activities/1986026350
11/23/2018|10.18|00:50:04|0|0|0|0|0||0|0|0|0|0|0|0|0|0|0|||00:00:00|Garmin fēnix 5X Plus|https://www.strava.com/activities/1980120264
11/17/2018|2.43|00:07:05|23|0|181|80|4|54%|0|0|20.6|36.7|82|111|86|103|189|496|80|15|00:10:59|Garmin fēnix 5X Plus|https://www.strava.com/activities/1968919603
11/15/2018|84.44|03:12:04|1347|0|230|2257|152|68%|0|0|26.4|61.2|86|132|128|174|196|805|2,256|21|03:20:18|Garmin fēnix 5X Plus|https://www.strava.com/activities/1965970018
11/14/2018|79.4|02:55:59|1222|0|229|2096|138|68%|0|0|27.1|87.8|89|134|131|183|198|794|2,104|23|04:11:46|Garmin fēnix 5X Plus|https://www.strava.com/activities/1964188151
11/14/2018|5.08|00:34:24|0|0|0|0|0||0|0|0|0|0|0|0|0|0|0|||00:00:00|Garmin fēnix 5X Plus|https://www.strava.com/activities/1963694174
11/13/2018|87.12|03:22:58|1357|0|222|2292|157|66%|0|0|25.8|64.4|85|135|127|170|188|896|2,297|22|05:04:25|Garmin fēnix 5X Plus|https://www.strava.com/activities/1963304182
11/10/2018|7.06|00:45:34|0|0|0|0|0||0|0|0|0|0|0|0|0|0|0|||00:00:00|Garmin fēnix 5X Plus|https://www.strava.com/activities/1956398725
11/5/2018|3.46|00:58:55|13|0|0|0|0||0|0|3.5|15.8|0|0|64|86|0|0|122|20|01:06:09|Garmin fēnix 5X Plus|https://www.strava.com/activities/1947120887
11/3/2018|5.74|00:30:02|0|0|0|0|0||0|0|0|0|0|0|0|0|0|0|||00:00:00|Garmin fēnix 5X Plus|https://www.strava.com/activities/1947052470
11/29/2018|58.23|02:06:21|983|0|251|1559|121|74%|0|0|27.7|80.6|88|135|133|179|206|1062|1,556|20|02:13:02|Garmin fēnix 5X Plus|https://www.strava.com/activities/1991182520
11/29/2018|55.43|01:57:02|772|0|226|1383|93|67%|0|0|28.4|60.5|87|155|119|155|197|832|1,384|19|02:06:00|Garmin fēnix 5X Plus|https://www.strava.com/activities/1990816734
11/28/2018|72.55|02:37:31|1090|0|235|1855|133|70%|0|0|27.6|67.7|87|140|124|180|196|1307|1,856|23|03:49:31|Garmin fēnix 5X Plus|https://www.strava.com/activities/1989313696
11/27/2018|127.03|04:37:09|2114|0|232|3300|228|69%|0|0|27.5|67.7|87|144|126|159|198|825|3,311|21|05:41:42|Garmin fēnix 5X Plus|https://www.strava.com/activities/1987690943
11/25/2018|73.25|02:16:25|141|0|202|1567|84|60%|0|0|32.2|45.7|91|120|133|171|191|682|1,567|12|02:22:36|Garmin fēnix 5X Plus|https://www.strava.com/activities/1983894135
11/24/2018|70.68|03:12:51|296|0|0|0|0||88|1020|22|35.6|0|0|0|0|0|0|2,560|2|03:51:17|Garmin Edge 1030|https://www.strava.com/activities/2298545802
11/22/2018|61.34|02:42:41|226|0|0|0|0||89|873|22.6|38.5|0|0|0|0|0|0|2,133|0|02:45:27|Garmin Edge 1030|https://www.strava.com/activities/2298545727
11/21/2018|89.09|02:49:28|234|0|202|1976|101|60%|0|0|31.5|50.4|94|120|112|149|194|845|1,970|11|02:50:30|Garmin fēnix 5X Plus|https://www.strava.com/activities/1976837508
11/19/2018|54.27|02:17:27|225|0|0|0|0||101|831|23.7|39.2|0|0|0|0|0|0|1,889|2|02:26:31|Garmin Edge 1030|https://www.strava.com/activities/2298545693
11/17/2018|53.29|02:18:48|730|0|0|0|0||125|1045|23|49.7|0|0|0|0|0|0|2,236|0|02:27:05|Garmin Edge 1030|https://www.strava.com/activities/2298545703
11/8/2018|7.72|00:41:26|0|0|0|0|0||0|0|0|0|0|0|0|0|0|0|||00:00:00|Garmin fēnix 5X Plus|https://www.strava.com/activities/1952566371
12/31/2018|70.24|02:22:31|257|0|198|1608|88|59%|0|0|29.6|50|91|137|126|177|188|1355|3,379|14|02:42:04|Garmin fēnix 5X Plus|https://www.strava.com/activities/2046415201
12/26/2018|108.37|03:35:03|206|0|213|2662|146|63%|0|0|30.2|45|93|126|116|147|206|2496|5,078|17|03:48:49|Garmin fēnix 5X Plus|https://www.strava.com/activities/2036322264
12/25/2018|73.48|02:44:09|263|0|186|1657|86|55%|0|0|26.9|45.4|87|116|124|178|168|929|3,228|6|02:53:50|Garmin fēnix 5X Plus|https://www.strava.com/activities/2034458667
12/20/2018|9.99|00:50:00|0|0|0|0|0||0|0|0|0|0|0|0|0|0|0|||00:00:00|Garmin fēnix 5X Plus|https://www.strava.com/activities/2026521008
12/5/2018|8.29|00:40:00|0|0|0|0|0||0|0|0|0|0|0|0|0|0|0|||00:00:00|Garmin fēnix 5X Plus|https://www.strava.com/activities/2001426541
12/30/2018|95.3|03:46:18|391|0|0|0|0||113|1530|25.3|42.5|0|0|124|174|0|0|2,121|18|04:14:00|Garmin fēnix 5X Plus|https://www.strava.com/activities/2044063651
12/29/2018|138.5|04:18:10|1442|0|259|3283|267|77%|0|0|32.2|61.9|88|133|116|179|212|1369|5,824|11|04:40:31|Garmin fēnix 5X Plus|https://www.strava.com/activities/2042137811
12/28/2018|99.59|03:15:23|241|0|223|2494|148|66%|0|0|30.6|57.6|92|131|123|157|213|2300|4,743|16|03:26:18|Garmin fēnix 5X Plus|https://www.strava.com/activities/2039889885
12/17/2018|149.1|04:41:12|2033|0|253|3534|278|75%|0|0|31.8|71.6|87|187|121|168|209|2044|6,102|17|05:22:05|Garmin fēnix 5X Plus|https://www.strava.com/activities/2021746924
12/16/2018|164.31|04:36:24|1147|0|221|1515|128|65%|0|0|35.7|70.6|92|128|119|175|91|2240|3,959|21|05:16:59|Garmin fēnix 5X Plus|https://www.strava.com/activities/2020144486
12/14/2018|137.94|04:29:42|798|0|218|3359|192|64%|0|0|30.7|52.2|91|127|118|159|208|1061|6,153|17|05:13:21|Garmin fēnix 5X Plus|https://www.strava.com/activities/2016870416
12/13/2018|132.56|04:07:47|1430|0|237|2987|213|70%|0|0|32.1|65.2|87|156|121|162|201|2373|5,431|18|04:33:20|Garmin fēnix 5X Plus|https://www.strava.com/activities/2015041574
12/12/2018|43.68|01:28:57|221|0|195|876|62|58%|0|0|29.5|57.6|85|133|109|148|164|2303|1,733|16|02:17:00|Garmin fēnix 5X Plus|https://www.strava.com/activities/2013138141
12/11/2018|149.18|04:41:08|1618|0|200|1059|98|59%|0|0|31.8|68|92|127|119|175|63|760|3,511|20|04:59:35|Garmin fēnix 5X Plus|https://www.strava.com/activities/2011727369
12/10/2018|118.3|03:58:03|1535|0|233|2801|194|69%|0|0|29.8|64.8|83|195|121|169|196|1367|4,906|19|04:08:40|Garmin fēnix 5X Plus|https://www.strava.com/activities/2010230134
12/8/2018|46.64|02:02:14|165|0|0|0|0||94|689|22.9|40|0|0|0|0|0|0|1,706|7|02:22:51|Garmin Edge 1030|https://www.strava.com/activities/2298545891
12/3/2018|95.38|03:34:30|1584|0|236|2535|181|70%|0|0|26.7|67.3|86|137|121|148|197|1098|4,799|21|05:00:42|Garmin fēnix 5X Plus|https://www.strava.com/activities/1997851536
12/2/2018|152.34|05:11:53|2231|0|244|3753|287|72%|0|0|29.3|64.8|86|172|131|173|201|1176|4,184|21|06:17:52|Garmin fēnix 5X Plus|https://www.strava.com/activities/1996430527
12/1/2018|144.61|04:55:42|2450|0|252|3759|288|75%|0|0|29.3|82.1|84|149|129|163|212|1141|3,770|19|05:56:56|Garmin fēnix 5X Plus|https://www.strava.com/activities/1994454439
loaded urls in 7.18:23:04.4676304
