date|distance|mov_time|elevation|relativeEffort|avg_power_weig|work_total|training_load|intensity|estAvgPower|energyOutput|avg_speed|max_speed|avg_cadence|max_cadence|avg_heartRate|max_heartRate|avg_power|max_power|avg_calories|avg_temperature|avg_elap_time|bicycle_model|url
27.01.2018|47,81|01:43:57|849|0|249|1,096|76|65%|0|0|276|641|79|117|127|185|176|739|1,222|14|01:49:52|SRM PC8|https://www.strava.com/activities/1378161285
24.01.2018|69,07|02:31:29|352|0|222|1,676|87|58%|0|0|274|662|84|163|122|164|184|920|1,868|15|02:38:07|SRM PC8|https://www.strava.com/activities/1373011042
08.01.2018|55,47|01:48:13|200|0|257|1,387|82|67%|0|0|308|526|85|118|137|176|214|775|1,547|11|01:50:45|SRM PC8|https://www.strava.com/activities/1347013375
04.01.2018|60,36|02:00:25|237|0|205|1,409|62|54%|0|0|301|562|88|123|131|164|195|708|1,572|17|02:35:48|SRM PC8|https://www.strava.com/activities/1340280199
01.01.2018|125,33|04:37:20|2,793|0|276|3,631|252|72%|0|0|271|612|79|133|133|199|218|1,016|4,049|14|05:02:54|SRM PC8|https://www.strava.com/activities/1336515921
31.01.2018|194,5|04:49:06|1,838|0|246|3,407|200|64%|0|0|404|806|83|132|132|175|196|1,166|3,799|17|04:59:57|SRM PC8|https://www.strava.com/activities/1384841801
28.01.2018|150,11|04:11:55|2,745|0|285|3,553|235|74%|0|0|358|778|85|132|152|226|235|1,258|3,961|16|04:20:44|SRM PC8|https://www.strava.com/activities/1380432127
23.01.2018|103,73|03:41:39|567|0|211|2,442|116|55%|0|0|281|655|79|121|126|166|184|1,302|2,723|13|03:50:07|SRM PC8|https://www.strava.com/activities/1371190026
18.01.2018|72,16|02:07:56|460|0|254|1,403|103|66%|0|0|338|655|82|115|119|169|183|1,006|1,564|14|02:24:18|SRM PC8|https://www.strava.com/activities/1364249088
17.01.2018|180,3|06:11:04|3,663|0|261|4,532|299|68%|0|0|292|720|79|140|129|176|204|1,154|5,053|19|06:29:01|SRM PC8|https://www.strava.com/activities/1361661231
14.01.2018|144,25|05:02:56|2,978|0|276|3,854|271|72%|0|0|286|871|79|136|134|182|212|1,057|4,297|14|05:20:10|SRM PC8|https://www.strava.com/activities/1357364041
13.01.2018|56,3|01:56:00|531|0|251|1,219|87|66%|0|0|291|605|78|128|137|176|175|1,399|1,359|14|02:00:58|SRM PC8|https://www.strava.com/activities/1355135109
13.01.2018|54,77|01:55:42|1,064|0|285|1,519|118|74%|0|0|284|648|79|119|136|182|219|1,182|1,694|11|02:25:06|SRM PC8|https://www.strava.com/activities/1354495761
12.01.2018|137,39|04:19:06|1,782|0|249|3,068|191|65%|0|0|318|684|79|125|134|228|197|755|3,421|14|04:38:25|SRM PC8|https://www.strava.com/activities/1353305287
09.01.2018|47,49|01:39:39|175|0|181|1,018|38|47%|0|0|286|547|84|110|114|143|170|1,129|1,135|14|01:43:48|SRM PC8|https://www.strava.com/activities/1348503478
05.01.2018|115,45|04:02:22|986|0|224|2,735|141|58%|0|0|286|655|80|147|135|170|188|1,386|3,050|16|04:09:54|SRM PC8|https://www.strava.com/activities/1341892568
21.02.2018|153,45|04:43:51|669|0|226|3,427|167|59%|0|0|324|630|85|127|0|0|201|1,28|3,821|6|04:48:46|Garmin Edge 1000|https://www.strava.com/activities/1418857222
04.02.2018|138,52|03:18:15|698|0|303|3,125|208|79%|0|0|419|763|84|124|135|166|263|1,141|3,484|8|03:20:01|SRM PC8|https://www.strava.com/activities/1392475282
02.02.2018|22,4|00:29:41|270|0|364|612|46|95%|0|0|453|821|90|137|158|171|343|918|682|9|00:33:19|SRM PC8|https://www.strava.com/activities/1387943676
11.02.2018|165,83|04:21:10|2,488|0|281|3,649|237|73%|0|0|381|828|82|132|135|173|233|1,203|4,069|12|04:25:38|SRM PC8|https://www.strava.com/activities/1403822239
10.02.2018|144,67|03:57:37|2,68|0|302|3,625|247|79%|0|0|365|727|86|136|148|186|254|1,094|4,042|13|03:58:30|SRM PC8|https://www.strava.com/activities/1401052856
09.02.2018|174,22|04:28:20|1,608|0|241|3,123|179|63%|0|0|390|835|83|134|127|175|194|1,042|3,482|10|04:33:27|SRM PC8|https://www.strava.com/activities/1399462356
03.02.2018|184,31|05:12:12|3,258|0|300|4,788|318|78%|0|0|354|850|81|134|144|183|256|1,087|5,339|13|05:13:04|SRM PC8|https://www.strava.com/activities/1389575462
01.02.2018|153,83|04:09:28|2,478|0|280|3,403|222|73%|0|0|370|770|84|135|138|198|227|1,222|3,795|16|04:10:40|SRM PC8|https://www.strava.com/activities/1386398001
21.03.2018|106,42|02:36:59|567|0|247|2,146|112|64%|0|0|407|641|89|127|136|163|228|817|2,393|12|02:56:05|SRM PC8|https://www.strava.com/activities/1464188992
18.03.2018|152,59|03:42:46|948|0|0|0|0||0|0|411|648|86|118|145|178|0|0||10|03:46:37|SRM PC8|https://www.strava.com/activities/1459115827
17.03.2018|44,28|01:23:11|140|0|292|1,04|80|76%|0|0|319|569|81|105|142|180|208|1,125|1,159|13|01:23:11|SRM PC8|https://www.strava.com/activities/1457531518
15.03.2018|112,64|04:00:00|747|0|229|2,611|149|60%|0|0|282|648|77|108|123|178|181|690|2,912|18|04:11:31|SRM PC8|https://www.strava.com/activities/1454260297
14.03.2018|141,55|05:07:51|1,823|0|241|3,495|213|63%|0|0|276|734|77|143|129|171|189|819|3,897|17|05:28:47|SRM PC8|https://www.strava.com/activities/1452679398
11.03.2018|194,11|06:55:21|1,869|0|204|4,659|207|53%|0|0|280|677|79|122|127|236|187|566|5,195|19|07:36:21|SRM PC8|https://www.strava.com/activities/1447891850
10.03.2018|108,1|03:08:07|822|0|0|0|0||0|0|345|814|85|134|140|248|0|0||18|03:19:23|SRM PC8|https://www.strava.com/activities/1445450724
09.03.2018|105,27|03:57:12|1,43|0|249|2,657|173|65%|0|0|266|749|79|132|132|177|187|655|2,963|16|04:06:38|SRM PC8|https://www.strava.com/activities/1443945697
06.03.2018|110,93|03:57:43|880|0|200|2,6|112|52%|0|0|280|619|78|105|128|184|182|771|2,899|16|04:15:46|SRM PC8|https://www.strava.com/activities/1439254196
03.03.2018|55,71|01:53:22|176|0|190|1,237|48|50%|0|0|295|540|85|106|125|153|182|421|1,379|17|01:57:56|SRM PC8|https://www.strava.com/activities/1433835335
30.03.2018|149,8|03:45:43|1,661|0|306|3,563|240|80%|0|0|398|763|84|134|150|176|263|1,064|3,973|12|03:45:43|SRM PC8|https://www.strava.com/activities/1481278709
25.03.2018|202,77|04:56:12|1,97|0|277|4,175|261|72%|0|0|411|792|83|124|142|226|235|1,218|4,655|17|05:08:45|SRM PC8|https://www.strava.com/activities/1474218095
24.03.2018|148,39|03:53:36|2,073|0|308|3,661|252|80%|0|0|381|727|83|129|158|184|261|1,118|4,082|14|03:55:24|SRM PC8|https://www.strava.com/activities/1469443028
17.03.2018|72,95|02:36:16|1,055|0|251|1,722|117|66%|0|0|280|576|73|141|131|175|184|1,276|1,920|11|02:44:15|SRM PC8|https://www.strava.com/activities/1457188386
13.03.2018|46,12|01:42:27|140|0|160|945|33|42%|0|0|270|454|80|98|107|239|154|649|1,053|15|02:06:27|SRM PC8|https://www.strava.com/activities/1452684740
30.04.2018|63,6|01:59:57|220|0|214|1,431|63|56%|0|0|318|569|83|111|129|166|199|1,35|1,595|17|02:01:07|SRM PC8|https://www.strava.com/activities/1540789828
22.04.2018|258,79|06:52:54|4,291|0|291|6,265|398|76%|0|0|376|864|86|125|153|185|253|1,263|6,985|27|07:11:08|SRM PC8|https://www.strava.com/activities/1525466977
18.04.2018|196,89|05:17:12|3,256|0|290|4,716|306|76%|0|0|372|842|85|137|154|232|248|1,209|5,258|28|05:30:25|SRM PC8|https://www.strava.com/activities/1516158168
10.04.2018|37,57|01:17:23|453|0|240|857|54|63%|0|0|291|569|78|109|125|170|184|1,079|955|22|01:22:11|SRM PC8|https://www.strava.com/activities/1500578989
07.04.2018|116,22|03:30:49|1,408|0|331|3,632|274|86%|0|0|331|986|80|149|143|170|287|1,17|4,050|13|03:43:04|SRM PC8|https://www.strava.com/activities/1495023047
05.04.2018|19,17|00:25:06|90|0|362|537|37|95%|0|0|458|684|90|109|158|167|357|937|599|20|00:25:06|SRM PC8|https://www.strava.com/activities/1490949259
28.04.2018|43,84|01:28:32|154|0|174|871|31|45%|0|0|297|518|82|108|0|0|164|540|972|21|01:33:52|SRM PC8|https://www.strava.com/activities/1536964083
27.04.2018|130,85|04:30:32|742|0|198|2,77|125|52%|0|0|290|670|80|120|115|164|171|1,296|3,089|21|04:40:20|SRM PC8|https://www.strava.com/activities/1534831379
26.04.2018|64,55|02:20:55|656|0|199|1,456|68|52%|0|0|275|619|81|113|115|158|172|799|1,623|18|02:31:34|SRM PC8|https://www.strava.com/activities/1532613720
24.04.2018|41,91|01:23:40|118|0|173|790|30|45%|0|0|301|497|85|116|106|141|157|1,045|880|27|01:37:50|SRM PC8|https://www.strava.com/activities/1528973283
21.04.2018|47,7|01:52:15|874|0|212|1,039|58|55%|0|0|255|634|76|147|106|151|154|522|1,158|24|01:56:03|SRM PC8|https://www.strava.com/activities/1522000916
20.04.2018|85,03|02:54:40|1,559|0|259|1,984|136|68%|0|0|292|713|79|128|118|175|189|1,312|2,212|27|02:57:28|SRM PC8|https://www.strava.com/activities/1520120283
19.04.2018|38,58|01:23:08|330|0|153|639|23|40%|0|0|278|576|81|115|101|241|128|787|713|29|01:50:27|SRM PC8|https://www.strava.com/activities/1518359570
17.04.2018|59,89|02:02:49|934|0|238|1,308|80|62%|0|0|293|648|81|124|112|172|178|772|1,459|20|02:05:48|SRM PC8|https://www.strava.com/activities/1513980697
14.04.2018|42,45|01:31:05|389|0|182|866|37|48%|0|0|280|619|82|121|109|147|159|471|966|14|01:37:34|SRM PC8|https://www.strava.com/activities/1508010729
13.04.2018|45,23|01:37:33|172|0|163|880|31|43%|0|0|278|432|83|111|100|137|150|436|982|15|01:48:02|SRM PC8|https://www.strava.com/activities/1505632305
11.04.2018|204,27|05:04:14|2,296|0|284|4,143|279|74%|0|0|403|792|84|126|140|178|227|1,21|4,620|16|05:05:44|SRM PC8|https://www.strava.com/activities/1503899682
06.04.2018|161,57|04:19:51|2,38|0|293|3,774|257|77%|0|0|373|907|81|142|141|176|242|1,174|4,208|25|04:21:49|SRM PC8|https://www.strava.com/activities/1492881713
04.04.2018|186,22|05:06:14|3,048|0|284|4,256|280|74%|0|0|365|814|82|133|133|236|232|999|4,745|20|05:06:58|SRM PC8|https://www.strava.com/activities/1489310210
03.04.2018|164,07|04:28:41|2,579|0|306|4,05|287|80%|0|0|366|842|81|138|145|225|251|1,144|4,515|21|04:29:44|SRM PC8|https://www.strava.com/activities/1487615763
02.04.2018|159,85|04:36:10|2,72|0|271|3,553|233|71%|0|0|347|835|81|129|143|180|214|1,086|3,961|25|04:39:48|SRM PC8|https://www.strava.com/activities/1485789223
01.04.2018|32,84|01:20:22|680|0|217|843|46|57%|0|0|245|749|75|123|117|162|175|580|940|20|01:29:47|SRM PC8|https://www.strava.com/activities/1483924091
31.05.2018|202,24|05:24:32|2,467|0|251|3,805|237|66%|0|0|374|763|83|152|132|180|195|1,129|4,242|28|05:37:15|SRM PC8|https://www.strava.com/activities/1608463917
30.05.2018|2,27|00:04:22|64|0|465|103|10|121%|0|0|312|706|79|116|173|182|393|1,138|115|25|00:05:03|SRM PC8|https://www.strava.com/activities/1606646410
27.05.2018|47,57|01:36:57|142|0|169|934|32|44%|0|0|294|497|88|110|106|137|161|564|1,042|27|01:46:18|SRM PC8|https://www.strava.com/activities/1599319641
26.05.2018|159,34|04:54:40|1,422|0|238|3,372|194|62%|0|0|324|619|82|143|131|177|191|1,226|3,759|28|05:02:40|SRM PC8|https://www.strava.com/activities/1597574196
25.05.2018|74,78|02:35:19|887|0|247|1,677|108|64%|0|0|289|731|81|119|0|0|180|732|1,870|27|02:37:37|SRM PC8|https://www.strava.com/activities/1595117319
24.05.2018|59,45|02:03:43|655|0|204|1,357|60|53%|0|0|288|727|83|132|121|156|183|661|1,513|28|02:08:46|SRM PC8|https://www.strava.com/activities/1593085914
23.05.2018|44,63|01:27:23|165|0|191|941|37|50%|0|0|306|533|82|114|121|144|179|583|1,049|27|01:45:41|SRM PC8|https://www.strava.com/activities/1590820227
10.05.2018|60,81|02:01:11|224|0|196|1,281|53|51%|0|0|301|547|85|109|117|156|176|592|1,428|15|02:03:35|SRM PC8|https://www.strava.com/activities/1561793594
09.05.2018|41,85|01:25:43|118|0|179|843|33|47%|0|0|293|526|89|128|110|154|164|1,246|940|17|01:38:28|SRM PC8|https://www.strava.com/activities/1559842337
05.05.2018|182,04|04:21:00|1,714|0|257|3,197|196|67%|0|0|418|842|82|164|136|240|204|1,05|3,565|26|04:21:45|SRM PC8|https://www.strava.com/activities/1551830458
04.05.2018|150,63|03:39:08|1,979|0|293|3,126|218|77%|0|0|412|814|85|126|147|187|238|1,061|3,485|21|03:42:10|SRM PC8|https://www.strava.com/activities/1549566048
20.05.2018|130,5|03:29:23|1,33|0|307|3,364|224|80%|0|0|374|792|85|130|141|172|268|1,046|3,751|14|03:29:44|SRM PC8|https://www.strava.com/activities/1585389730
19.05.2018|151,07|04:02:31|2,819|0|297|3,619|248|78%|0|0|374|857|85|138|153|182|249|1,167|4,035|25|04:06:07|SRM PC8|https://www.strava.com/activities/1582626174
18.05.2018|163,72|04:05:05|1,033|0|243|2,771|164|63%|0|0|401|756|82|120|133|181|188|1,133|3,090|25|04:06:42|SRM PC8|https://www.strava.com/activities/1580350757
06.05.2018|187,94|05:04:47|3,313|0|290|4,233|292|76%|0|0|370|857|82|135|144|183|231|1,161|4,719|26|05:05:12|SRM PC8|https://www.strava.com/activities/1555511160
03.05.2018|182,38|04:16:22|801|0|247|3,292|177|64%|0|0|427|835|84|134|137|175|214|1,121|3,670|18|04:17:25|SRM PC8|https://www.strava.com/activities/1547638825
29.06.2018|45,8|01:41:37|473|0|179|897|40|47%|0|0|270|619|80|135|104|144|147|1,292|1,000|28|01:52:47|SRM PC8|https://www.strava.com/activities/1671993068
28.06.2018|44,93|01:02:38|519|0|347|1,232|86|91%|0|0|430|770|95|115|175|183|328|913|1,373|29|01:02:38|SRM PC8|https://www.strava.com/activities/1667996998
27.06.2018|68,09|02:02:37|876|0|274|1,718|111|72%|0|0|333|720|90|143|142|242|234|884|1,916|26|02:12:26|SRM PC8|https://www.strava.com/activities/1665468594
26.06.2018|56,09|01:38:41|212|0|214|1,178|51|56%|0|0|341|590|89|114|134|157|199|675|1,314|27|01:39:14|SRM PC8|https://www.strava.com/activities/1663040901
25.06.2018|55,99|01:43:41|186|0|186|1,084|42|49%|0|0|324|583|90|141|125|157|174|670|1,209|26|01:47:28|SRM PC8|https://www.strava.com/activities/1660902209
23.06.2018|65,49|01:52:57|248|0|285|1,548|104|74%|0|0|348|662|87|111|133|167|228|798|1,726|27|01:53:35|SRM PC8|https://www.strava.com/activities/1657350706
22.06.2018|101,73|02:54:57|615|0|245|2,315|127|64%|0|0|349|619|89|128|128|159|221|943|2,581|24|03:06:10|SRM PC8|https://www.strava.com/activities/1654554282
21.06.2018|73,39|02:28:49|738|0|202|1,594|72|53%|0|0|296|605|82|162|116|151|178|1,283|1,777|31|02:35:29|SRM PC8|https://www.strava.com/activities/1653015299
20.06.2018|66,04|01:53:51|218|0|222|1,418|66|58%|0|0|348|612|88|115|125|155|208|794|1,581|26|01:58:24|SRM PC8|https://www.strava.com/activities/1650214541
19.06.2018|44,07|01:37:02|169|0|138|724|21|36%|0|0|273|490|79|105|92|125|124|486|807|25|01:41:17|SRM PC8|https://www.strava.com/activities/1650214693
17.06.2018|190,32|04:48:06|3,042|0|303|4,447|303|79%|0|0|396|828|85|178|141|175|257|999|4,958|21|04:51:30|SRM PC8|https://www.strava.com/activities/1645053991
16.06.2018|200,85|05:51:59|4,867|0|294|5,396|349|77%|0|0|342|814|83|134|146|177|256|1,28|6,017|20|05:54:18|SRM PC8|https://www.strava.com/activities/1643427233
15.06.2018|173,95|04:16:17|2,425|0|283|3,541|236|74%|0|0|407|828|83|139|137|175|230|1,078|3,948|21|04:19:04|SRM PC8|https://www.strava.com/activities/1643418488
14.06.2018|167,02|04:22:00|2,052|0|290|3,785|251|76%|0|0|383|763|85|142|150|182|241|1,185|4,220|26|04:22:25|SRM PC8|https://www.strava.com/activities/1643418888
13.06.2018|46,66|01:42:51|348|0|180|964|43|47%|0|0|272|598|77|121|112|234|156|1,345|1,075|26|02:00:17|SRM PC8|https://www.strava.com/activities/1643427246
09.06.2018|238,55|06:31:05|1,895|0|248|4,646|288|65%|0|0|366|720|86|132|130|179|198|816|5,180|26|06:56:29|SRM PC8|https://www.strava.com/activities/1627349534
07.06.2018|87,13|03:02:03|516|0|188|1,868|77|49%|0|0|287|590|85|125|112|162|171|554|2,083|21|03:20:14|SRM PC8|https://www.strava.com/activities/1623032090
03.06.2018|169,37|04:11:30|2,355|0|285|3,509|238|74%|0|0|404|842|86|133|139|181|233|1,211|3,912|27|04:32:44|SRM PC8|https://www.strava.com/activities/1616199593
02.06.2018|156,6|03:56:29|2,628|0|312|3,551|260|81%|0|0|397|886|86|137|146|183|250|1,222|3,960|22|03:56:48|SRM PC8|https://www.strava.com/activities/1612938232
01.06.2018|88,73|02:04:47|366|0|298|1,889|130|78%|0|0|427|907|88|141|141|212|252|1,149|2,106|20|02:10:02|SRM PC8|https://www.strava.com/activities/1610388443
30.06.2018|49,59|01:34:44|482|0|198|831|43|52%|0|0|314|590|81|108|102|149|146|457|926|28|01:38:25|SRM PC8|https://www.strava.com/activities/1671994421
08.06.2018|111,18|03:55:59|1,406|0|224|2,4|140|58%|0|0|283|619|79|146|124|170|170|1,285|2,676|28|04:10:59|SRM PC8|https://www.strava.com/activities/1625667150
06.06.2018|47,47|01:38:55|154|0|169|907|33|44%|0|0|288|482|80|134|96|138|153|559|1,011|20|01:49:55|SRM PC8|https://www.strava.com/activities/1620935694
04.06.2018|59,14|02:12:59|240|0|139|1,057|31|36%|0|0|267|403|81|115|101|192|132|555|1,178|27|02:55:54|SRM PC8|https://www.strava.com/activities/1616980803
31.07.2018|44,63|01:34:34|161|0|157|816|29|41%|0|0|283|511|86|114|100|139|144|542|910|34|02:16:24|SRM PC8|https://www.strava.com/activities/1740061051
29.07.2018|114,45|03:02:11|822|0|239|2,02|119|62%|0|0|377|792|82|158|0|0|185|936|2,252|29|03:04:46|SRM PC8|https://www.strava.com/activities/1737954018
28.07.2018|30,59|00:47:39|615|0|361|958|76|94%|0|0|385|770|94|124|149|167|335|800|1,068|24|00:52:58|SRM PC8|https://www.strava.com/activities/1733667177
27.07.2018|206,19|06:25:55|4,757|0|283|5,436|354|74%|0|0|321|922|78|144|128|167|235|1,195|6,061|29|06:29:32|SRM PC8|https://www.strava.com/activities/1733667993
26.07.2018|173,83|04:06:12|1,433|0|258|3,185|194|67%|0|0|424|878|85|134|122|157|216|941|3,552|35|04:27:41|SRM PC8|https://www.strava.com/activities/1729812668
25.07.2018|71,41|02:56:17|2,994|0|315|2,864|201|82%|0|0|243|893|76|142|133|211|271|996|3,193|28|03:07:45|SRM PC8|https://www.strava.com/activities/1729812497
24.07.2018|218,88|06:03:25|4,105|0|282|5,045|332|74%|0|0|361|835|81|132|134|179|231|1,228|5,625|30|06:14:36|SRM PC8|https://www.strava.com/activities/1725394252
22.07.2018|182,57|04:56:40|2,848|0|283|3,967|271|74%|0|0|369|850|82|131|124|208|223|1,177|4,423|28|04:57:45|SRM PC8|https://www.strava.com/activities/1721265470
21.07.2018|187,02|04:49:56|3,038|0|299|4,499|302|78%|0|0|387|950|85|135|141|174|259|1,176|5,016|29|04:57:57|SRM PC8|https://www.strava.com/activities/1718381059
20.07.2018|171,59|03:59:29|1,13|0|229|2,583|143|60%|0|0|430|936|86|127|111|151|180|918|2,880|33|04:00:20|SRM PC8|https://www.strava.com/activities/1715552627
19.07.2018|176,46|06:05:27|6,047|0|287|5,477|350|75%|0|0|290|936|78|137|139|170|250|1,145|6,107|33|06:46:21|SRM PC8|https://www.strava.com/activities/1713906117
18.07.2018|108,16|03:53:14|3,806|0|314|3,952|264|82%|0|0|278|907|79|180|147|174|282|1,068|4,406|31|03:56:05|SRM PC8|https://www.strava.com/activities/1711151800
17.07.2018|162,44|05:05:58|3,785|0|283|4,326|290|74%|0|0|319|871|80|130|141|177|236|1,227|4,824|29|05:19:12|SRM PC8|https://www.strava.com/activities/1710276563
16.07.2018|23,94|01:01:26|282|0|0|0|0||87|322|234|511|0|0|87|126|0|0|359|27|01:03:18|SRM PC8|https://www.strava.com/activities/1710276037
15.07.2018|162,26|03:57:11|714|0|261|3,276|184|68%|0|0|410|677|82|138|136|164|230|1,045|3,653|34|03:58:59|SRM PC8|https://www.strava.com/activities/1704640425
14.07.2018|185,88|04:47:13|1,406|0|228|3,007|173|60%|0|0|388|778|81|130|108|169|175|980|3,353|32|04:51:04|SRM PC8|https://www.strava.com/activities/1702362079
13.07.2018|236,94|06:04:51|2,587|0|227|3,857|214|59%|0|0|390|792|82|129|109|156|176|906|4,301|29|06:07:16|SRM PC8|https://www.strava.com/activities/1700071736
12.07.2018|189,44|04:38:44|2,185|0|274|3,766|245|72%|0|0|408|828|85|148|127|169|225|1,018|4,199|28|04:47:18|SRM PC8|https://www.strava.com/activities/1699210010
11.07.2018|210,94|05:23:22|2,94|0|266|4,16|258|69%|0|0|391|878|87|139|123|165|214|1,002|4,639|28|05:23:52|SRM PC8|https://www.strava.com/activities/1695950810
10.07.2018|199,6|04:46:56|1,4|0|277|4,343|255|72%|0|0|417|713|91|123|142|173|252|1,35|4,843|31|04:56:37|SRM PC8|https://www.strava.com/activities/1694082586
09.07.2018|35,9|00:47:31|340|0|348|870|66|91%|0|0|453|835|95|122|161|178|305|1,151|970|31|00:48:00|SRM PC8|https://www.strava.com/activities/1691326650
08.07.2018|185,06|04:22:33|1,558|0|239|3,116|170|62%|0|0|423|763|85|130|131|169|198|967|3,474|36|04:25:10|SRM PC8|https://www.strava.com/activities/1689645010
07.07.2018|202,89|04:40:14|520|0|221|3,157|158|58%|0|0|434|691|86|133|130|173|188|1,029|3,520|33|04:45:20|SRM PC8|https://www.strava.com/activities/1686904337
06.07.2018|32,01|00:51:29|250|0|234|586|33|61%|0|0|373|727|85|119|124|167|190|727|653|22|00:54:03|SRM PC8|https://www.strava.com/activities/1684260524
05.07.2018|75,51|02:23:39|567|0|176|1,299|54|46%|0|0|315|533|82|119|104|176|151|696|1,448|24|02:35:51|SRM PC8|https://www.strava.com/activities/1684259249
01.07.2018|252,46|06:12:17|2,819|0|266|4,815|297|69%|0|0|407|878|85|144|150|197|216|1,123|5,368|32|06:12:17|SRM PC8|https://www.strava.com/activities/1674938256
31.08.2018|97,83|03:04:42|688|0|203|2,118|89|53%|0|0|318|598|88|116|120|254|191|703|2,361|27|03:12:28|SRM PC8|https://www.strava.com/activities/1809583091
30.08.2018|58,84|01:53:53|212|0|192|1,208|47|50%|0|0|310|547|86|109|116|152|177|647|1,347|26|01:54:25|SRM PC8|https://www.strava.com/activities/1807380112
28.08.2018|44,67|01:31:01|162|0|160|825|26|42%|0|0|295|482|86|135|109|139|151|631|920|35|01:31:58|SRM PC8|https://www.strava.com/activities/1805723556
25.08.2018|48,58|01:43:20|338|0|159|861|32|42%|0|0|282|504|81|112|95|126|139|820|960|21|02:13:41|SRM PC8|https://www.strava.com/activities/1796243008
24.08.2018|80,18|02:03:54|630|0|258|1,664|94|67%|0|0|388|756|89|144|129|170|224|854|1,855|24|02:05:40|SRM PC8|https://www.strava.com/activities/1794017835
23.08.2018|63,54|02:15:35|685|0|194|1,399|59|51%|0|0|281|619|85|135|114|145|172|702|1,559|28|02:18:38|SRM PC8|https://www.strava.com/activities/1792265753
21.08.2018|44,87|01:31:31|137|0|164|853|28|43%|0|0|294|526|85|109|103|132|155|454|951|27|01:33:26|SRM PC8|https://www.strava.com/activities/1787189521
19.08.2018|94,47|02:14:47|561|0|247|1,609|96|64%|0|0|421|619|85|142|119|248|199|986|1,794|34|02:25:48|SRM PC8|https://www.strava.com/activities/1784559600
14.08.2018|36,9|01:17:59|604|0|215|800|41|56%|0|0|284|598|81|153|118|168|171|816|892|27|01:18:50|SRM PC8|https://www.strava.com/activities/1771634530
12.08.2018|78,58|02:12:11|446|0|248|1,781|100|65%|0|0|357|533|84|124|138|169|225|1,113|1,986|30|02:29:52|SRM PC8|https://www.strava.com/activities/1768811137
11.08.2018|75,45|02:05:01|452|0|247|1,514|90|64%|0|0|362|742|89|133|125|161|202|1,295|1,688|27|02:11:59|SRM PC8|https://www.strava.com/activities/1765594628
10.08.2018|143,39|05:11:41|2,171|0|202|3,185|148|53%|0|0|276|684|82|132|123|156|170|623|3,551|28|05:19:26|SRM PC8|https://www.strava.com/activities/1762762477
08.08.2018|62,65|01:56:09|224|0|203|1,345|56|53%|0|0|324|540|87|117|116|238|193|554|1,500|29|02:42:55|SRM PC8|https://www.strava.com/activities/1758183228
03.08.2018|29,37|01:08:31|630|0|248|736|53|65%|0|0|257|698|79|117|116|184|179|639|820|33|01:26:56|SRM PC8|https://www.strava.com/activities/1747312108
02.08.2018|60,63|01:57:59|380|0|217|1,307|64|57%|0|0|308|590|87|117|0|0|185|1,266|1,458|28|02:00:43|SRM PC8|https://www.strava.com/activities/1744362347
26.08.2018|224,08|05:56:15|2,209|0|259|4,443|274|68%|0|0|377|756|83|129|132|176|208|1,06|4,954|20|05:57:51|SRM PC8|https://www.strava.com/activities/1800340387
18.08.2018|161,81|03:59:22|2,289|0|288|3,441|226|75%|0|0|406|828|84|142|134|176|240|1,041|3,837|29|04:01:14|SRM PC8|https://www.strava.com/activities/1784559492
17.08.2018|194,73|04:57:49|2,077|0|292|4,211|287|76%|0|0|392|785|84|137|135|173|236|1,045|4,695|23|04:58:11|SRM PC8|https://www.strava.com/activities/1778676404
16.08.2018|182,89|04:57:45|2,636|0|252|3,578|218|66%|0|0|369|749|81|130|135|178|200|1,075|3,989|32|05:01:53|SRM PC8|https://www.strava.com/activities/1776699712
15.08.2018|173,23|04:23:44|2,534|0|291|3,987|253|76%|0|0|394|749|88|125|160|186|252|1,197|4,445|29|04:23:44|SRM PC8|https://www.strava.com/activities/1774453861
04.08.2018|226,05|06:13:50|3,758|0|270|4,728|309|70%|0|0|363|914|85|143|139|177|211|1,068|5,271|32|06:16:31|SRM PC8|https://www.strava.com/activities/1750592298
27.09.2018|119,6|03:59:48|1,157|0|219|2,683|138|57%|0|0|299|698|84|130|127|212|186|682|2,991|24|04:22:24|SRM PC8|https://www.strava.com/activities/1873332945
26.09.2018|44,68|01:31:09|156|0|173|895|32|45%|0|0|294|461|87|106|113|141|164|573|998|27|01:34:37|SRM PC8|https://www.strava.com/activities/1873331853
17.09.2018|73,66|01:48:50|392|0|241|1,429|72|63%|0|0|406|684|94|143|132|160|219|802|1,594|29|01:49:43|SRM PC8|https://www.strava.com/activities/1850220518
15.09.2018|78,36|02:29:05|423|0|201|1,699|71|52%|0|0|315|670|87|117|115|152|190|740|1,894|22|02:43:57|SRM PC8|https://www.strava.com/activities/1846062067
14.09.2018|43,68|01:26:15|144|0|188|914|36|49%|0|0|304|504|85|108|117|150|177|716|1,019|25|01:30:34|SRM PC8|https://www.strava.com/activities/1841423482
06.09.2018|38,31|01:20:29|132|0|177|730|29|46%|0|0|286|511|89|119|106|147|151|486|814|25|01:44:58|SRM PC8|https://www.strava.com/activities/1825316936
03.09.2018|44,48|01:27:56|160|0|176|883|31|46%|0|0|304|490|87|141|115|141|167|538|984|32|01:29:14|SRM PC8|https://www.strava.com/activities/1816987411
02.09.2018|176,3|05:06:54|1,19|0|248|3,687|221|65%|0|0|345|749|87|123|129|177|200|725|4,111|27|05:20:01|SRM PC8|https://www.strava.com/activities/1814477256
01.09.2018|118,65|03:57:30|1,051|0|217|2,697|131|57%|0|0|300|634|86|116|122|162|189|1,286|3,008|24|04:08:10|SRM PC8|https://www.strava.com/activities/1811497982
29.09.2018|167,11|05:08:25|1,076|0|203|3,234|149|53%|0|0|325|691|85|117|114|154|175|853|3,605|24|05:32:52|SRM PC8|https://www.strava.com/activities/1873331415
28.09.2018|92,19|03:12:38|582|0|219|1,775|105|57%|0|0|287|590|84|112|118|177|154|684|1,979|29|03:14:24|SRM PC8|https://www.strava.com/activities/1870986765
25.09.2018|92,29|03:09:18|508|0|177|1,844|71|46%|0|0|293|540|81|136|111|162|162|1,347|2,056|22|03:48:00|SRM PC8|https://www.strava.com/activities/1873331592
20.09.2018|197,79|04:59:41|2,238|0|251|3,665|218|66%|0|0|396|1008|85|162|135|179|204|1,094|4,087|34|05:03:46|SRM PC8|https://www.strava.com/activities/1856575852
19.09.2018|200,42|05:27:46|2,38|0|265|4,102|262|69%|0|0|367|778|85|129|143|200|209|1,119|4,573|32|05:29:26|SRM PC8|https://www.strava.com/activities/1852363958
18.09.2018|32,92|01:06:06|54|0|173|602|23|45%|0|0|299|504|86|123|99|137|152|682|671|27|01:08:37|SRM PC8|https://www.strava.com/activities/1850221244
16.09.2018|90,67|03:05:11|773|0|193|1,941|79|50%|0|0|294|634|83|122|112|149|175|555|2,164|24|03:13:28|SRM PC8|https://www.strava.com/activities/1846062735
12.09.2018|211,9|05:34:56|2,988|0|271|4,259|282|71%|0|0|380|835|84|125|139|225|212|1,12|4,748|26|05:37:49|SRM PC8|https://www.strava.com/activities/1838386187
11.09.2018|53,34|01:53:43|858|0|237|1,245|73|62%|0|0|281|720|82|125|114|171|182|770|1,388|24|01:54:53|SRM PC8|https://www.strava.com/activities/1834581997
09.09.2018|191,17|04:43:11|2,582|0|276|3,892|247|72%|0|0|405|864|88|145|152|191|229|1,122|4,340|27|04:46:12|SRM PC8|https://www.strava.com/activities/1831111684
08.09.2018|40,87|01:21:44|472|0|207|849|40|54%|0|0|300|590|81|105|117|154|173|454|946|24|01:23:21|SRM PC8|https://www.strava.com/activities/1831110897
05.09.2018|129,81|04:26:24|986|0|217|2,727|149|57%|0|0|292|684|82|143|122|200|171|693|3,041|27|04:36:49|SRM PC8|https://www.strava.com/activities/1820906273
24.11.2018|118,45|04:02:35|845|0|189|2,442|98|49%|0|0|293|583|83|128|135|170|168|1,316|2,722|13|04:03:13|SRM PC8|https://www.strava.com/activities/1982159907
22.11.2018|58,7|02:06:53|442|0|188|1,257|53|49%|0|0|278|763|84|124|127|170|165|611|1,401|14|02:12:24|SRM PC8|https://www.strava.com/activities/1978572228
19.11.2018|56,26|01:53:33|176|0|183|1,152|43|48%|0|0|297|511|88|120|139|171|169|1,255|1,284|12|01:53:33|SRM PC8|https://www.strava.com/activities/1973752622
18.11.2018|86,27|03:16:26|526|0|159|1,741|58|42%|0|0|264|691|82|109|120|158|148|595|1,941|13|03:21:33|SRM PC8|https://www.strava.com/activities/1972433921
15.11.2018|79,94|02:56:54|267|0|158|1,599|51|41%|0|0|271|468|87|123|135|167|151|751|1,783|19|03:06:57|SRM PC8|https://www.strava.com/activities/1966539752
13.11.2018|50,78|01:58:16|323|0|144|936|29|38%|0|0|258|562|83|114|127|161|132|415|1,044|16|02:03:44|SRM PC8|https://www.strava.com/activities/1962422080
11.11.2018|73,65|02:58:39|312|0|136|1,321|39|36%|0|0|247|482|79|112|122|157|123|612|1,473|18|03:14:58|SRM PC8|https://www.strava.com/activities/1958364287
31.12.2018|22,6|01:00:39|518|0|204|633|28|53%|0|0|224|648|79|115|0|0|174|514|605||01:00:39|Zwift|https://www.strava.com/activities/2046747878
29.12.2018|172,57|06:04:35|1,934|0|220|3,978|204|57%|0|0|284|619|76|130|121|234|182|761|4,435|7|06:16:51|SRM PC8|https://www.strava.com/activities/2042410438
28.12.2018|141,57|05:06:33|1,465|0|198|3,16|140|52%|0|0|277|590|77|137|119|159|172|1,291|3,523|10|05:13:00|SRM PC8|https://www.strava.com/activities/2040356510
27.12.2018|73,31|02:30:09|476|0|196|1,579|66|51%|0|0|293|576|80|130|114|162|175|1,373|1,761|9|02:33:00|SRM PC8|https://www.strava.com/activities/2038519039
24.12.2018|65,54|02:21:21|440|0|235|1,542|92|61%|0|0|278|576|79|110|123|174|182|674|1,720|12|02:35:08|SRM PC8|https://www.strava.com/activities/2033379163
23.12.2018|106,94|03:59:13|1,628|0|235|2,578|154|61%|0|0|268|634|71|139|129|170|180|1,27|2,874|14|04:14:45|SRM PC8|https://www.strava.com/activities/2031831793
21.12.2018|45,38|01:43:40|173|0|173|963|36|45%|0|0|263|468|83|109|106|147|155|748|1,074|10|03:00:21|SRM PC8|https://www.strava.com/activities/2031832048
19.12.2018|188,38|05:52:53|2,424|0|232|3,987|227|61%|0|0|320|648|80|133|121|249|188|862|4,446|16|06:25:41|SRM PC8|https://www.strava.com/activities/2025104789
18.12.2018|175,34|05:34:40|2,307|0|238|3,802|225|62%|0|0|314|648|78|136|125|201|189|838|4,240|15|05:55:39|SRM PC8|https://www.strava.com/activities/2023472047
14.12.2018|140,13|04:30:27|1,621|0|218|2,938|153|57%|0|0|311|634|81|135|133|207|181|1,387|3,275|15|04:57:30|SRM PC8|https://www.strava.com/activities/2016851583
11.12.2018|67,78|02:39:45|694|0|243|1,525|110|63%|0|0|255|655|79|109|133|184|159|883|1,701|10|04:08:20|SRM PC8|https://www.strava.com/activities/2012107842
08.12.2018|127,63|04:48:06|977|0|183|2,712|114|48%|0|0|266|533|74|129|122|184|157|979|3,024|13|05:15:07|SRM PC8|https://www.strava.com/activities/2006653061
07.12.2018|45,58|01:34:09|146|0|169|920|32|44%|0|0|290|518|86|114|121|155|163|630|1,026|16|02:13:49|SRM PC8|https://www.strava.com/activities/2006652910
06.12.2018|142,35|05:07:35|1,001|0|182|3,022|121|48%|0|0|278|598|81|134|130|168|164|1,363|3,369|15|05:28:53|SRM PC8|https://www.strava.com/activities/2003285525
04.12.2018|48|01:48:49|167|0|143|871|26|37%|0|0|265|439|81|100|107|142|133|478|971|17|02:09:33|SRM PC8|https://www.strava.com/activities/2001228462
03.12.2018|137,82|04:34:51|872|0|209|3,06|142|55%|0|0|301|634|85|118|132|169|186|718|3,412|17|04:45:33|SRM PC8|https://www.strava.com/activities/1998088025
16.12.2018|185,23|05:52:56|2,182|0|222|3,698|209|58%|0|0|315|677|77|128|122|254|175|670|4,123|18|06:22:32|SRM PC8|https://www.strava.com/activities/2020385958
15.12.2018|153,61|04:54:39|1,568|0|223|2,897|175|58%|0|0|313|634|80|137|126|188|164|1,456|3,230|17|05:26:04|SRM PC8|https://www.strava.com/activities/2018471691
01.12.2018|50,48|01:53:07|176|0|0|0|0||116|787|268|544|0|0|0|0|0|0|972|10|01:53:29|Garmin Edge 1000|https://www.strava.com/activities/1994614357
loaded urls in 8.19:27:18.8987819
