date|distance|mov_time|elevation|relativeEffort|avg_power_weig|work_total|training_load|intensity|estAvgPower|energyOutput|avg_speed|max_speed|avg_cadence|max_cadence|avg_heartRate|max_heartRate|avg_power|max_power|avg_calories|avg_temperature|avg_elap_time|bicycle_model|url
1/28/2018|162.15|04:21:43|1611|0|254|3342|178|64%|0|0|37.2|82.8|85|133|0|0|213|1126|3,726|40|04:23:50|SRM PC8|https://www.strava.com/activities/1391944764
1/27/2018|18.23|00:50:46|273|0|171|364|18|43%|0|0|21.6|67|67|108|0|0|120|573|406|27|02:00:30|SRM PC8|https://www.strava.com/activities/1377358254
1/26/2018|54.68|01:51:10|243|0|164|990|32|41%|0|0|29.5|48.2|80|110|0|0|148|863|1,104|23|01:56:49|SRM PC8|https://www.strava.com/activities/1377358363
1/25/2018|156.85|04:14:56|373|0|254|3149|181|64%|0|0|36.9|63.4|85|124|0|0|206|1104|3,511|26|09:35:36|SRM PC8|https://www.strava.com/activities/1377358747
1/24/2018|132.22|04:05:12|1202|0|249|2807|162|62%|0|0|32.4|77|80|123|0|0|191|1343|3,130|26|04:35:55|SRM PC8|https://www.strava.com/activities/1377358482
1/23/2018|55.38|01:50:29|262|0|161|892|31|40%|0|0|30.1|53.3|78|114|0|0|135|765|994|26|02:32:58|SRM PC8|https://www.strava.com/activities/1370760560
1/21/2018|153.56|04:29:26|913|0|255|3012|206|64%|0|0|34.2|70.6|81|116|0|0|186|1140|3,358|37|06:05:43|SRM PC8|https://www.strava.com/activities/1370760647
1/20/2018|152.56|03:54:33|1591|0|309|4069|232|77%|0|0|39|92.9|87|120|0|0|289|1108|4,537|33|03:56:34|SRM PC8|https://www.strava.com/activities/1370760561
1/15/2018|50.54|01:25:41|432|0|211|920|41|53%|0|0|35.4|82.1|79|117|0|0|179|1204|1,025|27|01:33:15|SRM PC8|https://www.strava.com/activities/1361167875
1/14/2018|66.51|02:14:49|183|0|169|1053|44|42%|0|0|29.6|63.4|80|107|7|136|130|1107|1,174|26|09:12:29|SRM PC8|https://www.strava.com/activities/1361167949
1/13/2018|35.69|01:19:44|132|0|143|573|20|36%|0|0|26.9|42.5|77|202|0|0|120|948|639|22|02:13:58|SRM PC8|https://www.strava.com/activities/1361167849
1/11/2018|128.37|04:01:14|1622|0|231|2693|142|58%|0|0|31.9|75.6|78|125|0|0|186|1003|3,003|30|04:43:12|SRM PC8|https://www.strava.com/activities/1351337629
1/10/2018|90.81|03:10:35|1487|0|214|2075|99|54%|0|0|28.6|81.4|74|119|0|0|181|970|2,314|23|03:57:35|SRM PC8|https://www.strava.com/activities/1351337551
1/9/2018|57.44|01:55:22|114|0|151|974|31|38%|0|0|29.9|50.4|81|112|0|0|141|1181|1,086|26|02:54:51|SRM PC8|https://www.strava.com/activities/1351337570
1/6/2018|75.12|02:30:55|207|0|200|1733|65|50%|0|0|29.9|49.7|83|102|0|0|191|653|1,933|7|02:36:01|SRM PC8|https://www.strava.com/activities/1343559868
1/5/2018|32.24|01:00:20|411|0|197|698|24|49%|0|0|32.1|70.6|80|182|0|0|193|386|778||01:00:20|Zwift|https://www.strava.com/activities/1342475933
1/5/2018|50.25|01:32:40|902|0|242|1296|57|61%|0|0|32.5|89.6|76|162|0|0|233|720|1,445||01:32:40|Zwift|https://www.strava.com/activities/1342005484
1/5/2018|76.73|02:30:23|133|0|208|1811|71|52%|0|0|30.6|48.2|84|112|0|0|201|1054|2,019|10|04:43:02|SRM PC8|https://www.strava.com/activities/1342276508
1/2/2018|107.15|04:00:59|1849|0|232|2872|143|58%|0|0|26.7|60.5|71|123|114|196|199|996|3,203|18|04:30:54|SRM PC8|https://www.strava.com/activities/1337381292
1/19/2018|137.57|04:00:54|1926|0|250|3094|158|63%|0|0|34.3|85|78|131|0|0|214|977|3,449|44|04:01:38|SRM PC8|https://www.strava.com/activities/1364152131
1/18/2018|128.21|03:24:05|1165|0|261|2598|144|65%|0|0|37.7|83.5|81|129|0|0|212|1020|2,897|43|03:24:05|SRM PC8|https://www.strava.com/activities/1363785059
1/17/2018|184.7|05:31:55|2779|0|250|4079|220|63%|0|0|33.4|81.4|78|126|0|0|205|1009|4,549|39|05:46:41|SRM PC8|https://www.strava.com/activities/1361163899
1/16/2018|148.72|03:58:32|1479|0|241|2719|145|60%|0|0|37.4|81.4|81|120|0|0|190|1134|3,032|35|04:02:45|SRM PC8|https://www.strava.com/activities/1361166033
1/14/2018|53.68|01:12:45|350|0|345|1349|95|86%|0|0|44.3|69.8|92|124|159|185|309|1157|1,504|21|01:16:55|SRM PC8|https://www.strava.com/activities/1361167831
1/3/2018|170.33|06:04:26|3065|0|243|4366|235|61%|0|0|28|75.6|73|129|127|175|200|1181|4,868|19|07:52:05|SRM PC8|https://www.strava.com/activities/1339112383
2/28/2018|88.39|03:02:00|753|0|242|2510|117|61%|0|0|29.1|60.5|84|147|0|0|230|1302|2,798|0|03:27:45|SRM PC8|https://www.strava.com/activities/1429893644
2/26/2018|28.21|00:45:43|50|0|177|480|14|44%|0|0|37|48.2|95|199|0|0|175|431|535||00:45:43|Zwift|https://www.strava.com/activities/1426760366
2/25/2018|75.36|02:00:21|761|0|251|1690|79|63%|0|0|37.6|58|84|186|0|0|234|494|1,884||02:00:21|Zwift|https://www.strava.com/activities/1425556376
2/24/2018|38.06|01:00:42|183|0|215|772|29|54%|0|0|37.6|50.8|92|195|0|0|212|368|861||01:00:42|Zwift|https://www.strava.com/activities/1423362236
2/20/2018|150.22|05:34:03|2996|0|232|3979|189|58%|0|0|27|86.4|77|121|121|166|199|636|4,436|18|05:42:24|SRM PC8|https://www.strava.com/activities/1417394050
2/19/2018|153.5|05:12:23|2820|0|284|4280|273|71%|0|0|29.5|64.8|80|113|138|184|228|905|4,772|16|05:35:42|SRM PC8|https://www.strava.com/activities/1415632764
2/17/2018|150.58|05:15:37|2996|0|262|4201|237|66%|0|0|28.6|78.5|78|155|131|177|222|784|4,684|19|06:11:22|SRM PC8|https://www.strava.com/activities/1412340671
2/15/2018|154.82|05:21:40|3172|0|267|4616|255|67%|0|0|28.9|71.3|76|123|133|236|239|1020|5,147|20|06:20:53|SRM PC8|https://www.strava.com/activities/1408783860
2/13/2018|150.64|05:07:55|2883|0|264|4150|230|66%|0|0|29.4|74.2|74|122|0|0|225|789|4,627|15|05:23:06|SRM PC8|https://www.strava.com/activities/1406138155
2/12/2018|90.11|03:18:39|2437|0|296|2656|190|74%|0|0|27.2|72|71|126|0|0|223|965|2,962|12|03:31:15|Strava GPX|https://www.strava.com/activities/1404642619
2/6/2018|124.56|04:18:28|930|0|224|3286|141|56%|0|0|28.9|67.7|80|133|0|0|212|997|3,664|0|04:35:11|SRM PC8|https://www.strava.com/activities/1394273718
2/4/2018|110.83|03:41:20|944|0|263|2901|160|66%|0|0|30|61.9|84|116|0|0|218|856|3,235|5|03:43:31|SRM PC8|https://www.strava.com/activities/1391944585
2/3/2018|63.23|02:01:46|1304|0|235|1667|72|59%|0|0|31.2|89.6|83|222|0|0|228|387|1,859||02:05:21|Zwift|https://www.strava.com/activities/1389026136
2/1/2018|59.7|02:01:59|430|0|222|1483|63|56%|0|0|29.4|52.6|86|120|0|0|203|745|1,654|7|02:02:49|SRM PC8|https://www.strava.com/activities/1391944460
2/27/2018|150.11|03:46:00|1278|0|328|4027|265|82%|0|0|39.9|69.8|91|122|0|0|297|1108|4,490|1|04:06:27|SRM PC8|https://www.strava.com/activities/1429910303
2/22/2018|204.39|06:59:05|2785|0|237|5374|259|59%|0|0|29.3|63.4|80|119|0|0|214|888|5,992|12|08:18:24|SRM PC8|https://www.strava.com/activities/1420762005
2/16/2018|125.23|04:32:23|1987|0|238|3245|166|60%|0|0|27.6|77|76|121|116|176|199|1112|3,618|19|04:40:31|SRM PC8|https://www.strava.com/activities/1410214294
2/11/2018|126.67|04:37:52|1926|0|203|2966|125|51%|0|0|27.4|69.1|73|115|0|0|178|1148|3,307|17|05:39:17|SRM PC8|https://www.strava.com/activities/1403288655
2/10/2018|142.97|05:02:23|2985|0|277|3975|252|69%|0|0|28.4|68.4|74|120|0|0|219|1236|4,433|11|06:15:16|SRM PC8|https://www.strava.com/activities/1403288656
2/9/2018|110.65|04:06:09|1946|0|231|3009|146|58%|0|0|27|69.8|76|142|0|0|204|1259|3,354|11|04:59:56|SRM PC8|https://www.strava.com/activities/1399535321
2/8/2018|122.94|04:35:43|2486|0|239|3429|171|60%|0|0|26.8|72.7|73|133|0|0|207|1050|3,824|9|05:06:43|SRM PC8|https://www.strava.com/activities/1399535308
3/30/2018|105.41|03:30:31|631|0|225|2593|115|56%|0|0|30|63.4|84|143|0|0|205|1003|2,891|10|03:40:31|SRM PC8|https://www.strava.com/activities/1479624510
3/29/2018|96.01|03:14:27|597|0|239|2328|115|60%|0|0|29.6|67|85|108|0|0|200|738|2,596|13|03:14:27|SRM PC8|https://www.strava.com/activities/1478317687
3/28/2018|70.1|02:04:51|870|0|218|1596|62|55%|0|0|33.7|79.6|82|152|0|0|213|382|1,779||02:04:51|Zwift|https://www.strava.com/activities/1476389039
3/25/2018|65.29|01:33:17|772|0|335|1591|109|84%|0|0|42|75.6|86|118|0|0|284|953|1,774|13|01:33:17|SRM PC8|https://www.strava.com/activities/1478319541
3/24/2018|116.54|02:40:23|500|0|314|2481|166|79%|0|0|43.6|88.6|86|128|0|0|258|1004|2,767|7|02:42:27|SRM PC8|https://www.strava.com/activities/1469645928
3/15/2018|72.49|02:31:18|331|0|202|1722|64|51%|0|0|28.7|54.7|83|104|0|0|190|572|1,920|9|02:31:18|SRM PC8|https://www.strava.com/activities/1461396690
3/14/2018|53|01:35:47|75|0|282|1372|79|71%|0|0|33.2|63.4|87|113|0|0|239|1088|1,529|13|01:35:47|SRM PC8|https://www.strava.com/activities/1452430750
3/7/2018|17.76|00:26:30|396|0|396|599|44|99%|0|0|40.2|82.8|88|116|0|0|377|897|668|12|00:27:56|SRM PC8|https://www.strava.com/activities/1442013007
3/7/2018|22.74|00:46:42|459|0|275|631|38|69%|0|0|29.2|72|77|108|0|0|225|744|704|10|00:56:03|SRM PC8|https://www.strava.com/activities/1442013018
3/4/2018|142.28|03:30:07|694|0|305|3374|203|76%|0|0|40.6|79.9|89|136|147|180|268|1019|3,762|8|03:31:55|SRM PC8|https://www.strava.com/activities/1436692043
3/3/2018|68.04|02:36:40|838|0|208|1563|80|52%|0|0|26.1|61.9|80|122|0|0|166|846|1,743|8|03:06:28|SRM PC8|https://www.strava.com/activities/1436691846
3/23/2018|206.43|05:31:52|3152|0|269|4362|250|67%|0|0|37.3|90.7|80|125|0|0|219|902|4,864|16|05:33:04|SRM PC8|https://www.strava.com/activities/1469646207
3/22/2018|173.5|05:04:40|3663|0|298|4701|284|75%|0|0|34.2|82.8|80|125|0|0|257|1057|5,242|12|05:05:05|SRM PC8|https://www.strava.com/activities/1469646289
3/21/2018|161.58|04:36:43|2947|0|331|4962|318|83%|0|0|35|75.6|86|117|0|0|299|1173|5,533|12|04:38:21|SRM PC8|https://www.strava.com/activities/1464792243
3/20/2018|182.48|04:57:14|2365|0|269|3949|229|67%|0|0|36.8|83.5|80|131|0|0|221|1069|4,403|16|05:15:11|SRM PC8|https://www.strava.com/activities/1464792312
3/19/2018|158.68|03:54:16|1759|0|297|3447|215|74%|0|0|40.6|77|86|127|0|0|245|1184|3,844|17|03:55:05|SRM PC8|https://www.strava.com/activities/1461397031
3/18/2018|36.66|01:14:00|488|0|215|835|36|54%|0|0|29.7|56.2|79|111|0|0|188|942|931|16|01:15:12|SRM PC8|https://www.strava.com/activities/1461396660
3/16/2018|91.54|02:59:19|251|0|204|2149|83|51%|0|0|30.6|46.8|86|108|0|0|200|790|2,396|13|03:18:57|SRM PC8|https://www.strava.com/activities/1461396742
3/11/2018|120.43|03:26:11|1015|0|332|3559|237|83%|0|0|35|75.6|85|117|0|0|288|981|3,968|12|03:26:28|SRM PC8|https://www.strava.com/activities/1448941287
3/10/2018|183.08|05:44:38|3285|0|307|5674|339|77%|0|0|31.9|74.2|83|133|0|0|274|974|6,326|9|05:44:38|SRM PC8|https://www.strava.com/activities/1446016218
3/9/2018|205.76|05:11:07|2669|0|312|5072|318|78%|0|0|39.7|83.5|88|128|0|0|272|1275|5,655|16|05:19:38|SRM PC8|https://www.strava.com/activities/1444310501
3/8/2018|167.6|04:15:25|2381|0|308|4157|253|77%|0|0|39.4|85.7|86|136|0|0|271|1119|4,635|15|04:16:12|SRM PC8|https://www.strava.com/activities/1442905781
3/6/2018|215.14|05:49:58|2671|0|290|5378|311|73%|0|0|36.9|87.8|83|130|71|175|256|1032|5,997|13|05:52:39|SRM PC8|https://www.strava.com/activities/1439500869
3/5/2018|188.93|04:56:05|656|0|277|3795|238|69%|0|0|38.3|74.2|85|117|128|243|214|1179|4,231|15|05:03:48|SRM PC8|https://www.strava.com/activities/1439500778
4/27/2018|32.53|01:30:26|1614|0|326|1393|107|82%|0|0|21.6|69.8|70|133|0|0|257|849|1,553|21|05:10:43|SRM PC8|https://www.strava.com/activities/1535401595
4/26/2018|171.57|04:07:46|2373|0|360|5069|335|90%|0|0|41.5|100.1|91|135|0|0|341|1139|5,652|15|04:08:34|SRM PC8|https://www.strava.com/activities/1533567703
4/24/2018|28.27|01:02:33|629|0|300|825|68|75%|0|0|27.1|85.7|73|125|0|0|220|1102|920|25|03:14:42|SRM PC8|https://www.strava.com/activities/1529322235
4/23/2018|37.67|01:18:02|440|0|207|817|37|52%|0|0|29|64.8|77|109|0|0|175|600|912|21|01:23:46|SRM PC8|https://www.strava.com/activities/1529322251
4/20/2018|180.97|06:02:21|3043|0|247|4840|236|62%|0|0|30|84.2|77|116|0|0|223|977|5,397|17|06:14:13|SRM PC8|https://www.strava.com/activities/1520256572
4/19/2018|150.07|05:03:57|2715|0|275|3986|247|69%|0|0|29.6|74.2|77|116|0|0|219|907|4,444|22|05:53:08|SRM PC8|https://www.strava.com/activities/1518086273
4/17/2018|160.09|05:29:37|2905|0|245|4356|214|61%|0|0|29.1|72.7|77|145|0|0|220|927|4,857|23|06:28:50|SRM PC8|https://www.strava.com/activities/1514061640
4/16/2018|150.02|05:00:50|2064|0|244|3973|194|61%|0|0|29.9|85.7|78|129|0|0|220|1132|4,430|23|05:19:45|SRM PC8|https://www.strava.com/activities/1514061271
4/14/2018|136.32|04:01:40|1193|0|279|3823|200|70%|0|0|33.8|67|87|113|0|0|264|878|4,263|19|04:08:21|SRM PC8|https://www.strava.com/activities/1508299958
4/13/2018|61.64|02:04:36|289|0|201|1415|53|50%|0|0|29.7|48.2|85|105|0|0|189|855|1,578|14|02:09:52|SRM PC8|https://www.strava.com/activities/1506297901
4/12/2018|161.95|05:12:53|1414|0|244|4123|196|61%|0|0|31.1|67.7|83|112|0|0|220|964|4,597|13|05:16:15|SRM PC8|https://www.strava.com/activities/1504314908
4/11/2018|57.32|02:03:40|71|0|212|1417|61|53%|0|0|27.8|43.9|86|102|0|0|191|593|1,580|16|02:22:05|SRM PC8|https://www.strava.com/activities/1502970578
4/5/2018|39.94|00:57:59|125|0|354|1115|84|89%|0|0|41.3|77|84|107|0|0|321|943|1,244|20|02:33:08|SRM PC8|https://www.strava.com/activities/1491160089
4/4/2018|187.89|05:06:14|3100|0|332|5550|351|83%|0|0|36.8|79.9|86|131|0|0|302|1205|6,189|19|05:11:41|SRM PC8|https://www.strava.com/activities/1489477091
4/29/2018|182.37|04:15:52|2122|0|290|3617|226|73%|0|0|42.8|79.9|84|127|0|0|236|1046|4,033|22|04:16:14|SRM PC8|https://www.strava.com/activities/1560043668
4/28/2018|155.18|04:45:32|3542|0|319|4851|304|80%|0|0|32.6|95|81|126|0|0|283|1028|5,409|25|04:46:02|SRM PC8|https://www.strava.com/activities/1537489838
4/25/2018|171.75|04:22:38|2443|0|305|3934|255|76%|0|0|39.2|91.4|85|134|0|0|250|1021|4,386|24|04:24:18|SRM PC8|https://www.strava.com/activities/1533567549
4/22/2018|96.38|03:05:17|354|0|214|2277|92|54%|0|0|31.2|71.3|83|121|0|0|205|1064|2,539|22|03:35:50|SRM PC8|https://www.strava.com/activities/1525137469
4/7/2018|125.48|03:31:17|2240|0|364|4019|292|91%|0|0|35.6|99.4|85|134|0|0|317|1014|4,481|12|03:41:12|SRM PC8|https://www.strava.com/activities/1496247326
4/6/2018|170.51|04:30:03|2365|0|296|3952|255|74%|0|0|37.9|95|81|130|0|0|244|983|4,407|24|05:00:34|SRM PC8|https://www.strava.com/activities/1492872158
4/3/2018|167.57|04:19:57|2956|0|327|4299|291|82%|0|0|38.7|91.4|86|140|0|0|276|1046|4,793|21|04:20:42|SRM PC8|https://www.strava.com/activities/1487628163
4/2/2018|162.8|04:35:10|2701|0|297|4066|251|74%|0|0|35.5|89.3|83|133|0|0|246|1093|4,534|24|04:35:10|SRM PC8|https://www.strava.com/activities/1487628366
4/1/2018|48.03|01:45:37|916|0|263|1219|79|66%|0|0|27.3|68.4|76|124|0|0|192|1233|1,359|18|01:50:18|SRM PC8|https://www.strava.com/activities/1487627866
4/27/2018|32.53|01:30:26|1614|0|326|1393|107|82%|0|0|21.6|69.8|70|133|0|0|257|849|1,553|21|05:10:43|SRM PC8|https://www.strava.com/activities/1535401595
4/26/2018|171.57|04:07:46|2373|0|360|5069|335|90%|0|0|41.5|100.1|91|135|0|0|341|1139|5,652|15|04:08:34|SRM PC8|https://www.strava.com/activities/1533567703
4/24/2018|28.27|01:02:33|629|0|300|825|68|75%|0|0|27.1|85.7|73|125|0|0|220|1102|920|25|03:14:42|SRM PC8|https://www.strava.com/activities/1529322235
4/23/2018|37.67|01:18:02|440|0|207|817|37|52%|0|0|29|64.8|77|109|0|0|175|600|912|21|01:23:46|SRM PC8|https://www.strava.com/activities/1529322251
4/20/2018|180.97|06:02:21|3043|0|247|4840|236|62%|0|0|30|84.2|77|116|0|0|223|977|5,397|17|06:14:13|SRM PC8|https://www.strava.com/activities/1520256572
4/19/2018|150.07|05:03:57|2715|0|275|3986|247|69%|0|0|29.6|74.2|77|116|0|0|219|907|4,444|22|05:53:08|SRM PC8|https://www.strava.com/activities/1518086273
4/17/2018|160.09|05:29:37|2905|0|245|4356|214|61%|0|0|29.1|72.7|77|145|0|0|220|927|4,857|23|06:28:50|SRM PC8|https://www.strava.com/activities/1514061640
4/16/2018|150.02|05:00:50|2064|0|244|3973|194|61%|0|0|29.9|85.7|78|129|0|0|220|1132|4,430|23|05:19:45|SRM PC8|https://www.strava.com/activities/1514061271
4/14/2018|136.32|04:01:40|1193|0|279|3823|200|70%|0|0|33.8|67|87|113|0|0|264|878|4,263|19|04:08:21|SRM PC8|https://www.strava.com/activities/1508299958
4/13/2018|61.64|02:04:36|289|0|201|1415|53|50%|0|0|29.7|48.2|85|105|0|0|189|855|1,578|14|02:09:52|SRM PC8|https://www.strava.com/activities/1506297901
4/12/2018|161.95|05:12:53|1414|0|244|4123|196|61%|0|0|31.1|67.7|83|112|0|0|220|964|4,597|13|05:16:15|SRM PC8|https://www.strava.com/activities/1504314908
4/11/2018|57.32|02:03:40|71|0|212|1417|61|53%|0|0|27.8|43.9|86|102|0|0|191|593|1,580|16|02:22:05|SRM PC8|https://www.strava.com/activities/1502970578
4/5/2018|39.94|00:57:59|125|0|354|1115|84|89%|0|0|41.3|77|84|107|0|0|321|943|1,244|20|02:33:08|SRM PC8|https://www.strava.com/activities/1491160089
4/4/2018|187.89|05:06:14|3100|0|332|5550|351|83%|0|0|36.8|79.9|86|131|0|0|302|1205|6,189|19|05:11:41|SRM PC8|https://www.strava.com/activities/1489477091
4/29/2018|182.37|04:15:52|2122|0|290|3617|226|73%|0|0|42.8|79.9|84|127|0|0|236|1046|4,033|22|04:16:14|SRM PC8|https://www.strava.com/activities/1560043668
4/28/2018|155.18|04:45:32|3542|0|319|4851|304|80%|0|0|32.6|95|81|126|0|0|283|1028|5,409|25|04:46:02|SRM PC8|https://www.strava.com/activities/1537489838
4/25/2018|171.75|04:22:38|2443|0|305|3934|255|76%|0|0|39.2|91.4|85|134|0|0|250|1021|4,386|24|04:24:18|SRM PC8|https://www.strava.com/activities/1533567549
4/22/2018|96.38|03:05:17|354|0|214|2277|92|54%|0|0|31.2|71.3|83|121|0|0|205|1064|2,539|22|03:35:50|SRM PC8|https://www.strava.com/activities/1525137469
4/7/2018|125.48|03:31:17|2240|0|364|4019|292|91%|0|0|35.6|99.4|85|134|0|0|317|1014|4,481|12|03:41:12|SRM PC8|https://www.strava.com/activities/1496247326
4/6/2018|170.51|04:30:03|2365|0|296|3952|255|74%|0|0|37.9|95|81|130|0|0|244|983|4,407|24|05:00:34|SRM PC8|https://www.strava.com/activities/1492872158
4/3/2018|167.57|04:19:57|2956|0|327|4299|291|82%|0|0|38.7|91.4|86|140|0|0|276|1046|4,793|21|04:20:42|SRM PC8|https://www.strava.com/activities/1487628163
4/2/2018|162.8|04:35:10|2701|0|297|4066|251|74%|0|0|35.5|89.3|83|133|0|0|246|1093|4,534|24|04:35:10|SRM PC8|https://www.strava.com/activities/1487628366
4/1/2018|48.03|01:45:37|916|0|263|1219|79|66%|0|0|27.3|68.4|76|124|0|0|192|1233|1,359|18|01:50:18|SRM PC8|https://www.strava.com/activities/1487627866
6/29/2018|143.69|04:58:44|703|0|208|3209|147|52%|0|0|28.9|79.9|81|173|0|0|179|807|3,577|27|06:59:25|SRM PC8|https://www.strava.com/activities/1669852396
6/28/2018|94.23|03:00:12|313|0|199|2058|76|50%|0|0|31.4|48.2|86|104|0|0|190|685|2,294|29|03:03:44|SRM PC8|https://www.strava.com/activities/1667723282
6/27/2018|49.56|01:35:29|179|0|202|1110|40|51%|0|0|31.1|43.9|85|103|0|0|194|654|1,238|24|01:35:29|SRM PC8|https://www.strava.com/activities/1667723086
6/25/2018|108.49|03:21:34|507|0|244|2327|129|61%|0|0|32.3|55.4|79|153|0|0|192|1021|2,595|24|03:37:56|SRM PC8|https://www.strava.com/activities/1661493000
6/21/2018|83.96|02:06:11|330|0|346|2092|169|87%|0|0|39.9|66.2|83|123|0|0|276|1006|2,332|18|08:08:06|SRM PC8|https://www.strava.com/activities/1653641274
6/19/2018|143.05|06:02:18|4419|0|250|4577|246|63%|0|0|23.7|89.3|74|115|0|0|211|1027|5,104|26|06:19:24|SRM PC8|https://www.strava.com/activities/1648631647
6/18/2018|139.77|05:00:09|3162|0|278|4033|251|70%|0|0|27.9|97.2|79|120|0|0|224|773|4,497|24|05:13:08|SRM PC8|https://www.strava.com/activities/1646506985
6/17/2018|23.32|01:02:36|554|0|199|624|26|50%|0|0|22.4|61.9|71|109|0|0|166|589|696|11|01:03:00|SRM PC8|https://www.strava.com/activities/1646506716
6/16/2018|113.06|04:09:36|2712|0|255|3335|176|64%|0|0|27.2|82.8|79|123|0|0|223|1018|3,718|27|04:19:15|SRM PC8|https://www.strava.com/activities/1642375660
6/15/2018|117.7|03:59:56|1700|0|229|2987|133|57%|0|0|29.4|95|82|123|0|0|208|724|3,331|27|04:05:11|SRM PC8|https://www.strava.com/activities/1640013697
6/13/2018|97.4|03:00:58|518|0|245|2216|118|61%|0|0|32.3|67.7|84|124|0|0|204|998|2,470|19|04:11:10|SRM PC8|https://www.strava.com/activities/1640013634
6/12/2018|34.74|01:08:14|119|0|206|811|31|52%|0|0|30.6|48.2|85|108|0|0|198|585|904|21|01:10:43|SRM PC8|https://www.strava.com/activities/1640013443
6/6/2018|78.86|01:47:55|517|0|331|1840|133|83%|0|0|43.8|80.6|88|125|0|0|284|1042|2,051|26|05:55:47|SRM PC8|https://www.strava.com/activities/1621620510
6/30/2018|200.5|06:06:49|1630|0|251|4757|253|63%|0|0|32.8|73.4|84|115|0|0|216|1024|5,304|26|06:37:56|SRM PC8|https://www.strava.com/activities/1671613080
6/24/2018|223.04|05:03:43|2130|0|325|5148|334|81%|0|0|44.1|77|90|161|0|0|283|1158|5,741|22|05:04:53|SRM PC8|https://www.strava.com/activities/1661492971
6/23/2018|38.98|01:17:51|56|0|183|833|28|46%|0|0|30|41|83|101|0|0|178|712|929|19|01:32:34|SRM PC8|https://www.strava.com/activities/1661492765
6/22/2018|39.16|01:13:17|89|0|206|778|34|52%|0|0|32.1|60.5|83|105|0|0|177|1243|868|21|01:36:07|SRM PC8|https://www.strava.com/activities/1661492562
6/10/2018|66.56|02:10:10|1798|0|315|2150|135|79%|0|0|30.7|85.7|78|118|0|0|275|1140|2,397|22|02:10:26|SRM PC8|https://www.strava.com/activities/1640013673
6/9/2018|122.31|04:18:18|3937|0|317|4376|271|79%|0|0|28.4|92.2|79|141|0|0|282|1163|4,879|25|04:22:55|SRM PC8|https://www.strava.com/activities/1627357135
6/8/2018|140.82|03:57:07|2743|0|317|4088|247|79%|0|0|35.6|92.2|85|127|0|0|287|932|4,558|24|03:57:07|SRM PC8|https://www.strava.com/activities/1625703630
6/7/2018|190.96|05:02:53|3020|0|306|4745|298|77%|0|0|37.8|79.9|85|123|0|0|261|1191|5,290|24|05:07:18|SRM PC8|https://www.strava.com/activities/1625703714
6/5/2018|183.86|04:39:30|2259|0|271|3820|215|68%|0|0|39.5|78.5|85|125|0|0|228|1026|4,259|24|04:41:01|SRM PC8|https://www.strava.com/activities/1619444994
6/4/2018|184.39|04:45:33|2551|0|276|3930|227|69%|0|0|38.7|81.4|87|135|0|0|229|1336|4,382|21|04:46:35|SRM PC8|https://www.strava.com/activities/1619445092
6/3/2018|35.37|01:03:07|189|0|284|839|62|71%|0|0|33.6|63.4|81|147|0|0|222|1069|936|27|03:13:55|SRM PC8|https://www.strava.com/activities/1615300950
6/2/2018|52.99|01:52:22|724|0|222|1164|62|56%|0|0|28.3|63.4|82|138|0|0|173|981|1,297|25|02:20:33|SRM PC8|https://www.strava.com/activities/1615300997
7/31/2018|45.34|01:31:21|76|0|212|937|44|53%|0|0|29.8|57.6|81|116|0|0|171|1023|1,044|27|01:34:46|SRM PC8|https://www.strava.com/activities/1753616952
7/30/2018|80.74|02:12:07|372|0|269|1812|101|67%|0|0|36.7|64.8|85|128|0|0|229|1169|2,020|24|02:14:32|SRM PC8|https://www.strava.com/activities/1753616745
7/29/2018|115.63|02:55:14|799|0|239|2003|104|60%|0|0|39.6|74.2|79|111|0|0|191|851|2,234|29|02:55:14|SRM PC8|https://www.strava.com/activities/1753616850
7/28/2018|30.69|00:43:30|567|0|413|1036|77|103%|0|0|42.3|82.1|88|120|0|0|397|801|1,156|23|00:43:30|SRM PC8|https://www.strava.com/activities/1733696939
7/27/2018|209.47|06:24:38|4496|0|298|5894|358|75%|0|0|32.7|93.6|80|144|0|0|255|1084|6,571|28|06:24:55|SRM PC8|https://www.strava.com/activities/1733698500
7/26/2018|172.43|04:01:20|1392|0|265|3110|178|66%|0|0|42.9|85|83|134|0|0|215|1021|3,467|35|04:18:27|SRM PC8|https://www.strava.com/activities/1733697198
7/25/2018|73.07|03:02:40|2963|0|315|2988|192|79%|0|0|24|93.6|76|132|0|0|273|973|3,331|27|03:06:58|SRM PC8|https://www.strava.com/activities/1727362048
7/24/2018|222.51|05:45:00|3377|0|309|5377|346|77%|0|0|38.7|95|83|133|0|0|260|1070|5,995|30|06:03:13|SRM PC8|https://www.strava.com/activities/1727361695
7/23/2018|12.49|00:34:18|43|0|100|173|4|25%|0|0|21.9|38.2|68|104|0|0|84|733|193|31|01:00:20|SRM PC8|https://www.strava.com/activities/1727361105
7/22/2018|186.58|05:01:27|2841|0|298|4368|280|75%|0|0|37.1|87.8|81|123|0|0|241|970|4,870|27|05:01:27|SRM PC8|https://www.strava.com/activities/1727361598
7/21/2018|188.9|04:50:07|3003|0|326|5039|323|82%|0|0|39.1|96.5|88|133|0|0|289|1163|5,618|28|04:51:11|SRM PC8|https://www.strava.com/activities/1719312031
7/20/2018|172.94|04:00:29|1126|0|289|3819|208|72%|0|0|43.1|87.1|88|119|0|0|265|1087|4,259|32|04:00:29|SRM PC8|https://www.strava.com/activities/1719312119
7/19/2018|180.88|06:00:42|4942|0|299|5842|337|75%|0|0|30.1|98.6|78|138|0|0|270|1007|6,514|32|06:03:41|SRM PC8|https://www.strava.com/activities/1713975238
7/18/2018|108.56|03:48:24|3762|0|332|4147|262|83%|0|0|28.5|97.2|81|131|0|0|303|1060|4,624|31|03:48:24|SRM PC8|https://www.strava.com/activities/1711545608
7/17/2018|170.69|05:13:38|3717|0|297|4835|287|74%|0|0|32.7|89.3|79|125|0|0|257|1089|5,391|28|05:13:38|SRM PC8|https://www.strava.com/activities/1711546584
7/16/2018|26.56|01:01:34|206|0|150|476|16|38%|0|0|25.9|54.7|71|98|0|0|129|865|531|28|01:57:37|SRM PC8|https://www.strava.com/activities/1711544735
7/15/2018|162.36|03:45:46|731|0|316|3938|234|79%|0|0|43.1|69.1|88|114|0|0|291|1159|4,391|33|03:45:46|SRM PC8|https://www.strava.com/activities/1711545232
7/14/2018|187.58|04:45:21|1358|0|244|3406|177|61%|0|0|39.4|74.9|79|123|0|0|199|1065|3,797|31|04:46:16|SRM PC8|https://www.strava.com/activities/1711544990
7/13/2018|240.12|06:07:32|2586|0|274|4847|295|69%|0|0|39.2|76.3|80|144|0|0|220|1009|5,404|28|06:15:28|SRM PC8|https://www.strava.com/activities/1711545231
7/12/2018|192.32|04:49:59|2099|0|274|3997|228|69%|0|0|39.8|89.3|83|132|0|0|230|1102|4,457|28|04:50:18|SRM PC8|https://www.strava.com/activities/1697956090
7/11/2018|213.51|05:10:48|2802|0|294|4365|281|74%|0|0|41.2|90|85|130|0|0|234|1088|4,867|28|05:10:48|SRM PC8|https://www.strava.com/activities/1696290016
7/10/2018|202.3|04:48:39|1177|0|276|4062|232|69%|0|0|42.1|74.2|85|117|0|0|235|1176|4,529|32|04:53:02|SRM PC8|https://www.strava.com/activities/1697133720
7/9/2018|36.45|00:45:34|325|0|385|955|70|96%|0|0|48|82.8|92|125|0|0|349|1093|1,065|31|00:45:34|SRM PC8|https://www.strava.com/activities/1691996775
7/9/2018|36.21|00:55:32|317|0|278|772|49|70%|0|0|39.1|82.8|81|121|0|0|232|914|861|30|03:47:11|SRM PC8|https://www.strava.com/activities/1691996753
7/8/2018|186.1|04:20:17|1502|0|262|3465|189|66%|0|0|42.9|77|85|130|0|0|222|1201|3,863|35|04:26:34|SRM PC8|https://www.strava.com/activities/1691997157
7/4/2018|121.89|03:23:35|338|0|209|2231|94|52%|0|0|35.9|60.5|83|120|0|0|183|896|2,487|27|03:29:46|SRM PC8|https://www.strava.com/activities/1691545576
7/2/2018|33.43|01:04:50|106|0|196|725|25|49%|0|0|30.9|49.7|82|99|0|0|186|840|808|31|01:05:15|SRM PC8|https://www.strava.com/activities/1691545409
7/1/2018|126.54|03:59:54|480|0|208|2745|111|52%|0|0|31.6|66.2|83|126|0|0|191|1307|3,061|29|04:27:03|SRM PC8|https://www.strava.com/activities/1673820075
8/21/2018|97.95|03:01:36|440|0|220|2305|95|55%|0|0|32.4|51.1|85|107|0|0|212|1067|2,570|25|03:35:05|SRM PC8|https://www.strava.com/activities/1787274569
8/20/2018|71.23|02:14:53|450|0|223|1723|72|56%|0|0|31.7|54.7|83|110|0|0|213|605|1,921|22|02:39:53|SRM PC8|https://www.strava.com/activities/1787277439
8/17/2018|143.9|05:01:38|2494|0|231|3553|172|58%|0|0|28.6|71.3|78|133|0|0|196|864|3,961|25|05:49:17|SRM PC8|https://www.strava.com/activities/1782159071
8/16/2018|101.48|03:34:54|1077|0|282|2679|184|71%|0|0|28.3|68.4|77|126|0|0|208|832|2,987|23|03:41:33|SRM PC8|https://www.strava.com/activities/1782158919
8/14/2018|148.99|05:02:18|2453|0|257|3896|213|64%|0|0|29.6|71.3|81|123|0|0|215|848|4,345|30|05:32:04|SRM PC8|https://www.strava.com/activities/1782158985
8/13/2018|132.63|04:30:50|2173|0|258|3402|196|65%|0|0|29.4|64.8|80|117|0|0|209|796|3,793|33|04:54:49|SRM PC8|https://www.strava.com/activities/1782159001
8/11/2018|155.15|05:31:07|3028|0|243|4132|211|61%|0|0|28.1|70.6|80|120|0|0|208|775|4,607|32|06:05:25|SRM PC8|https://www.strava.com/activities/1782158711
8/10/2018|125.61|04:16:53|1634|0|228|3079|142|57%|0|0|29.3|63.4|83|119|0|0|200|728|3,433|32|04:32:30|SRM PC8|https://www.strava.com/activities/1782159016
8/8/2018|41.57|01:25:01|235|0|189|858|34|47%|0|0|29.3|48.2|81|121|0|0|168|947|957|24|02:56:00|SRM PC8|https://www.strava.com/activities/1782158120
8/7/2018|98.53|03:04:08|405|0|222|2323|100|56%|0|0|32.1|51.1|83|106|0|0|210|893|2,590|29|03:37:52|SRM PC8|https://www.strava.com/activities/1782158369
8/6/2018|94.84|03:00:15|639|0|214|2136|90|54%|0|0|31.6|67.7|82|127|0|0|198|1053|2,382|29|03:37:10|SRM PC8|https://www.strava.com/activities/1753616971
8/4/2018|45.9|01:32:26|231|0|184|973|35|46%|0|0|29.8|43.9|79|107|0|0|175|642|1,084|31|02:38:48|SRM PC8|https://www.strava.com/activities/1753616742
8/31/2018|192.83|04:49:15|2603|0|268|3859|216|67%|0|0|40|96.5|83|137|0|0|222|975|4,302|36|04:49:15|SRM PC8|https://www.strava.com/activities/1810396404
8/30/2018|156.02|04:15:24|1500|0|255|3081|173|64%|0|0|36.7|90.7|80|135|0|0|201|944|3,436|34|04:15:24|SRM PC8|https://www.strava.com/activities/1808558248
8/29/2018|200.01|05:08:03|3025|0|288|4311|266|72%|0|0|39|93.6|84|140|0|0|233|1055|4,807|34|05:08:48|SRM PC8|https://www.strava.com/activities/1806191531
8/28/2018|177.08|05:17:47|3162|0|254|3945|215|64%|0|0|33.4|92.2|79|129|0|0|207|1126|4,399|36|05:18:05|SRM PC8|https://www.strava.com/activities/1804054497
8/27/2018|185.3|05:06:53|2990|0|264|4004|223|66%|0|0|36.2|90.7|82|133|0|0|217|1000|4,465|34|05:07:25|SRM PC8|https://www.strava.com/activities/1801418652
8/26/2018|168.17|04:44:10|2849|0|284|4129|238|71%|0|0|35.5|87.1|86|141|0|0|242|1350|4,603|36|04:44:27|SRM PC8|https://www.strava.com/activities/1799745764
8/25/2018|36.12|01:03:38|269|0|303|956|82|76%|0|0|34.1|82.8|80|159|0|0|250|1111|1,066|31|05:39:36|SRM PC8|https://www.strava.com/activities/1797326683
8/24/2018|32.7|01:15:53|184|0|210|682|38|53%|0|0|25.9|61.9|77|128|0|0|150|967|760|30|01:35:30|SRM PC8|https://www.strava.com/activities/1797326674
8/23/2018|72.77|02:30:13|1030|0|222|1568|81|56%|0|0|29.1|67.7|78|116|0|0|174|1006|1,749|32|02:39:15|SRM PC8|https://www.strava.com/activities/1797326729
8/5/2018|80.29|02:08:54|27|0|223|1609|71|56%|0|0|37.4|56.2|87|115|0|0|208|993|1,794|25|03:46:58|SRM PC8|https://www.strava.com/activities/1753616817
9/30/2018|26.07|00:51:53|56|0|191|565|20|48%|0|0|30.2|39.6|86|100|0|0|181|699|630|13|00:56:43|SRM PC8|https://www.strava.com/activities/1887590257
9/28/2018|93.79|03:00:09|344|0|219|2045|94|55%|0|0|31.2|54.7|83|111|0|0|189|1152|2,280|16|03:39:12|SRM PC8|https://www.strava.com/activities/1870802387
9/15/2018|95.97|03:18:21|3225|0|334|3442|232|84%|0|0|29|87.8|80|133|0|0|289|1053|3,837|23|03:26:15|SRM PC8|https://www.strava.com/activities/1845316863
9/11/2018|69.64|01:58:30|1146|0|317|1672|130|79%|0|0|35.3|85|76|115|0|0|235|826|1,864|26|04:42:47|SRM PC8|https://www.strava.com/activities/1834713736
9/8/2018|178.27|05:02:00|3272|0|307|4748|300|77%|0|0|35.4|89.3|83|137|0|0|262|971|5,294|26|05:08:03|SRM PC8|https://www.strava.com/activities/1828072064
9/3/2018|9.85|00:28:58|82|0|127|169|6|32%|0|0|20.4|45.4|63|105|0|0|97|1037|189|29|01:25:48|SRM PC8|https://www.strava.com/activities/1824137638
9/2/2018|214.95|06:18:33|4343|0|295|6046|347|74%|0|0|34.1|87.8|83|137|0|0|266|1117|6,741|33|06:26:43|SRM PC8|https://www.strava.com/activities/1815549671
9/29/2018|137.28|04:40:28|2603|0|273|3772|224|68%|0|0|29.4|75.6|77|116|0|0|224|894|4,205|14|04:54:46|SRM PC8|https://www.strava.com/activities/1873525932
9/27/2018|130.19|04:08:46|922|0|245|3061|165|61%|0|0|31.4|67|83|119|0|0|205|909|3,413|17|04:38:00|SRM PC8|https://www.strava.com/activities/1870802375
9/26/2018|57.51|01:44:28|104|0|228|1039|61|57%|0|0|33|59|85|115|0|0|166|1044|1,158|15|02:24:21|SRM PC8|https://www.strava.com/activities/1866515922
9/25/2018|120.24|04:00:58|1028|0|237|2869|145|59%|0|0|29.9|66.2|82|131|0|0|198|973|3,199|15|04:30:32|SRM PC8|https://www.strava.com/activities/1864776224
9/24/2018|122.74|04:05:34|908|0|214|2920|122|54%|0|0|30|63.4|81|109|0|0|198|816|3,256|17|04:15:22|SRM PC8|https://www.strava.com/activities/1864776136
9/21/2018|83.98|02:48:34|711|0|215|1974|83|54%|0|0|29.9|64.8|81|116|0|0|195|846|2,201|16|02:56:28|SRM PC8|https://www.strava.com/activities/1864776111
9/20/2018|60.76|01:53:33|243|0|231|1498|67|58%|0|0|32.1|53.3|83|110|0|0|220|902|1,670|21|02:24:51|SRM PC8|https://www.strava.com/activities/1864779461
9/16/2018|109.1|02:48:43|686|0|230|1700|94|58%|0|0|38.8|71.3|79|118|0|0|168|1032|1,895|32|02:50:24|SRM PC8|https://www.strava.com/activities/1864779443
9/14/2018|174.72|04:42:24|2752|0|274|3688|228|69%|0|0|37.1|100.8|80|131|0|0|218|909|4,112|28|05:10:42|SRM PC8|https://www.strava.com/activities/1845027375
9/13/2018|191.33|04:14:08|1186|0|241|2931|154|60%|0|0|45.2|88.6|84|142|0|0|192|943|3,268|33|04:17:05|SRM PC8|https://www.strava.com/activities/1839807642
9/12/2018|168.68|04:45:23|3554|0|325|4668|313|81%|0|0|35.5|100.8|84|126|0|0|273|1167|5,204|26|04:49:34|SRM PC8|https://www.strava.com/activities/1837380960
9/10/2018|7.84|00:26:08|218|0|166|215|9|42%|0|0|18|59|58|82|0|0|137|399|240|27|00:46:02|SRM PC8|https://www.strava.com/activities/1834713326
9/9/2018|201.05|06:24:10|4600|0|297|5554|353|74%|0|0|31.4|82.8|78|124|0|0|241|1073|6,193|23|06:34:54|SRM PC8|https://www.strava.com/activities/1831162800
9/7/2018|183.11|04:50:28|3174|0|321|4971|311|80%|0|0|37.8|96.5|85|136|0|0|285|1178|5,542|23|04:59:43|SRM PC8|https://www.strava.com/activities/1826025915
9/6/2018|184.64|04:39:14|3037|0|328|4710|313|82%|0|0|39.7|89.3|88|131|0|0|281|1180|5,252|19|04:51:56|SRM PC8|https://www.strava.com/activities/1824138112
9/5/2018|212.73|05:24:43|2635|0|313|5038|330|78%|0|0|39.3|87.1|84|128|0|0|259|1043|5,618|22|05:27:22|SRM PC8|https://www.strava.com/activities/1824137981
9/4/2018|182.76|04:29:33|1497|0|261|3170|190|65%|0|0|40.7|77|81|119|0|0|196|1096|3,535|30|04:30:01|SRM PC8|https://www.strava.com/activities/1824137845
9/1/2018|204.42|04:59:55|2355|0|245|3592|190|61%|0|0|40.9|89.3|81|135|0|0|200|932|4,005|39|05:18:37|SRM PC8|https://www.strava.com/activities/1812792221
10/19/2018|200.09|06:40:40|1782|0|225|5154|233|56%|0|0|30|72.7|76|114|0|0|214|933|5,746|14|08:24:57|SRM PC8|https://www.strava.com/activities/1914444200
10/18/2018|122.3|04:30:24|1473|0|224|3361|150|56%|0|0|27.1|74.2|73|139|0|0|207|848|3,747|16|05:16:41|SRM PC8|https://www.strava.com/activities/1914443899
10/17/2018|156.69|05:11:21|1589|0|243|4244|207|61%|0|0|30.2|72.7|77|128|0|0|227|788|4,732|21|06:26:02|SRM PC8|https://www.strava.com/activities/1914443944
10/16/2018|191.33|06:29:36|1834|0|228|4977|234|57%|0|0|29.5|77.8|75|114|0|0|213|912|5,549|19|09:25:40|SRM PC8|https://www.strava.com/activities/1914444238
10/15/2018|149.05|05:29:44|1402|0|196|3576|151|49%|0|0|27.1|72|73|118|0|0|181|684|3,987|21|07:44:05|SRM PC8|https://www.strava.com/activities/1914443836
10/14/2018|183.09|06:53:21|2844|0|219|5045|229|55%|0|0|26.6|82.8|72|118|0|0|203|880|5,625|18|08:45:13|SRM PC8|https://www.strava.com/activities/1914444306
10/12/2018|42.87|01:24:41|124|0|158|672|23|40%|0|0|30.4|51.1|75|119|0|0|132|1200|750|22|01:52:43|SRM PC8|https://www.strava.com/activities/1914443273
10/10/2018|180.16|04:18:00|1430|0|312|4470|263|78%|0|0|41.9|77|88|119|0|0|289|1017|4,984|23|04:27:29|SRM PC8|https://www.strava.com/activities/1896481233
10/9/2018|69.45|02:13:30|543|0|208|1345|63|52%|0|0|31.2|61.9|81|127|0|0|168|972|1,499|25|02:43:11|SRM PC8|https://www.strava.com/activities/1896480819
10/6/2018|150.66|05:01:09|952|0|204|3496|138|51%|0|0|30|66.2|81|109|0|0|193|960|3,898|20|05:30:27|SRM PC8|https://www.strava.com/activities/1887591032
10/5/2018|125.84|04:03:55|1246|0|255|3123|173|64%|0|0|31|67|83|111|0|0|213|965|3,482|21|04:16:27|SRM PC8|https://www.strava.com/activities/1887590672
10/13/2018|154.33|03:42:03|1568|0|279|3219|182|70%|0|0|41.7|82.8|85|129|0|0|242|906|3,590|23|03:44:09|SRM PC8|https://www.strava.com/activities/1914443693
10/11/2018|168.81|04:05:39|330|0|279|3618|203|70%|0|0|41.2|71.3|87|145|0|0|245|999|4,034|14|04:10:16|SRM PC8|https://www.strava.com/activities/1914443641
10/8/2018|61.35|02:00:44|303|0|206|1392|56|52%|0|0|30.5|69.8|79|125|0|0|192|666|1,552|12|02:23:37|SRM PC8|https://www.strava.com/activities/1896481122
10/3/2018|121.86|03:32:36|194|0|243|2477|133|61%|0|0|34.4|58.3|84|131|0|0|194|1085|2,761|15|03:37:25|SRM PC8|https://www.strava.com/activities/1887590890
11/25/2018|88.71|03:02:26|1685|0|261|2532|134|65%|0|0|29.2|78.5|77|166|0|0|231|608|2,823|18|03:21:02|SRM PC8|https://www.strava.com/activities/1991346981
11/24/2018|37.67|01:19:30|626|0|232|976|44|58%|0|0|28.4|64.8|77|134|0|0|205|695|1,089|16|01:20:30|SRM PC8|https://www.strava.com/activities/1991346322
11/23/2018|63.03|02:04:25|290|0|214|1526|61|54%|0|0|30.4|42.5|85|107|0|0|204|825|1,701|7|02:12:19|SRM PC8|https://www.strava.com/activities/1980881447
11/22/2018|93.33|03:09:46|662|0|225|2389|104|56%|0|0|29.5|60.5|81|120|0|0|210|996|2,663|4|03:19:36|SRM PC8|https://www.strava.com/activities/1980881465
11/21/2018|28.86|00:45:09|459|0|332|755|51|83%|0|0|38.4|72.7|87|193|0|0|279|984|729||00:45:09|Zwift|https://www.strava.com/activities/1976940711
11/21/2018|37.71|01:15:09|581|0|194|828|29|49%|0|0|30.1|78.5|79|109|0|0|184|675|791||01:15:09|Zwift|https://www.strava.com/activities/1976828800
11/18/2018|93.6|03:02:42|375|0|219|2257|94|55%|0|0|30.7|50.4|87|116|0|0|206|809|2,516|7|03:08:55|SRM PC8|https://www.strava.com/activities/1977647186
11/17/2018|62.14|02:26:07|28|0|0|0|0||116|1018|25.5|36.7|0|0|0|0|0|0|1,922|4|02:48:25|Garmin Edge 1000|https://www.strava.com/activities/1977711815
11/15/2018|75.36|02:30:59|548|0|212|1643|74|53%|0|0|29.9|56.2|79|114|0|0|181|886|1,832|12|02:39:12|SRM PC8|https://www.strava.com/activities/1968156546
11/14/2018|48.17|01:36:27|400|0|218|1168|50|55%|0|0|30|53.3|83|108|0|0|202|645|1,302|8|01:48:46|SRM PC8|https://www.strava.com/activities/1968156404
11/13/2018|104.4|03:34:18|488|0|199|2454|93|50%|0|0|29.2|49.7|81|140|0|0|191|1253|2,736|13|03:45:05|SRM PC8|https://www.strava.com/activities/1968156486
11/12/2018|59.83|02:00:11|1066|0|208|1446|55|52%|0|0|29.9|87.8|82|112|0|0|200|526|1,388||02:02:10|Zwift|https://www.strava.com/activities/1960595327
11/9/2018|68.79|02:14:07|256|0|194|1427|54|49%|0|0|30.8|48.2|83|116|0|0|177|1003|1,591|11|03:01:15|SRM PC8|https://www.strava.com/activities/1968156402
11/6/2018|46.23|01:31:41|190|0|206|1082|43|52%|0|0|30.3|46.8|84|116|0|0|197|837|1,207|18|01:52:27|SRM PC8|https://www.strava.com/activities/1968156348
11/30/2018|24.58|00:56:00|310|0|215|601|30|54%|0|0|26.3|59|73|110|0|0|179|888|670|21|02:29:49|SRM PC8|https://www.strava.com/activities/1996923164
11/29/2018|118.48|04:03:28|2190|0|260|3260|182|65%|0|0|29.2|69.8|78|131|0|0|223|1304|3,635|17|05:03:18|SRM PC8|https://www.strava.com/activities/1991346976
11/28/2018|121.05|04:00:44|2094|0|260|3402|177|65%|0|0|30.2|77|76|177|0|0|236|1289|3,793|18|04:54:32|SRM PC8|https://www.strava.com/activities/1991346978
11/26/2018|115.18|04:17:02|2021|0|237|3258|159|59%|0|0|26.9|71.3|76|117|0|0|211|1179|3,633|17|04:51:36|SRM PC8|https://www.strava.com/activities/1991347006
11/20/2018|88|03:02:57|658|0|215|2088|90|54%|0|0|28.9|59|79|118|0|0|190|947|2,328|4|03:09:49|SRM PC8|https://www.strava.com/activities/1977647326
11/16/2018|71.56|02:31:41|172|0|185|1630|57|46%|0|0|28.3|41|85|114|0|0|179|814|1,817|7|02:47:07|SRM PC8|https://www.strava.com/activities/1968156490
12/31/2018|67.32|02:06:20|60|0|213|1536|62|53%|0|0|32|52.6|84|117|0|0|203|799|1,713|9|02:13:18|SRM PC8|https://www.strava.com/activities/2046075098
12/30/2018|113.01|03:35:07|245|0|207|2566|100|52%|0|0|31.5|43.9|85|112|0|0|199|707|2,861|9|03:49:57|SRM PC8|https://www.strava.com/activities/2046075518
12/22/2018|135.11|05:02:18|2584|0|0|0|0||219|3967|26.8|61.9|0|0|0|0|0|0|4,423|17|05:18:15|SRM PC8|https://www.strava.com/activities/2029896737
12/21/2018|148.16|05:16:40|3034|0|51|24|8|13%|0|0|28.1|75.6|69|114|0|0|1|752|27|16|05:48:36|SRM PC8|https://www.strava.com/activities/2029897760
12/6/2018|39.84|01:00:09|154|0|218|747|30|55%|0|0|39.7|55.4|89|171|0|0|207|590|715||01:00:49|Zwift|https://www.strava.com/activities/2002943111
12/28/2018|180.43|06:20:17|2804|0|232|4672|227|58%|0|0|28.5|72|77|138|0|0|205|979|5,209|12|07:27:32|SRM PC8|https://www.strava.com/activities/2040492028
12/27/2018|140.59|05:01:45|2870|0|284|4152|261|71%|0|0|28|64.8|77|120|0|0|229|1029|4,629|13|05:42:21|SRM PC8|https://www.strava.com/activities/2038491068
12/25/2018|155.26|05:31:47|2635|0|238|4123|202|60%|0|0|28.1|78.5|75|168|0|0|207|801|4,597|14|05:58:34|SRM PC8|https://www.strava.com/activities/2038490992
12/24/2018|126.4|04:33:36|2489|0|276|3539|225|69%|0|0|27.7|67|77|123|0|0|216|1174|3,946|17|05:12:41|SRM PC8|https://www.strava.com/activities/2033442482
12/23/2018|51.78|01:51:05|594|0|213|1258|56|53%|0|0|28|56.2|76|110|0|0|189|723|1,403|18|02:50:18|SRM PC8|https://www.strava.com/activities/2033441903
12/18/2018|90.94|02:39:25|685|0|272|1934|125|68%|0|0|34.2|77|80|129|0|131|202|1313|2,156|15|02:47:39|SRM PC8|https://www.strava.com/activities/2029896236
12/17/2018|166.01|05:01:50|2208|0|265|3696|228|66%|0|0|33|74.2|78|125|41|154|204|1108|4,121|14|05:39:36|SRM PC8|https://www.strava.com/activities/2021803632
12/16/2018|144.24|04:33:58|1850|0|274|3565|227|69%|0|0|31.6|72|79|113|0|63|217|1148|3,975|18|04:57:02|SRM PC8|https://www.strava.com/activities/2020255727
12/15/2018|159.1|05:00:17|1273|0|210|3348|149|53%|0|0|31.8|67|78|138|0|72|186|1281|3,734|16|05:31:52|SRM PC8|https://www.strava.com/activities/2020255706
12/14/2018|50.48|01:36:05|453|0|205|931|43|51%|0|0|31.5|67|77|109|63|139|162|1175|1,038|14|01:49:47|SRM PC8|https://www.strava.com/activities/2020255194
12/13/2018|128.65|04:03:03|1371|0|256|2885|186|64%|0|0|31.8|78.5|76|119|0|0|198|1246|3,217|15|04:47:19|SRM PC8|https://www.strava.com/activities/2015185964
12/12/2018|31.17|01:04:31|326|0|214|711|34|54%|0|0|29|57.6|75|131|0|0|184|1346|792|19|01:47:02|SRM PC8|https://www.strava.com/activities/2015185693
12/11/2018|145.31|04:14:59|1502|0|252|3384|176|63%|0|0|34.2|79.9|81|118|0|0|221|1273|3,774|16|04:39:12|SRM PC8|https://www.strava.com/activities/2012446295
12/10/2018|123.46|04:07:42|1648|0|231|2666|149|58%|0|0|29.9|77|73|124|4|139|179|1288|2,973|16|06:19:40|SRM PC8|https://www.strava.com/activities/2012446505
12/9/2018|103.75|03:17:26|1130|0|214|2110|100|54%|0|0|31.5|72.7|77|128|1|117|178|896|2,352|20|03:53:29|SRM PC8|https://www.strava.com/activities/2012445512
12/8/2018|89.64|02:38:34|427|0|263|2116|116|66%|0|0|33.9|61.9|86|113|0|0|222|1241|2,360|11|02:42:03|SRM PC8|https://www.strava.com/activities/2012445701
12/5/2018|77.17|02:33:30|559|0|229|1816|86|57%|0|0|30.2|59|84|118|0|0|197|800|2,025|9|02:39:43|SRM PC8|https://www.strava.com/activities/2012445304
12/2/2018|150.01|05:10:38|2324|0|230|3522|181|58%|0|0|29|74.2|77|118|0|0|189|1157|3,927|19|06:20:39|SRM PC8|https://www.strava.com/activities/1996924096
12/1/2018|146.47|05:00:34|2662|0|251|3838|208|63%|0|0|29.2|87.8|76|177|0|0|213|1104|4,279|16|05:58:47|SRM PC8|https://www.strava.com/activities/1996924013
loaded urls in 6.18:29:37.6759522
