date|distance|mov_time|elevation|relativeEffort|avg_power_weig|work_total|training_load|intensity|estAvgPower|energyOutput|avg_speed|max_speed|avg_cadence|max_cadence|avg_heartRate|max_heartRate|avg_power|max_power|avg_calories|avg_temperature|avg_elap_time|bicycle_model|url
1/31/2018|38.18|01:18:46|323|0|0|0|0||165|778|29.1|51.8|0|0|0|0|0|0|867|13|01:25:11|Garmin Edge 1030|https://www.strava.com/activities/1384536830
1/23/2018|15.24|00:18:29|55|0|414|462|0||0|0|49.5|65.5|106|121|0|0|416|1094|515|37|00:18:29|Garmin Edge 1030|https://www.strava.com/activities/1372089586
1/10/2018|81.83|02:32:11|1111|0|306|2361|0||0|0|32.3|65.2|87|158|0|0|259|1109|2,632|16|02:33:50|Garmin Edge 1030|https://www.strava.com/activities/1350209479
1/1/2018|0.79|00:21:37|0|0|200|234|0||0|0|2.2|14.4|91|155|0|0|180|811|260|10|00:53:41|Garmin Edge 1030|https://www.strava.com/activities/1337034092
1/28/2018|144.3|02:55:00|655|0|263|1485|0||0|0|49.5|76|86|172|0|0|141|1250|1,656|35|02:55:34|Garmin Edge 1030|https://www.strava.com/activities/1380635749
1/27/2018|155.78|03:15:54|619|0|270|2500|0||0|0|47.7|82.4|85|168|0|0|213|1271|2,788|33|03:15:54|Garmin Edge 1030|https://www.strava.com/activities/1378570390
1/26/2018|169.62|04:21:27|2385|0|266|3599|0||0|0|38.9|81.7|89|193|0|0|229|1272|4,013|32|04:26:49|Garmin Edge 1030|https://www.strava.com/activities/1376473085
1/25/2018|63.84|01:59:00|283|0|0|0|0||0|0|32.2|59.8|82|169|93|133|0|0|1,037|33|02:41:00|Garmin Edge 1030|https://www.strava.com/activities/1374762887
1/24/2018|190.77|04:27:40|1035|0|270|3304|0||0|0|42.8|72.7|86|195|0|0|206|1343|3,684|27|04:31:58|Garmin Edge 1030|https://www.strava.com/activities/1373850569
1/22/2018|149.8|03:25:21|955|0|262|2328|0||0|0|43.8|89.6|87|205|0|0|189|1263|2,596|36|03:25:21|Garmin Edge 1030|https://www.strava.com/activities/1370516629
1/21/2018|14.46|00:25:48|42|0|147|207|0||0|0|33.6|42.1|80|158|0|0|134|689|231|33|00:25:48|Garmin Edge 1030|https://www.strava.com/activities/1369059866
1/21/2018|150.2|03:16:27|174|0|227|1897|0||0|0|45.9|64.8|84|196|0|0|161|1373|2,115|39|03:16:27|Garmin Edge 1030|https://www.strava.com/activities/1369059795
1/20/2018|52.83|01:39:23|196|0|196|905|0||0|0|31.9|64.4|86|161|0|0|152|1480|1,010|31|02:14:15|Garmin Edge 1030|https://www.strava.com/activities/1366459523
1/19/2018|144.53|03:52:36|895|0|263|2790|0||0|0|37.3|76|90|169|0|0|200|955|3,111|34|04:31:07|Garmin Edge 1030|https://www.strava.com/activities/1364855547
1/18/2018|42.37|01:18:20|95|0|154|659|0||0|0|32.5|43.2|86|176|0|0|140|961|735|31|02:03:29|Garmin Edge 1030|https://www.strava.com/activities/1363189190
1/17/2018|173.44|04:33:08|1235|0|240|3070|0||0|0|38.1|79.9|91|178|0|0|187|1190|3,423|30|04:46:50|Garmin Edge 1030|https://www.strava.com/activities/1361839444
1/16/2018|79.69|02:14:12|372|0|194|1392|0||0|0|35.6|60.5|91|151|0|0|173|1058|1,552|28|02:19:04|Garmin Edge 1030|https://www.strava.com/activities/1360148573
1/13/2018|111.19|03:47:53|1275|0|0|0|0||172|2356|29.3|71.3|0|0|0|0|0|0|2,627|4|04:09:49|Garmin Edge 1030|https://www.strava.com/activities/1354585289
1/9/2018|39.35|01:24:49|574|0|194|682|0||0|0|27.8|57.2|75|163|0|0|134|711|760|14|01:27:23|Garmin Edge 1030|https://www.strava.com/activities/1348168860
1/8/2018|190.52|06:08:21|3360|0|259|4789|0||0|0|31|82.1|83|177|0|0|217|1193|5,340|11|06:21:22|Garmin Edge 1030|https://www.strava.com/activities/1346942036
1/7/2018|137.7|04:05:10|1316|0|269|3243|0||0|0|33.7|69.8|88|188|0|0|220|1085|3,616|14|04:46:01|Garmin Edge 1030|https://www.strava.com/activities/1345346409
1/6/2018|70.46|02:30:22|1323|0|232|1804|0||0|0|28.1|69.1|79|157|0|0|200|1015|2,011|16|02:32:27|Garmin Edge 1030|https://www.strava.com/activities/1343455112
1/5/2018|152.96|04:54:32|2701|0|277|3979|0||0|0|31.2|85.7|83|182|0|0|225|1361|4,437|16|05:06:40|Garmin Edge 1030|https://www.strava.com/activities/1341971881
1/2/2018|89.54|02:54:18|1321|0|0|0|0||0|0|30.8|69.8|85|129|136|185|0|0|2,795|6|02:58:40|Garmin Edge 1030|https://www.strava.com/activities/1337034335
2/28/2018|46.66|01:27:37|579|0|0|0|0||0|0|32|56.9|88|115|0|0|0|0|1,470|-2|01:28:19|Garmin Edge 520|https://www.strava.com/activities/1429995959
2/27/2018|5.75|01:17:02|0|0|0|0|0||0|0|0|0|0|0|0|0|0|0|||00:00:00||https://www.strava.com/activities/1428454657
2/22/2018|85.56|02:45:15|1254|0|0|0|0||0|0|31.1|60.5|86|128|123|170|0|0|2,659|-1|02:45:59|Garmin Edge 520|https://www.strava.com/activities/1420509258
2/21/2018|92.37|03:01:18|1310|0|271|2408|0||0|0|30.6|67|87|131|0|0|221|1165|2,685|0|03:12:55|Garmin Edge 520|https://www.strava.com/activities/1418935096
2/20/2018|64.47|02:06:54|783|0|0|0|0||0|0|30.5|61.2|0|0|105|139|0|0|1,503|4|02:17:49|Garmin Edge 520|https://www.strava.com/activities/1417174229
2/18/2018|137.57|03:18:16|1042|0|0|0|0||0|0|41.6|86|0|0|146|193|0|0|5,013|31|03:18:16|Garmin Edge 520|https://www.strava.com/activities/1413533633
2/4/2018|84.71|02:49:13|1036|0|0|0|0||0|0|30|60.8|0|0|119|166|0|0|2,011|5|03:06:53|Garmin Edge 1030|https://www.strava.com/activities/1390866971
2/3/2018|142.38|04:35:16|918|0|0|0|0||0|0|31|55.8|0|0|121|158|0|0|3,034|5|04:54:53|Garmin Edge 1030|https://www.strava.com/activities/1389377028
2/1/2018|57.24|02:03:21|499|0|0|0|0||152|1124|27.8|61.2|0|0|0|0|0|0|1,253|7|02:06:15|Garmin Edge 1030|https://www.strava.com/activities/1386022403
2/25/2018|198.88|05:24:00|2541|0|0|0|0||318|6181|36.8|79.9|0|0|0|0|0|0|6,892|0|05:24:00|Garmin Edge 520|https://www.strava.com/activities/1425746286
2/24/2018|192.46|05:20:49|3484|0|0|0|0||0|0|36|78.8|0|0|0|0|0|0|6,927|3|05:21:42|Garmin Edge 520|https://www.strava.com/activities/1423755662
2/18/2018|31.79|00:56:53|174|0|0|0|0||0|0|33.5|59|0|0|115|152|0|0|825|31|01:02:02|Garmin Edge 520|https://www.strava.com/activities/1413533613
2/18/2018|10|00:21:08|6|0|0|0|0||0|0|28.4|42.5|0|0|80|103|0|0|168|28|00:21:08|Garmin Edge 520|https://www.strava.com/activities/1413532828
2/17/2018|153.06|03:49:22|1677|0|0|0|0||0|0|40|95.4|81|174|124|177|0|0|3,009|34|03:49:22|Garmin Edge 520|https://www.strava.com/activities/1411763796
2/16/2018|16.33|00:31:01|56|0|0|0|0||0|0|31.6|45.4|79|115|109|133|0|0|247|27|00:38:56|Garmin Edge 520|https://www.strava.com/activities/1410116987
2/16/2018|117.49|03:14:31|2000|0|0|0|0||0|0|36.2|116.6|87|129|150|185|0|0|3,624|30|03:14:31|Garmin Edge 520|https://www.strava.com/activities/1410117021
2/15/2018|179.74|04:36:35|1551|0|267|3190|0||0|0|39|91.4|84|212|0|0|192|1247|3,557|30|04:36:35|Garmin Edge 520|https://www.strava.com/activities/1408528159
2/14/2018|172.31|04:30:40|1425|0|270|2906|0||0|0|38.2|103|81|188|0|0|179|1348|3,240|28|04:30:58|Garmin Edge 520|https://www.strava.com/activities/1407103367
2/14/2018|14.4|00:29:14|38|0|0|0|0||147|257|29.6|42.1|0|0|0|0|0|0|287|25|00:30:54|Garmin Edge 520|https://www.strava.com/activities/1407102278
2/13/2018|163.75|03:58:59|733|0|0|0|0||0|0|41.1|85|0|0|113|195|0|0|5,024|27|03:58:59|Garmin Edge 520|https://www.strava.com/activities/1405483564
2/12/2018|54.69|01:31:18|196|0|0|0|0||0|0|35.9|52.9|0|0|110|148|0|0|1,407|28|01:34:09|Garmin Edge 520|https://www.strava.com/activities/1403756586
2/10/2018|31.06|01:03:24|282|0|0|0|0||0|0|29.4|63|0|0|0|0|0|0|679|0|01:09:57|Garmin Edge 520|https://www.strava.com/activities/1400342653
2/9/2018|35.77|01:33:23|648|0|0|0|0||147|824|23|68|0|0|0|0|0|0|919|-2|01:37:28|Garmin Edge 520|https://www.strava.com/activities/1398827173
2/8/2018|142.17|05:08:12|1937|0|0|0|0||186|3436|27.7|62.6|0|0|0|0|0|0|3,831||05:21:01||https://www.strava.com/activities/1397554775
2/7/2018|153.18|04:55:33|1467|0|0|0|0||200|3539|31.1|68|0|0|0|0|0|0|3,947||04:58:43||https://www.strava.com/activities/1395944686
3/30/2018|31.45|01:00:01|222|0|0|0|0||0|0|31.4|55.1|88|122|0|0|0|0|788|12|01:08:03|Garmin Edge 1030|https://www.strava.com/activities/1480004488
3/29/2018|58.78|02:25:46|1298|0|0|0|0||0|0|24.2|69.5|78|118|0|0|0|0|1,753|11|02:33:25|Garmin Edge 1030|https://www.strava.com/activities/1477806405
3/27/2018|45.81|01:38:39|124|0|0|0|0||0|0|27.9|42.5|90|121|0|0|0|0|1,045|6|02:11:43|Garmin Edge 1030|https://www.strava.com/activities/1474282259
3/25/2018|112.98|03:58:54|1999|0|264|3156|0||0|0|28.4|68.8|85|129|0|0|220|1173|3,519|7|04:06:50|Garmin Edge 1030|https://www.strava.com/activities/1470554885
3/23/2018|48.62|01:42:09|662|0|225|1163|0||0|0|28.6|66.2|85|124|0|0|190|838|1,297|6|01:42:09|Garmin Edge 1030|https://www.strava.com/activities/1466996656
3/22/2018|113.88|03:44:15|1099|0|237|2699|0||0|0|30.5|64.1|83|133|0|0|201|1247|3,009|10|03:47:56|Garmin Edge 1030|https://www.strava.com/activities/1465813993
3/20/2018|32.33|01:08:02|82|0|221|788|0||0|0|28.5|54.4|88|121|0|0|193|1085|878|10|01:09:25|Garmin Edge 1030|https://www.strava.com/activities/1462205396
3/19/2018|61.79|02:05:28|122|0|241|1556|0||0|0|29.6|48.6|88|118|0|0|207|987|1,735|5|02:24:55|Garmin Edge 1030|https://www.strava.com/activities/1460687933
3/13/2018|52.39|01:40:51|217|0|0|0|0||0|0|31.2|51.1|0|0|0|0|0|0|1,137|7|01:43:51|Garmin Edge 1030|https://www.strava.com/activities/1450671170
3/11/2018|42.91|01:25:20|951|0|311|1263|0||0|0|30.2|80.6|86|152|0|0|247|959|1,408|14|01:25:52|Garmin Edge 520|https://www.strava.com/activities/1447123609
3/10/2018|95.96|03:10:10|1579|0|292|2558|0||0|0|30.3|77.8|86|126|0|0|224|901|2,852|9|03:13:44|Garmin Edge 520|https://www.strava.com/activities/1445173483
3/9/2018|49.6|01:35:53|631|0|227|1172|0||0|0|31|63.7|87|143|0|0|204|1026|1,307|7|01:42:07|Garmin Edge 520|https://www.strava.com/activities/1443643637
3/3/2018|31.05|01:04:30|18|0|0|0|0||0|0|28.9|47.5|0|0|0|0|0|0|569|3|01:06:05|Garmin Edge 520|https://www.strava.com/activities/1434224792
3/28/2018|200.16|07:01:01|2728|0|235|4990|0||0|0|28.5|77.8|88|148|0|0|198|1388|5,563|13|07:49:16|Garmin Edge 1030|https://www.strava.com/activities/1476366511
3/21/2018|207.58|05:01:20|920|0|308|4612|0||0|0|41.3|79.9|88|171|0|0|255|1250|5,143|11|05:03:27|Garmin Edge 1030|https://www.strava.com/activities/1464297127
3/18/2018|116.47|04:12:45|1245|0|281|3382|0||0|0|27.6|70.6|82|165|0|0|223|1271|3,771|3|04:46:03|Garmin Edge 1030|https://www.strava.com/activities/1459208269
3/16/2018|213.75|04:49:51|754|0|0|0|0||0|0|44.2|77.4|89|183|0|0|0|0|5,177|13|04:50:16|Garmin Edge 1030|https://www.strava.com/activities/1456089972
3/15/2018|41.46|01:30:15|189|0|0|0|0||0|0|27.6|48.6|82|150|0|0|0|0|793|11|02:31:50|Garmin Edge 1030|https://www.strava.com/activities/1454160535
3/14/2018|191.18|04:36:19|1415|0|0|0|0||0|0|41.5|75.2|0|0|0|0|0|0|6,822|14|04:36:42|Garmin Edge 1030|https://www.strava.com/activities/1452876160
3/8/2018|129.29|04:34:17|2442|0|264|3324|0||0|0|28.3|74.5|80|128|0|0|202|1079|3,707|8|04:40:02|Garmin Edge 520|https://www.strava.com/activities/1442272529
3/7/2018|112.54|03:47:58|1612|0|264|2933|0||0|0|29.6|65.5|84|127|0|0|214|890|3,271|6|03:57:13|Garmin Edge 520|https://www.strava.com/activities/1440631418
3/4/2018|188.63|04:30:51|256|0|0|0|0||0|0|41.8|79.9|0|0|0|0|0|0|6,483|3|04:31:26|Garmin Edge 520|https://www.strava.com/activities/1436365187
3/1/2018|133.41|04:11:26|1633|0|0|0|0||0|0|31.8|77.4|83|148|0|0|0|0|3,473|10|04:22:53|Garmin Edge 520|https://www.strava.com/activities/1431274794
4/30/2018|134.97|04:41:43|2439|0|266|3751|0||0|0|28.7|72.7|86|127|0|0|222|856|4,182|11|04:57:29|Garmin Edge 1030|https://www.strava.com/activities/1540635685
4/28/2018|41.19|01:10:56|297|0|128|344|0||0|0|34.8|63.7|65|152|0|0|81|749|384|11|01:19:56|Garmin Edge 1030|https://www.strava.com/activities/1536905010
4/26/2018|61.3|01:41:42|476|0|294|1392|0||0|0|36.2|70.2|89|154|0|0|228|897|1,552|16|01:43:55|Garmin Edge 1030|https://www.strava.com/activities/1533162193
4/26/2018|47.53|01:19:19|221|0|233|1006|0||0|0|36|63|87|164|0|0|211|1015|1,122|17|01:26:05|Garmin Edge 1030|https://www.strava.com/activities/1532828578
4/19/2018|25.07|00:58:20|653|0|269|761|0||0|0|25.8|82.8|79|127|0|0|217|1030|849|21|00:58:47|Garmin Edge 1030|https://www.strava.com/activities/1517948155
4/17/2018|28.93|01:01:09|258|0|0|0|0||0|0|28.4|53.6|0|0|0|0|0|0|612|13|01:03:30|Garmin Edge 1030|https://www.strava.com/activities/1513211940
4/16/2018|88.46|02:52:47|1526|0|0|0|0||0|0|30.7|68.4|90|95|0|0|0|0|1|17|02:58:29|Garmin Edge 1030|https://www.strava.com/activities/1511689777
4/15/2018|82.6|02:48:55|1485|0|56|110|0||0|0|29.3|67|71|186|0|0|11|586|123|16|02:50:05|Garmin Edge 1030|https://www.strava.com/activities/1509503870
4/14/2018|48.67|01:38:51|736|0|174|497|0||0|0|29.5|68|69|150|0|0|84|1420|554|15|01:41:04|Garmin Edge 1030|https://www.strava.com/activities/1507212605
4/13/2018|18.41|00:42:45|310|0|222|421|0||0|0|25.8|50.4|72|98|0|0|164|543|469|10|00:46:17|Garmin Edge 1030|https://www.strava.com/activities/1505540752
4/10/2018|47.97|01:40:27|504|0|0|0|0||164|986|28.7|56.9|0|0|0|0|0|0|1,099|18|01:41:20|Garmin Edge 1030|https://www.strava.com/activities/1500040117
4/5/2018|20.02|00:33:42|73|0|0|0|0||0|0|35.7|60.5|0|0|0|0|0|0|541|18|00:33:42|Garmin Edge 1030|https://www.strava.com/activities/1490729286
4/27/2018|36.41|01:10:47|269|0|154|496|0||0|0|30.9|69.1|73|124|0|0|117|1217|553|25|01:13:49|Garmin Edge 1030|https://www.strava.com/activities/1534703106
4/25/2018|136.09|04:30:47|2231|0|257|3356|0||0|0|30.2|77.4|82|151|0|0|207|968|3,742|20|04:55:02|Garmin Edge 1030|https://www.strava.com/activities/1531173849
4/24/2018|79.35|02:49:41|1408|0|245|2021|0||0|0|28.1|79.9|82|132|0|0|199|1034|2,254|24|03:00:26|Garmin Edge 1030|https://www.strava.com/activities/1528871076
4/22/2018|188.39|05:02:42|2873|0|0|0|0||0|0|37.3|77.4|90|215|0|0|0|0|5,150|27|05:03:13|Garmin Edge 1030|https://www.strava.com/activities/1525435541
4/21/2018|43.6|01:28:17|214|0|0|0|0||0|0|29.6|65.5|81|178|0|0|0|0|848|21|01:52:05|Garmin Edge 1030|https://www.strava.com/activities/1521813668
4/20/2018|76.48|02:29:11|1410|0|307|1897|0||0|0|30.8|74.5|80|156|0|0|212|1123|2,116|26|02:31:29|Garmin Edge 1030|https://www.strava.com/activities/1519919593
4/18/2018|54.11|01:45:50|819|0|0|0|0||0|0|30.7|66.2|81|150|0|0|0|0|1,552|26|01:46:28|Garmin Edge 1030|https://www.strava.com/activities/1516305364
4/11/2018|202.35|04:52:06|2231|0|299|4160|0||0|0|41.6|81.4|87|217|0|0|237|1239|4,638|16|04:53:08|Garmin Edge 1030|https://www.strava.com/activities/1502600291
4/7/2018|121.94|03:29:03|1812|0|0|0|0||0|0|35|101.5|86|192|0|0|0|0|4,217|12|03:29:03|Garmin Edge 1030|https://www.strava.com/activities/1494780614
4/6/2018|161.4|04:12:30|2348|0|0|0|0||0|0|38.4|92.2|86|213|0|0|0|0|4,698|25|04:13:00|Garmin Edge 1030|https://www.strava.com/activities/1492775790
4/4/2018|184.78|04:54:36|2975|0|0|0|0||0|0|37.6|83.5|87|181|0|0|0|0|5,152|20|04:54:36|Garmin Edge 1030|https://www.strava.com/activities/1489205647
4/3/2018|165.59|04:22:18|3062|0|0|0|0||0|0|37.9|82.1|89|165|0|0|0|0|5,047|20|04:22:18|Garmin Edge 1030|https://www.strava.com/activities/1487367692
4/2/2018|160.39|04:25:18|2657|0|0|0|0||0|0|36.3|86.4|85|178|0|0|0|0|4,075|24|04:25:18|Garmin Edge 1030|https://www.strava.com/activities/1485708760
4/1/2018|57.55|01:51:10|801|0|0|0|0||0|0|31.1|72|85|182|0|0|0|0|1,428|18|01:52:50|Garmin Edge 1030|https://www.strava.com/activities/1483247313
5/30/2018|44.94|01:34:23|726|0|243|1134|0||0|0|28.6|71.3|84|124|0|0|200|855|1,265|19|01:36:07|Garmin Edge 1030|https://www.strava.com/activities/1605404245
5/27/2018|113.67|02:50:20|977|0|303|2507|0||0|0|40|69.1|84|250|0|0|245|993|2,795|26|02:50:50|Garmin Edge 1030|https://www.strava.com/activities/1600101182
5/26/2018|213.11|06:28:17|4068|0|265|5401|0||0|0|32.9|89.3|80|178|0|0|232|1093|6,022|25|06:28:48|Garmin Edge 1030|https://www.strava.com/activities/1597390520
5/25/2018|182.93|05:55:40|4524|0|286|5380|0||0|0|30.9|88.2|83|178|0|0|252|1278|5,999|24|05:55:40|Garmin Edge 1030|https://www.strava.com/activities/1595299285
5/24/2018|196.84|05:23:56|2187|0|238|3690|0||0|0|36.5|80.6|80|178|0|0|190|1155|4,114|28|05:23:56|Garmin Edge 1030|https://www.strava.com/activities/1593300498
5/23/2018|152.93|03:44:31|1925|0|0|0|0||0|0|40.9|86.4|88|203|0|0|0|0|3,786|22|03:44:31|Garmin Edge 1030|https://www.strava.com/activities/1591027558
5/22/2018|33.85|00:41:15|213|0|0|0|0||0|0|49.2|70.6|97|160|0|0|0|0|1,109|14|00:41:15|Garmin Edge 1030|https://www.strava.com/activities/1588949960
5/22/2018|0.04|00:00:00|0|0|249|5|0||0|0|6.4|1.1|94|140|0|0|229|806|6|21|00:29:12|Garmin Edge 1030|https://www.strava.com/activities/1588949764
5/21/2018|34.65|01:03:50|236|0|216|733|0||0|0|32.6|60.5|81|164|0|0|191|715|817|23|01:12:12|Garmin Edge 1030|https://www.strava.com/activities/1586257891
5/20/2018|173.71|05:12:26|3851|0|303|4710|0||0|0|33.4|83.5|84|198|0|0|251|1233|5,251|13|05:13:11|Garmin Edge 1030|https://www.strava.com/activities/1584708726
5/19/2018|184.7|05:52:51|4246|0|279|3916|0||0|0|31.4|93.2|79|191|0|0|185|1109|4,367|18|05:55:40|Garmin Edge 1030|https://www.strava.com/activities/1582352906
5/18/2018|179.9|04:00:42|543|0|277|3489|0||0|0|44.8|77.4|90|166|0|0|242|1101|3,890|23|04:01:12|Garmin Edge 1030|https://www.strava.com/activities/1580031108
5/17/2018|213.24|04:51:49|728|0|297|4267|0||0|0|43.8|87.8|89|166|0|0|244|957|4,758|17|04:52:18|Garmin Edge 1030|https://www.strava.com/activities/1578023663
5/16/2018|154.9|03:34:15|1968|0|0|0|0||0|0|43.4|86.8|86|230|0|0|0|0|3,682|17|03:34:47|Garmin Edge 1030|https://www.strava.com/activities/1575921458
5/15/2018|242.15|06:28:29|4017|0|0|0|0||0|0|37.4|86|86|248|0|0|0|0|6,770|13|06:29:35|Garmin Edge 1030|https://www.strava.com/activities/1573802993
5/14/2018|33.62|01:03:14|61|0|177|553|0||0|0|31.9|53.6|82|188|0|0|146|792|616|20|01:43:54|Garmin Edge 1030|https://www.strava.com/activities/1571251631
5/13/2018|226.41|06:12:20|3990|0|283|5129|0||0|0|36.5|85.3|83|213|0|0|230|1173|5,719|22|06:12:49|Garmin Edge 1030|https://www.strava.com/activities/1569942476
5/12/2018|208|05:12:59|2881|0|0|0|0||0|0|39.9|86.4|86|170|0|0|0|0|4,962|23|05:13:29|Garmin Edge 1030|https://www.strava.com/activities/1567449652
5/11/2018|159.37|03:54:58|927|0|297|3563|0||0|0|40.7|65.2|90|159|0|0|253|1070|3,972|22|03:55:27|Garmin Edge 1030|https://www.strava.com/activities/1564868920
5/10/2018|167.79|04:40:32|3191|0|307|4240|0||0|0|35.9|90.7|84|178|0|0|252|1352|4,728|23|04:40:32|Garmin Edge 1030|https://www.strava.com/activities/1562496406
5/9/2018|149.48|04:07:35|2046|0|276|3128|0||0|0|36.2|80.6|84|225|0|0|211|1190|3,488|24|04:08:51|Garmin Edge 1030|https://www.strava.com/activities/1560301185
5/8/2018|199.92|05:24:20|3438|0|296|4765|0||0|0|37|83.5|85|205|0|0|245|1361|5,313|26|05:24:52|Garmin Edge 1030|https://www.strava.com/activities/1558059960
5/7/2018|30.74|01:02:32|158|0|151|439|0||0|0|29.5|47.5|83|169|0|0|117|904|489|25|01:04:59|Garmin Edge 1030|https://www.strava.com/activities/1555811513
5/6/2018|232.86|05:12:04|1840|0|257|3615|0||0|0|44.8|92.2|86|237|0|0|193|1139|4,030|27|05:12:31|Garmin Edge 1030|https://www.strava.com/activities/1553831657
5/5/2018|175.85|04:05:43|1070|0|283|3305|0||0|0|42.9|72.7|88|184|0|0|224|1260|3,685|27|04:05:43|Garmin Edge 1030|https://www.strava.com/activities/1551359459
5/4/2018|9.57|00:12:41|160|0|410|307|0||0|0|45.3|79.9|100|141|0|0|403|1040|342|30|00:12:41|Garmin Edge 1030|https://www.strava.com/activities/1548823205
5/4/2018|0.14|00:07:22|0|0|239|90|0||0|0|1.2|2.9|92|162|0|0|203|763|100|31|00:27:43|Garmin Edge 1030|https://www.strava.com/activities/1548823112
5/4/2018|30.62|00:56:43|538|0|243|730|0||0|0|32.4|75.2|81|141|0|0|215|720|814|26|00:56:43|Garmin Edge 1030|https://www.strava.com/activities/1548564639
5/3/2018|58.23|01:43:24|671|0|0|0|0||0|0|33.8|79.2|85|173|0|0|0|0|1,405|36|01:57:01|Garmin Edge 1030|https://www.strava.com/activities/1546698196
5/2/2018|103.38|03:02:26|1087|0|210|1862|0||0|0|34|73.4|84|207|0|0|170|846|2,076|39|03:18:22|Garmin Edge 1030|https://www.strava.com/activities/1544866512
6/28/2018|45.59|01:02:07|501|0|365|1318|0||0|0|44|81.4|97|127|0|0|354|985|1,317|26|01:02:07|Garmin Edge 1030|https://www.strava.com/activities/1667930245
6/28/2018|0.04|00:00:00|0|0|269|8|0||0|0|2.6|3.2|94|150|0|0|151|770|396|26|00:26:50|Garmin Edge 1030|https://www.strava.com/activities/1667929992
6/28/2018|20.85|00:40:45|171|0|210|463|0||0|0|30.7|60.5|93|153|0|0|189|732|462|20|00:42:18|Garmin Edge 1030|https://www.strava.com/activities/1667243323
6/27/2018|45.29|01:17:33|504|0|309|1215|0||0|0|35|76.7|90|145|0|0|261|1023|1,212|27|01:18:35|Garmin Edge 1030|https://www.strava.com/activities/1665749542
6/26/2018|42.81|01:14:51|510|0|284|1106|0||0|0|34.3|77.4|88|147|0|0|246|701|1,106|26|01:15:30|Garmin Edge 1030|https://www.strava.com/activities/1663453530
6/25/2018|35.2|01:18:01|742|0|267|1070|0||0|0|27.1|71.3|83|129|0|0|229|962|1,084|17|01:56:39|Garmin Edge 1030|https://www.strava.com/activities/1660846928
6/24/2018|65.46|01:59:23|1035|0|0|0|0||245|1755|32.9|69.8|0|0|0|0|0|0|2,953|15|02:24:28|Garmin Edge 1030|https://www.strava.com/activities/1658552030
6/22/2018|69.5|01:42:46|370|0|0|0|0||0|0|40.6|78.8|0|0|0|0|0|0|2,626|21|01:50:04|Garmin Edge 1030|https://www.strava.com/activities/1658551646
6/22/2018|26.4|01:00:51|485|0|0|0|0||0|0|26|58|81|117|0|0|0|0|701|10|01:03:33|Garmin Edge 1030|https://www.strava.com/activities/1654250701
6/21/2018|62.89|01:54:22|1112|0|0|0|0||0|0|33|73.1|0|0|0|0|0|0|2,746|20|01:59:04|Garmin Edge 1030|https://www.strava.com/activities/1652338812
6/19/2018|54.08|01:26:07|314|0|0|0|0||0|0|37.7|85.3|66|144|0|0|0|0|1,453|18|02:04:42|Garmin Edge 1030|https://www.strava.com/activities/1647949123
6/18/2018|80.67|02:02:17|328|0|0|0|0||0|0|39.6|60.5|67|132|0|0|0|0|698|18|02:02:37|Garmin Edge 1030|https://www.strava.com/activities/1646341627
6/16/2018|131.18|04:08:24|2013|0|286|3426|0||0|0|31.7|72|85|127|0|0|230|1064|3,423|15|04:13:20|Garmin Edge 1030|https://www.strava.com/activities/1641677869
6/15/2018|10.32|00:23:39|99|0|177|217|0||0|0|26.2|53.3|82|114|0|0|153|870|215|15|00:27:36|Garmin Edge 1030|https://www.strava.com/activities/1639555197
6/14/2018|78.61|02:13:34|469|0|143|834|0||0|0|35.3|66.6|69|132|0|0|104|1424|844|14|02:22:09|Garmin Edge 1030|https://www.strava.com/activities/1637632300
6/13/2018|26.18|00:56:02|426|0|0|0|0||0|0|28|65.2|88|138|0|0|0|0|646|14|00:58:55|Garmin Edge 1030|https://www.strava.com/activities/1635553921
6/11/2018|79.02|02:29:47|1319|0|302|2174|0||0|0|31.7|64.1|89|163|0|0|242|831|2,176|14|02:35:07|Garmin Edge 1030|https://www.strava.com/activities/1631381219
6/7/2018|33.42|01:14:42|452|0|0|0|0||0|0|26.8|58.3|82|129|0|0|0|0|880|14|01:15:58|Garmin Edge 1030|https://www.strava.com/activities/1622549358
6/5/2018|53.22|01:38:12|869|0|0|0|0||0|0|32.5|73.4|72|133|0|0|0|0|803|20|01:41:58|Garmin Edge 1030|https://www.strava.com/activities/1618540524
6/4/2018|55.94|01:48:40|781|0|0|0|0||0|0|30.9|77|73|118|0|0|0|0|1,013|23|01:52:30|Garmin Edge 1030|https://www.strava.com/activities/1616637065
6/3/2018|83.52|02:42:49|1384|0|286|2258|0||0|0|30.8|71.3|87|137|0|0|231|804|2,518|20|03:15:06|Garmin Edge 1030|https://www.strava.com/activities/1614085949
6/30/2018|46.18|01:30:27|373|0|0|0|0||0|0|30.6|81.4|88|153|0|0|0|0|861|28|01:38:18|Garmin Edge 1030|https://www.strava.com/activities/1671372146
6/29/2018|56.37|01:55:48|724|0|0|0|0||0|0|29.2|74.2|84|179|0|0|0|0|1,268|24|01:58:00|Garmin Edge 1030|https://www.strava.com/activities/1669288479
6/20/2018|135.07|04:36:17|1642|0|231|2941|0||0|0|29.3|70.2|85|142|0|0|177|1207|3,044|31|05:12:42|Garmin Edge 1030|https://www.strava.com/activities/1650816738
6/12/2018|121.52|03:55:29|1465|0|0|0|0||0|0|31|60.5|87|130|0|0|0|0|2,892|16|04:06:53|Garmin Edge 1030|https://www.strava.com/activities/1633434289
6/10/2018|56.72|02:06:56|937|0|0|0|0||0|0|26.8|69.1|80|129|0|0|0|0|1,583|17|02:17:19|Garmin Edge 1030|https://www.strava.com/activities/1629777765
6/7/2018|79.76|02:07:56|351|0|0|0|0||0|0|37.4|76.7|70|122|0|0|0|0|891|24|02:24:57|Garmin Edge 1030|https://www.strava.com/activities/1623107351
6/6/2018|157.06|05:03:00|2155|0|0|0|0||0|0|31.1|72.4|86|131|0|0|0|0|4,519|18|05:16:44|Garmin Edge 1030|https://www.strava.com/activities/1621081419
7/24/2018|40.51|01:37:28|1224|0|0|0|0||0|0|24.9|78.8|83|134|133|181|0|0|1,377|13|01:44:30|Garmin Edge 1030|https://www.strava.com/activities/1723763815
7/23/2018|51.29|01:53:58|1133|0|0|0|0||0|0|27|75.2|84|131|125|173|0|0|1,573|22|02:03:44|Garmin Edge 1030|https://www.strava.com/activities/1722001055
7/22/2018|34.58|01:17:34|771|0|0|0|0||0|0|26.8|72|82|147|0|0|0|0|1,067|18|02:24:54|Garmin Edge 1030|https://www.strava.com/activities/1720218449
7/19/2018|68.99|02:24:30|1162|0|0|0|0||0|0|28.6|154.8|83|135|136|169|0|0|1,794|20|02:35:52|Garmin Edge 1030|https://www.strava.com/activities/1712735036
7/11/2018|12.08|00:39:29|265|0|0|0|0||0|0|18.4|55.4|0|0|0|0|0|0|551|24|02:50:33|Garmin Edge 1030|https://www.strava.com/activities/1695428303
7/8/2018|18.63|00:23:00|97|0|433|604|0||0|0|48.6|62.3|100|114|0|0|438|976|602|20|00:23:00|Garmin Edge 1030|https://www.strava.com/activities/1688049187
7/3/2018|51.05|01:46:57|885|0|0|0|0||0|0|28.6|72|82|156|0|0|0|0|1,322|23|01:57:29|Garmin Edge 1030|https://www.strava.com/activities/1677719622
7/31/2018|156.49|03:51:48|2017|0|298|3248|0||0|0|40.5|81.7|85|192|0|0|234|1246|3,263|30|03:51:48|Garmin Edge 1030|https://www.strava.com/activities/1740211812
7/30/2018|164.68|03:59:41|2217|0|317|3657|0||0|0|41.2|87.8|88|179|0|0|254|1327|3,666|30|03:59:41|Garmin Edge 1030|https://www.strava.com/activities/1737940615
7/29/2018|166.01|04:11:42|1864|0|303|3489|0||0|0|39.6|87.5|86|204|0|0|231|1319|3,518|29|04:11:42|Garmin Edge 1030|https://www.strava.com/activities/1735888816
7/28/2018|190.1|04:28:32|1457|0|0|0|0||0|0|42.5|81|95|134|146|190|0|0|3,661|24|04:28:32|Garmin Edge 1030|https://www.strava.com/activities/1733439923
7/27/2018|23.26|00:42:23|100|0|0|0|0||0|0|32.9|63.7|89|140|0|0|0|0|536|33|00:42:23|Garmin Edge 1030|https://www.strava.com/activities/1731484704
7/26/2018|23.41|01:00:24|625|0|0|0|0||0|0|23.3|72|74|128|117|162|0|0|691|29|01:03:43|Garmin Edge 1030|https://www.strava.com/activities/1728706107
7/25/2018|123.33|04:21:08|1978|0|0|0|0||0|0|28.3|77.8|83|126|116|174|0|0|2,897|25|04:58:43|Garmin Edge 1030|https://www.strava.com/activities/1726610848
7/21/2018|106.8|03:24:54|1514|0|261|2678|0||0|0|31.3|81.4|85|135|0|0|218|913|2,679|9|03:40:00|Garmin Edge 1030|https://www.strava.com/activities/1717126495
7/20/2018|126.17|04:35:25|2547|0|0|0|0||0|0|27.5|86.8|83|180|136|178|0|0|3,207|19|04:58:46|Garmin Edge 1030|https://www.strava.com/activities/1715143132
7/16/2018|55.7|01:51:16|1194|0|298|1260|0||0|0|30|85|82|118|0|0|189|878|1,287|20|02:19:37|Garmin Edge 1030|https://www.strava.com/activities/1706099020
7/15/2018|28.26|00:59:59|168|0|0|0|0||0|0|28.3|72|86|116|0|0|0|0|517|16|01:01:25|Garmin Edge 1030|https://www.strava.com/activities/1703693248
7/14/2018|100.19|03:49:48|2613|0|298|2944|0||0|0|26.2|88.9|79|171|0|0|214|1898|2,952|17|04:38:44|Garmin Edge 1030|https://www.strava.com/activities/1701625330
7/13/2018|123.58|04:46:49|3218|0|64|10|0||0|0|25.9|89.6|91|98|0|0|1|1085|6,024|23|05:14:32|Garmin Edge 1030|https://www.strava.com/activities/1699678524
7/12/2018|46.63|01:33:15|594|0|0|0|0||200|1122|30|91.4|0|0|0|0|0|0|1,904|14|01:35:30|Garmin Edge 1030|https://www.strava.com/activities/1698320094
7/12/2018|97.43|03:12:30|1453|0|0|0|0||0|0|30.4|86.4|0|0|0|0|0|0|4,239|18|03:40:04|Garmin Edge 1030|https://www.strava.com/activities/1697335136
7/11/2018|28.93|00:58:29|179|0|0|0|0||160|562|29.7|104|0|0|0|0|0|0|1,116|17|01:31:09|Garmin Edge 1030|https://www.strava.com/activities/1695088481
7/10/2018|122.65|04:18:16|2650|0|137|54|0||0|0|28.5|93.2|61|109|0|0|3|1179|5,760|19|04:29:38|Garmin Edge 1030|https://www.strava.com/activities/1693187647
7/9/2018|75.07|02:25:00|702|0|0|0|0||0|0|31.1|86|0|0|0|0|0|0|2,956|19|02:30:41|Garmin Edge 1030|https://www.strava.com/activities/1690825629
7/7/2018|88.41|03:10:11|1596|0|204|1549|0||0|0|27.9|75.2|83|152|0|0|136|922|2,480|20|03:30:24|Garmin Edge 1030|https://www.strava.com/activities/1686227040
7/6/2018|91.47|03:27:43|1640|0|0|0|0||0|0|26.4|62.6|77|155|0|0|0|0|3,614|18|03:37:59|Garmin Edge 1030|https://www.strava.com/activities/1684323216
7/4/2018|106.43|03:38:01|1854|0|298|2834|0||0|0|29.3|77|83|138|0|0|217|1409|2,858|23|03:52:38|Garmin Edge 1030|https://www.strava.com/activities/1679997884
7/1/2018|253.47|06:05:00|2806|0|307|5522|0||0|0|41.7|91.4|89|226|0|0|252|1210|5,555|29|06:05:26|Garmin Edge 1030|https://www.strava.com/activities/1674099250
8/28/2018|22.95|00:54:55|490|0|231|600|0||0|0|25.1|79.6|83|142|0|0|182|770|598|14|00:56:48|Garmin Edge 1030|https://www.strava.com/activities/1802269886
8/26/2018|206.91|04:57:13|2719|0|0|0|0||0|0|41.8|81.7|93|233|148|171|0|0|5,455|17|04:57:13|Garmin Edge 1030|https://www.strava.com/activities/1798979969
8/21/2018|61.34|01:59:46|391|0|216|1284|0||0|0|30.7|61.6|87|158|0|0|179|859|1,279|24|03:05:42|Garmin Edge 1030|https://www.strava.com/activities/1787189089
8/20/2018|47.26|01:47:01|238|0|148|723|0||0|0|26.5|52.6|81|178|0|0|113|1228|725|21|02:35:18|Garmin Edge 1030|https://www.strava.com/activities/1785033491
8/18/2018|50.02|01:53:51|337|0|155|774|0||0|0|26.4|54.7|81|173|0|0|113|1161|776|22|02:17:51|Garmin Edge 1030|https://www.strava.com/activities/1780168363
8/17/2018|47.24|01:51:15|1009|0|0|0|0||0|0|25.5|76.7|77|126|121|180|0|0|1,237|16|01:59:15|Garmin Edge 1030|https://www.strava.com/activities/1777758803
8/15/2018|67.17|02:09:24|432|0|0|0|0||0|0|31.1|65.9|89|117|0|0|0|0|1,429|21|02:10:59|Garmin Edge 1030|https://www.strava.com/activities/1773257858
8/14/2018|42.73|01:21:55|240|0|0|0|0||0|0|31.3|49.3|89|126|0|0|0|0|890|19|01:21:55|Garmin Edge 1030|https://www.strava.com/activities/1770766513
8/12/2018|117.37|04:04:14|1923|0|0|0|0||0|0|28.8|62.6|86|121|110|171|0|0|2,884|20|04:06:18|Garmin Edge 1030|https://www.strava.com/activities/1766412536
8/11/2018|45.47|01:28:25|521|0|0|0|0||0|0|30.9|51.5|88|122|116|177|0|0|1,107|20|01:28:25|Garmin Edge 1030|https://www.strava.com/activities/1763863905
8/8/2018|69.51|02:34:00|1240|0|267|1704|0||0|0|27.1|57.2|84|115|0|0|184|1095|1,704|18|02:38:40|Garmin Edge 1030|https://www.strava.com/activities/1757684151
8/7/2018|68.03|02:28:16|1125|0|272|1579|0||0|0|27.5|56.5|83|133|0|0|178|909|1,579|20|02:30:49|Garmin Edge 1030|https://www.strava.com/activities/1755337094
8/6/2018|38.43|01:25:25|632|0|216|871|0||0|0|27|55.1|84|118|0|0|170|798|897|21|01:27:27|Garmin Edge 1030|https://www.strava.com/activities/1753134192
8/31/2018|48.74|01:13:58|58|0|213|844|0||0|0|39.5|54.7|82|152|0|0|190|1094|846|13|01:25:58|Garmin Edge 1030|https://www.strava.com/activities/1809252398
8/30/2018|77.74|01:46:21|89|0|0|0|0||0|0|43.9|61.2|90|152|0|0|0|0|1,598|17|01:58:58|Garmin Edge 1030|https://www.strava.com/activities/1807773392
8/30/2018|85.04|02:13:52|124|0|0|0|0||0|0|38.1|70.6|86|153|125|180|0|0|1,760|15|02:27:00|Garmin Edge 1030|https://www.strava.com/activities/1807125447
8/29/2018|54.91|01:27:19|97|0|0|0|0||0|0|37.7|68|90|160|126|183|0|0|1,257|13|01:30:25|Garmin Edge 1030|https://www.strava.com/activities/1805563702
8/29/2018|81.95|02:04:39|95|0|271|1705|0||0|0|39.4|60.1|89|161|0|0|228|1204|1,713|13|02:14:47|Garmin Edge 1030|https://www.strava.com/activities/1804893310
8/25/2018|180.87|04:12:38|2317|0|322|3963|0||0|0|43|335.5|87|208|0|0|261|1299|3,997|16|04:12:38|Garmin Edge 1030|https://www.strava.com/activities/1796447451
8/24/2018|195.27|04:53:31|2449|0|291|4038|0||0|0|39.9|90|87|194|0|0|229|1305|4,055|20|04:54:04|Garmin Edge 1030|https://www.strava.com/activities/1794271627
8/23/2018|155.54|03:35:31|1273|0|279|3186|0||0|0|43.3|92.5|93|179|0|0|246|1168|3,206|29|03:35:31|Garmin Edge 1030|https://www.strava.com/activities/1792153898
8/22/2018|48.52|01:36:51|341|0|0|0|0||0|0|30.1|71.3|81|163|105|157|0|0|832|27|01:55:41|Garmin Edge 1030|https://www.strava.com/activities/1789482877
8/19/2018|215.97|04:57:17|1319|0|265|3767|0||0|0|43.6|70.6|88|178|0|0|211|1291|3,803|22|04:57:43|Garmin Edge 1030|https://www.strava.com/activities/1783397832
8/9/2018|90.34|03:25:57|1716|0|0|0|0||0|0|26.3|63.4|81|127|103|166|0|0|2,300|20|03:40:17|Garmin Edge 1030|https://www.strava.com/activities/1760102615
8/5/2018|6.56|00:11:35|34|0|0|0|0||0|0|34|53.3|83|124|0|0|0|0|213|36|00:11:35|Garmin Edge 1030|https://www.strava.com/activities/1752066091
8/5/2018|5.94|00:10:35|27|0|306|185|0||0|0|33.7|53.6|83|140|0|0|291|1239|186|34|00:10:35|Garmin Edge 1030|https://www.strava.com/activities/1752065643
8/5/2018|6.61|00:11:57|32|0|304|203|0||0|0|33.2|48.2|80|137|0|0|284|1359|204|34|00:12:14|Garmin Edge 1030|https://www.strava.com/activities/1752065490
8/4/2018|226.89|06:05:45|3746|0|286|4870|0||0|0|37.2|89.6|85|179|0|0|222|1325|4,921|30|06:06:13|Garmin Edge 1030|https://www.strava.com/activities/1749424172
8/3/2018|48.57|01:47:16|838|0|0|0|0||0|0|27.2|75.6|79|160|107|170|0|0|1,084|29|01:52:22|Garmin Edge 1030|https://www.strava.com/activities/1746689102
8/2/2018|37.55|01:26:38|511|0|0|0|0||0|0|26|65.5|80|158|99|137|0|0|817|26|01:30:14|Garmin Edge 1030|https://www.strava.com/activities/1745118704
8/1/2018|184.52|04:08:20|1922|0|0|0|0||0|0|44.6|88.9|89|195|139|184|0|0|3,966|28|04:08:20|Garmin Edge 1030|https://www.strava.com/activities/1742527197
9/30/2018|22.09|00:27:35|128|0|383|629|0||0|0|48.1|60.5|99|120|0|0|380|1060|629|21|00:27:35|Garmin Edge 1030|https://www.strava.com/activities/1875634046
9/29/2018|24|00:55:21|551|0|0|0|0||0|0|26|69.5|81|122|0|0|0|0|702|8|00:58:07|Garmin Edge 1030|https://www.strava.com/activities/1872351193
9/28/2018|49.15|01:37:43|787|0|284|1265|0||0|0|30.2|64.1|85|116|0|0|216|835|1,266|14|01:39:55|Garmin Edge 1030|https://www.strava.com/activities/1870582805
9/27/2018|68.97|02:07:23|1066|0|291|1800|0||0|0|32.5|63.7|88|125|0|0|235|962|1,800|13|02:09:11|Garmin Edge 1030|https://www.strava.com/activities/1868567439
9/24/2018|48.07|01:25:11|295|0|0|0|0||0|0|33.9|56.9|83|150|127|173|0|0|1,252|8|02:28:52|Garmin Edge 1030|https://www.strava.com/activities/1862418965
9/22/2018|132.4|04:34:36|2921|0|290|3847|0||0|0|28.9|71.3|86|130|0|0|233|938|3,846|10|04:42:47|Garmin Edge 1030|https://www.strava.com/activities/1857988097
9/21/2018|77.27|02:37:12|1285|0|271|1932|0||0|0|29.5|64.8|86|243|0|0|205|810|1,934|13|02:43:01|Garmin Edge 1030|https://www.strava.com/activities/1855899760
9/19/2018|25.55|00:56:07|570|0|0|0|0||0|0|27.3|63.4|83|135|118|162|0|0|734|18|00:56:07|Garmin Edge 1030|https://www.strava.com/activities/1851630954
9/18/2018|142.51|04:41:07|2611|0|277|3645|0||0|0|30.4|70.2|87|191|0|0|216|1191|3,642|18|04:49:45|Garmin Edge 1030|https://www.strava.com/activities/1849602487
9/17/2018|109.64|03:45:51|2243|0|287|2962|0||0|0|29.1|72.7|83|135|0|0|219|1078|2,955|20|03:51:07|Garmin Edge 1030|https://www.strava.com/activities/1847529123
9/16/2018|58.6|02:04:02|1092|0|292|1666|0||0|0|28.3|72|86|128|0|0|224|1049|1,650|15|02:11:54|Garmin Edge 1030|https://www.strava.com/activities/1844744231
9/14/2018|83.37|02:54:14|1523|0|252|2044|0||0|0|28.7|61.2|85|126|0|0|196|1048|2,043|13|02:58:55|Garmin Edge 1030|https://www.strava.com/activities/1840634502
9/13/2018|92.39|03:01:17|1281|0|0|0|0||0|0|30.6|68|86|134|126|183|0|0|2,346|19|03:12:56|Garmin Edge 1030|https://www.strava.com/activities/1838460630
9/3/2018|38.55|01:21:34|69|0|152|699|0||0|0|28.4|36|87|163|0|0|143|771|701|18|01:24:34|Garmin Edge 1030|https://www.strava.com/activities/1816161394
9/30/2018|22.12|00:30:40|116|0|0|0|0||0|0|43.3|59|66|110|0|0|0|0|194|20|00:30:40|Garmin Edge 1030|https://www.strava.com/activities/1875634257
9/26/2018|140.13|04:51:52|3085|0|265|3852|0||0|0|28.8|79.2|84|130|0|0|220|1036|3,855|16|05:08:16|Garmin Edge 1030|https://www.strava.com/activities/1866792674
9/25/2018|119.93|03:52:24|1052|0|0|0|0||0|0|31|64.1|91|116|0|0|0|0|4,810|9|04:09:06|Garmin Edge 1030|https://www.strava.com/activities/1864472870
9/20/2018|103.92|03:42:14|2031|0|0|0|0||0|0|28.1|76.7|83|133|121|183|0|0|2,700|17|04:12:04|Garmin Edge 1030|https://www.strava.com/activities/1853967330
9/12/2018|77.26|02:35:17|528|0|188|1499|0||0|0|29.9|53.6|87|132|0|0|161|799|1,497|23|02:45:14|Garmin Edge 1030|https://www.strava.com/activities/1836218791
9/9/2018|198.44|05:28:56|3984|0|0|0|0||0|0|36.2|83.9|84|216|142|185|0|0|5,045|16|05:28:56|Garmin Edge 1030|https://www.strava.com/activities/1831127381
9/8/2018|25.54|01:11:20|468|0|196|609|0||0|0|21.5|59|69|159|0|0|142|958|642|17|02:06:31|Garmin Edge 1030|https://www.strava.com/activities/1828353758
9/7/2018|201.2|05:06:47|2815|0|0|0|0||0|0|39.4|87.5|85|167|143|189|0|0|4,683|21|05:07:08|Garmin Edge 1030|https://www.strava.com/activities/1826030524
9/6/2018|50.01|01:47:00|483|0|197|987|0||0|0|28|58.3|79|209|0|0|154|1105|990|20|02:33:04|Garmin Edge 1030|https://www.strava.com/activities/1823579758
9/5/2018|99.71|02:55:51|620|0|223|1909|0||0|0|34|70.9|87|159|0|0|181|1139|1,910|18|03:06:50|Garmin Edge 1030|https://www.strava.com/activities/1821346228
9/2/2018|202.48|04:45:51|2232|0|277|3824|0||0|0|42.5|79.9|86|187|0|0|223|1312|3,854|23|04:46:15|Garmin Edge 1030|https://www.strava.com/activities/1814675927
9/1/2018|200.52|04:38:43|2128|0|305|4264|0||0|0|43.2|84.6|88|163|0|0|255|1356|4,754|19|04:38:43|Garmin Edge 1030|https://www.strava.com/activities/1811958120
10/16/2018|5.62|00:13:15|11|0|102|74|0||0|0|25.5|38.2|86|138|0|0|93|506|74|26|00:13:15|Garmin Edge 1030|https://www.strava.com/activities/1907642046
10/14/2018|4.16|00:08:25|41|0|212|92|0||0|0|29.7|60.5|80|135|0|0|183|1007|92|27|00:09:23|Garmin Edge 1030|https://www.strava.com/activities/1903601174
10/12/2018|3186.62|00:38:05|28|0|211|469|0||0|0|5020.5|5335.2|96|145|0|0|205|494|529|19|00:44:03|Garmin Edge 1030|https://www.strava.com/activities/1899535108
10/9/2018|69.97|02:14:04|1250|0|283|1982|0||0|0|31.3|79.6|88|144|0|0|246|843|1,995|13|02:21:35|Garmin Edge 1030|https://www.strava.com/activities/1893581543
10/8/2018|37.46|01:12:53|515|0|0|0|0||0|0|30.8|65.2|86|137|133|183|0|0|1,093|12|01:29:00|Garmin Edge 1030|https://www.strava.com/activities/1892018180
10/6/2018|97.33|03:27:50|1999|0|0|0|0||0|0|28.1|69.8|84|126|127|184|0|0|2,669|17|03:29:55|Garmin Edge 1030|https://www.strava.com/activities/1887252733
10/5/2018|73.21|02:38:09|1062|0|0|0|0||0|0|27.8|61.2|84|129|108|149|0|0|1,776|14|03:03:10|Garmin Edge 1030|https://www.strava.com/activities/1885241443
10/4/2018|48.83|01:33:21|564|0|0|0|0||0|0|31.4|85.3|85|129|126|179|0|0|1,146|17|01:35:22|Garmin Edge 1030|https://www.strava.com/activities/1883630850
10/2/2018|16.73|00:40:48|64|0|0|0|0||0|0|24.6|38.2|79|168|98|122|0|0|346|9|00:45:05|Garmin Edge 1030|https://www.strava.com/activities/1879425680
10/21/2018|170.94|03:42:21|351|0|0|0|0||0|0|46.1|83.9|86|212|122|179|0|0|2,859|14|03:42:52|Garmin Edge 1030|https://www.strava.com/activities/1917719040
10/20/2018|216.09|04:52:58|793|0|0|0|0||0|0|44.3|86|85|204|133|185|0|0|3,692|16|04:53:30|Garmin Edge 1030|https://www.strava.com/activities/1915636128
10/19/2018|153.95|03:35:07|1047|0|252|2281|0||0|0|42.9|77.8|85|171|0|0|177|1193|2,316|20|03:35:49|Garmin Edge 1030|https://www.strava.com/activities/1913784736
10/18/2018|125.43|02:40:57|469|0|241|1790|0||0|0|46.8|79.9|85|207|0|0|185|1212|1,831|19|02:41:28|Garmin Edge 1030|https://www.strava.com/activities/1911925851
10/17/2018|145.61|03:17:28|295|0|320|3468|0||0|0|44.2|65.2|97|170|0|0|293|1265|3,482|15|03:17:28|Garmin Edge 1030|https://www.strava.com/activities/1910001240
10/16/2018|107.18|02:20:34|399|0|321|2320|0||0|0|45.8|72.7|97|163|0|0|275|1370|2,332|25|02:20:34|Garmin Edge 1030|https://www.strava.com/activities/1907642490
10/14/2018|21.47|00:30:46|190|0|0|0|0||0|0|41.9|81|92|144|171|189|0|0|572|24|00:31:04|Garmin Edge 1030|https://www.strava.com/activities/1903601654
10/14/2018|12.66|00:23:24|123|0|225|259|0||0|0|32.5|65.9|78|139|0|0|185|875|271|27|00:27:42|Garmin Edge 1030|https://www.strava.com/activities/1903601048
10/10/2018|63.41|02:09:55|1239|0|0|0|0||0|0|29.3|76|86|130|136|186|0|0|1,976|10|02:21:58|Garmin Edge 1030|https://www.strava.com/activities/1895674130
10/3/2018|207.33|04:38:15|931|0|0|0|0||0|0|44.7|77.4|89|177|146|187|0|0|4,370|12|04:38:15|Garmin Edge 1030|https://www.strava.com/activities/1881637520
11/28/2018|35.85|00:54:25|292|0|0|0|0||0|0|39.5|64.8|85|138|151|190|0|0|834||00:54:25|Zwift|https://www.strava.com/activities/1989045993
11/28/2018|26.99|00:45:38|242|0|0|0|0||0|0|35.5|64.1|85|106|125|144|0|0|617||00:45:38|Zwift|https://www.strava.com/activities/1988987554
11/27/2018|62.25|02:02:20|388|0|0|0|0||0|0|30.5|55.1|0|0|115|152|0|0|1,063|5|02:22:00|Garmin Edge 1030|https://www.strava.com/activities/1987391867
11/25/2018|16.44|00:25:55|217|0|382|536|0||0|0|38.1|81|94|160|0|0|345|630|525||00:25:55|Zwift|https://www.strava.com/activities/1983490518
11/25/2018|27.38|00:47:29|256|0|247|643|0||0|0|34.6|74.5|87|124|0|0|226|492|614||00:48:17|Zwift|https://www.strava.com/activities/1983441320
11/23/2018|27.7|00:44:57|435|0|0|0|0||0|0|37|71.6|90|160|0|0|0|0|721||00:44:57|Zwift|https://www.strava.com/activities/1980194683
11/23/2018|11.15|00:22:45|155|0|0|0|0||0|0|29.4|58.7|85|176|106|126|0|0|214||00:22:45|Zwift|https://www.strava.com/activities/1980148321
11/21/2018|71.75|03:06:30|781|0|0|0|0||0|0|23.1|48.2|0|0|131|182|0|0|2,106|4|03:36:17|Garmin Edge 1030|https://www.strava.com/activities/1977058636
11/20/2018|41.09|01:10:06|363|0|0|0|0||0|0|35.2|64.8|87|121|131|162|0|0|898||01:10:06|Zwift|https://www.strava.com/activities/1974968694
11/19/2018|26.06|00:44:19|241|0|295|598|0||0|0|35.3|61.9|83|168|0|0|225|834|573||00:44:34|Zwift|https://www.strava.com/activities/1973572432
11/17/2018|4.74|00:08:05|55|0|0|0|0||0|0|35.2|65.5|83|129|146|186|0|0|140||00:08:05|Zwift|https://www.strava.com/activities/1969183099
11/17/2018|4.54|00:08:00|51|0|0|0|0||0|0|34.1|63.7|79|119|141|183|0|0|125||00:08:00|Zwift|https://www.strava.com/activities/1969141519
11/17/2018|7.79|00:14:06|122|0|216|172|0||0|0|33.2|65.9|85|114|0|0|204|441|164||00:14:06|Zwift|https://www.strava.com/activities/1969112582
11/16/2018|22.92|00:32:05|365|0|0|0|0||0|0|42.9|70.9|97|141|169|190|0|0|648||00:32:05|Zwift|https://www.strava.com/activities/1967486851
11/15/2018|57.06|02:07:01|855|0|0|0|0||0|0|27|63|0|0|117|177|0|0|1,128|9|02:24:53|Garmin Edge 1030|https://www.strava.com/activities/1965767140
11/14/2018|54.66|02:21:01|623|0|0|0|0||121|1027|23.3|52.6|0|0|0|0|0|0|1,826|14|02:46:53|Garmin Edge 1030|https://www.strava.com/activities/1964158093
11/13/2018|12.03|00:18:25|81|0|340|303|0||0|0|39.2|59.8|94|141|0|0|274|758|306||00:18:25|Zwift|https://www.strava.com/activities/1961852692
11/12/2018|36.87|02:06:19|816|0|0|0|0||0|0|17.5|49|0|0|133|175|0|0|1,350|14|02:07:23|Garmin Edge 1030|https://www.strava.com/activities/1960233211
11/26/2018|87.32|03:00:30|893|0|0|0|0||172|1861|29|61.6|0|0|0|0|0|0|1,748|3|03:08:02|Garmin Edge 1030|https://www.strava.com/activities/1985840278
11/24/2018|55.78|03:13:12|1136|0|0|0|0||114|1322|17.3|54.4|0|0|0|0|0|0|1,789|3|03:45:55|Garmin Edge 1030|https://www.strava.com/activities/1982029737
11/18/2018|72.08|02:37:56|934|0|0|0|0||0|0|27.4|60.5|86|169|118|172|0|0|1,375|1|02:57:11|Garmin Edge 1030|https://www.strava.com/activities/1971448304
11/10/2018|46.78|01:30:50|196|0|75|152|0||0|0|30.9|55.4|85|111|0|0|28|783|424|13|01:31:37|Garmin Edge 1030|https://www.strava.com/activities/1957031207
11/9/2018|30.98|02:04:32|800|0|0|0|0||111|832|14.9|50|0|0|0|0|0|0|1,213|10|02:09:41|Garmin Edge 1030|https://www.strava.com/activities/1954630751
11/8/2018|53.08|01:43:00|203|0|0|0|0||160|986|30.9|50.8|0|0|0|0|0|0|1,009|9|01:48:42|Garmin Edge 1030|https://www.strava.com/activities/1953171124
11/5/2018|12.01|01:22:21|0|0|0|0|0||0|0|0|0|0|0|0|0|0|0|||00:00:00||https://www.strava.com/activities/1947161215
12/28/2018|35.27|01:17:46|930|0|326|1180|0||0|0|27.2|68.4|85|112|0|0|253|829|1,169|0|01:19:14|Garmin Edge 1030|https://www.strava.com/activities/2039752013
12/24/2018|147.21|04:52:57|787|0|278|4129|0||0|0|30.2|72.7|87|118|0|0|235|973|4,129|5|04:56:36|Garmin Edge 1030|https://www.strava.com/activities/2033247134
12/22/2018|104.94|03:42:38|1220|0|265|2934|0||0|0|28.3|65.5|84|124|0|0|220|763|2,934|9|03:45:31|Garmin Edge 1030|https://www.strava.com/activities/2029512303
12/17/2018|36.09|01:09:07|454|0|0|0|0||0|0|31.3|66.6|87|133|128|160|0|0|673|17|01:09:07|Bryton Rider 450|https://www.strava.com/activities/2021765938
12/17/2018|79.47|02:36:17|1348|0|0|0|0||0|0|30.5|73.8|84|130|134|180|0|0|1,644|16|03:12:39|Bryton Rider 450|https://www.strava.com/activities/2021546621
12/14/2018|14.59|00:35:15|278|0|237|445|0||0|0|24.8|65.2|76|111|0|0|211|623|240|18|00:42:27|Bryton Rider 450|https://www.strava.com/activities/2016780761
12/11/2018|26.14|00:51:31|307|0|0|0|0||0|0|30.4|53.6|87|116|0|0|0|0|648|14|00:51:31|Garmin Edge 1030|https://www.strava.com/activities/2011814489
12/10/2018|17.3|00:33:41|135|0|0|0|0||0|0|30.8|62.6|76|98|101|116|0|0|341||00:45:56|Zwift|https://www.strava.com/activities/2009607458
12/9/2018|54.65|01:27:59|789|0|0|0|0||0|0|37.3|64.8|85|136|143|180|0|0|1,416||01:27:59|Zwift|https://www.strava.com/activities/2007774053
12/8/2018|55.87|02:54:38|1025|0|0|0|0||0|0|19.2|51.5|0|0|122|167|0|0|1,663|4|03:58:36|Garmin Edge 1030|https://www.strava.com/activities/2006263725
12/7/2018|35.36|01:03:39|591|0|0|0|0||0|0|33.3|69.8|84|147|126|180|0|0|828||01:03:39|Zwift|https://www.strava.com/activities/2004959064
12/7/2018|24.28|00:45:47|382|0|0|0|0||0|0|31.8|73.1|83|165|113|171|0|0|543||00:45:47|Zwift|https://www.strava.com/activities/2004406526
12/6/2018|23.08|00:40:16|234|0|0|0|0||0|0|34.4|64.8|85|106|123|152|0|0|501||00:40:16|Zwift|https://www.strava.com/activities/2002930550
12/5/2018|61.25|02:05:45|402|0|0|0|0||0|0|29.2|67.3|86|121|115|159|0|0|1,340|4|02:24:07|Garmin Edge 1030|https://www.strava.com/activities/2001223326
12/3/2018|60.08|01:52:12|843|0|0|0|0||0|0|32.1|76.3|83|124|139|170|0|0|1,512||01:52:12|Zwift|https://www.strava.com/activities/1998143461
12/31/2018|136.18|04:49:43|2375|0|262|4038|0||0|0|28.2|79.2|84|121|0|0|232|865|4,034|2|05:21:53|Garmin Edge 1030|https://www.strava.com/activities/2046417701
12/30/2018|39.47|02:25:42|767|0|0|0|0||107|932|16.3|44.6|0|0|0|0|0|0|1,807|0|03:07:16|Garmin Edge 1030|https://www.strava.com/activities/2044120661
12/27/2018|130.96|04:25:18|2038|0|282|3814|0||0|0|29.6|72.4|85|142|0|0|240|829|3,808|1|04:34:02|Garmin Edge 1030|https://www.strava.com/activities/2038193813
12/26/2018|73.68|03:22:36|1154|0|0|0|0||129|1567|21.8|52.6|0|0|0|0|0|0|3,328|2|04:07:35|Garmin Edge 1030|https://www.strava.com/activities/2036557597
12/23/2018|50.05|01:40:23|642|0|237|1218|0||0|0|29.9|65.5|87|127|0|0|202|1066|1,218|6|01:40:23|Garmin Edge 1030|https://www.strava.com/activities/2031056119
12/21/2018|52.17|01:59:59|1011|0|262|1584|0||0|0|26.1|73.8|81|126|0|0|220|793|1,594|9|02:05:30|Garmin Edge 1030|https://www.strava.com/activities/2028077974
12/19/2018|160.32|05:02:21|2528|0|220|1524|0||0|0|31.8|71.3|86|155|0|0|84|1013|2,956|17|05:28:51|Bryton Rider 450|https://www.strava.com/activities/2025026493
12/18/2018|142.6|04:31:18|1638|0|0|0|0||0|0|31.5|72.4|84|149|123|185|0|0|2,411|15|04:48:15|Bryton Rider 450|https://www.strava.com/activities/2023331875
12/16/2018|30.91|01:07:52|289|0|0|0|0||0|0|27.3|56.2|79|119|96|134|0|0|297|19|02:09:14|Bryton Rider 450|https://www.strava.com/activities/2019902472
12/15/2018|146.02|04:52:13|2181|0|0|0|0||0|0|30|73.4|83|144|0|0|0|0|3,632|13|05:04:33|Garmin Edge 1030|https://www.strava.com/activities/2018211553
12/14/2018|122.2|04:12:09|2355|0|269|3255|0||0|0|29.1|89.3|79|136|0|0|215|994|2,550|13|04:23:33|Bryton Rider 450|https://www.strava.com/activities/2016646212
12/12/2018|111.27|03:48:35|2092|0|0|0|0||0|0|29.2|90.4|84|150|124|190|0|0|2,061|18|04:19:55|Bryton Rider 450|https://www.strava.com/activities/2013816894
12/4/2018|108.29|03:29:39|775|0|0|0|0||0|0|31|64.8|91|121|137|184|0|0|2,461|9|03:38:36|Garmin Edge 1030|https://www.strava.com/activities/1999516235
loaded urls in 11:28:10.3507311
