date|distance|mov_time|elevation|relativeEffort|avg_power_weig|work_total|training_load|intensity|estAvgPower|energyOutput|avg_speed|max_speed|avg_cadence|max_cadence|avg_heartRate|max_heartRate|avg_power|max_power|avg_calories|avg_temperature|avg_elap_time|bicycle_model|url
28.01.2018|3,64|00:11:53|33|0|0|0|0||0|0|184|299|0|0|106|119|0|0|70|27|00:15:04|Garmin Edge 520|https://www.strava.com/activities/1385098563
28.01.2018|4,27|00:15:43|15|0|57|40|0|16%|0|0|163|306|69|100|0|0|42|225|44|34|00:31:00|Garmin Edge 520|https://www.strava.com/activities/1385097933
27.01.2018|20,11|00:48:25|185|0|135|321|12|39%|0|0|249|515|73|107|0|0|110|358|358|25|00:54:19|Garmin Edge 520|https://www.strava.com/activities/1378601607
27.01.2018|6,38|00:18:12|34|0|89|79|2|25%|0|0|211|414|70|93|0|0|73|323|89|30|00:29:44|Garmin Edge 520|https://www.strava.com/activities/1378600737
26.01.2018|40,35|00:54:53|25|0|151|381|16|43%|0|0|441|792|81|110|0|0|116|339|425|26|00:54:53|Garmin Edge 520|https://www.strava.com/activities/1376658064
25.01.2018|77,01|02:31:32|509|0|182|1,401|72|52%|0|0|305|648|73|104|0|0|154|506|1,562|29|03:23:44|Garmin Edge 520|https://www.strava.com/activities/1376651469
24.01.2018|8,98|00:17:26|7|0|89|58|2|25%|0|0|309|540|77|110|0|0|55|657|64|24|00:38:31|Garmin Edge 520|https://www.strava.com/activities/1373914067
23.01.2018|22,78|00:52:09|222|0|153|428|17|44%|0|0|262|508|75|91|0|0|137|322|477|34|00:53:24|Garmin Edge 520|https://www.strava.com/activities/1372195505
23.01.2018|15,2|00:20:34|58|0|339|422|32|97%|0|0|444|594|87|103|0|0|342|597|470|34|00:22:22|Garmin Edge 520|https://www.strava.com/activities/1372195269
23.01.2018|5,03|00:13:15|30|0|125|97|4|36%|0|0|228|378|82|144|0|0|122|754|108|35|00:20:49|Garmin Edge 520|https://www.strava.com/activities/1372195043
22.01.2018|29,41|00:57:01|111|0|166|462|21|47%|0|0|310|608|78|99|0|0|135|357|515|26|00:57:01|Garmin Edge 520|https://www.strava.com/activities/1370532105
18.01.2018|50,81|01:30:15|191|0|155|794|30|44%|0|0|338|536|79|98|0|0|147|482|885|13|02:08:30|Garmin Edge 520|https://www.strava.com/activities/1363159342
17.01.2018|146,68|04:21:52|1,323|0|0|0|0||0|0|336|655|78|154|137|171|0|0|3,129|14|04:58:39|Garmin Edge 520|https://www.strava.com/activities/1362057790
08.01.2018|102,91|03:03:59|398|0|184|1,882|89|53%|0|0|336|601|82|140|0|0|171|745|2,099|19|03:13:19|Garmin Edge 520|https://www.strava.com/activities/1347182902
06.01.2018|72,96|02:36:38|766|0|224|1,752|110|64%|0|0|280|691|73|101|0|0|186|538|1,954|8|02:42:39|Garmin Edge 520|https://www.strava.com/activities/1347185647
05.01.2018|101,91|03:33:51|1,271|0|0|0|0||0|0|286|598|74|114|143|180|0|0|3,028|14|03:57:38|Garmin Edge 520|https://www.strava.com/activities/1347184954
04.01.2018|37,5|01:26:35|516|0|0|0|0||0|0|260|533|75|103|127|149|0|0|1,072|15|01:29:33|Garmin Edge 520|https://www.strava.com/activities/1347184003
31.01.2018|102,97|02:58:02|729|0|190|1,795|92|54%|0|0|347|709|77|214|0|0|168|476|2,001|19|03:39:40|Garmin Edge 520|https://www.strava.com/activities/1385099654
28.01.2018|144,2|03:02:48|645|0|213|1,807|107|61%|0|0|473|738|87|175|0|0|165|920|2,015|31|03:12:23|Garmin Edge 520|https://www.strava.com/activities/1385098670
28.01.2018|32,58|01:06:11|240|0|169|551|26|48%|0|0|295|515|72|100|0|0|139|377|614|22|01:34:21|Garmin Edge 520|https://www.strava.com/activities/1385097956
27.01.2018|157,54|03:20:02|595|0|252|2,504|172|72%|0|0|473|799|88|136|0|0|209|1,049|2,791|29|03:22:17|Garmin Edge 520|https://www.strava.com/activities/1378601467
27.01.2018|32,67|01:08:12|261|0|166|582|26|47%|0|0|287|565|71|107|0|0|142|555|649|22|01:45:05|Garmin Edge 520|https://www.strava.com/activities/1378600290
26.01.2018|169,68|04:34:40|2,351|0|247|3,589|232|71%|0|0|371|853|81|143|0|0|218|821|4,002|28|04:45:16|Garmin Edge 520|https://www.strava.com/activities/1376653531
24.01.2018|193,83|04:30:36|996|0|240|2,846|217|69%|0|0|430|698|85|117|0|0|175|1,084|3,173|25|04:36:10|Garmin Edge 520|https://www.strava.com/activities/1373914596
23.01.2018|31,42|01:06:12|245|0|158|537|23|45%|0|0|285|547|77|100|0|0|135|421|599|29|01:39:36|Garmin Edge 520|https://www.strava.com/activities/1372195009
22.01.2018|153,09|03:37:10|983|0|235|2,237|171|67%|0|0|423|889|84|130|0|0|172|867|2,494|32|03:57:40|Garmin Edge 520|https://www.strava.com/activities/1370531939
22.01.2018|30,68|01:03:28|249|0|144|435|18|41%|0|0|290|630|82|107|0|0|114|337|485|26|01:31:55|Garmin Edge 520|https://www.strava.com/activities/1370530589
21.01.2018|153,94|03:23:15|218|0|190|1,746|101|54%|0|0|454|662|88|130|0|0|143|1,142|1,946|34|03:41:12|Garmin Edge 520|https://www.strava.com/activities/1369078798
20.01.2018|96,93|02:52:15|660|0|208|1,737|106|59%|0|0|338|677|79|115|0|0|168|1,286|1,937|29|03:15:08|Garmin Edge 520|https://www.strava.com/activities/1366898905
16.01.2018|149,55|04:05:28|919|0|225|2,577|176|64%|0|0|366|691|82|125|0|0|175|1,341|2,874|18|04:36:19|Garmin Edge 520|https://www.strava.com/activities/1360241054
15.01.2018|99,97|03:16:13|1,114|0|214|2,057|129|61%|0|0|306|785|73|114|0|0|175|1,304|2,294|12|04:05:21|Garmin Edge 520|https://www.strava.com/activities/1358626889
14.01.2018|78,03|02:36:35|783|0|184|1,502|76|53%|0|0|299|590|78|136|0|0|160|416|1,675|17|03:06:07|Garmin Edge 520|https://www.strava.com/activities/1357790582
13.01.2018|208,37|06:05:43|2,049|0|222|4,311|255|63%|0|0|342|785|78|167|0|0|196|1,329|4,807|14|06:39:40|Garmin Edge 520|https://www.strava.com/activities/1355410758
12.01.2018|105,94|03:54:38|1,44|0|0|0|0||0|0|271|760|73|125|139|175|0|0|2,628|14|04:11:19|Garmin Edge 520|https://www.strava.com/activities/1353440469
11.01.2018|69,75|02:11:45|278|0|152|1,147|41|43%|0|0|318|490|76|97|0|0|145|477|1,278|11|02:50:45|Garmin Edge 520|https://www.strava.com/activities/1353439726
10.01.2018|128,63|04:46:50|1,974|0|203|2,937|167|58%|0|0|269|713|73|250|0|0|171|684|3,275|15|05:05:56|Garmin Edge 520|https://www.strava.com/activities/1350309644
09.01.2018|99,92|03:28:12|1,309|0|0|0|0||0|0|288|655|76|158|139|165|0|0|2,474|15|03:50:47|Garmin Edge 520|https://www.strava.com/activities/1348612706
28.02.2018|0,06|00:01:08|0|0|229|11|50|65%|0|0|35|14|73|112|0|0|164|899|12|5|01:15:04|Garmin Edge 820|https://www.strava.com/activities/1431025244
26.02.2018|30,51|01:07:47|258|0|185|697|34|53%|0|0|270|450|74|96|0|0|171|451|777|7|01:45:11|Garmin Edge 820|https://www.strava.com/activities/1428265223
24.02.2018|159,11|05:50:23|2,492|0|258|4,306|334|74%|0|0|272|634|75|103|0|0|205|730|4,801|9|06:14:40|Garmin Edge 820|https://www.strava.com/activities/1423796829
23.02.2018|88,73|02:51:17|1,025|0|243|2,296|140|69%|0|0|311|698|79|125|0|0|223|568|2,560|9|02:56:55|Garmin Edge 820|https://www.strava.com/activities/1421969972
22.02.2018|132,43|04:34:41|1,795|0|0|0|0||0|0|289|644|76|104|137|176|0|0|2,394|5|04:47:50|Garmin Edge 820|https://www.strava.com/activities/1420497559
21.02.2018|64,46|02:10:18|517|0|0|0|0||0|0|297|652|75|113|122|165|0|0|1,753|10|03:45:47|Garmin Edge 520|https://www.strava.com/activities/1419229783
17.02.2018|131,84|04:27:12|1,737|0|0|0|0||0|0|296|785|73|167|137|177|0|0|3,625|16|05:07:00|Garmin Edge 520|https://www.strava.com/activities/1412485944
15.02.2018|132,14|04:12:13|1,154|0|0|0|0||0|0|314|749|77|188|134|163|0|0|3,154|18|05:37:01|Garmin Edge 520|https://www.strava.com/activities/1409236723
11.02.2018|67,34|02:47:24|1,751|0|0|0|0||0|0|241|684|75|103|136|168|0|0|2,457|21|03:06:43|Garmin Edge 520|https://www.strava.com/activities/1403335053
10.02.2018|42,39|01:42:21|653|0|0|0|0||0|0|249|623|74|105|107|138|0|0|1,017|25|02:09:12|Garmin Edge 520|https://www.strava.com/activities/1403334744
07.02.2018|27,68|00:52:45|77|0|131|369|13|37%|0|0|315|450|80|103|0|0|117|396|412|31|00:56:49|Garmin Edge 520|https://www.strava.com/activities/1396619595
06.02.2018|28,06|00:54:18|70|0|127|360|12|36%|0|0|310|482|79|106|0|0|110|333|401|29|00:58:34|Garmin Edge 520|https://www.strava.com/activities/1395126663
05.02.2018|83,25|02:16:39|218|0|216|1,453|94|62%|0|0|366|659|81|117|0|0|177|1,306|1,621|29|02:46:16|Garmin Edge 520|https://www.strava.com/activities/1393125797
02.02.2018|134,56|04:43:52|1,761|0|217|2,957|193|62%|0|0|284|742|71|214|0|0|174|625|3,297|19|05:41:55|Garmin Edge 520|https://www.strava.com/activities/1388192522
27.02.2018|78,81|02:49:45|1,388|0|264|2,181|171|75%|0|0|279|641|75|107|0|0|214|498|2,432|3|03:05:55|Garmin Edge 820|https://www.strava.com/activities/1428496084
25.02.2018|151,13|05:13:16|2,244|0|239|3,701|255|68%|0|0|289|670|76|107|0|0|197|629|4,126|10|06:11:22|Garmin Edge 820|https://www.strava.com/activities/1425643711
19.02.2018|60,02|01:52:45|363|0|0|0|0||0|0|319|558|76|98|121|154|0|0|1,202|19|01:57:56|Garmin Edge 520|https://www.strava.com/activities/1419234945
18.02.2018|177,04|06:08:49|3,076|0|0|0|0||0|0|288|774|73|125|139|177|0|0|4,883|17|06:53:57|Garmin Edge 520|https://www.strava.com/activities/1414755540
16.02.2018|60,02|01:51:04|355|0|0|0|0||0|0|324|572|76|100|114|139|0|0|1,095|14|01:52:55|Garmin Edge 520|https://www.strava.com/activities/1412485090
14.02.2018|141,15|04:35:15|1,631|0|0|0|0||0|0|308|673|74|125|0|0|0|0|3,538|19|05:16:57|Garmin Edge 520|https://www.strava.com/activities/1408058137
13.02.2018|77,84|02:31:54|752|0|0|0|0||0|0|307|706|79|128|129|159|0|0|1,696|20|02:57:40|Garmin Edge 520|https://www.strava.com/activities/1405850873
08.02.2018|166,91|03:42:54|588|0|0|0|0||0|0|449|720|84|118|129|176|0|0|2,357|31|04:05:57|Garmin Edge 520|https://www.strava.com/activities/1403335298
07.02.2018|186,57|04:03:14|461|0|205|2,327|142|59%|0|0|460|727|84|122|0|0|159|1,258|2,594|28|04:11:53|Garmin Edge 520|https://www.strava.com/activities/1396619645
06.02.2018|98,95|02:06:13|253|0|242|1,419|96|69%|0|0|470|680|90|130|0|0|187|1,134|1,583|28|02:14:58|Garmin Edge 520|https://www.strava.com/activities/1395126593
04.02.2018|60,17|01:53:02|342|0|165|923|43|47%|0|0|319|562|74|105|0|0|136|464|1,029|13|02:26:37|Garmin Edge 520|https://www.strava.com/activities/1393125434
03.02.2018|149,86|03:53:57|732|0|0|0|0||0|0|384|630|80|167|128|170|0|0|2,640|17|04:16:16|Garmin Edge 520|https://www.strava.com/activities/1389796172
01.02.2018|79,59|02:29:59|762|0|0|0|0||0|0|318|608|76|112|130|165|0|0|1,736|17|02:58:38|Garmin Edge 520|https://www.strava.com/activities/1388191747
29.03.2018|41,21|01:27:54|330|0|192|928|46|55%|0|0|281|526|83|108|0|0|176|412|1,035|16|01:33:03|Garmin Edge 820|https://www.strava.com/activities/1477983575
26.03.2018|106,49|03:52:57|1,082|0|0|0|0||0|0|274|605|76|115|126|160|0|0|2,830|16|04:25:48|Garmin Edge 820|https://www.strava.com/activities/1472941299
23.03.2018|45,07|01:24:11|385|0|226|987|62|65%|0|0|321|677|87|109|0|0|195|520|1,101||01:29:07|Zwift|https://www.strava.com/activities/1467221330
22.03.2018|68,14|02:28:26|139|0|0|0|0||114|1,018|275|400|0|0|0|0|0|0|1,135|0|02:32:20|Garmin Edge 820|https://www.strava.com/activities/1472945114
21.03.2018|55,62|02:01:34|111|0|0|0|0||113|823|275|418|0|0|0|0|0|0|918|0|02:04:18|Garmin Edge 820|https://www.strava.com/activities/1472945042
19.03.2018|33,16|01:23:45|118|0|0|0|0||88|444|238|364|0|0|0|0|0|0|495|1|01:24:07|Garmin Edge 820|https://www.strava.com/activities/1472944946
11.03.2018|90,55|03:36:30|1,285|0|215|2,397|146|61%|0|0|251|673|74|214|0|0|185|503|2,673|16|04:00:53|Garmin Edge 820|https://www.strava.com/activities/1447693327
10.03.2018|165,14|06:00:17|2,788|0|0|0|0||0|0|275|720|75|110|142|183|0|0|5,238|20|06:57:57|Garmin Edge 820|https://www.strava.com/activities/1445963903
01.03.2018|97,82|03:28:25|1,278|0|0|0|0||0|0|282|601|73|100|137|175|0|0|2,937|8|03:57:27|Garmin Edge 820|https://www.strava.com/activities/1431266893
31.03.2018|104,24|03:35:27|1,282|0|237|2,663|174|68%|0|0|290|958|75|103|0|0|206|506|2,969|12|03:53:12|Garmin Edge 820|https://www.strava.com/activities/1481568486
30.03.2018|138,21|04:45:26|1,827|0|0|0|0||0|0|291|659|76|107|140|182|0|0|3,911|19|05:36:08|Garmin Edge 820|https://www.strava.com/activities/1479912157
28.03.2018|137,86|04:33:49|1,545|0|236|3,394|213|67%|0|0|302|731|77|107|0|0|207|493|3,784|18|05:18:10|Garmin Edge 820|https://www.strava.com/activities/1476375897
27.03.2018|126,15|04:12:32|1,547|0|238|3,271|202|68%|0|0|300|648|78|104|0|0|216|503|3,647|12|04:22:51|Garmin Edge 820|https://www.strava.com/activities/1474521770
13.03.2018|66,92|02:16:59|556|0|200|1,538|81|57%|0|0|293|533|76|107|0|0|187|490|1,714|14|03:40:29|Garmin Edge 820|https://www.strava.com/activities/1450943671
09.03.2018|56,47|02:05:27|497|0|181|1,198|60|52%|0|0|270|652|72|105|0|0|159|538|1,335|16|02:27:06|Garmin Edge 820|https://www.strava.com/activities/1443776409
08.03.2018|143,01|05:01:10|1,919|0|0|0|0||0|0|285|839|72|115|127|159|0|0|4,037|11|06:07:09|Garmin Edge 820|https://www.strava.com/activities/1442469189
07.03.2018|140,58|05:03:08|1,811|0|235|3,604|244|67%|0|0|278|626|74|125|0|0|198|842|4,019|12|06:22:50|Garmin Edge 820|https://www.strava.com/activities/1440920152
06.03.2018|83,37|03:06:52|984|0|204|2,039|111|58%|0|0|268|691|72|107|0|0|182|491|2,274|14|03:23:17|Garmin Edge 820|https://www.strava.com/activities/1439002085
03.03.2018|135,91|04:08:58|1,615|0|261|3,181|240|75%|0|0|328|875|76|134|0|0|213|1,013|3,546|16|04:40:42|Garmin Edge 820|https://www.strava.com/activities/1434021097
02.03.2018|160,71|05:08:30|1,572|0|0|0|0||0|0|313|644|76|112|135|165|0|0|4,382|13|05:55:27|Garmin Edge 820|https://www.strava.com/activities/1432645740
30.04.2018|43,05|01:35:28|58|0|0|0|0||107|612|271|349|0|0|0|0|0|0|682|12|01:39:18|Garmin Edge 820|https://www.strava.com/activities/1544601528
29.04.2018|108,88|03:32:50|226|0|230|2,731|156|66%|0|0|307|558|79|118|0|0|214|1,303|3,045|8|03:37:33|Garmin Edge 820|https://www.strava.com/activities/1540313842
28.04.2018|110,31|03:36:34|164|0|242|2,873|179|69%|0|0|306|522|77|121|0|0|221|1,266|3,203|10|03:45:36|Garmin Edge 820|https://www.strava.com/activities/1537415731
27.04.2018|108,25|03:29:10|204|0|231|2,717|157|66%|0|0|311|522|78|108|0|0|216|1,253|3,029|9|03:43:35|Garmin Edge 820|https://www.strava.com/activities/1534738585
24.04.2018|21,68|01:11:24|414|0|0|0|0||0|0|182|464|0|0|115|138|0|0|550|24|01:23:43|Garmin Edge 820|https://www.strava.com/activities/1528476450
23.04.2018|40,71|01:24:07|309|0|0|0|0||0|0|290|500|0|0|0|0|0|0|789|19|01:27:28|Garmin Edge 820|https://www.strava.com/activities/1528476273
21.04.2018|8,51|00:20:02|24|0|0|0|0||131|157|255|486|0|0|0|0|0|0|175|18|01:13:28|Garmin Edge 820|https://www.strava.com/activities/1523108072
17.04.2018|112,15|04:09:04|1,792|0|0|0|0||0|0|270|1055|72|119|134|176|0|0|3,206|23|04:38:29|Garmin Edge 820|https://www.strava.com/activities/1513753544
16.04.2018|51,09|01:49:25|485|0|188|1,025|59|54%|0|0|280|572|75|105|0|0|156|472|1,143|17|02:33:08|Garmin Edge 820|https://www.strava.com/activities/1511804560
15.04.2018|4,02|00:08:05|46|0|0|0|0||206|100|298|612|0|0|0|0|0|0|112|13|00:13:24|Garmin Edge 820|https://www.strava.com/activities/1511620329
14.04.2018|55,74|02:00:44|604|0|0|0|0||0|0|277|569|0|0|127|163|0|0|1,240|15|02:11:41|Garmin Edge 820|https://www.strava.com/activities/1511620336
13.04.2018|42,59|01:32:16|319|0|197|975|50|56%|0|0|277|569|75|102|0|0|176|408|1,088|10|01:36:35|Garmin Edge 820|https://www.strava.com/activities/1505663887
12.04.2018|109,28|03:55:32|1,644|0|256|2,862|215|73%|0|0|278|605|72|132|0|0|203|1,213|3,191|14|04:30:35|Garmin Edge 820|https://www.strava.com/activities/1504149000
11.04.2018|47,05|01:44:06|361|0|170|951|42|49%|0|0|271|518|76|103|0|0|152|469|1,060|11|01:47:40|Garmin Edge 820|https://www.strava.com/activities/1502133975
10.04.2018|156,05|06:08:06|3,076|0|261|4,627|376|75%|0|0|254|659|72|214|0|0|210|1,197|5,159|13|07:00:01|Garmin Edge 820|https://www.strava.com/activities/1500592179
09.04.2018|131,5|04:34:15|1,815|0|253|3,479|248|72%|0|0|288|684|77|136|0|0|211|534|3,879|16|05:14:49|Garmin Edge 820|https://www.strava.com/activities/1498618509
08.04.2018|50,65|01:45:40|309|0|0|0|0||0|0|288|536|82|110|122|144|0|0|1,289|10|01:48:39|Garmin Edge 820|https://www.strava.com/activities/1498838790
06.04.2018|173,05|06:10:56|2,399|0|252|4,501|335|72%|0|0|280|670|75|163|0|0|202|1,089|5,018|18|06:51:53|Garmin Edge 820|https://www.strava.com/activities/1492771488
05.04.2018|28,73|01:35:01|454|0|0|0|0||102|582|181|504|0|0|0|0|0|0|649|20|01:42:06|Garmin Edge 820|https://www.strava.com/activities/1490589833
02.04.2018|35,33|01:18:03|288|0|174|742|34|50%|0|0|272|565|79|115|0|0|159|606|828|15|02:51:03|Garmin Edge 820|https://www.strava.com/activities/1485171856
26.04.2018|129,34|04:15:07|324|0|0|0|0||0|0|304|504|77|111|132|159|0|0|3,419|9|04:41:19|Garmin Edge 820|https://www.strava.com/activities/1534738499
22.04.2018|175,57|04:19:42|2,67|0|0|0|0||412|6,417|406|889|0|0|0|0|0|0|7,155|15|04:24:58|Garmin Edge 820|https://www.strava.com/activities/1526309967
21.04.2018|186,68|04:16:50|1,415|0|0|0|0||411|6,336|436|882|0|0|0|0|0|0|7,064|17|04:17:54|Garmin Edge 820|https://www.strava.com/activities/1523109808
20.04.2018|190,2|04:37:10|2,397|0|0|0|0||0|0|412|788|0|0|157|186|0|0|7,121|23|04:39:21|Garmin Edge 820|https://www.strava.com/activities/1520580876
19.04.2018|54,37|01:45:47|584|0|0|0|0||178|1,132|308|616|0|0|0|0|0|0|1,262|25|01:48:39|Garmin Edge 820|https://www.strava.com/activities/1520578208
18.04.2018|114,72|03:43:28|980|0|0|0|0||0|0|308|659|78|118|129|171|0|0|2,794|24|04:34:25|Garmin Edge 820|https://www.strava.com/activities/1515857229
15.04.2018|152,53|04:05:22|1,065|0|0|0|0||0|0|373|734|0|0|152|181|0|0|4,865|13|04:05:46|Garmin Edge 820|https://www.strava.com/activities/1511621169
07.04.2018|103,6|03:38:19|1,317|0|243|2,68|178|69%|0|0|285|864|75|126|0|0|205|1,192|2,989|13|03:43:17|Garmin Edge 820|https://www.strava.com/activities/1494297337
04.04.2018|139,1|05:01:30|2,036|0|0|0|0||0|0|277|691|75|111|133|169|0|0|4,083|20|05:55:35|Garmin Edge 820|https://www.strava.com/activities/1489084951
03.04.2018|125,89|04:15:46|1,545|0|0|0|0||0|0|295|612|77|115|134|178|0|0|3,497|18|05:03:48|Garmin Edge 820|https://www.strava.com/activities/1487199319
01.04.2018|146,3|05:10:34|2,101|0|251|4,077|286|72%|0|0|283|666|75|108|0|0|219|676|4,546|15|06:15:39|Garmin Edge 820|https://www.strava.com/activities/1483814466
31.05.2018|202,04|04:56:33|1,904|0|248|3,308|250|71%|0|0|409|857|83|136|0|0|186|1,413|3,688|26|04:59:09|Garmin Edge 820|https://www.strava.com/activities/1607502382
31.05.2018|10,29|00:27:17|72|0|107|133|6|31%|0|0|226|389|72|113|0|0|82|409|149|21|01:10:36|Garmin Edge 820|https://www.strava.com/activities/1607502060
30.05.2018|3,74|00:11:19|33|0|91|52|1|26%|0|0|199|400|65|90|0|0|77|293|58|28|00:14:54|Garmin Edge 820|https://www.strava.com/activities/1605199738
30.05.2018|182,45|04:18:36|1,603|0|253|3,171|224|72%|0|0|423|889|85|150|0|0|204|1,401|3,535|25|04:19:21|Garmin Edge 820|https://www.strava.com/activities/1605199905
30.05.2018|14,09|00:36:41|39|0|112|169|9|32%|0|0|230|486|77|104|0|0|77|608|188|22|01:25:48|Garmin Edge 820|https://www.strava.com/activities/1605198587
29.05.2018|75,21|02:27:00|251|0|0|0|0||0|0|307|601|78|119|112|152|0|0|1,580|27|04:04:43|Garmin Edge 820|https://www.strava.com/activities/1603066191
27.05.2018|110,09|02:35:51|65|0|0|0|0||0|0|424|619|0|0|130|180|0|0|3,934|28|03:39:07|Garmin Edge 820|https://www.strava.com/activities/1603065494
26.05.2018|117,38|03:48:26|3,404|0|0|0|0||0|0|308|792|80|128|150|174|0|0|3,930|21|03:59:55|Garmin Edge 820|https://www.strava.com/activities/1596283206
26.05.2018|11,16|00:24:58|39|0|0|0|0||0|0|268|644|81|140|110|145|0|0|152|22|00:57:05|Garmin Edge 820|https://www.strava.com/activities/1596282499
25.05.2018|34,69|01:43:22|1,659|0|0|0|0||0|0|201|713|70|115|146|165|0|0|1,848|21|02:05:46|Garmin Edge 820|https://www.strava.com/activities/1594505054
24.05.2018|125,95|03:37:20|2,191|0|0|0|0||0|0|348|738|81|136|143|174|0|0|3,320|26|03:49:00|Garmin Edge 820|https://www.strava.com/activities/1592610007
23.05.2018|141,73|03:40:28|489|0|0|0|0||0|0|386|774|87|125|133|176|0|0|2,746|13|04:04:58|Garmin Edge 820|https://www.strava.com/activities/1590270574
22.05.2018|129,56|03:22:26|1,627|0|0|0|0||0|0|384|670|86|129|145|178|0|0|2,999|25|03:37:40|Garmin Edge 820|https://www.strava.com/activities/1588049593
21.05.2018|114,42|03:14:09|1,887|0|282|2,707|220|81%|0|0|354|720|88|136|0|0|232|1,132|3,019|26|03:53:33|Garmin Edge 820|https://www.strava.com/activities/1585782415
20.05.2018|2,64|00:03:15|9|0|0|0|0||0|0|487|594|0|0|173|179|0|0|108|25|00:10:10|Garmin Edge 820|https://www.strava.com/activities/1583374946
20.05.2018|37,59|01:07:53|123|0|0|0|0||0|0|332|536|0|0|136|170|0|0|1,088|22|02:15:56|Garmin Edge 820|https://www.strava.com/activities/1583374843
19.05.2018|57,55|02:14:49|502|0|0|0|0||0|0|256|652|0|0|113|164|0|0|1,270|18|02:33:37|Garmin Edge 820|https://www.strava.com/activities/1583374622
18.05.2018|33,96|01:22:48|148|0|0|0|0||0|0|246|432|0|0|105|131|0|0|584|30|01:40:36|Garmin Edge 820|https://www.strava.com/activities/1583374206
16.05.2018|87,41|03:01:47|940|0|0|0|0||0|0|289|612|78|124|125|157|0|0|2,428|16|03:24:11|Garmin Edge 820|https://www.strava.com/activities/1575669275
15.05.2018|143,44|05:02:45|1,751|0|0|0|0||0|0|284|673|76|112|131|170|0|0|4,037|17|05:24:58|Garmin Edge 820|https://www.strava.com/activities/1573625762
14.05.2018|14,98|00:42:44|159|0|0|0|0||0|0|210|468|0|0|0|0|0|0|268|18|01:17:45|Garmin Edge 820|https://www.strava.com/activities/1571333954
13.05.2018|126,46|03:29:02|2,496|0|286|3,082|234|82%|0|0|363|1008|80|150|0|0|246|1,015|3,436|17|03:30:11|Garmin Edge 820|https://www.strava.com/activities/1570337584
13.05.2018|4,4|00:10:36|45|0|124|69|2|35%|0|0|249|508|81|117|0|0|108|514|77|18|00:19:06|Garmin Edge 820|https://www.strava.com/activities/1570335659
12.05.2018|13,11|00:28:59|102|0|0|0|0||144|250|271|382|0|0|0|0|0|0|279|21|00:28:59|Garmin Edge 820|https://www.strava.com/activities/1570335515
12.05.2018|192,75|04:27:34|1,191|0|0|0|0||388|6,23|432|738|0|0|0|0|0|0|6,947|23|04:27:34|Garmin Edge 820|https://www.strava.com/activities/1570335633
12.05.2018|4,26|00:08:52|32|0|0|0|0||176|94|289|400|0|0|0|0|0|0|104|24|00:08:52|Garmin Edge 820|https://www.strava.com/activities/1570334676
11.05.2018|184,66|04:16:01|1,726|0|0|0|0||393|6,044|433|1019|0|0|0|0|0|0|6,739|26|04:29:55|Garmin Edge 820|https://www.strava.com/activities/1565093442
10.05.2018|49,15|01:40:44|939|0|0|0|0||226|1,368|293|763|0|0|0|0|0|0|1,525|16|01:49:44|Garmin Edge 820|https://www.strava.com/activities/1565092130
09.05.2018|56,82|01:53:04|411|0|197|1,231|61|56%|0|0|302|547|79|112|0|0|182|580|1,373|18|01:57:15|Garmin Edge 820|https://www.strava.com/activities/1559616455
08.05.2018|135,54|04:49:05|2,021|0|249|3,48|255|71%|0|0|281|626|75|114|0|0|201|1,386|3,881|20|05:11:22|Garmin Edge 820|https://www.strava.com/activities/1557818079
07.05.2018|112,12|03:48:06|1,579|0|247|2,662|204|71%|0|0|295|616|77|107|0|0|195|499|2,968|22|05:05:34|Garmin Edge 820|https://www.strava.com/activities/1555628656
06.05.2018|25,27|01:11:05|219|0|0|0|0||89|380|213|425|0|0|0|0|0|0|424|21|01:13:39|Garmin Edge 820|https://www.strava.com/activities/1553760633
05.05.2018|144,25|04:00:13|433|0|280|3,363|270|80%|0|0|360|641|81|118|0|0|233|1,353|3,750|9|04:54:14|Garmin Edge 820|https://www.strava.com/activities/1551631397
04.05.2018|53,09|01:54:11|141|0|177|1,169|51|51%|0|0|279|410|75|106|0|0|171|686|1,303|9|02:06:30|Garmin Edge 820|https://www.strava.com/activities/1551623296
03.05.2018|148,26|04:52:16|349|0|223|3,511|214|64%|0|0|304|569|78|127|0|0|200|1,284|3,915|12|05:56:13|Garmin Edge 820|https://www.strava.com/activities/1547491190
02.05.2018|135,1|04:26:59|340|0|236|3,295|207|67%|0|0|304|544|77|124|0|0|206|1,304|3,674|7|04:49:54|Garmin Edge 820|https://www.strava.com/activities/1545010849
27.06.2018|88,19|02:50:41|257|0|205|1,988|110|59%|0|0|310|540|78|129|0|0|194|1,311|1,984|19|03:44:52|Garmin Edge 820|https://www.strava.com/activities/1671422019
22.06.2018|5,31|00:11:05|47|0|149|83|4|43%|0|0|288|436|81|111|0|0|125|552|83|25|00:32:01|Garmin Edge 820|https://www.strava.com/activities/1655175548
21.06.2018|3,99|00:09:50|0|0|93|43|1|27%|0|0|244|425|77|114|0|0|73|741|43|33|00:16:59|Garmin Edge 820|https://www.strava.com/activities/1653038818
17.06.2018|148,91|03:25:44|350|0|276|2,903|214|79%|0|0|434|648|85|125|0|0|235|1,18|2,914|16|03:26:24|Garmin Edge 820|https://www.strava.com/activities/1645387155
17.06.2018|3,28|00:08:39|3|0|94|42|1|27%|0|0|228|338|77|107|0|0|81|436|42|17|00:16:24|Garmin Edge 820|https://www.strava.com/activities/1645380499
16.06.2018|46,37|01:32:57|100|0|0|0|0||0|0|299|490|77|107|111|154|0|0|764|20|02:16:03|Garmin Edge 820|https://www.strava.com/activities/1645380111
15.06.2018|5,38|00:13:34|48|0|0|0|0||0|0|238|382|71|107|122|154|0|0|99|28|00:25:11|Garmin Edge 820|https://www.strava.com/activities/1640061153
13.06.2018|135,16|04:44:37|1,937|0|0|0|0||0|0|285|706|77|130|132|166|0|0|3,419|22|05:13:27|Garmin Edge 820|https://www.strava.com/activities/1635987822
12.06.2018|65,34|03:04:46|960|0|0|0|0||120|1,333|212|569|0|0|0|0|0|0|1,561|26|03:40:17|Garmin Edge 820|https://www.strava.com/activities/1633673185
10.06.2018|9,72|00:21:55|29|0|0|0|0||0|0|266|490|84|126|120|155|0|0|128|21|00:27:54|Garmin Edge 820|https://www.strava.com/activities/1630363894
07.06.2018|117,33|03:59:39|1,385|0|0|0|0||0|0|294|702|79|132|131|168|0|0|3,255|18|04:15:47|Garmin Edge 820|https://www.strava.com/activities/1622905942
06.06.2018|49,2|01:40:45|407|0|192|1,079|53|55%|0|0|293|580|78|111|0|0|179|600|1,204|21|02:21:09|Garmin Edge 820|https://www.strava.com/activities/1622904252
02.06.2018|4,86|00:15:01|20|0|72|47|1|21%|0|0|194|403|72|106|0|0|52|443|52|29|00:22:40|Garmin Edge 820|https://www.strava.com/activities/1611800360
01.06.2018|5,77|00:16:42|18|0|62|56|1|18%|0|0|207|349|78|111|0|0|56|338|62|23|01:10:20|Garmin Edge 820|https://www.strava.com/activities/1609471878
30.06.2018|56,78|01:49:46|191|0|0|0|0||163|1,074|310|511|0|0|0|0|0|0|899|14|02:02:28|Garmin Edge 820|https://www.strava.com/activities/1671412746
29.06.2018|107,14|02:54:34|422|0|0|0|0||0|0|368|680|0|0|128|167|0|0|1,648|16|03:11:59|Garmin Edge 820|https://www.strava.com/activities/1671412771
28.06.2018|114,06|03:43:39|942|0|0|0|0||0|0|306|619|77|108|132|167|0|0|2,640|26|04:16:15|Garmin Edge 820|https://www.strava.com/activities/1671422744
24.06.2018|113,09|02:28:21|712|0|265|1,939|143|76%|0|0|457|727|87|125|0|0|218|1,093|1,959|26|02:29:16|Garmin Edge 820|https://www.strava.com/activities/1671421107
23.06.2018|225,01|05:19:05|1,281|0|240|3,686|253|69%|0|0|423|832|83|130|0|0|193|1,103|3,696|23|05:29:23|Garmin Edge 820|https://www.strava.com/activities/1657164078
22.06.2018|153,84|05:18:26|3,897|0|262|4,434|298|75%|0|0|290|950|76|130|0|0|232|1,048|4,461|22|05:19:29|Garmin Edge 820|https://www.strava.com/activities/1655178777
21.06.2018|151,11|03:47:47|1,162|0|243|2,354|182|69%|0|0|398|814|83|128|0|0|172|1,129|2,366|33|03:48:08|Garmin Edge 820|https://www.strava.com/activities/1653041763
20.06.2018|18,9|00:35:58|18|0|96|185|4|27%|0|0|315|400|77|103|0|0|86|522|184|32|00:35:58|Garmin Edge 820|https://www.strava.com/activities/1653038772
20.06.2018|23,23|00:27:22|36|0|0|0|0||0|0|509|580|0|0|174|182|0|0|524|32|00:30:08|Garmin Edge 820|https://www.strava.com/activities/1653038289
20.06.2018|23,54|00:34:26|23|0|0|0|0||0|0|410|547|0|0|140|158|0|0|395|28|00:42:03|Garmin Edge 820|https://www.strava.com/activities/1653038114
19.06.2018|73,37|02:08:38|105|0|0|0|0||200|1,545|342|482|0|0|0|0|0|0|1,332|30|02:46:57|Garmin Edge 820|https://www.strava.com/activities/1653039076
15.06.2018|99,01|02:16:28|648|0|298|2,136|164|85%|0|0|435|774|87|176|0|0|261|1,71|2,139|23|02:16:28|Garmin Edge 820|https://www.strava.com/activities/1640070089
14.06.2018|48,28|01:35:28|36|0|0|0|0||0|0|303|457|77|108|119|152|0|0|952|15|01:38:05|Garmin Edge 820|https://www.strava.com/activities/1640060638
10.06.2018|208,49|04:53:23|2,052|0|277|3,799|306|79%|0|0|426|900|85|214|0|0|216|1,251|3,818|22|04:53:46|Garmin Edge 820|https://www.strava.com/activities/1630372675
08.06.2018|91,07|03:01:10|872|0|0|0|0||0|0|302|670|75|111|125|153|0|0|2,520|24|03:23:28|Garmin Edge 820|https://www.strava.com/activities/1624842522
05.06.2018|65,27|02:31:59|653|0|0|0|0||0|0|258|576|73|103|0|0|0|0|1,619|23|03:23:39|Garmin Edge 820|https://www.strava.com/activities/1618512502
03.06.2018|69,22|01:32:02|218|0|0|0|0||0|0|451|673|0|0|128|168|0|0|2,739|25|01:40:10|Garmin Edge 820|https://www.strava.com/activities/1618511451
02.06.2018|135,86|03:15:12|1,373|0|259|2,368|179|74%|0|0|418|857|82|136|0|0|202|1,202|2,640|30|03:16:23|Garmin Edge 820|https://www.strava.com/activities/1611800772
01.06.2018|190,1|05:05:50|2,931|0|281|4,051|329|80%|0|0|373|900|81|150|0|0|221|1,233|4,517|29|05:07:58|Garmin Edge 820|https://www.strava.com/activities/1609479735
31.07.2018|62,37|01:56:33|438|0|0|0|0||0|0|321|666|76|110|117|162|0|0|1,187|28|02:11:00|Garmin Edge 820|https://www.strava.com/activities/1742723427
22.07.2018|90,81|03:09:04|1,24|0|0|0|0||0|0|288|1195|73|111|130|160|0|0|2,280|11|03:34:35|Garmin Edge 820|https://www.strava.com/activities/1719797712
21.07.2018|83,73|02:45:55|835|0|0|0|0||0|0|303|839|78|129|134|172|0|0|2,053|8|03:05:50|Garmin Edge 820|https://www.strava.com/activities/1717105358
18.07.2018|106,3|04:06:39|2,479|0|0|0|0||0|0|259|878|73|125|140|175|0|0|3,063|23|04:32:05|Garmin Edge 820|https://www.strava.com/activities/1710713664
14.07.2018|133,15|04:18:09|1,893|0|0|0|0||0|0|309|1123|76|120|136|173|0|0|3,045|20|04:56:43|Garmin Edge 820|https://www.strava.com/activities/1701782959
09.07.2018|50,67|01:47:23|151|0|175|1,059|48|50%|0|0|283|540|77|205|0|0|164|518|1,062|20|01:58:07|Garmin Edge 820|https://www.strava.com/activities/1695538773
08.07.2018|53,27|01:50:24|151|0|0|0|0||0|0|290|479|79|125|122|148|0|0|1,142|20|01:54:39|Garmin Edge 820|https://www.strava.com/activities/1695538258
07.07.2018|98,48|03:14:48|256|0|194|2,092|109|55%|0|0|303|576|78|108|0|0|179|1,243|2,092|24|03:42:04|Garmin Edge 820|https://www.strava.com/activities/1695562112
05.07.2018|55,27|01:52:09|123|0|194|1,289|61|55%|0|0|296|464|78|111|0|0|192|424|1,286|20|02:01:01|Garmin Edge 820|https://www.strava.com/activities/1695552929
29.07.2018|91,78|03:01:06|905|0|228|2,195|136|65%|0|0|304|641|74|117|0|0|202|1,308|2,191|29|03:22:32|Garmin Edge 820|https://www.strava.com/activities/1735285776
28.07.2018|170,15|05:52:14|2,461|0|264|4,563|350|75%|0|0|290|770|74|115|0|0|216|1,087|4,537|28|06:38:10|Garmin Edge 820|https://www.strava.com/activities/1733421994
27.07.2018|91,28|03:02:53|940|0|0|0|0||0|0|299|590|78|120|134|167|0|0|2,276|27|03:09:50|Garmin Edge 820|https://www.strava.com/activities/1730953927
26.07.2018|45,68|01:39:57|302|0|0|0|0||0|0|274|612|0|0|110|142|0|0|762|34|02:54:27|Garmin Edge 820|https://www.strava.com/activities/1729022196
24.07.2018|67,27|02:20:48|456|0|0|0|0||0|0|287|1332|72|100|110|139|0|0|1,252|20|02:43:14|Garmin Edge 820|https://www.strava.com/activities/1724169645
23.07.2018|108,19|04:05:35|2,758|0|0|0|0||0|0|264|1386|72|115|137|172|0|0|3,218|15|04:56:41|Garmin Edge 820|https://www.strava.com/activities/1722186772
20.07.2018|44|01:27:50|293|0|171|806|38|49%|0|0|301|1019|75|107|0|0|153|561|827|20|02:13:55|Garmin Edge 820|https://www.strava.com/activities/1715018510
19.07.2018|128,49|05:10:33|3,486|0|243|3,835|262|69%|0|0|248|875|71|125|0|0|206|638|3,831|26|05:50:40|Garmin Edge 820|https://www.strava.com/activities/1713133146
17.07.2018|54,21|02:08:05|633|0|0|0|0||0|0|254|702|72|214|118|141|0|0|1,204|14|02:29:44|Garmin Edge 820|https://www.strava.com/activities/1708169812
16.07.2018|168,9|05:32:09|2,481|0|0|0|0||0|0|305|900|75|120|139|176|0|0|3,828|19|06:01:25|Garmin Edge 820|https://www.strava.com/activities/1706426128
15.07.2018|53,79|01:50:23|675|0|0|0|0||0|0|292|1188|71|155|116|138|0|0|1,022|16|01:55:25|Garmin Edge 820|https://www.strava.com/activities/1703931752
13.07.2018|70,86|02:14:51|453|0|0|0|0||0|0|315|997|78|111|121|150|0|0|1,251|21|02:55:05|Garmin Edge 820|https://www.strava.com/activities/1699499077
12.07.2018|139,5|04:52:18|2,799|0|0|0|0||0|0|286|788|74|117|134|163|0|0|3,558|19|05:13:42|Garmin Edge 820|https://www.strava.com/activities/1697624466
11.07.2018|100|03:16:14|1,281|0|227|2,484|143|65%|0|0|306|799|77|112|0|0|211|556|2,477|24|03:28:24|Garmin Edge 820|https://www.strava.com/activities/1695543388
01.07.2018|162,94|03:45:49|1,191|0|0|0|0||0|0|433|666|90|120|163|179|0|0|4,000|7|03:49:53|Garmin Edge 820|https://www.strava.com/activities/1675697013
01.07.2018|6,57|00:15:38|60|0|0|0|0||0|0|252|536|73|105|126|150|0|0|106|11|00:50:52|Garmin Edge 820|https://www.strava.com/activities/1675696533
30.08.2018|45,28|01:42:32|70|0|0|0|0||0|0|265|407|74|162|114|139|0|0|1,008|17|02:03:21|Garmin Edge 820|https://www.strava.com/activities/1813295404
29.08.2018|10,13|00:24:39|104|0|0|0|0||0|0|247|472|69|146|115|132|0|0|201|20|00:25:39|Garmin Edge 820|https://www.strava.com/activities/1805831213
29.08.2018|71,68|01:47:01|661|0|0|0|0||0|0|402|749|79|149|152|178|0|0|1,550|21|02:06:00|Garmin Edge 820|https://www.strava.com/activities/1805831435
24.08.2018|195,15|04:24:02|1,206|0|0|0|0||0|0|443|839|88|188|161|185|0|0|4,326|17|04:24:02|Garmin Edge 820|https://www.strava.com/activities/1794650927
24.08.2018|7,21|00:15:53|29|0|0|0|0||0|0|273|486|87|112|125|149|0|0|124|21|00:25:25|Garmin Edge 820|https://www.strava.com/activities/1794650375
20.08.2018|38,46|01:20:54|112|0|217|928|53|62%|0|0|285|475|78|231|0|0|191|1,006|923|14|01:22:45|Garmin Edge 820|https://www.strava.com/activities/1786069054
19.08.2018|100,71|02:55:57|172|0|242|2,304|145|69%|0|0|343|544|78|117|0|0|218|1,333|2,303|18|03:04:14|Garmin Edge 820|https://www.strava.com/activities/1786069144
18.08.2018|89,05|02:54:13|251|0|198|1,956|98|57%|0|0|307|554|74|118|0|0|187|1,336|1,957|20|03:02:41|Garmin Edge 820|https://www.strava.com/activities/1780671243
16.08.2018|106,66|03:15:33|161|0|0|0|0||0|0|327|526|78|124|135|164|0|0|2,684|20|03:23:15|Garmin Edge 820|https://www.strava.com/activities/1779690514
15.08.2018|94,36|02:59:41|141|0|215|2,256|118|61%|0|0|315|544|77|117|0|0|209|1,327|2,250|18|03:18:43|Garmin Edge 820|https://www.strava.com/activities/1779690764
14.08.2018|78,52|02:21:21|129|0|236|1,944|111|67%|0|0|333|410|78|104|0|0|229|443|1,943|19|02:28:34|Garmin Edge 820|https://www.strava.com/activities/1779690706
05.08.2018|200,08|04:25:10|705|0|264|3,56|254|75%|0|0|453|702|80|182|0|0|224|1,164|3,576|21|04:36:58|Garmin Edge 820|https://www.strava.com/activities/1752124758
04.08.2018|19,09|00:24:44|51|0|0|0|0||440|653|463|608|0|0|0|0|0|0|448|26|00:27:27|Garmin Edge 820|https://www.strava.com/activities/1751974062
03.08.2018|183,05|04:21:43|901|0|238|2,974|206|68%|0|0|420|706|78|179|0|0|189|1,206|3,005|29|04:40:33|Garmin Edge 820|https://www.strava.com/activities/1747263556
02.08.2018|170,86|04:18:24|1,667|0|264|3,294|244|75%|0|0|397|821|82|167|0|0|212|1,099|3,308|28|04:20:36|Garmin Edge 820|https://www.strava.com/activities/1746339346
02.08.2018|10,2|00:27:30|56|0|107|122|4|31%|0|0|223|414|69|107|0|0|74|522|122|28|00:40:39|Garmin Edge 820|https://www.strava.com/activities/1746336991
01.08.2018|218,17|05:07:22|1,161|0|242|3,572|245|69%|0|0|426|716|85|150|0|0|194|1,226|3,587|24|05:12:47|Garmin Edge 820|https://www.strava.com/activities/1742724149
01.08.2018|8,1|00:24:39|34|0|106|93|4|30%|0|0|197|432|70|126|0|0|63|648|92|28|00:44:52|Garmin Edge 820|https://www.strava.com/activities/1742723367
31.08.2018|48,17|01:43:37|444|0|0|0|0||0|0|279|623|70|164|110|149|0|0|916|17|02:47:07|Garmin Edge 820|https://www.strava.com/activities/1813316996
28.08.2018|65,9|02:25:10|656|0|0|0|0||0|0|272|616|71|182|0|0|0|0|1,237|17|02:41:48|Garmin Edge 820|https://www.strava.com/activities/1805831315
27.08.2018|48,32|01:53:28|472|0|0|0|0||0|0|256|518|67|167|0|0|0|0|918|20|02:26:45|Garmin Edge 820|https://www.strava.com/activities/1802367424
26.08.2018|77,62|01:48:57|167|0|0|0|0||0|0|427|641|79|182|143|174|0|0|1,619|18|01:59:32|Garmin Edge 820|https://www.strava.com/activities/1802367387
25.08.2018|188,58|04:14:00|502|0|0|0|0||0|0|445|641|79|159|144|174|0|0|3,622|16|04:28:28|Garmin Edge 820|https://www.strava.com/activities/1796795769
23.08.2018|41|01:28:13|137|0|0|0|0||0|0|279|493|73|102|0|0|0|0|607|19|02:07:09|Garmin Edge 820|https://www.strava.com/activities/1794650410
22.08.2018|196,87|04:31:43|1,054|0|283|3,807|297|81%|0|0|435|857|84|136|0|0|233|1,3|3,818|25|04:40:00|Garmin Edge 820|https://www.strava.com/activities/1790133201
21.08.2018|154,05|03:38:19|1,084|0|287|3,206|246|82%|0|0|423|749|84|158|0|0|245|1,123|3,213|26|03:44:11|Garmin Edge 820|https://www.strava.com/activities/1788084248
12.08.2018|131,36|03:35:49|282|0|0|0|0||0|0|365|763|79|160|150|176|0|0|3,269|12|03:52:23|Garmin Edge 820|https://www.strava.com/activities/1767844535
11.08.2018|40,08|01:21:56|364|0|208|863|55|59%|0|0|294|562|75|147|0|0|176|599|862|17|01:42:56|Garmin Edge 820|https://www.strava.com/activities/1767842192
10.08.2018|81,97|02:41:17|694|0|231|1,976|122|66%|0|0|305|569|74|105|0|0|204|575|1,969|25|02:50:26|Garmin Edge 820|https://www.strava.com/activities/1762360647
09.08.2018|17,54|00:40:48|120|0|164|340|16|47%|0|0|258|432|71|154|0|0|139|551|340|24|00:58:30|Garmin Edge 820|https://www.strava.com/activities/1761096149
08.08.2018|170,84|05:54:23|2,381|0|262|4,517|349|75%|0|0|289|630|71|115|0|0|212|1,339|4,505|27|06:42:58|Garmin Edge 820|https://www.strava.com/activities/1758469818
07.08.2018|73,82|03:06:14|1,195|0|212|1,904|124|61%|0|0|238|655|67|214|0|0|170|670|1,898|31|03:46:53|Garmin Edge 820|https://www.strava.com/activities/1755796575
30.09.2018|88,19|03:08:58|1,25|0|0|0|0||0|0|280|634|73|104|126|167|0|0|2,175|21|03:20:04|Garmin Edge 820|https://www.strava.com/activities/1875094248
28.09.2018|73,06|02:49:35|1,345|0|0|0|0||0|0|258|666|71|115|130|174|0|0|1,946|28|02:57:58|Garmin Edge 820|https://www.strava.com/activities/1870919024
27.09.2018|57,54|01:47:05|369|0|0|0|0||196|1,261|322|544|0|0|0|0|0|0|1,064|27|01:58:02|Garmin Edge 820|https://www.strava.com/activities/1870590188
26.09.2018|94,31|03:39:09|1,711|0|255|2,552|204|73%|0|0|258|673|69|113|0|0|194|1,267|2,544|19|04:02:01|Garmin Edge 820|https://www.strava.com/activities/1866851353
25.09.2018|103,21|03:28:15|1,14|0|228|2,49|156|65%|0|0|297|576|74|114|0|0|199|1,311|2,486|23|03:48:11|Garmin Edge 820|https://www.strava.com/activities/1864789353
24.09.2018|15,45|00:41:38|157|0|0|0|0||0|0|223|475|0|0|0|0|0|0|505|27|02:35:32|Garmin Edge 820|https://www.strava.com/activities/1864243809
18.09.2018|97,61|03:11:55|230|0|231|2,282|147|66%|0|0|305|515|73|121|0|0|198|1,309|2,277|14|04:07:43|Garmin Edge 820|https://www.strava.com/activities/1851495541
15.09.2018|66,99|02:24:33|723|0|0|0|0||158|1,374|278|569|0|0|0|0|0|0|1,709|15|02:32:16|Garmin Edge 820|https://www.strava.com/activities/1849196091
14.09.2018|85,03|02:52:48|216|0|217|2,007|120|62%|0|0|295|666|77|134|0|0|194|1,371|1,991|15|03:16:11|Garmin Edge 820|https://www.strava.com/activities/1840595081
13.09.2018|99,49|03:16:02|239|0|0|0|0||0|0|305|493|75|120|136|178|0|0|2,393|15|03:18:10|Garmin Edge 820|https://www.strava.com/activities/1840285580
12.09.2018|37,08|01:40:32|94|0|0|0|0||0|0|221|356|0|0|126|152|0|0|947|14|02:47:38|Garmin Edge 820|https://www.strava.com/activities/1840285132
11.09.2018|49,95|01:47:17|82|0|0|0|0||0|0|279|356|0|0|130|148|0|0|1,085|16|02:53:55|Garmin Edge 820|https://www.strava.com/activities/1840284697
06.09.2018|85,26|02:42:03|945|0|0|0|0||0|0|316|616|0|0|137|160|0|0|1,861|26|03:19:08|Garmin Edge 820|https://www.strava.com/activities/1840284693
05.09.2018|36,07|01:54:09|591|0|0|0|0||0|0|190|565|0|0|112|151|0|0|816|22|02:01:57|Garmin Edge 820|https://www.strava.com/activities/1822733341
02.09.2018|7,79|00:17:27|11|0|0|0|0||0|0|268|511|78|153|119|154|0|0|142|23|00:38:54|Garmin Edge 820|https://www.strava.com/activities/1820474126
01.09.2018|66,29|02:21:31|406|0|0|0|0||0|0|281|500|74|182|119|143|0|0|1,447|17|02:37:16|Garmin Edge 820|https://www.strava.com/activities/1813319054
29.09.2018|72,23|02:26:41|618|0|0|0|0||0|0|295|536|71|124|126|153|0|0|1,591|24|02:30:16|Garmin Edge 820|https://www.strava.com/activities/1872725620
23.09.2018|196,09|04:44:25|388|0|282|4,079|312|81%|0|0|414|738|78|174|0|0|239|1,183|4,100|9|04:49:49|Garmin Edge 820|https://www.strava.com/activities/1862374605
22.09.2018|82,91|02:19:10|323|0|245|1,651|116|70%|0|0|357|680|76|162|0|0|198|1,13|1,656|11|02:34:09|Garmin Edge 820|https://www.strava.com/activities/1862373205
20.09.2018|112,81|04:00:19|1,59|0|232|2,636|185|66%|0|0|282|612|70|114|0|0|183|1,31|2,628|28|04:51:46|Garmin Edge 820|https://www.strava.com/activities/1854194487
19.09.2018|155,35|05:16:04|1,978|0|249|3,685|282|71%|0|0|295|623|72|125|0|0|194|1,359|3,677|24|05:45:37|Garmin Edge 820|https://www.strava.com/activities/1852205702
16.09.2018|86,57|02:40:53|804|0|0|0|0||204|1,966|323|673|0|0|0|0|0|0|2,445|11|02:52:51|Garmin Edge 820|https://www.strava.com/activities/1849196185
02.09.2018|102,3|02:50:14|193|0|0|0|0||0|0|361|716|80|182|143|182|0|0|2,141|22|02:56:01|Garmin Edge 820|https://www.strava.com/activities/1820475604
19.10.2018|30,66|01:43:58|374|0|0|0|0||90|561|177|421|0|0|0|0|0|0|986|19|04:10:14|Garmin Edge 820|https://www.strava.com/activities/1914400022
17.10.2018|27,83|01:40:46|714|0|0|0|0||117|707|166|529|0|0|0|0|0|0|1,171|15|02:20:16|Garmin Edge 820|https://www.strava.com/activities/1913964331
14.10.2018|13,13|00:22:14|98|0|321|318|31|92%|0|0|354|788|84|136|0|0|239|1,108|313|26|00:27:53|Garmin Edge 820|https://www.strava.com/activities/1903551726
14.10.2018|10,51|00:22:31|88|0|219|260|20|63%|0|0|280|594|81|122|0|0|192|1,24|260|25|00:37:36|Garmin Edge 820|https://www.strava.com/activities/1903551620
10.10.2018|25,69|01:39:29|519|0|0|0|0||101|602|155|428|0|0|0|0|0|0|972|16|02:05:04|Garmin Edge 820|https://www.strava.com/activities/1903549049
09.10.2018|39,59|01:27:08|282|0|0|0|0||0|0|273|497|0|0|119|143|0|0|768|26|01:30:39|Garmin Edge 820|https://www.strava.com/activities/1903548978
06.10.2018|9,61|00:21:41|51|0|0|0|0||133|173|266|421|0|0|0|0|0|0|247|16|00:22:31|Garmin Edge 820|https://www.strava.com/activities/1893460585
02.10.2018|0|00:00:00|0|0|0|0|0||0|0|8|18|61|66|88|97|0|0|1|13|00:00:10|Garmin Edge 820|https://www.strava.com/activities/1883108935
13.10.2018|41,62|01:51:34|677|0|202|917|65|58%|0|0|224|673|69|188|0|0|137|577|1,071|26|02:17:57|Garmin Edge 820|https://www.strava.com/activities/1903551914
07.10.2018|83,64|02:01:04|497|0|0|0|0||378|2,744|415|684|0|0|0|0|0|0|2,711|21|02:26:29|Garmin Edge 820|https://www.strava.com/activities/1893460898
06.10.2018|70,82|01:58:20|1,154|0|0|0|0||358|2,545|359|720|0|0|0|0|0|0|1,778|14|02:02:45|Garmin Edge 820|https://www.strava.com/activities/1893460837
05.10.2018|54,04|01:38:57|62|0|0|0|0||179|1,063|328|436|0|0|0|0|0|0|916|18|01:41:40|Garmin Edge 820|https://www.strava.com/activities/1893460561
03.10.2018|172,36|04:15:37|747|0|243|2,928|208|69%|0|0|405|770|77|189|0|0|191|1,092|2,944|12|04:23:43|Garmin Edge 820|https://www.strava.com/activities/1883109249
01.10.2018|60,71|02:11:00|465|0|182|1,26|63|52%|0|0|278|533|70|95|0|0|160|650|1,259|20|02:22:44|Garmin Edge 820|https://www.strava.com/activities/1877324788
28.11.2018|50,77|01:46:15|429|0|0|0|0||0|0|287|569|0|0|133|163|0|0|1,179|13|01:48:10|Garmin Edge 820|https://www.strava.com/activities/1990676979
26.11.2018|48,34|02:02:42|101|0|0|0|0||0|0|236|349|0|0|0|0|0|0|1,311|0|02:19:46|Garmin Edge 820|https://www.strava.com/activities/1989309812
22.11.2018|30,36|01:09:42|40|0|0|0|0||0|0|261|338|0|0|138|150|0|0|895|1|01:10:37|Garmin Edge 820|https://www.strava.com/activities/1989309377
19.11.2018|72,75|02:59:39|209|0|0|0|0||91|984|243|457|0|0|0|0|0|0|2,105|0|03:23:43|Garmin Edge 820|https://www.strava.com/activities/1989308929
07.11.2018|20,33|00:59:27|93|0|0|0|0||85|303|205|374|0|0|0|0|0|0|337||01:04:28||https://www.strava.com/activities/1950990801
30.11.2018|86,31|02:58:53|485|0|229|2,157|131|65%|0|0|290|673|78|107|0|0|201|621|2,158|7|03:08:17|Garmin Edge 820|https://www.strava.com/activities/1992610342
29.11.2018|76,58|02:46:24|771|0|199|1,812|94|57%|0|0|276|551|79|115|0|0|181|632|1,812|11|02:54:48|Garmin Edge 820|https://www.strava.com/activities/1991130516
23.11.2018|78,98|03:01:55|145|0|0|0|0||102|1,113|261|378|0|0|0|0|0|0|2,032|0|03:19:42|Garmin Edge 820|https://www.strava.com/activities/1989309703
21.11.2018|87,33|03:14:02|119|0|0|0|0||104|1,208|270|335|0|0|0|0|0|0|2,262|0|03:21:56|Garmin Edge 820|https://www.strava.com/activities/1989309348
18.11.2018|101,36|03:49:15|647|0|0|0|0||0|0|265|587|0|0|0|0|0|0|3,400|1|04:03:34|Garmin Edge 820|https://www.strava.com/activities/1989308839
15.11.2018|79,82|03:04:07|281|0|0|0|0||101|1,113|260|490|0|0|0|0|0|0|2,385|3|03:52:36|Garmin Edge 820|https://www.strava.com/activities/1989308764
17.12.2018|9,78|00:22:34|51|0|170|202|8|49%|0|0|260|536|78|102|0|0|149|368|200|7|00:22:34|Garmin Edge 820|https://www.strava.com/activities/2021850190
11.12.2018|139,07|04:54:51|1,724|0|221|2,789|213|63%|0|0|283|706|73|136|0|0|158|1,339|2,826|14|05:53:40|Garmin Edge 820|https://www.strava.com/activities/2011841294
09.12.2018|47,52|01:43:44|443|0|0|0|0||0|0|275|536|73|113|116|140|0|0|950|16|02:23:48|Garmin Edge 820|https://www.strava.com/activities/2010075220
08.12.2018|141,8|04:44:59|1,851|0|0|0|0||0|0|299|644|76|120|136|164|0|0|3,045|15|04:59:45|Garmin Edge 820|https://www.strava.com/activities/2006588669
07.12.2018|52,88|01:55:07|641|0|0|0|0||0|0|276|558|80|113|127|154|0|0|1,144|17|02:15:50|Garmin Edge 820|https://www.strava.com/activities/2004893838
06.12.2018|113,58|03:33:37|1,113|0|210|2,119|132|60%|0|0|319|670|78|129|0|0|165|1,349|2,155|17|04:00:02|Garmin Edge 820|https://www.strava.com/activities/2003294007
05.12.2018|131,35|04:14:22|1,288|0|207|2,602|151|59%|0|0|310|652|76|118|0|0|171|1,896|2,633|18|04:41:26|Garmin Edge 820|https://www.strava.com/activities/2001543459
29.12.2018|85,51|03:04:49|69|0|0|0|0||152|1,682|278|356|0|0|0|0|0|0|1,850|0|03:22:06|Garmin Edge 820|https://www.strava.com/activities/2043040396
28.12.2018|83,97|03:07:11|105|0|28|6|0|8%|0|0|269|335|27|67|0|0|1|278|2,192|0|03:31:23|Garmin Edge 820|https://www.strava.com/activities/2043040109
18.12.2018|119,04|04:16:49|1,734|0|232|2,913|192|66%|0|0|278|630|74|115|0|0|189|642|2,905|10|04:25:40|Garmin Edge 820|https://www.strava.com/activities/2023324805
17.12.2018|141,08|05:08:42|2,155|0|247|3,93|272|71%|0|0|274|706|75|125|0|0|212|1,302|3,923|8|05:45:01|Garmin Edge 820|https://www.strava.com/activities/2021850554
15.12.2018|172,36|06:03:22|2,321|0|223|4,21|256|64%|0|0|285|734|76|127|0|0|193|1,359|4,200|6|06:30:47|Garmin Edge 820|https://www.strava.com/activities/2018460638
14.12.2018|112,28|04:09:05|1,664|0|243|3,082|214|69%|0|0|270|641|74|135|0|0|206|1,309|3,075|6|04:34:11|Garmin Edge 820|https://www.strava.com/activities/2016737533
12.12.2018|191,57|06:33:12|3,165|0|0|0|0||0|0|292|878|74|121|133|156|0|0|4,398|15|07:17:43|Garmin Edge 820|https://www.strava.com/activities/2013728445
10.12.2018|164,32|04:45:59|1,321|0|0|0|0||0|0|345|731|81|135|140|180|0|0|3,173|15|05:09:12|Garmin Edge 820|https://www.strava.com/activities/2010075687
02.12.2018|100,55|03:31:12|1,12|0|206|2,223|126|59%|0|0|286|626|75|115|0|0|175|599|2,223|11|04:41:37|Garmin Edge 820|https://www.strava.com/activities/1996310648
01.12.2018|134,89|05:04:28|2,112|0|0|0|0||0|0|266|637|75|122|141|177|0|0|3,380|8|05:23:09|Garmin Edge 820|https://www.strava.com/activities/1994549934
loaded urls in 7.14:16:40.2268059
