date|distance|mov_time|elevation|relativeEffort|avg_power_weig|work_total|training_load|intensity|estAvgPower|energyOutput|avg_speed|max_speed|avg_cadence|max_cadence|avg_heartRate|max_heartRate|avg_power|max_power|avg_calories|avg_temperature|avg_elap_time|bicycle_model|url
1/31/2018|93.8|03:15:32|1194|0|252|2478|0||0|0|28.8|56.5|80|144|123|175|211|935|2,763|9|03:51:59|Garmin Edge 520|https://www.strava.com/activities/1384598188
1/30/2018|138.63|04:05:08|1546|0|280|3627|0||0|0|33.9|72|80|115|137|170|247|666|4,044|10|05:19:03|Garmin Edge 520|https://www.strava.com/activities/1383034634
1/29/2018|35.45|01:27:20|411|0|178|815|0||0|0|24.4|65.9|79|107|95|136|155|454|908|14|01:48:02|Garmin Edge 520|https://www.strava.com/activities/1381480687
1/28/2018|220.76|07:12:25|2500|0|231|5582|0||0|0|30.6|66.6|82|110|129|161|215|639|6,224|5|08:11:00|Garmin Edge 520|https://www.strava.com/activities/1380436250
1/27/2018|118.13|04:16:07|1934|0|243|3233|0||0|0|27.7|107.3|77|113|125|162|210|911|3,605|4|04:38:13|Garmin Edge 520|https://www.strava.com/activities/1377998887
1/26/2018|9|01:53:32|0|0|0|0|0||0|0|0|0|0|0|0|0|0|0|||00:00:00|Garmin fēnix 5|https://www.strava.com/activities/1376143119
1/25/2018|162.24|05:52:09|2903|0|247|4866|0||0|0|27.6|63.4|81|111|134|160|230|479|5,426|6|06:16:34|Garmin Edge 520|https://www.strava.com/activities/1374882192
1/24/2018|103.67|03:42:48|1743|0|272|3148|0||0|0|27.9|60.1|79|104|129|164|235|594|3,510|12|04:14:32|Garmin Edge 510|https://www.strava.com/activities/1372998715
1/23/2018|43.45|01:33:49|305|0|181|906|0||0|0|27.8|51.1|78|99|101|136|161|518|1,010|18|01:38:07|Garmin fēnix 5|https://www.strava.com/activities/1371396427
1/22/2018|144.89|05:13:48|2510|0|257|4188|0||0|0|27.7|65.9|80|111|133|171|222|542|4,669|10|06:25:47|Garmin Edge 510|https://www.strava.com/activities/1369834988
1/21/2018|130.12|03:50:28|1474|0|264|3192|0||0|0|33.9|72.4|84|109|135|169|231|710|3,559|21|04:21:31|Garmin fēnix 5|https://www.strava.com/activities/1368315609
1/20/2018|178.89|06:15:15|2882|0|249|5133|0||0|0|28.6|59.8|79|108|132|166|228|541|5,724|6|07:11:31|Garmin Edge 510|https://www.strava.com/activities/1366386130
1/19/2018|56.03|02:07:47|599|0|198|1370|0||0|0|26.3|60.1|77|109|112|148|179|588|1,527|11|03:13:44|Garmin Edge 510|https://www.strava.com/activities/1364748828
1/18/2018|166.96|06:11:00|3039|0|249|4728|0||0|0|27|65.2|77|111|134|172|212|514|5,272|7|07:05:26|Garmin Edge 510|https://www.strava.com/activities/1363236137
1/17/2018|112.11|03:22:34|1373|0|260|2725|0||0|0|33.2|74.9|76|113|133|181|224|845|3,038|16|04:00:31|Garmin fēnix 5|https://www.strava.com/activities/1361608306
1/16/2018|143.9|05:12:47|2476|0|268|4413|0||0|0|27.6|63.7|78|112|135|168|235|1070|4,920|10|05:52:47|Garmin Edge 510|https://www.strava.com/activities/1360166411
1/15/2018|54.64|01:52:56|555|0|241|1521|0||0|0|29|99.4|82|118|119|153|225|701|1,696|10|01:53:44|Garmin Edge 510|https://www.strava.com/activities/1360165983
1/14/2018|78.22|02:35:46|1129|0|250|1899|0||0|0|30.1|65.2|74|141|123|163|203|885|2,118|13|02:36:42|Garmin fēnix 5|https://www.strava.com/activities/1356874294
1/13/2018|150.72|05:06:26|1963|0|234|3667|0||0|0|29.5|68.8|79|111|131|161|199|650|4,089|7|05:58:55|Garmin Edge 510|https://www.strava.com/activities/1355052030
1/12/2018|141.77|05:06:05|2476|0|238|3833|0||0|0|27.8|62.6|76|106|133|165|209|507|4,274|9|05:49:42|Garmin Edge 510|https://www.strava.com/activities/1353377502
1/11/2018|117.65|04:06:26|1698|0|236|3200|0||0|0|28.6|64.8|81|107|140|165|216|746|3,568|8|04:36:37|Garmin Edge 510|https://www.strava.com/activities/1351763719
1/10/2018|42.97|01:43:18|354|0|153|1068|0||0|0|25|52.6|81|100|106|141|172|445|1,190|11|02:45:09|Garmin Edge 510|https://www.strava.com/activities/1350043621
1/9/2018|105.98|03:41:14|1587|0|242|2954|0||0|0|28.7|62.3|81|102|136|160|223|519|3,294|7|04:02:28|Garmin Edge 510|https://www.strava.com/activities/1348365913
1/8/2018|85.48|03:09:58|1219|0|230|2148|0||0|0|27|63|80|105|128|155|188|558|2,395|6|03:19:53|Garmin Edge 510|https://www.strava.com/activities/1346805946
1/7/2018|32.17|01:02:00|335|0|216|708|0||0|0|31.1|64.1|79|101|123|175|190|579|790||01:10:32|Zwift|https://www.strava.com/activities/1345183707
1/6/2018|43.92|01:40:12|374|0|157|792|0||0|0|26.3|53.6|74|97|100|130|132|419|883|14|01:48:56|Garmin fēnix 5|https://www.strava.com/activities/1343345035
2/28/2018|8.55|00:15:15|42|0|193|169|0||0|0|33.6|49.3|93|102|115|139|185|292|189||00:15:15|Zwift|https://www.strava.com/activities/1429782392
2/28/2018|37.41|01:03:32|98|0|283|878|0||0|0|35.3|55.4|93|106|0|64|230|553|979||01:06:40|Zwift|https://www.strava.com/activities/1429760014
2/27/2018|8.97|01:42:18|0|0|0|0|0||0|0|0|0|0|0|0|0|0|0|||00:00:00|Garmin fēnix 5|https://www.strava.com/activities/1428544785
2/26/2018|129.49|05:05:31|3973|0|286|4456|0||0|0|25.4|70.9|78|129|140|180|243|925|4,969|11|05:24:37|Garmin Edge 520|https://www.strava.com/activities/1427040505
2/23/2018|118.53|04:40:51|3799|0|293|4114|0||0|0|25.3|72.4|77|120|139|175|244|586|4,587|8|04:58:12|Garmin Edge 520|https://www.strava.com/activities/1421935309
2/22/2018|125.05|05:05:54|4362|0|275|4359|0||0|0|24.5|73.4|75|120|145|180|237|778|4,860|6|05:15:23|Garmin Edge 1030|https://www.strava.com/activities/1420432989
2/21/2018|2.81|00:31:26|0|0|0|0|0||0|0|0|0|0|0|0|0|0|0|||00:00:00|Garmin fēnix 5|https://www.strava.com/activities/1418785051
2/21/2018|2.9|00:35:48|0|0|0|0|0||0|0|0|0|0|0|0|0|0|0|||00:00:00|Garmin fēnix 5|https://www.strava.com/activities/1418632932
2/20/2018|115.63|04:53:15|4016|0|283|4661|0||0|0|23.7|76|81|123|142|171|265|707|5,197|11|05:02:02|Garmin Edge 1030|https://www.strava.com/activities/1417819335
2/19/2018|155.72|05:38:13|4327|0|280|4932|0||0|0|27.6|71.3|81|126|141|181|243|844|5,499|6|05:52:54|Garmin Edge 1030|https://www.strava.com/activities/1415594953
2/18/2018|91.39|03:56:06|3520|0|289|3425|0||0|0|23.2|67|70|114|140|195|242|616|3,819|8|04:06:12|Garmin Edge 1030|https://www.strava.com/activities/1413820125
2/17/2018|100.02|03:54:08|2751|0|260|2961|0||0|0|25.6|108|77|119|126|177|211|651|3,302|12|04:19:01|Garmin Edge 1030|https://www.strava.com/activities/1411932849
2/16/2018|6.24|01:28:01|0|0|0|0|0||0|0|0|0|0|0|0|0|0|0|||00:00:00|Garmin fēnix 5|https://www.strava.com/activities/1410010084
2/15/2018|155.14|05:52:56|4024|0|266|5119|0||0|0|26.4|68.4|79|112|131|172|242|523|5,707|15|05:57:24|Garmin Edge 520|https://www.strava.com/activities/1408990975
2/14/2018|176.95|05:54:44|3050|0|234|3203|0||0|0|29.9|76.7|63|121|129|175|150|595|3,572|10|06:27:05|Garmin Edge 520|https://www.strava.com/activities/1407160996
2/13/2018|184.16|05:37:55|2739|0|228|2999|0||0|0|32.7|74.5|69|121|131|176|148|683|3,344|8|06:06:19|Garmin Edge 520|https://www.strava.com/activities/1405549925
2/11/2018|157.63|05:40:29|3873|0|269|4625|0||0|0|27.8|75.2|75|131|135|169|226|905|5,157|10|05:48:25|Garmin Edge 520|https://www.strava.com/activities/1402736302
2/7/2018|30.65|01:20:44|440|0|213|888|0||0|0|22.8|54.7|70|108|0|0|183|890|990|2|02:00:54|Garmin Edge 520|https://www.strava.com/activities/1396296059
2/7/2018|99.62|03:17:45|1269|0|269|2707|0||0|0|30.2|61.2|82|111|132|171|228|718|3,019|5|03:22:48|Garmin Edge 520|https://www.strava.com/activities/1396016980
2/6/2018|133.25|04:36:00|1877|0|256|3802|0||0|0|29|62.3|80|109|133|167|230|697|4,239|6|04:48:21|Garmin Edge 520|https://www.strava.com/activities/1394429118
2/4/2018|28.17|01:04:55|261|0|182|647|0||0|0|26|50|83|134|105|139|166|516|721|5|01:11:17|Garmin Edge 520|https://www.strava.com/activities/1394428778
2/3/2018|170.86|05:32:10|2268|0|262|4746|0||0|0|30.9|66.6|80|117|134|167|238|736|5,292|8|06:11:54|Garmin Edge 520|https://www.strava.com/activities/1389748738
2/2/2018|109.06|03:19:14|1316|0|282|2975|0||0|0|32.8|71.3|77|110|135|172|249|607|3,317|6|03:38:52|Garmin Edge 520|https://www.strava.com/activities/1387841438
3/31/2018|191.57|05:10:20|2887|0|314|5261|0||0|0|37|83.5|84|169|149|184|283|985|5,866|9|05:27:07|Garmin Edge 520|https://www.strava.com/activities/1482135507
3/30/2018|44.09|01:29:58|526|0|217|1050|0||0|0|29.4|63.4|81|132|120|157|195|483|1,171|12|01:30:47|Garmin Edge 520|https://www.strava.com/activities/1480020375
3/29/2018|56.95|02:21:07|1527|0|232|1738|0||0|0|24.2|62.3|75|108|120|157|205|637|1,937|12|02:46:14|Garmin Edge 1030|https://www.strava.com/activities/1478063213
3/29/2018|33.29|01:15:01|133|0|280|1112|0||0|0|26.6|49|96|128|138|177|247|553|1,240||01:18:50|Zwift|https://www.strava.com/activities/1477634930
3/28/2018|59.69|02:24:11|2547|0|259|1833|0||0|0|24.8|68.4|75|108|135|175|212|475|2,044|15|02:32:23|Garmin Edge 1030|https://www.strava.com/activities/1476483625
3/28/2018|15.68|00:25:42|56|0|221|291|0||0|0|36.6|61.6|93|131|122|170|189|719|325||00:25:58|Zwift|https://www.strava.com/activities/1475936324
3/28/2018|24.97|00:54:27|559|0|213|655|0||0|0|27.5|81.7|99|169|124|157|200|616|730||00:56:06|Zwift|https://www.strava.com/activities/1475911447
3/27/2018|36.78|01:03:04|128|0|211|676|0||0|0|35|63.7|95|122|117|172|179|816|754||01:03:04|Zwift|https://www.strava.com/activities/1474252801
3/27/2018|13.68|00:25:20|142|0|230|333|0||0|0|32.4|56.9|91|106|121|153|219|369|371||00:25:20|Zwift|https://www.strava.com/activities/1474194369
3/25/2018|157.31|03:44:26|2011|0|328|3790|0||0|0|42.1|78.8|85|200|149|184|281|1026|4,226|8|03:45:20|Garmin Edge 520|https://www.strava.com/activities/1470955193
3/24/2018|117.09|02:40:51|386|0|305|2480|0||0|0|43.7|87.1|84|144|142|179|257|919|2,765|2|02:40:51|Garmin Edge 520|https://www.strava.com/activities/1469301325
3/23/2018|217.84|05:27:50|3091|0|269|4205|0||0|0|39.9|88.2|82|200|132|177|214|979|4,689|11|05:45:34|Garmin Edge 520|https://www.strava.com/activities/1467512626
3/22/2018|170.11|04:53:35|3568|0|295|4384|0||0|0|34.8|79.6|81|168|142|178|249|1005|4,888|7|05:02:36|Garmin Edge 520|https://www.strava.com/activities/1465867676
3/21/2018|162.93|04:42:36|2772|0|284|3835|0||0|0|34.6|76.3|82|157|134|186|226|954|4,276|8|04:48:34|Garmin Edge 520|https://www.strava.com/activities/1464343118
3/20/2018|183.63|05:00:00|2293|0|241|3438|0||0|0|36.7|80.3|82|165|121|186|191|999|3,834|10|05:02:15|Garmin Edge 520|https://www.strava.com/activities/1462623392
3/19/2018|158.6|03:55:48|1614|0|274|3170|0||0|0|40.4|73.1|83|189|131|183|224|1044|3,534|12|04:04:10|Garmin Edge 520|https://www.strava.com/activities/1461008838
3/18/2018|49.56|01:43:51|434|0|195|1128|0||0|0|28.6|49.7|81|103|107|142|181|560|1,258|12|01:48:17|Garmin Edge 1030|https://www.strava.com/activities/1458942066
3/17/2018|76.06|02:12:04|542|0|287|1888|0||0|0|34.6|62.6|85|119|0|0|238|595|2,105|11|02:14:27|Garmin Edge 520|https://www.strava.com/activities/1457499525
3/16/2018|10.54|00:30:12|199|0|224|321|0||0|0|20.9|49.3|67|115|108|162|177|877|358|12|00:57:00|Garmin Edge 1030|https://www.strava.com/activities/1455514164
3/15/2018|116.9|03:52:27|1726|0|272|3020|0||0|0|30.2|68.8|80|110|126|176|217|721|3,367|15|04:09:49|Garmin Edge 1030|https://www.strava.com/activities/1454308133
3/13/2018|3|00:40:02|0|0|0|0|0||0|0|0|0|0|0|0|0|0|0|||00:00:00|Garmin fēnix 5|https://www.strava.com/activities/1451023989
3/13/2018|32.52|01:19:20|252|0|0|0|0||117|558|24.6|61.6|0|0|98|131|0|0|622|15|01:39:38|Garmin Edge 1030|https://www.strava.com/activities/1450880224
3/12/2018|209.78|06:35:05|3223|0|245|5077|0||0|0|31.9|79.9|83|123|125|167|214|802|5,661|11|06:52:12|Garmin Edge 1030|https://www.strava.com/activities/1449415574
3/11/2018|151.93|05:11:46|2787|0|279|4277|0||0|0|29.2|65.2|79|115|130|171|229|605|4,769|15|05:45:39|Garmin Edge 1030|https://www.strava.com/activities/1447832880
3/10/2018|110.13|03:54:50|2179|0|268|3049|0||0|0|28.1|67.7|79|111|132|173|216|805|3,400|20|04:02:04|Garmin Edge 1030|https://www.strava.com/activities/1445826712
3/10/2018|42.27|01:08:48|445|0|302|1144|0||0|0|36.9|85.3|84|115|143|170|277|390|1,275||01:08:48|Zwift|https://www.strava.com/activities/1445129854
3/9/2018|3.78|00:46:57|0|0|0|0|0||0|0|0|0|0|0|0|0|0|0|||00:00:00|Garmin fēnix 5|https://www.strava.com/activities/1444338778
3/9/2018|52.96|01:43:17|427|0|0|0|0||204|1264|30.8|62.6|0|0|109|130|0|0|1,410|12|01:54:49|Garmin Edge 520|https://www.strava.com/activities/1443958211
3/8/2018|145.1|05:01:28|2473|0|269|3924|0||0|0|28.9|86|80|113|129|176|217|556|4,375|10|05:28:11|Garmin Edge 1030|https://www.strava.com/activities/1442405681
3/8/2018|3.1|00:36:16|0|0|0|0|0||0|0|0|0|0|0|0|0|0|0|||00:00:00|Garmin fēnix 5|https://www.strava.com/activities/1441957965
3/7/2018|114.99|04:00:52|2118|0|265|3191|0||0|0|28.6|66.6|74|106|125|234|221|630|3,558|11|04:04:08|Garmin Edge 520|https://www.strava.com/activities/1440821538
3/6/2018|6|01:16:58|0|0|0|0|0||0|0|0|0|0|0|0|0|0|0|||00:00:00|Garmin fēnix 5|https://www.strava.com/activities/1439362767
3/6/2018|64.23|02:07:24|567|0|214|1521|0||0|0|30.2|58|84|116|114|142|199|509|1,696|14|02:10:50|Garmin Edge 520|https://www.strava.com/activities/1438962040
3/5/2018|3.88|00:45:38|0|0|0|0|0||0|0|0|0|0|0|0|0|0|0|||00:00:00|Garmin fēnix 5|https://www.strava.com/activities/1438207518
3/5/2018|4.98|00:57:13|0|0|0|0|0||0|0|0|0|0|0|0|0|0|0|||00:00:00|Garmin fēnix 5|https://www.strava.com/activities/1437442661
3/4/2018|200.92|04:47:19|2066|0|303|4460|0||0|0|42|88.9|88|136|143|183|259|1010|4,973|8|04:49:20|Garmin Edge 520|https://www.strava.com/activities/1435954963
3/3/2018|106.72|02:58:17|247|0|269|1411|0||0|0|35.9|87.5|86|142|150|185|132|983|1,573|3|02:58:17|Garmin Edge 520|https://www.strava.com/activities/1434068247
3/1/2018|65.08|02:17:02|772|0|237|1733|0||0|0|28.5|58.3|81|106|118|155|211|624|1,933|7|02:29:09|Garmin Edge 520|https://www.strava.com/activities/1431174709
4/30/2018|46.65|02:06:29|1600|0|247|1613|0||0|0|22.1|70.6|74|115|125|158|213|590|1,799|6|02:23:01|Garmin Edge 1030|https://www.strava.com/activities/1540975562
4/29/2018|46.19|01:05:44|256|0|292|1036|0||0|0|42.2|60.1|98|129|144|177|263|678|1,155||01:05:44|Zwift|https://www.strava.com/activities/1539505440
4/29/2018|34.12|01:00:19|695|0|286|964|0||0|0|33.9|88.6|95|127|143|176|266|570|1,075||01:00:19|Zwift|https://www.strava.com/activities/1538549661
4/29/2018|5.91|00:12:16|74|0|180|123|0||0|0|28.9|65.2|84|98|118|138|168|289|137||00:12:16|Zwift|https://www.strava.com/activities/1538358756
4/28/2018|139.5|05:36:22|4058|0|264|4473|0||0|0|24.9|70.9|74|133|130|177|222|641|4,987|10|06:04:43|Garmin Edge 1030|https://www.strava.com/activities/1536784341
4/27/2018|31.87|01:17:16|643|0|186|803|0||0|0|24.8|69.5|81|117|108|137|173|407|895|11|01:18:53|Garmin Edge 1030|https://www.strava.com/activities/1536781865
4/26/2018|144.78|06:00:21|4152|0|263|4606|0||0|0|24.1|69.8|71|124|128|181|213|707|5,135|19|06:34:19|Garmin Edge 1030|https://www.strava.com/activities/1532944284
4/25/2018|104.77|04:13:27|2955|0|255|3341|0||0|0|24.8|81.4|75|133|128|162|220|577|3,725|20|04:54:57|Garmin Edge 1030|https://www.strava.com/activities/1530985809
4/24/2018|76.66|03:03:02|1805|0|234|2180|0||0|0|25.1|63.4|78|112|0|0|199|605|2,431|16|03:24:54|Garmin Edge 1030|https://www.strava.com/activities/1528611549
4/23/2018|29.82|01:12:14|575|0|193|757|0||0|0|24.8|62.6|78|116|0|0|175|356|844|14|01:12:57|Garmin Edge 1030|https://www.strava.com/activities/1528610567
4/22/2018|263.99|06:44:20|3953|0|298|5788|0||0|0|39.2|86.4|85|138|142|191|239|1077|6,454|23|06:44:35|Garmin Edge 520|https://www.strava.com/activities/1525978806
4/21/2018|50.42|01:56:08|736|0|210|1212|0||0|0|26.1|55.4|78|144|113|160|174|547|1,351|20|03:11:55|Garmin Edge 1030|https://www.strava.com/activities/1521920449
4/20/2018|91.74|03:11:56|1765|0|260|2317|0||0|0|28.7|68.4|81|129|119|180|201|688|2,583|24|03:17:03|Garmin Edge 1030|https://www.strava.com/activities/1520003018
4/19/2018|47.01|01:54:07|682|0|173|995|0||0|0|24.7|56.9|79|108|103|139|145|468|1,110|26|02:49:24|Garmin Edge 1030|https://www.strava.com/activities/1519743714
4/18/2018|203.43|05:14:47|3132|0|302|4540|0||0|0|38.8|88.9|86|129|143|186|240|1046|5,063|23|05:21:24|Garmin Edge 520|https://www.strava.com/activities/1516003393
4/16/2018|58.8|02:31:51|1529|0|229|1805|0||0|0|23.2|66.6|75|107|124|153|198|629|2,012|8|03:40:52|Garmin Edge 1030|https://www.strava.com/activities/1511933356
4/16/2018|25.96|00:58:43|91|0|289|936|0||0|0|26.5|36.7|92|131|141|172|266|623|1,044||01:03:01|Zwift|https://www.strava.com/activities/1511596353
4/16/2018|3.24|00:06:34|7|0|151|52|0||0|0|29.7|41|75|100|100|127|131|252|58||00:06:34|Zwift|https://www.strava.com/activities/1511533598
4/15/2018|138.92|04:54:14|2590|0|256|3938|0||0|0|28.3|67.3|80|167|129|176|223|638|4,391|12|05:35:32|Garmin Edge 1030|https://www.strava.com/activities/1510078220
4/14/2018|57.56|02:32:07|1644|0|220|1775|0||0|0|22.7|114.1|72|105|122|152|194|381|1,979|5|02:48:07|Garmin Edge 1030|https://www.strava.com/activities/1508577358
4/14/2018|46.9|01:10:50|262|0|307|1173|0||0|0|39.7|58.7|92|119|145|177|276|526|1,308||01:10:50|Zwift|https://www.strava.com/activities/1507338542
4/13/2018|37.56|01:08:20|763|0|265|994|0||0|0|33|88.9|99|139|138|170|242|620|1,108||01:08:20|Zwift|https://www.strava.com/activities/1505546871
4/11/2018|207.82|05:11:14|2123|0|297|4437|0||0|0|40.1|79.2|85|122|138|188|238|992|4,947|11|05:13:41|Garmin Edge 520|https://www.strava.com/activities/1502437284
4/10/2018|47.29|01:39:57|406|0|200|1026|0||0|0|28.4|57.2|80|135|111|166|171|812|1,144|15|01:44:31|Garmin Edge 520|https://www.strava.com/activities/1500613138
4/9/2018|27.64|01:04:07|556|0|201|744|0||0|0|25.9|78.8|94|117|104|131|193|437|830||01:04:07|Zwift|https://www.strava.com/activities/1498180515
4/8/2018|36.5|01:01:22|108|0|191|680|0||0|0|35.7|51.8|99|128|120|142|185|475|758||01:05:26|Zwift|https://www.strava.com/activities/1496721689
4/7/2018|135.43|04:04:44|878|0|315|3821|0||0|0|33.2|103.7|79|200|139|178|260|844|4,260|8|04:13:01|Garmin Edge 520|https://www.strava.com/activities/1494736594
4/6/2018|168.02|04:11:06|2191|0|294|3505|0||0|0|40.2|92.9|84|176|137|184|233|1095|3,908|20|04:16:34|Garmin Edge 520|https://www.strava.com/activities/1492799633
4/5/2018|20.49|00:30:26|82|0|356|582|0||0|0|40.4|71.6|89|110|160|180|319|856|649|17|00:35:02|Garmin Edge 520|https://www.strava.com/activities/1490859902
4/5/2018|28.73|00:53:47|81|0|0|0|0||222|715|32.1|61.9|0|0|117|165|0|0|798|14|00:58:14|Garmin Edge 520|https://www.strava.com/activities/1490518091
4/4/2018|188.97|05:02:26|2732|0|258|3758|0||0|0|37.5|82.4|84|174|132|178|207|965|4,191|16|05:02:26|Garmin Edge 520|https://www.strava.com/activities/1489143691
4/3/2018|168.27|04:21:45|2622|0|283|3593|0||0|0|38.6|84.6|84|200|144|187|229|973|4,006|16|04:27:47|Garmin Edge 520|https://www.strava.com/activities/1487317360
4/2/2018|163.23|04:28:56|2569|0|285|3552|0||0|0|36.4|83.9|84|200|142|193|220|1028|3,961|20|04:29:24|Garmin Edge 520|https://www.strava.com/activities/1485667109
4/1/2018|44.61|01:44:55|754|0|223|1041|0||0|0|25.5|62.3|79|200|107|170|165|729|1,161|16|01:47:23|Garmin Edge 520|https://www.strava.com/activities/1483445217
5/31/2018|47.63|01:55:01|1272|0|249|1455|0||0|0|24.9|68.4|75|110|121|158|211|461|1,623|14|01:57:18|Garmin Edge 1030|https://www.strava.com/activities/1607648371
5/27/2018|118.69|03:08:24|866|0|255|2280|0||0|0|37.8|74.9|77|200|127|179|202|949|2,542|24|03:12:44|Garmin Edge 520|https://www.strava.com/activities/1600085802
5/26/2018|216.57|06:26:27|4033|0|253|5102|0||0|0|33.6|86.8|81|200|134|176|220|1002|5,688|23|06:33:09|Garmin Edge 520|https://www.strava.com/activities/1597238829
5/25/2018|198.43|06:25:40|4565|0|264|5064|0||0|0|30.9|79.9|80|200|139|180|219|932|5,647|21|06:31:28|Garmin Edge 520|https://www.strava.com/activities/1595249632
5/24/2018|200.65|05:33:30|2145|0|218|3610|0||0|0|36.1|78.8|80|200|119|163|180|902|4,025|25|05:36:04|Garmin Edge 520|https://www.strava.com/activities/1593305450
5/23/2018|157.94|03:50:51|1670|0|293|3419|0||0|0|41.1|90|85|192|145|182|247|1070|3,812|20|03:52:40|Garmin Edge 520|https://www.strava.com/activities/1590970072
5/22/2018|34.74|00:47:32|213|0|317|865|0||0|0|43.9|67.7|93|109|156|179|303|706|964|15|00:53:17|Garmin Edge 520|https://www.strava.com/activities/1588732937
5/21/2018|37.61|01:28:34|300|0|156|724|0||0|0|25.5|54|80|143|102|137|136|593|807|23|01:35:01|Garmin Edge 1030|https://www.strava.com/activities/1586296539
5/20/2018|178.32|04:52:26|2857|0|299|4380|0||0|0|36.6|83.9|84|164|144|176|250|944|4,884|13|04:52:45|Garmin Edge 520|https://www.strava.com/activities/1584567251
5/19/2018|190.46|05:43:53|4166|0|293|5002|0||0|0|33.2|89.3|82|200|137|181|242|943|5,577|17|05:48:07|Garmin Edge 520|https://www.strava.com/activities/1582211482
5/18/2018|186.39|04:11:57|466|0|223|2683|0||0|0|44.4|76.7|84|114|111|171|178|898|2,992|22|04:13:28|Garmin Edge 520|https://www.strava.com/activities/1580006995
5/17/2018|221.42|05:20:59|796|0|209|3145|0||0|0|41.4|76|79|118|103|163|163|839|3,506|17|05:37:42|Garmin Edge 520|https://www.strava.com/activities/1577978092
5/16/2018|164.08|03:47:52|1881|0|277|3039|0||0|0|43.2|88.6|85|134|128|183|222|947|3,389|16|03:49:50|Garmin Edge 520|https://www.strava.com/activities/1575864449
5/15/2018|246.62|06:16:41|3653|0|297|5637|0||0|0|39.3|90.4|84|129|142|189|249|920|6,285|13|06:20:27|Garmin Edge 520|https://www.strava.com/activities/1573757423
5/14/2018|27.2|01:02:19|266|0|176|524|0||0|0|26.2|50.8|84|133|106|160|140|549|584|18|01:28:49|Garmin Edge 1030|https://www.strava.com/activities/1571207010
5/13/2018|226.71|06:02:13|4001|0|269|4742|0||0|0|37.6|85.7|85|121|132|179|218|867|5,287|20|06:06:56|Garmin Edge 520|https://www.strava.com/activities/1569775774
5/12/2018|221.05|05:42:38|2425|0|275|4352|0||0|0|38.7|81.7|85|124|132|184|212|1011|4,852|19|05:49:47|Garmin Edge 520|https://www.strava.com/activities/1567617640
5/11/2018|161.79|03:57:12|917|0|217|2260|0||0|0|40.9|81.7|80|134|106|173|159|935|2,519|22|03:59:18|Garmin Edge 520|https://www.strava.com/activities/1564839649
5/10/2018|170.42|04:36:14|3192|0|297|4380|0||0|0|37|90.7|84|126|147|185|264|959|4,884|20|04:44:01|Garmin Edge 520|https://www.strava.com/activities/1562390764
5/9/2018|155.66|04:17:45|2038|0|258|3049|0||0|0|36.2|76|84|122|121|188|197|1018|3,400|21|04:19:08|Garmin Edge 520|https://www.strava.com/activities/1560319460
5/8/2018|212.05|05:58:23|3622|0|266|4630|0||0|0|35.5|79.9|84|132|138|187|215|1091|5,163|23|06:06:03|Garmin Edge 520|https://www.strava.com/activities/1558040129
5/7/2018|52.59|02:10:14|1411|0|213|1407|0||0|0|24.2|69.1|76|114|107|149|180|778|1,569|17|02:16:43|Garmin Edge 520|https://www.strava.com/activities/1555925495
5/6/2018|234.38|05:19:17|1786|0|224|3221|0||0|0|44|93.2|87|140|114|183|168|965|3,592|25|05:20:03|Garmin Edge 520|https://www.strava.com/activities/1553954000
5/5/2018|178.33|04:13:44|991|0|235|2735|0||0|0|42.2|75.2|84|118|119|181|180|997|3,049|25|04:15:25|Garmin Edge 520|https://www.strava.com/activities/1551283169
5/4/2018|9.65|00:15:51|181|0|302|148|0||0|0|36.6|76|98|119|157|181|156|823|165|28|02:49:57|Garmin Edge 1030|https://www.strava.com/activities/1549427547
5/4/2018|40.05|01:16:56|795|0|229|925|0||0|0|31.2|88.9|79|111|131|161|200|712|1,032|26|01:20:33|Garmin Edge 1030|https://www.strava.com/activities/1549427393
5/3/2018|61.7|01:39:07|705|0|238|690|0||0|0|37.4|83.9|78|136|131|178|116|653|770|34|01:49:49|Garmin Edge 1030|https://www.strava.com/activities/1546799117
5/2/2018|70.74|02:06:15|924|0|252|1523|0||0|0|33.6|82.1|84|131|127|175|201|656|1,698|37|02:15:54|Garmin Edge 1030|https://www.strava.com/activities/1544993106
5/1/2018|23.95|00:37:22|82|0|231|459|0||0|0|38.5|63.7|96|133|0|0|205|637|512||00:37:22|Zwift|https://www.strava.com/activities/1542282461
5/1/2018|10.77|00:20:23|52|0|178|208|0||0|0|31.7|55.1|84|101|0|0|170|357|231||00:22:30|Zwift|https://www.strava.com/activities/1542222632
6/30/2018|4.96|01:02:27|0|0|0|0|0||0|0|0|0|0|0|0|0|0|0|||00:00:00|Garmin fēnix 5|https://www.strava.com/activities/1671315659
6/29/2018|2.43|00:28:48|0|0|0|0|0||0|0|0|0|0|0|0|0|0|0|||00:00:00|Garmin fēnix 5|https://www.strava.com/activities/1670127399
6/29/2018|1.74|00:20:17|0|0|0|0|0||0|0|0|0|0|0|0|0|0|0|||00:00:00|Garmin fēnix 5|https://www.strava.com/activities/1669896883
6/29/2018|120.03|04:39:36|2757|0|236|3360|0||0|0|25.8|77.4|78|111|135|231|200|641|3,345|23|05:02:06|Garmin Edge 1030|https://www.strava.com/activities/1669581097
6/28/2018|89.08|03:39:47|2608|0|239|2669|0||0|0|24.3|72.4|78|112|136|233|202|474|2,685|24|03:46:01|Garmin Edge 1030|https://www.strava.com/activities/1667670948
6/27/2018|1.78|00:20:37|0|0|0|0|0||0|0|0|0|0|0|0|0|0|0|||00:00:00|Garmin fēnix 5|https://www.strava.com/activities/1666355690
6/27/2018|1.88|00:22:03|0|0|0|0|0||0|0|0|0|0|0|0|0|0|0|||00:00:00|Garmin fēnix 5|https://www.strava.com/activities/1665921254
6/27/2018|62.88|02:27:27|1662|0|268|1967|0||0|0|25.6|69.1|79|110|0|0|222|685|1,970|26|02:32:21|Garmin Edge 1030|https://www.strava.com/activities/1665344443
6/25/2018|28.25|01:47:49|854|0|0|0|0||123|799|15.7|58.7|0|0|0|0|0|0|1,487|28|01:55:00|Garmin Edge 1030|https://www.strava.com/activities/1661622493
6/24/2018|11.22|00:50:01|353|0|0|0|0||105|316|13.5|49.3|0|0|0|0|0|0|613|24|01:12:25|Garmin Edge 1030|https://www.strava.com/activities/1659881150
6/23/2018|27.99|02:10:35|1137|0|0|0|0||121|944|12.9|45|0|0|126|170|0|0|1,420|20|02:47:56|Garmin Edge 1030|https://www.strava.com/activities/1656366099
6/21/2018|10.03|02:38:24|0|0|0|0|0||0|0|0|0|0|0|0|0|0|0|||00:00:00|Garmin fēnix 5|https://www.strava.com/activities/1652682254
6/20/2018|9.25|02:51:06|0|0|0|0|0||0|0|0|0|0|0|0|0|0|0|||00:00:00|Garmin fēnix 5|https://www.strava.com/activities/1650727540
6/17/2018|34.79|00:44:43|267|0|370|946|0||0|0|46.7|71.6|96|127|175|186|353|871|943|25|00:45:05|Garmin Edge 520|https://www.strava.com/activities/1644500088
6/17/2018|0.09|00:03:28|0|0|278|42|0||0|0|1.6|2.9|92|118|135|176|203|681|317|23|00:22:04|Garmin Edge 520|https://www.strava.com/activities/1644499806
6/17/2018|34.57|00:55:42|278|0|232|694|0||0|0|37.2|60.5|87|115|129|159|208|506|690|25|00:55:42|Garmin Edge 520|https://www.strava.com/activities/1644005044
6/16/2018|128.36|02:57:58|864|0|244|2122|0||0|0|43.3|73.8|81|174|133|186|199|1062|2,139|29|02:59:16|Garmin Edge 520|https://www.strava.com/activities/1642265590
6/15/2018|176.78|04:22:08|2720|0|286|3653|0||0|0|40.5|88.9|85|156|140|182|232|1038|3,708|21|04:24:04|Garmin Edge 520|https://www.strava.com/activities/1640042141
6/14/2018|189.41|05:19:50|3445|0|266|4105|0||0|0|35.5|92.9|81|200|135|187|214|998|4,115|19|05:20:55|Garmin Edge 520|https://www.strava.com/activities/1638134370
6/13/2018|156.49|03:49:37|2718|0|296|3436|0||0|0|40.9|98.3|86|161|148|189|249|993|3,450|15|03:51:01|Garmin Edge 520|https://www.strava.com/activities/1636124922
6/12/2018|191.23|04:42:11|1329|0|260|3668|0||0|0|40.7|85.7|85|181|132|183|217|946|3,687|14|04:42:11|Garmin Edge 520|https://www.strava.com/activities/1633890808
6/11/2018|186.16|04:53:53|915|0|255|3255|0||0|0|38|79.2|80|200|122|186|185|1069|3,274|16|04:53:53|Garmin Edge 520|https://www.strava.com/activities/1631861440
6/10/2018|155.97|03:53:49|1660|0|252|2655|0||0|0|40|88.9|83|200|135|195|189|1047|2,677|27|03:56:04|Garmin Edge 520|https://www.strava.com/activities/1629974244
6/9/2018|18.75|00:24:18|183|0|352|490|0||0|0|46.3|90.4|90|160|181|196|336|913|490|24|00:32:25|Garmin Edge 520|https://www.strava.com/activities/1627367723
6/9/2018|37.6|01:01:26|357|0|265|786|0||0|0|36.7|83.5|87|123|140|187|213|908|781|21|01:11:01|Garmin Edge 520|https://www.strava.com/activities/1626762010
6/8/2018|26.25|00:48:04|379|0|227|551|0||0|0|32.8|66.2|84|114|129|169|191|531|547|26|01:20:39|Garmin Edge 1030|https://www.strava.com/activities/1625172512
6/7/2018|8.8|02:02:53|0|0|0|0|0||0|0|0|0|0|0|0|0|0|0|||00:00:00|Garmin fēnix 5|https://www.strava.com/activities/1622772724
6/6/2018|108.12|03:37:31|1725|0|240|2680|0||0|0|29.8|60.5|80|109|122|158|205|526|2,988|11|03:50:15|Garmin Edge 1030|https://www.strava.com/activities/1620654207
6/5/2018|8|01:52:36|0|0|0|0|0||0|0|0|0|0|0|0|0|0|0|||00:00:00|Garmin fēnix 5|https://www.strava.com/activities/1619091497
6/5/2018|104.16|03:53:24|2335|0|288|3198|0||0|0|26.8|73.4|77|117|136|182|228|846|3,566|14|04:12:35|Garmin Edge 1030|https://www.strava.com/activities/1618572150
6/3/2018|116.55|04:04:33|2098|0|244|3000|0||0|0|28.6|72.4|79|108|128|177|204|582|3,345|12|04:48:37|Garmin Edge 1030|https://www.strava.com/activities/1614860644
6/2/2018|88.02|03:41:49|2628|0|257|2751|0||0|0|23.8|68.8|76|113|131|170|207|522|3,067|18|03:45:57|Garmin Edge 1030|https://www.strava.com/activities/1611930349
6/1/2018|75.96|03:02:30|2232|0|280|2454|0||0|0|25|72.4|76|113|133|183|224|762|2,736|16|03:07:11|Garmin Edge 1030|https://www.strava.com/activities/1609884033
7/31/2018|125.72|04:18:49|2249|0|249|3068|0||0|0|29.1|90.4|77|142|124|176|198|985|3,061|30|04:45:00|Garmin Edge 1030|https://www.strava.com/activities/1740986585
7/30/2018|137.35|05:02:03|3139|0|263|3799|0||0|0|27.3|84.2|77|118|133|178|210|574|3,791|32|05:21:48|Garmin Edge 1030|https://www.strava.com/activities/1738852314
7/29/2018|30.83|01:04:44|324|0|171|619|0||0|0|28.6|53.6|84|103|105|128|159|399|619|31|01:07:16|Garmin Edge 1030|https://www.strava.com/activities/1736346935
7/28/2018|116.74|04:23:53|2630|0|248|3093|0||0|0|26.5|97.2|74|159|122|172|195|656|3,085|31|04:42:54|Garmin Edge 1030|https://www.strava.com/activities/1734167255
7/27/2018|128.25|04:40:14|3479|0|268|3849|0||0|0|27.5|88.6|78|145|141|179|229|528|3,844|34|05:17:33|Garmin Edge 1030|https://www.strava.com/activities/1732023999
7/25/2018|178.72|06:07:56|2862|0|245|4567|0||0|0|29.1|95|80|152|131|180|207|629|4,550|34|06:46:51|Garmin Edge 1030|https://www.strava.com/activities/1728052171
7/24/2018|124.75|04:41:28|3446|0|262|3729|0||0|0|26.6|84.6|74|122|139|177|221|477|3,723|33|04:55:43|Garmin Edge 1030|https://www.strava.com/activities/1725644376
7/23/2018|35.8|01:23:44|395|0|155|689|0||0|0|25.7|59.4|79|111|106|136|137|406|688|21|01:31:29|Garmin Edge 1030|https://www.strava.com/activities/1722620271
7/22/2018|164.16|05:05:35|1956|0|239|3897|0||0|0|32.2|77.4|83|126|130|175|213|567|3,890|28|05:40:16|Garmin Edge 1030|https://www.strava.com/activities/1721369964
7/21/2018|141.71|05:09:51|3032|0|224|3766|0||0|0|27.4|78.5|78|124|139|169|203|750|3,765|31|05:19:22|Garmin Edge 1030|https://www.strava.com/activities/1718788576
7/20/2018|135.94|04:37:13|2456|0|237|3562|0||0|0|29.4|87.5|81|122|137|170|214|599|3,561|27|04:55:37|Garmin Edge 1030|https://www.strava.com/activities/1716163400
7/19/2018|56.42|02:09:40|1028|0|203|1407|0||0|0|26.1|92.2|76|140|126|162|181|542|1,408|28|02:17:09|Garmin Edge 1030|https://www.strava.com/activities/1714411233
7/18/2018|77.76|03:00:18|2168|0|283|2392|0||0|0|25.9|68|74|109|131|180|221|531|2,389|16|03:05:12|Garmin Edge 1030|https://www.strava.com/activities/1710425880
7/17/2018|66.86|02:45:14|1637|0|219|1866|0||0|0|24.3|72|74|112|117|158|188|597|1,866|21|03:00:33|Garmin Edge 1030|https://www.strava.com/activities/1708171655
7/15/2018|6.57|01:23:15|0|0|0|0|0||0|0|0|0|0|0|0|0|0|0|||00:00:00|Garmin fēnix 5|https://www.strava.com/activities/1703444568
7/14/2018|155.11|06:09:40|4414|0|264|4589|0||0|0|25.2|81.4|74|130|131|181|207|625|4,592|24|07:19:22|Garmin Edge 1030|https://www.strava.com/activities/1701971353
7/13/2018|136.28|05:22:09|3870|0|256|3941|0||0|0|25.4|77.8|75|122|129|170|204|625|3,940|23|06:22:56|Garmin Edge 1030|https://www.strava.com/activities/1699779025
7/12/2018|1.75|00:23:35|0|0|0|0|0||0|0|0|0|0|0|0|0|0|0|||00:00:00|Garmin fēnix 5|https://www.strava.com/activities/1699209497
7/12/2018|1.85|00:24:32|0|0|0|0|0||0|0|0|0|0|0|0|0|0|0|||00:00:00|Garmin fēnix 5|https://www.strava.com/activities/1699209323
7/12/2018|109.22|04:16:47|2937|0|282|3157|0||0|0|25.5|74.5|73|108|131|184|205|512|3,148|20|04:56:01|Garmin Edge 1030|https://www.strava.com/activities/1697522158
7/11/2018|30.46|01:15:08|544|0|172|670|0||0|0|24.3|66.2|77|110|103|131|149|479|672|26|03:24:23|Garmin Edge 1030|https://www.strava.com/activities/1695444557
7/11/2018|5.8|01:13:25|0|0|0|0|0||0|0|0|0|0|0|0|0|0|0|||00:00:00|Garmin fēnix 5|https://www.strava.com/activities/1694999994
7/10/2018|141.11|05:39:07|3962|0|275|4072|0||0|0|25|70.6|72|111|130|183|200|601|4,069|24|06:42:19|Garmin Edge 1030|https://www.strava.com/activities/1693408575
7/9/2018|1.92|00:25:38|0|0|0|0|0||0|0|0|0|0|0|0|0|0|0|||00:00:00|Garmin fēnix 5|https://www.strava.com/activities/1691727590
7/9/2018|1.75|00:23:06|0|0|0|0|0||0|0|0|0|0|0|0|0|0|0|||00:00:00|Garmin fēnix 5|https://www.strava.com/activities/1691401253
7/9/2018|101.54|04:04:25|2946|0|283|3114|0||0|0|24.9|73.4|72|105|132|183|212|627|3,103|22|04:38:15|Garmin Edge 1030|https://www.strava.com/activities/1691002064
7/7/2018|1.76|00:25:29|0|0|0|0|0||0|0|0|0|0|0|0|0|0|0|||00:00:00|Garmin fēnix 5|https://www.strava.com/activities/1687108492
7/7/2018|1.77|00:21:07|0|0|0|0|0||0|0|0|0|0|0|0|0|0|0|||00:00:00|Garmin fēnix 5|https://www.strava.com/activities/1686911376
7/7/2018|159.27|05:10:42|2310|0|221|3509|0||0|0|30.8|69.1|81|115|121|167|188|552|3,527|25|05:41:38|Garmin Edge 1030|https://www.strava.com/activities/1686548051
7/6/2018|121.31|04:42:14|3367|0|263|3535|0||0|0|25.8|70.9|76|115|132|185|209|563|3,530|23|05:12:40|Garmin Edge 1030|https://www.strava.com/activities/1684615877
7/5/2018|1.8|00:22:00|0|0|0|0|0||0|0|0|0|0|0|0|0|0|0|||00:00:00|Garmin fēnix 5|https://www.strava.com/activities/1683161599
7/5/2018|2|00:25:00|0|0|0|0|0||0|0|0|0|0|0|0|0|0|0|||00:00:00|Garmin fēnix 5|https://www.strava.com/activities/1683160147
7/5/2018|107.2|04:17:13|3158|0|259|3250|0||0|0|25|73.1|73|113|133|175|211|519|3,242|17|04:40:28|Garmin Edge 1030|https://www.strava.com/activities/1682502029
7/4/2018|6.95|01:24:42|0|0|0|0|0||0|0|0|0|0|0|0|0|0|0|||00:00:00|Garmin fēnix 5|https://www.strava.com/activities/1680452731
7/3/2018|2.75|00:35:06|0|0|0|0|0||0|0|0|0|0|0|0|0|0|0|||00:00:00|Garmin fēnix 5|https://www.strava.com/activities/1678717968
7/3/2018|1.73|00:20:14|0|0|0|0|0||0|0|0|0|0|0|0|0|0|0|||00:00:00|Garmin fēnix 5|https://www.strava.com/activities/1678413633
7/3/2018|141.81|04:50:57|2770|0|256|3619|0||0|0|29.2|68.4|80|111|138|183|207|719|3,612|26|05:18:46|Garmin Edge 1030|https://www.strava.com/activities/1678062399
7/2/2018|112.65|04:22:01|3092|0|243|3198|0||0|0|25.8|70.6|77|114|135|164|203|555|3,199|22|04:38:58|Garmin Edge 1030|https://www.strava.com/activities/1676015033
7/1/2018|4.24|01:06:04|0|0|0|0|0||0|0|0|0|0|0|0|0|0|0|||00:00:00|Garmin fēnix 5|https://www.strava.com/activities/1675078019
7/1/2018|128.42|04:38:43|3287|0|269|3627|0||0|0|27.6|76|78|124|143|182|217|809|3,632|21|04:47:46|Garmin Edge 1030|https://www.strava.com/activities/1673688216
8/31/2018|193.26|04:42:15|2571|0|271|3575|0||0|0|41.1|94.3|85|146|129|188|211|900|3,603|34|04:44:27|Garmin Edge 1030|https://www.strava.com/activities/1809790589
8/30/2018|156.48|04:13:24|1451|0|242|2856|0||0|0|37.1|88.6|83|140|119|187|188|1080|2,882|32|04:15:45|Garmin Edge 1030|https://www.strava.com/activities/1807790437
8/29/2018|199.57|05:04:51|3014|0|274|3985|0||0|0|39.3|89.6|85|137|132|179|218|924|4,003|32|05:06:21|Garmin Edge 1030|https://www.strava.com/activities/1805389591
8/28/2018|177.3|05:13:25|3177|0|249|3532|0||0|0|33.9|90|85|200|125|186|188|834|3,592|35|05:18:41|Garmin Edge 1030|https://www.strava.com/activities/1803344439
8/27/2018|185.56|05:05:23|3008|0|252|3655|0||0|0|36.5|92.9|85|127|128|182|199|994|3,677|33|05:05:54|Garmin Edge 1030|https://www.strava.com/activities/1801087185
8/26/2018|169.28|04:31:30|2774|0|273|3408|0||0|0|37.4|88.6|86|135|135|199|209|1020|3,462|37|04:34:18|Garmin Edge 1030|https://www.strava.com/activities/1799094378
8/25/2018|11.12|00:22:16|83|0|334|295|0||0|0|30|72.4|76|119|140|191|221|852|290|29|01:00:03|Garmin Edge 1030|https://www.strava.com/activities/1796907219
8/25/2018|2|00:05:48|6|0|93|30|0||0|0|20.7|31|67|171|98|112|87|304|30|27|00:07:08|Garmin Edge 1030|https://www.strava.com/activities/1796732515
8/25/2018|32.24|01:07:20|222|0|247|655|0||0|0|28.7|70.6|80|112|119|183|162|638|674|31|01:32:28|Garmin Edge 1030|https://www.strava.com/activities/1796468059
8/24/2018|26.93|01:14:48|528|0|221|542|0||0|0|21.6|61.9|77|101|99|146|121|455|615|30|02:40:13|Garmin Edge 1030|https://www.strava.com/activities/1793991232
8/23/2018|69.81|02:11:42|1008|0|216|1370|0||0|0|31.8|73.4|84|124|106|158|173|701|1,369|30|02:16:11|Garmin Edge 1030|https://www.strava.com/activities/1791874409
8/22/2018|30.28|01:04:06|194|0|159|567|0||0|0|28.3|54.7|84|106|99|136|147|445|564|27|01:07:31|Garmin Edge 1030|https://www.strava.com/activities/1790391751
8/21/2018|205.97|06:03:22|1504|0|209|4172|0||0|0|34|73.1|87|116|120|154|191|506|4,164|28|06:18:34|Garmin Edge 1030|https://www.strava.com/activities/1787552584
8/20/2018|85.61|03:01:08|1523|0|259|2101|0||0|0|28.4|68|81|110|133|187|193|777|2,097|28|03:03:11|Garmin Edge 1030|https://www.strava.com/activities/1785198314
8/19/2018|1.81|00:21:07|0|0|0|0|0||0|0|0|0|0|0|0|0|0|0|||00:00:00|Garmin fēnix 5|https://www.strava.com/activities/1783757715
8/19/2018|1.73|00:25:01|0|0|0|0|0||0|0|0|0|0|0|0|0|0|0|||00:00:00|Garmin fēnix 5|https://www.strava.com/activities/1783757076
8/19/2018|26.78|01:02:19|292|0|189|631|0||0|0|25.8|72.4|83|116|122|155|169|559|633|26|01:42:10|Garmin fēnix 5|https://www.strava.com/activities/1783068068
8/19/2018|5.7|01:10:49|0|0|0|0|0||0|0|0|0|0|0|0|0|0|0|||00:00:00|Garmin fēnix 5|https://www.strava.com/activities/1782183607
8/18/2018|147.19|05:50:56|4129|0|269|4387|0||0|0|25.2|78.8|77|119|131|180|208|695|4,376|17|06:10:11|Garmin Edge 1030|https://www.strava.com/activities/1780494184
8/16/2018|63.4|02:12:46|1310|0|229|1614|0||0|0|28.7|72.7|82|117|122|161|203|481|1,614|24|03:08:23|Garmin Edge 1030|https://www.strava.com/activities/1776078824
8/16/2018|37.8|01:04:12|307|0|254|921|0||0|0|35.3|67|99|134|133|160|239|405|879||01:04:12|Zwift|https://www.strava.com/activities/1775689052
8/15/2018|31.87|01:09:41|598|0|201|770|0||0|0|27.4|65.2|83|107|112|142|184|347|770|26|01:27:25|Garmin Edge 1030|https://www.strava.com/activities/1774064530
8/15/2018|43.73|01:10:50|249|0|230|964|0||0|0|37|53.3|95|105|0|0|227|350|916||01:15:57|Zwift|https://www.strava.com/activities/1773671929
8/14/2018|82.93|02:56:12|1083|0|174|1689|0||0|0|28.2|61.9|80|119|107|142|160|420|1,687|27|03:58:41|Garmin Edge 1030|https://www.strava.com/activities/1771435912
8/14/2018|7.12|01:28:25|0|0|0|0|0||0|0|0|0|0|0|0|0|0|0|||00:00:00|Garmin fēnix 5|https://www.strava.com/activities/1770807539
8/12/2018|132.29|03:25:09|2204|0|271|2680|0||0|0|38.7|127.8|87|146|139|187|218|998|2,681|35|03:27:48|Garmin Edge 1030|https://www.strava.com/activities/1768385075
8/11/2018|160.61|04:18:16|2748|0|267|3259|0||0|0|37.3|98.3|87|135|138|184|210|881|3,271|33|04:21:07|Garmin Edge 1030|https://www.strava.com/activities/1765835732
8/10/2018|120.87|03:03:49|1620|0|254|2270|0||0|0|39.5|93.2|90|141|138|187|206|905|2,288|38|03:18:47|Garmin Edge 1030|https://www.strava.com/activities/1763393559
8/9/2018|190.51|04:27:11|1454|0|222|2878|0||0|0|42.8|87.8|87|128|129|182|180|855|2,889|37|04:33:21|Garmin Edge 1030|https://www.strava.com/activities/1761829977
8/8/2018|149.38|03:45:31|1966|0|253|2710|0||0|0|39.7|88.2|88|140|137|183|200|1098|2,729|35|03:46:46|Garmin Edge 1030|https://www.strava.com/activities/1759318139
8/7/2018|180.24|04:54:00|2682|0|231|3061|0||0|0|36.8|94.7|84|120|132|186|173|942|3,072|34|05:13:43|Garmin Edge 1030|https://www.strava.com/activities/1757023310
8/6/2018|9.32|00:24:07|135|0|282|236|0||0|0|23.2|76.3|70|122|136|191|163|727|237|33|00:29:23|Garmin Edge 1030|https://www.strava.com/activities/1754171543
8/6/2018|0|00:00:00|0|0|289|0|0||0|0|0|0|0|182|0|184|0|706|296|0|00:19:25|Garmin Edge 1030|https://www.strava.com/activities/1754090692
8/6/2018|21.19|00:40:17|296|0|253|477|0||0|0|31.6|73.1|81|128|135|182|197|586|474|26|00:41:28|Garmin Edge 1030|https://www.strava.com/activities/1754048374
8/5/2018|60.35|01:53:45|648|0|233|1301|0||0|0|31.8|67.3|85|123|125|185|191|937|1,290|32|02:33:22|Garmin Edge 1030|https://www.strava.com/activities/1752523485
8/4/2018|30.2|01:06:44|239|0|153|498|0||0|0|27.2|58.3|78|99|97|132|124|408|495|33|01:58:44|Garmin Edge 1030|https://www.strava.com/activities/1749760718
8/3/2018|133.86|04:16:36|2315|0|0|0|0||249|3836|31.3|81.7|0|0|124|176|0|0|2,730|25|04:35:52|Garmin Edge 1030|https://www.strava.com/activities/1747676447
8/2/2018|94.6|03:23:45|1975|0|256|2590|0||0|0|27.9|93.6|76|123|126|172|212|484|2,583|15|03:40:46|Garmin Edge 1030|https://www.strava.com/activities/1745541263
8/1/2018|39.52|01:24:24|497|0|182|859|0||0|0|28.1|67|85|135|111|136|170|544|858|29|01:28:14|Garmin Edge 1030|https://www.strava.com/activities/1742981665
9/30/2018|262.02|07:04:39|4794|0|311|6381|0||0|0|37|94|86|200|144|191|250|1103|6,431|16|07:11:03|Garmin Edge 1030|https://www.strava.com/activities/1875682689
9/29/2018|61.11|02:03:05|531|0|210|1308|0||0|0|29.8|65.2|81|200|107|167|177|931|1,302|14|02:49:49|Garmin Edge 1030|https://www.strava.com/activities/1872847354
9/28/2018|102.59|03:48:51|1878|0|254|2552|0||0|0|26.9|77.8|78|159|113|177|186|621|2,530|16|04:05:36|Garmin Edge 1030|https://www.strava.com/activities/1871223757
9/26/2018|149.76|05:08:36|2565|0|241|4048|0||0|0|29.1|68|81|111|121|159|219|591|4,046|21|06:26:02|Garmin Edge 1030|https://www.strava.com/activities/1866953788
9/25/2018|70.62|02:22:21|816|0|203|1391|0||0|0|29.8|69.1|79|114|100|148|163|587|1,386|17|03:07:24|Garmin Edge 1030|https://www.strava.com/activities/1864475837
9/24/2018|137.04|05:05:42|3021|0|263|3812|0||0|0|26.9|77|79|113|129|186|208|718|3,805|25|05:34:55|Garmin Edge 1030|https://www.strava.com/activities/1862869284
9/23/2018|27.51|01:02:41|498|0|185|652|0||0|0|26.3|67.3|82|106|110|132|173|388|652|27|01:03:15|Garmin Edge 1030|https://www.strava.com/activities/1860712155
9/22/2018|117.51|04:39:03|3114|0|256|3440|0||0|0|25.3|78.8|78|115|126|179|205|711|3,426|22|05:13:34|Garmin Edge 1030|https://www.strava.com/activities/1858426483
9/21/2018|104.92|03:50:53|2098|0|243|2846|0||0|0|27.3|64.1|79|115|127|163|205|524|2,845|25|04:21:06|Garmin Edge 1030|https://www.strava.com/activities/1856289874
9/20/2018|31.29|01:02:52|488|0|217|627|0||0|0|29.9|75.6|75|112|109|149|166|430|623|19|01:03:35|Garmin Edge 1030|https://www.strava.com/activities/1854504353
9/20/2018|52.42|02:14:34|1330|0|213|1546|0||0|0|23.4|63.7|77|106|113|151|191|700|1,546|17|02:48:18|Garmin Edge 1030|https://www.strava.com/activities/1854504354
9/19/2018|42.85|01:39:18|991|0|226|1160|0||0|0|25.9|72.4|76|117|111|147|195|456|1,160|21|01:42:14|Garmin Edge 1030|https://www.strava.com/activities/1851914210
9/16/2018|109.89|02:51:40|687|0|223|1676|0||0|0|38.4|72|81|185|111|167|163|999|1,676|30|02:58:18|Garmin Edge 1030|https://www.strava.com/activities/1851613559
9/15/2018|13.18|00:26:14|21|0|110|77|0||0|0|30.2|51.5|64|103|78|128|49|401|76|18|00:26:14|Garmin Edge 1030|https://www.strava.com/activities/1843551931
9/15/2018|95.65|03:24:56|3217|0|326|3474|0||0|0|28|83.9|79|200|144|181|283|911|3,477|20|03:32:47|Garmin Edge 1030|https://www.strava.com/activities/1843542473
9/14/2018|166.33|04:18:40|2743|0|291|3520|0||0|0|38.6|95.8|85|170|129|181|227|899|3,542|27|04:41:05|Garmin Edge 1030|https://www.strava.com/activities/1841273352
9/13/2018|194.6|04:19:48|1162|0|224|2701|0||0|0|44.9|82.1|85|200|112|178|173|962|2,705|31|04:22:54|Garmin Edge 1030|https://www.strava.com/activities/1841271694
9/12/2018|177.93|05:02:58|3599|0|296|4180|0||0|0|35.2|95.4|85|200|133|182|230|930|4,186|24|05:05:46|Garmin Edge 1030|https://www.strava.com/activities/1836908413
9/11/2018|39.5|00:59:01|684|0|351|918|0||0|0|40.2|83.2|99|126|154|181|259|845|976|24|01:07:22|Garmin Edge 1030|https://www.strava.com/activities/1836905831
9/11/2018|39.99|01:17:27|705|0|255|941|0||0|0|31|77|81|122|117|166|203|621|939|23|01:17:58|Garmin Edge 1030|https://www.strava.com/activities/1836905399
9/10/2018|32.11|01:02:11|484|0|214|700|0||0|0|31|77.4|76|116|110|154|188|451|699|23|01:03:43|Garmin Edge 1030|https://www.strava.com/activities/1832550262
9/9/2018|200.73|05:58:51|4637|0|305|5103|0||0|0|33.6|80.3|83|196|133|181|237|924|5,120|20|06:05:10|Garmin Edge 1030|https://www.strava.com/activities/1830564998
9/8/2018|178.66|04:56:01|3234|0|294|3863|0||0|0|36.2|89.6|84|154|128|183|217|997|3,882|25|04:58:24|Garmin Edge 1030|https://www.strava.com/activities/1827799773
9/7/2018|183.57|04:48:01|3161|0|292|4160|0||0|0|38.2|91.4|85|166|132|179|241|908|4,159|21|04:52:18|Garmin Edge 1030|https://www.strava.com/activities/1825499587
9/6/2018|191.62|05:04:18|3256|0|283|4152|0||0|0|37.8|87.1|86|200|127|174|227|1024|4,169|16|05:05:50|Garmin Edge 1030|https://www.strava.com/activities/1823436353
9/4/2018|183.44|04:28:49|1434|0|232|2920|0||0|0|40.9|81|85|133|115|184|181|994|2,929|28|04:31:35|Garmin Edge 1030|https://www.strava.com/activities/1818953350
9/3/2018|19.67|00:51:32|121|0|131|304|0||0|0|22.9|42.8|76|170|87|128|98|576|299|29|01:42:29|Garmin Edge 1030|https://www.strava.com/activities/1816260632
9/2/2018|215.62|06:12:31|4435|0|270|4822|0||0|0|34.7|87.8|85|200|130|182|216|855|4,898|33|06:17:24|Garmin Edge 1030|https://www.strava.com/activities/1814833330
9/1/2018|203.65|04:55:40|2180|0|238|3188|0||0|0|41.3|83.2|82|137|116|183|180|932|3,210|38|04:55:40|Garmin Edge 1030|https://www.strava.com/activities/1812000245
10/21/2018|164.34|04:50:41|2887|0|296|4151|0||0|0|33.9|79.9|86|133|150|200|238|1020|4,165|17|06:11:27|Garmin Edge 1030|https://www.strava.com/activities/1917597064
10/20/2018|38.48|01:06:13|142|0|281|777|0||0|0|34.9|61.9|80|118|134|199|196|1158|783|18|01:37:01|Garmin Edge 1030|https://www.strava.com/activities/1915763807
10/20/2018|36.6|01:28:38|360|0|153|702|0||0|0|24.8|58.3|71|132|107|152|132|629|697|16|02:03:26|Garmin Edge 1030|https://www.strava.com/activities/1915228808
10/19/2018|93.52|03:20:32|1197|0|220|2229|0||0|0|28|60.1|80|110|119|164|185|616|2,215|13|03:46:33|Garmin Edge 1030|https://www.strava.com/activities/1913826040
10/16/2018|25.58|01:07:20|624|0|207|736|0||0|0|22.8|69.8|74|114|125|179|182|395|736|13|01:08:00|Garmin Edge 1030|https://www.strava.com/activities/1908298488
10/16/2018|8.06|01:49:13|0|0|0|0|0||0|0|0|0|0|0|0|0|0|0|||00:00:00|Garmin fēnix 5|https://www.strava.com/activities/1907901667
10/15/2018|10.51|02:18:49|0|0|0|0|0||0|0|0|0|0|0|0|0|0|0|||00:00:00|Garmin fēnix 5|https://www.strava.com/activities/1906576675
10/14/2018|29.62|01:05:06|581|0|213|751|0||0|0|27.3|70.6|77|112|116|143|192|437|753|13|01:06:36|Garmin Edge 1030|https://www.strava.com/activities/1904491804
10/14/2018|10.6|02:19:17|0|0|0|0|0||0|0|0|0|0|0|0|0|0|0|||00:00:00|Garmin fēnix 5|https://www.strava.com/activities/1903819243
10/13/2018|222.44|05:42:46|3099|0|300|5154|0||0|0|38.9|100.8|85|185|142|189|251|1073|5,171|19|05:52:09|Garmin Edge 1030|https://www.strava.com/activities/1902097228
10/12/2018|44.73|01:31:54|399|0|240|1107|0||0|0|29.2|56.9|83|151|124|182|201|801|1,105|21|01:39:22|Garmin Edge 1030|https://www.strava.com/activities/1900536480
10/11/2018|49.04|02:01:03|1224|0|251|1457|0||0|0|24.3|66.6|75|110|127|175|201|626|1,450|12|02:08:01|Garmin Edge 1030|https://www.strava.com/activities/1897959157
10/10/2018|26.08|00:40:24|138|0|193|453|0||0|0|38.7|54.7|99|113|121|141|187|398|439||00:40:24|Zwift|https://www.strava.com/activities/1895616119
10/9/2018|36.37|01:30:23|146|0|281|1431|0||0|0|24.1|48.6|91|117|151|173|264|450|1,379||01:33:56|Zwift|https://www.strava.com/activities/1894425353
10/9/2018|7.51|01:36:05|0|0|0|0|0||0|0|0|0|0|0|0|0|0|0|||00:00:00|Garmin fēnix 5|https://www.strava.com/activities/1893815221
10/8/2018|79.6|02:47:05|1011|0|200|1838|0||0|0|28.6|61.9|82|113|120|155|183|635|1,834|10|03:11:04|Garmin Edge 1030|https://www.strava.com/activities/1891794704
10/6/2018|217.06|05:38:53|3157|0|323|5105|0||0|0|38.4|75.2|84|200|138|189|251|1044|5,123|13|05:44:39|Garmin Edge 1030|https://www.strava.com/activities/1887748986
10/5/2018|36.64|01:22:12|498|0|179|730|0||0|0|26.7|60.8|75|138|100|132|148|544|731|15|03:06:25|Garmin Edge 1030|https://www.strava.com/activities/1885266201
10/4/2018|90.89|03:11:02|1614|0|288|2560|0||0|0|28.5|63|80|179|130|187|223|748|2,552|16|03:39:46|Garmin Edge 1030|https://www.strava.com/activities/1883860343
10/3/2018|63.28|02:08:04|798|0|220|1425|0||0|0|29.7|54|80|200|108|147|185|557|1,421|14|02:59:08|Garmin Edge 1030|https://www.strava.com/activities/1881236234
10/2/2018|61.21|01:58:38|610|0|208|1233|0||0|0|31|56.9|81|200|105|156|173|561|1,232|14|02:32:02|Garmin Edge 1030|https://www.strava.com/activities/1879113092
11/30/2018|8.65|01:15:38|0|0|0|0|0||0|0|0|0|0|0|0|0|0|0|||00:00:00|Garmin fēnix 5|https://www.strava.com/activities/1992823186
11/30/2018|34.02|01:04:23|576|0|237|884|0||0|0|31.7|84.2|94|120|140|176|229|360|843||01:04:23|Zwift|https://www.strava.com/activities/1992374660
11/29/2018|7.94|01:52:32|0|0|0|0|0||0|0|0|0|0|0|0|0|0|0|||00:00:00|Garmin fēnix 5|https://www.strava.com/activities/1991105005
11/29/2018|6.17|01:25:46|0|0|0|0|0||0|0|0|0|0|0|0|0|0|0|||00:00:00|Garmin fēnix 5|https://www.strava.com/activities/1990744519
11/28/2018|125.95|04:26:02|1987|0|217|2750|0||0|0|28.4|80.3|79|117|127|168|172|615|2,751|5|05:07:32|Garmin Edge 1030|https://www.strava.com/activities/1989371457
11/27/2018|9.49|01:22:02|0|0|0|0|0||0|0|0|0|0|0|0|0|0|0|||00:00:00|Garmin fēnix 5|https://www.strava.com/activities/1987826240
11/27/2018|93.32|03:33:06|1752|0|238|2554|0||0|0|26.3|67|74|107|131|164|200|459|2,551|7|03:41:19|Garmin Edge 1030|https://www.strava.com/activities/1987463624
11/26/2018|4.64|01:01:06|0|0|0|0|0||0|0|0|0|0|0|0|0|0|0|||00:00:00|Garmin fēnix 5|https://www.strava.com/activities/1986125498
11/26/2018|41.69|01:10:22|206|0|224|935|0||0|0|35.6|58.3|94|136|139|151|222|317|893||01:12:19|Zwift|https://www.strava.com/activities/1985584570
11/25/2018|19.35|02:45:49|0|0|0|0|0||0|0|0|0|0|0|0|0|0|0|||00:00:00|Garmin fēnix 5|https://www.strava.com/activities/1984021079
11/24/2018|125.55|04:02:49|1507|0|223|2775|0||0|0|31|78.5|81|116|127|181|190|968|2,780|3|04:59:47|Garmin Edge 1030|https://www.strava.com/activities/1982149065
11/22/2018|102.09|03:19:15|1135|0|218|2446|0||0|0|30.7|72|84|184|132|158|205|553|2,443|7|03:35:14|Garmin Edge 1030|https://www.strava.com/activities/1978723759
11/21/2018|10.96|02:07:49|0|0|0|0|0||0|0|0|0|0|0|0|0|0|0|||00:00:00|Garmin fēnix 5|https://www.strava.com/activities/1977003553
11/21/2018|40.16|01:04:47|506|0|254|945|0||0|0|37.2|72.4|95|110|155|177|243|518|925||01:04:47|Zwift|https://www.strava.com/activities/1976660559
11/20/2018|81.8|02:42:10|1000|0|223|2043|0||0|0|30.3|67.3|84|108|135|157|210|558|2,043|3|02:45:06|Garmin Edge 1030|https://www.strava.com/activities/1975152777
11/19/2018|33.15|02:09:21|1218|0|0|0|0||144|1119|15.4|49|0|0|140|182|0|0|1,654|2|02:18:42|Garmin Edge 520|https://www.strava.com/activities/1973554976
11/19/2018|4.63|00:50:24|0|0|0|0|0||0|0|0|0|0|0|0|0|0|0|||00:00:00|Garmin fēnix 5|https://www.strava.com/activities/1973274910
11/18/2018|8.08|01:37:49|0|0|0|0|0||0|0|0|0|0|0|0|0|0|0|||00:00:00|Garmin fēnix 5|https://www.strava.com/activities/1971517039
11/17/2018|29.04|02:00:32|1019|0|0|0|0||135|976|14.5|68.8|0|0|147|175|0|0|1,732|3|02:09:01|Garmin Edge 520|https://www.strava.com/activities/1969574174
11/16/2018|36.99|02:44:34|1470|0|0|0|0||134|1320|13.5|50|0|0|145|180|0|0|2,570|6|03:47:36|Garmin Edge 520|https://www.strava.com/activities/1967863363
11/15/2018|8.88|01:35:30|0|0|0|0|0||0|0|0|0|0|0|0|0|0|0|||00:00:00|Garmin fēnix 5|https://www.strava.com/activities/1965807937
11/14/2018|28.57|02:24:08|1273|0|0|0|0||131|1135|11.9|55.1|0|0|139|172|0|0|1,927|7|02:56:33|Garmin Edge 520|https://www.strava.com/activities/1964113786
11/13/2018|27.21|01:49:46|1011|0|0|0|0||147|969|14.9|58.7|0|0|146|185|0|0|1,616|10|02:07:52|Garmin Edge 520|https://www.strava.com/activities/1962363037
11/12/2018|31.78|02:05:33|1056|0|0|0|0||132|994|15.2|58.7|0|0|141|182|0|0|1,561|8|02:19:33|Garmin Edge 520|https://www.strava.com/activities/1960861565
11/11/2018|4.96|00:54:19|0|0|0|0|0||0|0|0|0|0|0|0|0|0|0|||00:00:00|Garmin fēnix 5|https://www.strava.com/activities/1958339500
11/10/2018|9.54|02:08:42|0|0|0|0|0||0|0|0|0|0|0|0|0|0|0|||00:00:00|Garmin fēnix 5|https://www.strava.com/activities/1956286385
11/7/2018|9.3|01:26:39|0|0|0|0|0||0|0|0|0|0|0|0|0|0|0|||00:00:00|Garmin fēnix 5|https://www.strava.com/activities/1951266356
11/6/2018|8.59|01:36:06|0|0|0|0|0||0|0|0|0|0|0|0|0|0|0|||00:00:00|Garmin fēnix 5|https://www.strava.com/activities/1949618779
11/5/2018|6.83|01:20:04|0|0|0|0|0||0|0|0|0|0|0|0|0|0|0|||00:00:00|Garmin fēnix 5|https://www.strava.com/activities/1947104737
11/4/2018|8|01:50:17|0|0|0|0|0||0|0|0|0|0|0|0|0|0|0|||00:00:00|Garmin fēnix 5|https://www.strava.com/activities/1946474666
12/31/2018|207.76|06:28:47|2462|0|244|5196|0||0|0|32.1|74.2|83|107|129|184|223|569|5,194|9|07:13:45|Garmin Edge 1030|https://www.strava.com/activities/2046843505
12/29/2018|151.47|05:32:29|2793|0|256|4311|0||0|0|27.3|59.8|79|106|127|178|216|480|4,306|7|06:05:54|Garmin Edge 1030|https://www.strava.com/activities/2042388401
12/28/2018|125.7|04:35:30|2187|0|247|3505|0||0|0|27.4|60.5|80|113|124|181|212|844|3,504|4|05:07:32|Garmin Edge 1030|https://www.strava.com/activities/2040230897
12/27/2018|111.81|03:53:21|1979|0|250|2878|0||0|0|28.7|66.2|81|109|123|175|206|653|2,879|4|04:53:02|Garmin Edge 1030|https://www.strava.com/activities/2038233000
12/26/2018|9.48|01:52:54|0|0|0|0|0||0|0|0|0|0|0|0|0|0|0|||00:00:00|Garmin fēnix 5|https://www.strava.com/activities/2036143746
12/25/2018|38.5|01:00:55|216|0|226|810|0||0|0|37.9|53.6|89|106|125|140|222|310|775||01:00:55|Zwift|https://www.strava.com/activities/2034538307
12/24/2018|47.25|01:10:11|265|0|275|1106|0||0|0|40.4|58.3|93|143|145|171|263|570|1,055||01:10:11|Zwift|https://www.strava.com/activities/2034317835
12/23/2018|183.97|06:02:26|2695|0|267|5232|0||0|0|30.5|68|84|111|131|157|241|479|5,225|8|06:24:53|Garmin Edge 1030|https://www.strava.com/activities/2031645080
12/22/2018|153.58|05:34:15|2707|0|257|4323|0||0|0|27.6|64.1|79|117|123|171|216|568|4,311|11|06:16:44|Garmin Edge 1030|https://www.strava.com/activities/2029826286
12/21/2018|169.58|05:57:08|2866|0|260|4808|0||0|0|28.5|61.6|75|113|124|171|224|552|4,790|10|06:36:46|Garmin Edge 1030|https://www.strava.com/activities/2028253472
12/20/2018|42.18|01:38:32|382|0|162|908|0||0|0|25.7|59|81|106|103|133|154|495|904|11|02:12:52|Garmin Edge 1030|https://www.strava.com/activities/2026786585
12/19/2018|174.29|06:18:36|3283|0|252|5049|0||0|0|27.6|62.6|78|108|128|159|222|519|5,044|8|07:07:11|Garmin Edge 1030|https://www.strava.com/activities/2025197529
12/18/2018|104.71|03:25:27|1270|0|252|2875|0||0|0|30.6|61.9|83|107|126|152|233|615|2,872|10|03:47:49|Garmin Edge 1030|https://www.strava.com/activities/2023333536
12/17/2018|155.33|05:42:09|2762|0|253|4455|0||0|0|27.2|59.4|82|113|126|174|217|625|4,446|7|06:22:07|Garmin Edge 1030|https://www.strava.com/activities/2021773222
12/16/2018|162.33|05:39:53|2588|0|262|4699|0||0|0|28.7|62.3|75|105|132|169|230|467|4,682|7|06:07:27|Garmin Edge 1030|https://www.strava.com/activities/2020283653
12/13/2018|34.76|01:10:14|699|0|233|952|0||0|0|29.7|82.1|94|100|131|143|226|317|910||01:11:18|Zwift|https://www.strava.com/activities/2015447533
12/13/2018|42.3|01:12:11|451|0|258|1055|0||0|0|35.2|80.3|89|107|138|158|244|354|1,007||01:13:33|Zwift|https://www.strava.com/activities/2014922376
12/12/2018|181.2|06:10:59|3076|0|250|4698|0||0|0|29.3|74.5|79|110|123|155|211|733|4,702|5|07:12:37|Garmin Edge 1030|https://www.strava.com/activities/2013681384
12/11/2018|128.72|04:38:44|2568|0|254|3608|0||0|0|27.7|65.5|74|113|123|170|216|567|3,603|6|04:48:15|Garmin Edge 1030|https://www.strava.com/activities/2011828423
12/10/2018|52.14|01:17:11|306|0|275|1216|0||0|0|40.5|55.1|92|103|144|164|263|376|1,160||01:17:11|Zwift|https://www.strava.com/activities/2010259710
12/10/2018|56.69|01:25:13|320|0|286|1405|0||0|0|39.9|55.1|92|104|146|165|275|424|1,342||01:26:32|Zwift|https://www.strava.com/activities/2009727793
12/8/2018|168.79|05:46:59|2734|0|251|4468|0||0|0|29.2|70.2|74|108|128|180|215|888|4,467|4|06:46:00|Garmin Edge 1030|https://www.strava.com/activities/2006675478
12/7/2018|2.29|00:15:21|0|0|0|0|0||0|0|0|0|0|0|0|0|0|0|||00:00:00|Garmin fēnix 5|https://www.strava.com/activities/2005299522
12/7/2018|1.93|00:20:41|0|0|0|0|0||0|0|0|0|0|0|0|0|0|0|||00:00:00|Garmin fēnix 5|https://www.strava.com/activities/2005181837
12/7/2018|21.87|01:33:46|819|0|0|0|0||130|732|14|47.9|0|0|124|152|0|0|985|5|01:42:23|Garmin Edge 520|https://www.strava.com/activities/2004984496
12/7/2018|48.39|01:23:04|773|0|273|1293|0||0|0|35|77|93|127|143|162|259|387|1,234||01:24:02|Zwift|https://www.strava.com/activities/2004492021
12/6/2018|7.11|01:45:06|0|0|0|0|0||0|0|0|0|0|0|0|0|0|0|||00:00:00|Garmin fēnix 5|https://www.strava.com/activities/2003070146
12/5/2018|168.02|05:12:18|1898|0|232|3451|0||0|0|32.3|73.8|80|128|123|182|184|1023|3,847|7|06:09:14|Garmin Edge 1030|https://www.strava.com/activities/2001601890
12/4/2018|111.1|04:01:50|2054|0|251|3045|0||0|0|27.6|74.5|73|114|133|175|210|652|3,395|8|04:45:44|Garmin Edge 1030|https://www.strava.com/activities/1999738483
12/3/2018|8.4|01:03:14|0|0|0|0|0||0|0|0|0|0|0|0|0|0|0|||00:00:00|Garmin fēnix 5|https://www.strava.com/activities/1998160434
12/3/2018|47.31|01:15:40|242|0|253|1129|0||0|0|37.5|59.8|95|105|143|176|249|386|1,258||01:18:00|Zwift|https://www.strava.com/activities/1997675519
12/2/2018|7.97|01:33:05|0|0|0|0|0||0|0|0|0|0|0|0|0|0|0|||00:00:00|Garmin fēnix 5|https://www.strava.com/activities/1996628977
12/2/2018|6.03|01:33:55|0|0|0|0|0||0|0|0|0|0|0|0|0|0|0|||00:00:00|Garmin fēnix 5|https://www.strava.com/activities/1995940512
12/1/2018|165|05:08:33|1716|0|226|3737|0||0|0|32.1|63|79|111|128|166|202|712|4,167|5|06:07:20|Garmin Edge 1030|https://www.strava.com/activities/1994520058
loaded urls in 8.05:41:56.2285213
