date|distance|mov_time|elevation|relativeEffort|avg_power_weig|work_total|training_load|intensity|estAvgPower|energyOutput|avg_speed|max_speed|avg_cadence|max_cadence|avg_heartRate|max_heartRate|avg_power|max_power|avg_calories|avg_temperature|avg_elap_time|bicycle_model|url
12/28/2018|104.51|03:29:30|278|0|0|0|0||0|0|29.9|88.6|92|111|0|0|0|0||1|03:34:44|SRM PC8|https://www.strava.com/activities/2039868157
12/25/2018|151.97|04:59:10|403|0|0|0|0||0|0|30.5|59|93|112|0|0|0|0||5|05:19:31|SRM PC8|https://www.strava.com/activities/2034784555
12/22/2018|123.56|03:56:54|356|0|0|0|0||0|0|31.3|56.9|96|120|0|0|0|0||12|04:11:22|SRM PC8|https://www.strava.com/activities/2029558019
12/21/2018|57.02|01:56:38|215|0|0|0|0||0|0|29.3|59.4|93|118|0|0|0|0||12|02:12:35|SRM PC8|https://www.strava.com/activities/2028266187
12/19/2018|40.84|01:28:05|140|0|0|0|0||0|0|27.8|39.6|0|0|0|0|0|0||6|01:39:42|Garmin Edge 1000|https://www.strava.com/activities/2025058707
12/5/2018|106.65|03:31:09|289|0|0|0|0||0|0|30.3|63.7|95|126|0|0|0|0||10|03:38:41|SRM PC8|https://www.strava.com/activities/2001667640
12/4/2018|62.68|01:57:44|148|0|0|0|0||0|0|31.9|44.3|99|120|0|0|0|0||9|02:00:47|SRM PC8|https://www.strava.com/activities/1999407301
12/2/2018|130.52|04:20:27|453|0|0|0|0||0|0|30.1|63.4|93|120|0|0|0|0||15|04:28:15|SRM PC8|https://www.strava.com/activities/1996418275
12/1/2018|45.94|01:25:44|60|0|0|0|0||0|0|32.2|47.2|93|126|0|0|0|0||8|01:28:08|SRM PC8|https://www.strava.com/activities/1994123776
12/31/2018|119.53|04:11:07|299|0|0|0|0||0|0|28.6|40.3|0|0|0|0|0|0||6|05:07:17|Garmin Edge 520|https://www.strava.com/activities/2046487394
12/29/2018|142.88|04:27:33|1620|0|0|0|0||0|0|32|63|88|126|0|0|0|0||6|04:55:25|SRM PC8|https://www.strava.com/activities/2042414780
12/18/2018|88.58|02:36:21|652|0|0|0|0||0|0|34|68|87|129|0|0|0|0||16|02:51:11|SRM PC8|https://www.strava.com/activities/2023271558
12/17/2018|160.63|04:56:21|2159|0|0|0|0||0|0|32.5|74.2|87|135|0|0|0|0||15|05:34:37|SRM PC8|https://www.strava.com/activities/2021723247
12/16/2018|99.16|03:19:08|1404|0|0|0|0||0|0|29.9|66.2|85|217|0|0|0|0||19|03:32:57|SRM PC8|https://www.strava.com/activities/2020279607
12/16/2018|44.41|01:16:25|445|0|0|0|0||0|0|34.9|63.7|89|121|0|0|0|0||18|01:24:21|SRM PC8|https://www.strava.com/activities/2020286189
12/15/2018|155.44|04:34:18|1677|0|0|0|0||0|0|34|77|88|130|0|0|0|0||16|04:54:01|SRM PC8|https://www.strava.com/activities/2018554932
12/14/2018|46.69|01:35:58|515|0|0|0|0||0|0|29.2|64.8|84|124|0|0|0|0||15|01:48:20|SRM PC8|https://www.strava.com/activities/2016759336
12/13/2018|132.87|04:06:06|1579|0|0|0|0||0|0|32.4|78.5|83|129|0|0|0|0||16|04:19:28|SRM PC8|https://www.strava.com/activities/2015038022
12/12/2018|28.8|01:00:26|237|0|0|0|0||0|0|28.6|50.8|86|121|0|0|0|0||15|01:52:16|SRM PC8|https://www.strava.com/activities/2013456007
12/11/2018|60.57|01:43:50|648|0|0|0|0||0|0|35|74.2|93|132|0|0|0|0||16|01:50:18|SRM PC8|https://www.strava.com/activities/2011804517
12/10/2018|119.25|03:58:28|1682|0|0|0|0||0|0|30|70.6|86|123|0|0|0|0||17|04:11:14|SRM PC8|https://www.strava.com/activities/2009980798
12/9/2018|103.57|03:17:05|1161|0|0|0|0||0|0|31.5|79.6|90|131|0|0|0|0||20|03:43:32|SRM PC8|https://www.strava.com/activities/2008360997
2/28/2018|130.48|04:18:37|1199|0|240|0|0||0|0|30.3|64.8|77|108|0|0|0|464||0|04:22:55|SRM PC8|https://www.strava.com/activities/1429913792
2/27/2018|69.6|02:00:38|830|0|230|0|0||0|0|34.6|76.3|79|113|0|0|0|377|||02:01:05|Zwift|https://www.strava.com/activities/1428229225
2/26/2018|60.04|01:32:10|409|0|240|0|0||0|0|39.1|68|80|108|0|0|0|339|||01:33:18|Zwift|https://www.strava.com/activities/1426987762
2/21/2018|154.31|05:01:59|1168|0|0|0|0||0|0|30.7|70.6|81|118|0|0|0|0||5|05:19:20|SRM PC8|https://www.strava.com/activities/1418824815
2/21/2018|19.82|00:38:52|70|0|0|0|0||0|0|30.6|43.9|0|0|0|0|0|0|615|0|00:39:50|Garmin Edge 1000|https://www.strava.com/activities/1732839756
2/19/2018|42.31|01:20:10|1074|0|262|0|0||0|0|31.7|79.6|76|102|0|0|0|381|||01:21:10|Zwift|https://www.strava.com/activities/1415618814
2/19/2018|47.95|01:18:36|475|0|0|0|0||0|0|36.6|76|94|119|0|0|0|0|||01:19:08|Zwift|https://www.strava.com/activities/1415283131
2/17/2018|132.6|04:09:54|394|0|203|0|0||0|0|31.8|50.4|83|112|0|0|0|632||7|04:22:30|SRM PC8|https://www.strava.com/activities/1411744783
2/15/2018|32.14|01:01:26|687|0|233|0|0||0|0|31.4|86|90|125|0|0|0|381|||01:03:14|Zwift|https://www.strava.com/activities/1408431232
2/14/2018|88.21|02:48:39|1042|0|253|0|0||0|0|31.4|57.6|81|106|0|0|0|591||6|02:51:14|SRM PC8|https://www.strava.com/activities/1407062962
2/13/2018|95.97|03:08:51|647|0|222|0|0||0|0|30.5|64.8|80|106|0|0|0|649||7|03:26:02|SRM PC8|https://www.strava.com/activities/1405495561
2/12/2018|60.97|01:58:08|270|0|0|0|0||0|0|31|53.3|81|106|0|0|0|0||7|02:02:54|SRM PC8|https://www.strava.com/activities/1404226101
2/12/2018|44.7|01:15:22|455|0|0|0|0||0|0|35.6|74.5|94|118|0|0|0|0|||01:15:22|Zwift|https://www.strava.com/activities/1403824997
2/6/2018|56.49|01:49:01|547|0|0|0|0||0|0|31.1|59|82|114|0|0|0|0||8|02:00:00|SRM PC8|https://www.strava.com/activities/1394425490
2/4/2018|99.78|03:06:38|1321|0|0|0|0||0|0|32.1|64.1|82|111|0|0|0|0||10|03:09:08|SRM PC8|https://www.strava.com/activities/1391639615
2/1/2018|25.82|01:00:09|40|0|111|0|0||0|0|25.8|34.9|85|108|0|0|0|401|338|12|01:00:09|Garmin Edge 1000|https://www.strava.com/activities/1732839721
2/25/2018|158.89|03:58:54|693|0|293|0|0||0|0|39.9|64.1|84|126|0|0|0|881||3|03:58:54|SRM PC8|https://www.strava.com/activities/1425908200
2/16/2018|130.07|04:06:01|1038|0|0|0|0||178|0|31.7|58.3|0|0|0|0|0|0|4,198|5|04:12:36|Garmin Edge 1000|https://www.strava.com/activities/1732839774
2/7/2018|181.17|06:03:33|3302|0|222|0|0||0|0|29.9|74.9|80|125|0|0|0|804||9|06:23:51|SRM PC8|https://www.strava.com/activities/1396238228
2/3/2018|163.71|05:23:59|2878|0|0|0|0||0|0|30.3|72.7|80|117|0|0|0|0||13|05:39:34|SRM PC8|https://www.strava.com/activities/1389467889
2/2/2018|134.8|04:03:47|1302|0|0|0|0||0|0|33.2|62.6|83|122|0|0|0|0||10|04:08:04|SRM PC8|https://www.strava.com/activities/1387784673
3/31/2018|98.01|03:03:36|611|0|0|0|0||0|0|32|57.6|81|103|0|0|0|0||9|03:08:20|SRM PC8|https://www.strava.com/activities/1481451062
3/30/2018|125.86|04:00:27|912|0|0|0|0||179|0|31.4|60.8|0|0|0|0|0|0||7|04:05:37|Garmin Edge 1000|https://www.strava.com/activities/1479652396
3/29/2018|159.33|05:12:22|1242|0|226|0|0||0|0|30.6|68.4|79|119|0|0|0|704||11|05:34:56|SRM PC8|https://www.strava.com/activities/1477962836
3/27/2018|66.75|02:00:58|1288|0|240|0|0||0|0|33.1|81|78|101|0|0|0|338|||02:07:26|Zwift|https://www.strava.com/activities/1474343249
3/23/2018|117.79|04:06:34|2530|0|258|0|0||0|0|28.7|64.8|78|112|0|0|0|530||4|04:10:59|SRM PC8|https://www.strava.com/activities/1467475525
3/22/2018|39.36|01:15:19|826|0|235|0|0||0|0|31.4|76|78|95|0|0|0|460|||01:15:19|Zwift|https://www.strava.com/activities/1465330632
3/21/2018|150.07|04:59:16|2459|0|238|0|0||0|0|30.1|71.3|75|111|0|0|0|491||6|05:20:42|SRM PC8|https://www.strava.com/activities/1464499419
3/20/2018|46.43|01:30:14|1248|0|0|0|0||0|0|30.9|78.1|71|111|0|0|0|0|||01:30:29|Zwift|https://www.strava.com/activities/1462131128
3/18/2018|93.83|03:02:36|570|0|0|0|0||0|0|30.8|59|76|101|0|0|0|0||2|03:05:35|SRM PC8|https://www.strava.com/activities/1459569567
3/18/2018|40.29|01:17:51|275|0|0|0|0||0|0|31.1|56.9|78|101|0|0|0|0||0|01:20:02|SRM PC8|https://www.strava.com/activities/1459569452
3/17/2018|139.82|04:02:42|2281|0|0|0|0||0|0|34.6|74.9|76|105|0|0|0|0|||04:09:40|Zwift|https://www.strava.com/activities/1457404826
3/15/2018|47.83|01:30:24|995|0|0|0|0||0|0|31.7|84.6|79|119|0|0|0|0|||01:30:24|Zwift|https://www.strava.com/activities/1454496619
3/14/2018|19.02|00:38:09|106|0|0|0|0||0|0|29.9|43.2|83|107|0|0|0|0||12|00:42:22|SRM PC8|https://www.strava.com/activities/1453034689
3/14/2018|116.42|02:42:06|469|0|0|0|0||0|0|43.1|64.8|92|149|0|0|0|0||14|02:42:06|SRM PC8|https://www.strava.com/activities/1453030069
3/14/2018|25.76|00:51:19|146|0|0|0|0||0|0|30.1|45.4|78|97|0|0|0|0||15|00:54:37|SRM PC8|https://www.strava.com/activities/1453037669
3/9/2018|141.55|04:30:31|1245|0|0|0|0||0|0|31.4|64.8|81|106|0|0|0|0||8|04:33:07|SRM PC8|https://www.strava.com/activities/1443841844
3/8/2018|47.7|01:30:54|1176|0|0|0|0||0|0|31.5|80.6|74|134|0|0|0|0|||01:30:54|Zwift|https://www.strava.com/activities/1442390185
3/3/2018|40.4|01:17:08|844|0|231|0|0||0|0|31.4|86.4|79|99|0|0|0|335|||01:17:08|Zwift|https://www.strava.com/activities/1433561871
3/2/2018|34.49|01:03:07|695|0|238|0|0||0|0|32.8|86.8|80|126|0|0|0|365|||01:03:07|Zwift|https://www.strava.com/activities/1432762063
3/1/2018|38.35|01:15:39|816|0|227|0|0||0|0|30.4|74.5|80|104|0|0|0|280|||01:15:39|Zwift|https://www.strava.com/activities/1430998234
3/25/2018|120.64|04:04:44|2152|0|228|0|0||0|0|29.6|73.4|79|109|0|0|0|570||10|04:06:54|SRM PC8|https://www.strava.com/activities/1471546835
3/24/2018|154.12|05:00:44|2610|0|234|0|0||0|0|30.7|66.2|78|112|0|0|0|549||12|05:35:59|SRM PC8|https://www.strava.com/activities/1469173871
3/11/2018|183.58|04:38:04|2214|0|0|0|0||0|0|39.6|77|84|122|0|0|0|0||20|04:38:30|SRM PC8|https://www.strava.com/activities/1448406092
3/8/2018|46.43|01:16:02|457|0|0|0|0||0|0|36.6|75.2|81|96|0|0|0|0|||01:16:02|Zwift|https://www.strava.com/activities/1442063227
3/6/2018|173.45|05:35:51|1233|0|0|0|0||0|0|31|72.7|81|119|0|0|0|0||10|06:09:36|SRM PC8|https://www.strava.com/activities/1439083947
3/4/2018|185.7|04:30:25|643|0|261|0|0||0|0|41.2|67.7|85|123|0|0|0|858||6|04:31:07|SRM PC8|https://www.strava.com/activities/1436387094
3/1/2018|60.31|01:59:40|276|0|191|0|0||0|0|30.2|53.3|81|106|0|0|0|540||1|03:05:21|SRM PC8|https://www.strava.com/activities/1431324009
4/30/2018|41.4|01:22:02|546|0|0|0|0||0|0|30.3|60.5|80|101|0|0|0|0||6|01:23:36|SRM PC8|https://www.strava.com/activities/1541344764
4/27/2018|121.18|04:05:36|2209|0|232|0|0||0|0|29.6|72|79|107|0|0|0|527||14|04:08:14|SRM PC8|https://www.strava.com/activities/1534571204
4/25/2018|143.06|05:02:14|2853|0|230|0|0||0|0|28.4|79.9|78|119|0|0|0|537||15|05:14:41|SRM PC8|https://www.strava.com/activities/1531036062
4/5/2018|48.08|01:30:39|897|0|0|0|0||0|0|31.8|87.1|83|111|0|0|0|0|||01:32:21|Zwift|https://www.strava.com/activities/1490389353
4/1/2018|33.84|01:15:47|1154|0|240|0|0||0|0|26.8|78.1|77|98|0|0|0|319|||01:15:47|Zwift|https://www.strava.com/activities/1484130290
4/22/2018|166.64|04:18:56|2397|0|251|0|0||0|0|38.6|87.1|84|122|0|0|0|794||29|04:18:56|SRM PC8|https://www.strava.com/activities/1526079948
4/21/2018|168.8|04:11:28|2309|0|271|0|0||0|0|40.3|76.3|85|134|0|0|0|873||29|04:11:28|SRM PC8|https://www.strava.com/activities/1522610494
4/14/2018|174|04:14:25|2402|0|282|0|0||0|0|41|90.7|84|135|0|0|0|846||20|04:14:25|SRM PC8|https://www.strava.com/activities/1508510093
4/8/2018|109.78|02:39:46|1408|0|250|0|0||0|0|41.2|82.1|85|128|0|0|0|781||26|02:39:46|SRM PC8|https://www.strava.com/activities/1497576618
4/8/2018|82.36|02:04:36|1225|0|269|0|0||0|0|39.7|82.8|81|123|0|0|0|782||15|02:04:36|SRM PC8|https://www.strava.com/activities/1497576578
4/7/2018|179.78|04:35:02|2504|0|255|0|0||0|0|39.2|83.5|83|132|0|0|0|890||23|04:43:13|SRM PC8|https://www.strava.com/activities/1494638289
4/6/2018|171.89|04:19:18|2304|0|0|0|0||0|0|39.8|86.4|81|132|0|0|0|0||18|04:20:37|SRM PC8|https://www.strava.com/activities/1492824536
5/30/2018|133.97|04:05:17|1078|0|230|0|0||0|0|32.8|75.6|82|124|0|0|0|655||25|04:12:58|SRM PC8|https://www.strava.com/activities/1607707185
5/29/2018|162|04:59:41|1328|0|239|0|0||0|0|32.4|75.6|82|120|0|0|0|679||23|05:17:53|SRM PC8|https://www.strava.com/activities/1607711626
5/28/2018|103.98|03:00:28|762|0|0|0|0||0|0|34.6|71.3|83|115|141|174|0|0||27|03:08:08|SRM PC8|https://www.strava.com/activities/1602047436
5/26/2018|142|04:48:25|2451|0|0|0|0||0|0|29.5|73.4|80|116|139|165|0|0||28|05:13:45|SRM PC8|https://www.strava.com/activities/1602049137
5/25/2018|122.33|04:00:52|1749|0|221|0|0||0|0|30.5|75.6|81|111|0|0|0|497||24|04:13:15|SRM PC8|https://www.strava.com/activities/1594986920
5/24/2018|86.36|03:02:38|1696|0|217|0|0||0|0|28.4|79.2|80|127|0|0|0|641||23|03:03:28|SRM PC8|https://www.strava.com/activities/1592977472
5/2/2018|139.35|04:36:39|1175|0|209|0|0||0|0|30.2|71.3|78|109|0|0|0|384||17|04:39:00|SRM PC8|https://www.strava.com/activities/1545041066
5/1/2018|27.49|00:39:08|405|0|350|0|0||0|0|42.2|110.2|90|116|0|0|0|724||12|00:39:08|SRM PC8|https://www.strava.com/activities/1544544911
5/6/2018|181.15|04:40:28|2588|0|255|0|0||0|0|38.8|90.7|82|134|0|0|0|891||30|04:40:28|SRM PC8|https://www.strava.com/activities/1554545934
6/30/2018|140.13|04:33:52|1513|0|0|0|0||0|0|30.7|85.7|76|137|0|0|0|0||29|04:53:56|SRM PC8|https://www.strava.com/activities/1671637472
6/28/2018|94.24|03:03:18|742|0|0|0|0||0|0|30.9|61.2|80|105|0|0|0|0||30|03:06:21|SRM PC8|https://www.strava.com/activities/1667843437
6/27/2018|102.21|02:44:19|704|0|0|0|0||0|0|37.3|68.4|85|119|0|0|0|0||24|02:49:02|SRM PC8|https://www.strava.com/activities/1665236431
6/24/2018|58.91|02:00:23|226|0|0|0|0||0|0|29.4|54.7|79|100|0|0|0|0||23|02:02:55|SRM PC8|https://www.strava.com/activities/1659693646
6/22/2018|101.4|03:30:51|2266|0|240|0|0||0|0|28.9|75.6|79|107|0|0|0|493||18|03:35:42|SRM PC8|https://www.strava.com/activities/1654688556
6/20/2018|70.93|02:30:08|1405|0|220|0|0||0|0|28.3|87.1|82|132|0|0|0|371||28|02:30:28|SRM PC8|https://www.strava.com/activities/1650792076
6/14/2018|93.79|03:00:34|560|0|192|0|0||0|0|31.2|71.3|81|111|0|0|0|457||20|03:05:15|SRM PC8|https://www.strava.com/activities/1638006479
6/13/2018|141.8|04:31:56|1234|0|213|0|0||0|0|31.3|67.7|81|122|0|0|0|961||19|04:33:02|SRM PC8|https://www.strava.com/activities/1635965810
6/10/2018|93|03:05:27|1047|0|210|0|0||0|0|30.1|75.6|78|121|0|0|0|390||21|03:10:06|SRM PC8|https://www.strava.com/activities/1629336330
6/8/2018|123.24|04:00:00|965|0|196|0|0||0|0|30.8|67.7|81|107|0|0|0|386||17|04:09:01|SRM PC8|https://www.strava.com/activities/1624901732
6/6/2018|118.91|03:33:56|653|0|219|0|0||0|0|33.4|62.6|83|107|0|0|0|715||22|03:34:48|SRM PC8|https://www.strava.com/activities/1620875682
6/5/2018|91.59|02:57:49|1176|0|235|0|0||0|0|30.9|74.2|75|118|0|0|0|684||19|03:01:37|SRM PC8|https://www.strava.com/activities/1618485910
6/3/2018|129.97|04:01:14|1082|0|218|0|0||0|0|32.3|72|81|116|0|0|0|458||25|04:15:33|SRM PC8|https://www.strava.com/activities/1614323213
6/23/2018|146.7|05:11:37|3060|0|217|0|0||0|0|28.2|86.4|77|107|0|0|0|400||20|05:32:47|SRM PC8|https://www.strava.com/activities/1656815449
6/21/2018|117.66|04:05:23|2421|0|233|0|0||0|0|28.8|82.8|75|118|0|0|0|924||26|04:11:12|SRM PC8|https://www.strava.com/activities/1652702520
7/30/2018|0|05:07:23|2615|0|219|0|0||0|0|0|0|75|112|0|0|0|460||30|05:07:23|SRM PC8|https://www.strava.com/activities/1738210957
7/29/2018|153.46|05:01:22|2724|0|258|0|0||0|0|30.6|76.3|78|113|0|0|0|499||26|05:10:38|SRM PC8|https://www.strava.com/activities/1735673856
7/25/2018|179.08|05:00:24|1147|0|221|0|0||0|0|35.8|74.9|83|111|0|0|0|723||31|05:09:56|SRM PC8|https://www.strava.com/activities/1726788810
7/24/2018|112.57|03:31:06|1033|0|225|0|0||0|0|32|64.1|80|126|0|0|0|977||29|03:40:11|SRM PC8|https://www.strava.com/activities/1726238851
7/21/2018|111.11|03:43:05|1523|0|217|0|0||0|0|29.9|75.6|79|115|0|0|0|525||12|04:08:49|SRM PC8|https://www.strava.com/activities/1717126364
7/3/2018|131.66|04:08:11|900|0|0|0|0||0|0|31.8|78.5|78|130|2|124|0|0||23|04:20:01|SRM PC8|https://www.strava.com/activities/1677763052
7/1/2018|92.7|02:58:54|811|0|0|0|0||0|0|31.1|62.6|77|102|0|0|0|0||32|03:17:35|SRM PC8|https://www.strava.com/activities/1673941071
7/27/2018|54.87|01:23:02|50|0|229|0|0||0|0|39.6|57.6|86|109|0|0|0|783||34|01:29:17|SRM PC8|https://www.strava.com/activities/1731485224
7/19/2018|160.58|06:00:59|3860|0|214|0|0||0|0|26.7|87.8|76|126|0|0|0|790||28|06:35:00|SRM PC8|https://www.strava.com/activities/1713110930
7/18/2018|121.5|04:21:18|2772|0|225|0|0||0|0|27.9|93.6|77|130|0|0|0|686||27|04:37:43|SRM PC8|https://www.strava.com/activities/1710657954
7/16/2018|122.93|05:00:21|3485|0|211|0|0||0|0|24.6|84.2|72|130|0|0|0|716||24|05:42:04|SRM PC8|https://www.strava.com/activities/1706399370
7/15/2018|123.69|04:32:50|2798|0|204|0|0||0|0|27.2|85.7|77|125|0|0|0|667||24|04:49:48|SRM PC8|https://www.strava.com/activities/1704464183
7/13/2018|107.19|03:47:00|2140|0|208|0|0||0|0|28.3|85|78|118|0|0|0|867||27|04:09:33|SRM PC8|https://www.strava.com/activities/1699590947
7/12/2018|113.44|04:03:13|2188|0|196|0|0||0|0|28|95|78|131|0|0|0|927||20|04:17:23|SRM PC8|https://www.strava.com/activities/1697404228
7/10/2018|90.26|03:04:43|1269|0|180|0|0||0|0|29.3|87.1|83|132|0|0|0|764||19|03:15:01|SRM PC8|https://www.strava.com/activities/1693049669
7/9/2018|63.75|02:08:27|577|0|158|0|0||0|0|29.8|76.3|82|125|0|0|0|486||22|02:15:00|SRM PC8|https://www.strava.com/activities/1690862967
7/8/2018|62.56|01:28:57|590|0|161|0|0||0|0|42.2|90.7|80|118|0|0|0|520||22|02:04:24|SRM PC8|https://www.strava.com/activities/1688590413
7/4/2018|139.3|04:45:40|2400|0|0|0|0||0|0|29.3|89.3|75|135|0|0|0|0||23|04:57:14|SRM PC8|https://www.strava.com/activities/1680156420
8/31/2018|115.66|04:04:58|2741|0|250|0|0||0|0|28.3|74.9|78|107|0|0|0|616||17|04:07:42|SRM PC8|https://www.strava.com/activities/1809628961
8/30/2018|167.87|05:00:30|1139|0|0|0|0||0|0|33.5|70.6|82|120|0|0|0|0||20|05:08:34|SRM PC8|https://www.strava.com/activities/1809638508
8/29/2018|48.22|01:30:45|991|0|0|0|0||0|0|31.9|84.2|0|0|0|0|0|0|1,179||01:30:45|Zwift|https://www.strava.com/activities/1805182423
8/29/2018|48.69|01:30:48|993|0|0|0|0||0|0|32.2|81.7|0|0|0|0|0|0|1,225||01:32:32|Zwift|https://www.strava.com/activities/1804786836
8/26/2018|112.34|03:13:23|1912|0|0|0|0||0|0|34.9|83.2|76|136|0|0|0|0|2,326|18|03:15:57|Garmin Edge 1000|https://www.strava.com/activities/1798601010
8/25/2018|77.22|02:42:01|2668|0|286|0|0||0|0|28.6|89.3|79|138|0|0|0|846|2,529|13|02:47:20|Garmin Edge 1000|https://www.strava.com/activities/1796293496
8/24/2018|82.57|02:16:15|1810|0|0|0|0||0|0|36.4|86.8|84|134|0|0|0|0|2,008|22|02:24:09|Garmin Edge 1000|https://www.strava.com/activities/1794523640
8/23/2018|34.77|01:12:03|1415|0|0|0|0||0|0|29|79.2|84|124|0|0|0|0|1,265|25|01:22:21|Garmin Edge 1000|https://www.strava.com/activities/1792719201
8/23/2018|30.21|01:00:56|234|0|0|0|0||0|0|29.8|64.8|80|119|0|0|0|0|511|24|01:01:44|Garmin Edge 1000|https://www.strava.com/activities/1791625629
8/22/2018|180.7|04:01:02|1659|0|0|0|0||0|0|45|77.4|87|132|143|180|0|0|2,903|30|04:03:36|Garmin Edge 1000|https://www.strava.com/activities/1789952246
8/22/2018|4.93|00:12:19|29|0|91|0|0||0|0|24|40.7|63|114|0|0|0|595|55|27|00:14:49|Garmin Edge 1000|https://www.strava.com/activities/1789951285
8/21/2018|147.41|03:14:27|674|0|217|0|0||0|0|45.5|72.7|87|132|0|0|0|877|2,191|30|03:21:37|Garmin Edge 1000|https://www.strava.com/activities/1787835253
8/20/2018|20.29|00:22:38|26|0|0|0|0||0|0|53.8|74.2|94|115|0|0|0|0||27|00:22:38|SRM PC8|https://www.strava.com/activities/1785305483
8/20/2018|35.64|01:05:34|96|0|197|0|0||0|0|32.6|60.5|85|111|0|0|0|937||23|01:13:08|SRM PC8|https://www.strava.com/activities/1784837474
8/19/2018|169.49|03:44:07|1251|0|245|0|0||0|0|45.4|79.9|87|130|0|0|0|912|2,769|27|03:52:09|Garmin Edge 1000|https://www.strava.com/activities/1783352068
8/18/2018|144.85|03:16:20|1071|0|235|0|0||0|0|44.3|78.8|83|126|0|0|0|887|2,306|24|03:16:20|Garmin Edge 1000|https://www.strava.com/activities/1780902115
8/18/2018|4.77|00:10:24|15|0|121|0|0||0|0|27.5|40.3|71|111|0|0|0|525|64|29|00:11:51|Garmin Edge 1000|https://www.strava.com/activities/1780901442
8/17/2018|136.1|03:14:37|1317|0|0|0|0||0|0|42|75.6|81|129|138|176|0|0|2,378|19|03:15:13|Garmin Edge 1000|https://www.strava.com/activities/1778578607
8/17/2018|7.85|00:16:21|70|0|0|0|0||0|0|28.8|49.3|67|137|108|153|0|0|109|24|00:16:21|Garmin Edge 1000|https://www.strava.com/activities/1778577747
8/16/2018|45.29|01:25:33|212|0|0|0|0||0|0|31.8|51.1|82|114|0|0|0|0|739|17|01:56:08|Garmin Edge 1000|https://www.strava.com/activities/1776061581
8/15/2018|58.78|01:47:38|128|0|0|0|0||0|0|32.8|56.2|84|114|0|0|0|0||22|01:56:36|SRM PC8|https://www.strava.com/activities/1773492997
8/14/2018|131.04|04:03:50|1080|0|0|0|0||0|0|32.2|72.7|80|114|0|0|0|0||21|04:07:49|SRM PC8|https://www.strava.com/activities/1771111278
8/12/2018|61.21|01:52:05|158|0|0|0|0||0|0|32.8|56.9|82|111|0|0|0|0||29|02:43:49|SRM PC8|https://www.strava.com/activities/1767629534
8/10/2018|137.04|03:47:37|2900|0|0|0|0||0|0|36.1|93.6|81|135|0|0|0|0||25|03:47:37|SRM PC8|https://www.strava.com/activities/1763076799
8/9/2018|13.73|00:28:50|140|0|0|0|0||0|0|28.6|59.8|77|106|0|0|0|0||22|00:28:50|SRM PC8|https://www.strava.com/activities/1761249553
8/9/2018|134.05|03:38:06|2698|0|0|0|0||0|0|36.9|95.8|82|144|0|0|0|0||26|03:39:00|SRM PC8|https://www.strava.com/activities/1761238030
8/8/2018|154.12|03:47:21|2190|0|0|0|0||0|0|40.7|90.7|84|135|0|0|0|0||31|03:48:04|SRM PC8|https://www.strava.com/activities/1758518213
8/7/2018|186.01|04:41:33|2270|0|0|0|0||0|0|39.6|97.2|85|146|0|0|0|0||33|04:53:21|SRM PC8|https://www.strava.com/activities/1756542336
8/6/2018|148.58|03:33:06|924|0|0|0|0||0|0|41.8|75.6|84|124|0|0|0|0||29|03:36:47|SRM PC8|https://www.strava.com/activities/1754354812
8/5/2018|147.51|03:21:59|888|0|227|0|0||0|0|43.8|74.9|87|128|0|0|0|876||29|03:23:08|SRM PC8|https://www.strava.com/activities/1752134866
8/4/2018|144.06|03:19:59|1383|0|238|0|0||0|0|43.2|82.1|87|131|0|0|0|839||33|03:19:59|SRM PC8|https://www.strava.com/activities/1749648842
8/4/2018|30.97|01:11:08|312|0|0|0|0||150|0|26.1|64.4|0|0|0|0|0|0|||01:27:00||https://www.strava.com/activities/1748540032
8/3/2018|39.49|01:18:21|420|0|179|0|0||0|0|30.2|67|79|118|0|0|0|977||33|01:19:46|SRM PC8|https://www.strava.com/activities/1747563241
9/29/2018|87.84|03:00:23|1897|0|256|0|0||0|0|29.2|69.8|81|112|0|0|0|514||12|03:00:23|SRM PC8|https://www.strava.com/activities/1872695005
9/28/2018|143.98|05:03:10|3068|0|236|0|0||0|0|28.5|72.7|79|114|0|0|0|570||11|05:07:42|SRM PC8|https://www.strava.com/activities/1870968335
9/26/2018|32.99|01:06:03|270|0|183|0|0||0|0|30|59.8|81|105|0|0|0|319||11|01:06:03|SRM PC8|https://www.strava.com/activities/1867368907
9/25/2018|88.3|02:52:19|1122|0|251|0|0||0|0|30.7|69.8|81|107|0|0|0|570||14|02:55:27|SRM PC8|https://www.strava.com/activities/1864428665
9/24/2018|160.19|05:04:09|1291|0|212|0|0||0|0|31.6|64.8|80|111|0|0|0|449||16|05:10:45|SRM PC8|https://www.strava.com/activities/1862926361
9/14/2018|178.56|05:26:55|1172|0|234|0|0||0|0|32.8|66.2|84|108|0|0|0|645|4,361|14|05:37:23|Garmin Edge 1000|https://www.strava.com/activities/1864485698
9/5/2018|89.94|02:48:16|521|0|182|0|0||0|0|32.1|71.3|88|115|0|0|0|540||20|03:00:49|SRM PC8|https://www.strava.com/activities/1821427599
9/4/2018|24.04|00:55:21|103|0|108|0|0||0|0|26.1|41|85|115|0|0|0|511||24|00:59:04|SRM PC8|https://www.strava.com/activities/1820841688
9/3/2018|139.98|04:03:05|345|0|223|0|0||0|0|34.6|56.2|84|106|0|0|0|616||20|04:49:15|SRM PC8|https://www.strava.com/activities/1816328720
9/1/2018|148.24|05:05:28|3116|0|0|0|0||0|0|29.1|76.3|78|122|0|0|0|0||19|05:35:51|SRM PC8|https://www.strava.com/activities/1811868500
9/26/2018|162.53|03:22:20|172|0|0|0|0||0|0|48.2|62.6|94|124|0|0|0|0||21|03:22:20|SRM PC8|https://www.strava.com/activities/1867371328
9/20/2018|173.04|03:41:05|194|0|273|0|0||0|0|47|66.2|92|125|0|0|0|969||26|03:41:05|SRM PC8|https://www.strava.com/activities/1854760350
9/18/2018|200.23|04:51:31|1086|0|281|0|0||0|0|41.2|69.1|88|131|0|0|0|946||25|05:20:34|SRM PC8|https://www.strava.com/activities/1850324336
9/16/2018|185.07|04:22:45|1481|0|269|0|0||0|0|42.3|77.8|87|122|0|0|0|921||25|04:23:38|SRM PC8|https://www.strava.com/activities/1846316733
9/12/2018|214.55|05:38:03|2933|0|240|0|0||0|0|38.1|85.7|86|133|0|0|0|884||25|05:41:17|SRM PC8|https://www.strava.com/activities/1837322413
9/9/2018|172.26|04:44:36|3346|0|269|0|0||0|0|36.3|83.5|82|129|0|0|0|913||19|04:46:03|SRM PC8|https://www.strava.com/activities/1831137180
9/7/2018|200.25|05:06:35|2662|0|0|0|0||0|0|39.2|112.3|84|128|141|187|0|0||24|05:08:23|SRM PC8|https://www.strava.com/activities/1826028555
9/2/2018|76.29|01:47:10|164|0|274|0|0||0|0|42.7|58.3|90|147|0|0|0|974||26|01:47:10|SRM PC8|https://www.strava.com/activities/1815206234
9/2/2018|6.19|00:09:02|14|0|320|0|0||0|0|41.2|57.6|93|110|0|0|0|589||27|00:09:02|SRM PC8|https://www.strava.com/activities/1815204606
10/10/2018|130.89|03:59:29|1082|0|221|0|0||0|0|32.8|72.7|81|116|0|0|0|480||15|04:04:08|SRM PC8|https://www.strava.com/activities/1895724084
10/9/2018|83.11|02:26:11|609|0|241|0|0||0|0|34.1|74.9|84|118|0|0|0|755||14|02:30:09|SRM PC8|https://www.strava.com/activities/1893620630
10/6/2018|159.43|05:01:03|1387|0|212|0|0||0|0|31.8|73.4|82|115|0|0|0|439||20|05:15:08|SRM PC8|https://www.strava.com/activities/1887498671
10/5/2018|129.61|04:02:27|1017|0|242|0|0||0|0|32.1|80.6|81|109|0|0|0|739||17|04:11:49|SRM PC8|https://www.strava.com/activities/1885383039
10/21/2018|168.73|03:40:07|449|0|0|0|0||0|0|46|75.6|88|129|127|178|0|0||18|03:43:12|SRM PC8|https://www.strava.com/activities/1917649798
10/20/2018|216.93|04:51:24|1024|0|0|0|0||0|0|44.7|101.5|87|126|131|185|0|0||20|04:59:54|SRM PC8|https://www.strava.com/activities/1915687220
10/19/2018|155.74|03:24:31|1058|0|0|0|0||0|0|45.7|81.4|87|133|0|0|0|0||23|03:40:55|SRM PC8|https://www.strava.com/activities/1913983961
10/18/2018|137.03|03:06:21|483|0|0|0|0||0|0|44.1|75.6|89|132|0|0|0|0||22|03:47:37|SRM PC8|https://www.strava.com/activities/1911803101
10/17/2018|146.54|03:18:24|288|0|0|0|0||0|0|44.3|64.8|89|120|120|170|0|0||19|03:19:09|SRM PC8|https://www.strava.com/activities/1909962567
10/16/2018|108.1|02:21:51|318|0|0|0|0||0|0|45.7|73.4|89|125|132|182|0|0||29|02:21:51|SRM PC8|https://www.strava.com/activities/1907629800
10/14/2018|20.81|00:29:02|202|0|0|0|0||0|0|43|85|90|117|0|0|0|0||27|00:29:21|SRM PC8|https://www.strava.com/activities/1903630762
10/14/2018|40.68|00:58:11|342|0|0|0|0||0|0|42|82.8|89|123|0|0|0|0||28|00:58:27|SRM PC8|https://www.strava.com/activities/1903628921
10/2/2018|188.9|04:33:31|1097|0|270|0|0||0|0|41.4|71.3|85|154|0|0|0|858||13|04:51:13|SRM PC8|https://www.strava.com/activities/1879886292
11/30/2018|94.03|03:00:03|510|0|218|0|0||0|0|31.3|58.3|90|207|0|0|0|1004||11|03:02:04|SRM PC8|https://www.strava.com/activities/1994161224
11/29/2018|29.33|01:00:44|663|0|205|0|0||0|0|29|86.8|91|143|0|0|0|565|706||01:00:44|Zwift|https://www.strava.com/activities/1990749152
11/28/2018|64.65|02:01:48|1161|0|210|0|0||0|0|31.9|76.7|90|113|0|0|0|542|1,450||02:02:32|Zwift|https://www.strava.com/activities/1989088804
11/27/2018|92.58|02:59:42|795|0|205|0|0||0|0|30.9|68.4|95|136|0|0|0|560||7|03:05:17|SRM PC8|https://www.strava.com/activities/1987500791
11/26/2018|86.15|02:31:03|933|0|214|0|0||0|0|34.2|76.7|89|129|0|0|0|815|1,810||02:34:22|Zwift|https://www.strava.com/activities/1985760700
11/24/2018|92.01|02:59:16|725|0|209|0|0||0|0|30.8|61.2|92|123|0|0|0|822||6|03:02:28|SRM PC8|https://www.strava.com/activities/1985063218
11/23/2018|69.95|02:14:29|438|0|206|0|0||0|0|31.2|52.6|92|129|0|0|0|898||8|02:21:51|SRM PC8|https://www.strava.com/activities/1980397372
11/17/2018|49.26|02:00:00|88|0|0|0|0||93|0|24.6|49.3|0|0|0|0|0|0|1,175|3|02:11:31|Garmin Edge 1000|https://www.strava.com/activities/1969643304
11/10/2018|48.84|02:53:06|1289|0|0|0|0||0|0|16.9|69.5|0|0|0|0|0|0||8|03:47:55|Wahoo ELEMNT BOLT|https://www.strava.com/activities/1956958684
12/29/2018|129.21|04:01:36|664|0|0|0|0||0|0|32.1|61.9|0|0|0|0|0|0|3,185|8|04:08:16|SRM PC8|https://www.strava.com/activities/2093569761
12/24/2018|87.67|02:47:35|686|0|0|0|0||198|0|31.4|67|0|0|0|0|0|0||9|03:22:57|SRM PC8|https://www.strava.com/activities/2033176003
12/22/2018|67.46|03:09:02|386|0|0|0|0||112|0|21.4|44.6|0|0|0|0|0|0||12|03:30:01|SRM PC8|https://www.strava.com/activities/2029419496
12/21/2018|105.91|03:32:56|839|0|0|0|0||192|0|29.8|63.4|0|0|0|0|0|0||13|03:34:50|SRM PC8|https://www.strava.com/activities/2027986712
12/20/2018|58.43|02:00:04|1261|0|0|0|0||0|0|29.2|75.6|86|148|0|0|0|0|1,404||02:02:19|Zwift|https://www.strava.com/activities/2026650850
12/19/2018|30.84|01:00:28|704|0|0|0|0||0|0|30.6|81.4|85|109|0|0|0|0|833||01:00:28|Zwift|https://www.strava.com/activities/2025345846
12/12/2018|39.4|01:23:02|396|0|0|0|0||0|0|28.5|57.6|87|136|101|137|0|0||20|02:35:58|SRM PC8|https://www.strava.com/activities/2013536276
12/4/2018|114.2|03:37:26|942|0|94|0|0||0|0|31.5|69.1|93|108|0|0|0|626||9|03:37:26|SRM PC8|https://www.strava.com/activities/2006528818
12/30/2018|53.43|02:00:59|243|0|0|0|0||125|0|26.5|49.7|0|0|0|0|0|0|1,079|5|02:31:53|Garmin Edge 1000|https://www.strava.com/activities/2044012514
12/18/2018|88.3|02:39:05|608|0|186|0|0||0|0|33.3|61.9|88|126|0|0|0|1017||16|02:42:27|SRM PC8|https://www.strava.com/activities/2027985565
12/17/2018|112.11|03:23:32|1000|0|0|0|0||0|0|33.1|67.7|89|140|116|159|0|0||17|03:27:37|SRM PC8|https://www.strava.com/activities/2021576886
12/16/2018|143.84|04:33:39|1775|0|216|0|0||0|0|31.5|69.1|87|121|0|0|0|960||18|04:56:59|SRM PC8|https://www.strava.com/activities/2020153533
12/15/2018|155.69|04:46:32|1222|0|201|0|0||0|0|32.6|73.4|91|134|0|0|0|964||16|04:52:16|SRM PC8|https://www.strava.com/activities/2018567344
12/14/2018|50.81|01:39:42|452|0|190|0|0||0|0|30.6|64.8|90|126|0|0|0|748||14|02:05:50|SRM PC8|https://www.strava.com/activities/2016985303
12/13/2018|132.78|04:06:57|1529|0|0|0|0||0|0|32.3|64.1|88|133|126|164|0|0||16|04:18:54|SRM PC8|https://www.strava.com/activities/2015060092
12/11/2018|139.96|04:06:45|1303|0|0|0|0||0|0|34|72|91|135|127|182|0|0||17|04:15:12|SRM PC8|https://www.strava.com/activities/2011710902
12/10/2018|119.3|03:55:57|1622|0|0|0|0||0|0|30.3|63.4|87|129|0|0|0|0||17|04:09:11|SRM PC8|https://www.strava.com/activities/2009997326
12/9/2018|103.54|03:12:13|1057|0|0|0|0||0|0|32.3|71.3|94|158|0|0|0|0||20|03:18:51|SRM PC8|https://www.strava.com/activities/2008610409
12/2/2018|55.35|02:32:08|558|0|0|0|0||94|0|21.8|44.6|0|0|0|0|0|0|1,405|10|02:50:48|Garmin Edge 1000|https://www.strava.com/activities/1996052380
loaded urls in 7.02:42:20.6188276
