date|distance|mov_time|elevation|relativeEffort|avg_power_weig|work_total|training_load|intensity|estAvgPower|energyOutput|avg_speed|max_speed|avg_cadence|max_cadence|avg_heartRate|max_heartRate|avg_power|max_power|avg_calories|avg_temperature|avg_elap_time|bicycle_model|url
1/29/2018|19.78|00:34:45|124|0|215|425|18|57%|0|0|34.2|47.5|87|112|0|0|204|946|474|17|00:35:09|SRM PC8|https://www.strava.com/activities/1381128189
1/29/2018|33.87|01:05:40|149|0|208|792|35|55%|0|0|31|41.8|90|113|0|0|201|1182|883|16|01:11:05|SRM PC8|https://www.strava.com/activities/1381130141
1/24/2018|59.11|01:53:45|198|0|228|1484|70|60%|0|0|31.2|46.8|88|136|131|173|217|834|1,655|14|02:27:23|SRM PC8|https://www.strava.com/activities/1372915018
1/23/2018|91.35|02:44:33|251|0|259|2471|127|68%|0|0|33.3|51.1|97|137|145|171|250|951|2,755|11|02:44:54|SRM PC8|https://www.strava.com/activities/1371064704
1/21/2018|93|02:55:09|399|0|260|2558|135|68%|0|0|31.9|59.8|99|138|150|182|243|860|2,852|3|02:55:09|SRM PC8|https://www.strava.com/activities/1367580127
1/19/2018|54.37|01:40:14|159|0|243|1429|68|64%|0|0|32.5|45.4|95|114|140|216|238|740|1,594|4|01:40:14|SRM PC8|https://www.strava.com/activities/1364318277
1/18/2018|44.36|01:30:44|120|0|263|1105|75|69%|0|0|29.3|59.8|89|119|141|180|203|1412|1,232|9|01:34:52|SRM PC8|https://www.strava.com/activities/1363127801
1/18/2018|42.86|01:24:01|233|0|237|1167|55|62%|0|0|30.6|59|96|171|148|166|231|926|1,301|12|01:25:36|SRM PC8|https://www.strava.com/activities/1362817860
1/13/2018|100.12|03:02:05|525|0|226|2318|108|59%|0|0|33|53.3|86|163|128|241|212|1437|2,585|14|03:06:03|SRM PC8|https://www.strava.com/activities/1354680960
1/5/2018|29.25|00:57:56|75|0|209|703|29|55%|0|0|30.3|43.9|87|108|0|0|202|468|784|11|00:57:56|SRM PC8|https://www.strava.com/activities/1341606422
1/4/2018|42.24|01:18:10|129|0|243|1097|53|64%|0|0|32.4|51.8|93|119|0|0|234|977|1,223|13|01:18:10|SRM PC8|https://www.strava.com/activities/1340558179
1/28/2018|140.8|04:13:29|608|0|220|2756|145|58%|0|0|33.3|63.4|83|174|0|0|181|1366|3,073|12|04:20:23|SRM PC8|https://www.strava.com/activities/1379990987
1/26/2018|56.39|01:51:34|221|0|215|1420|63|57%|0|0|30.3|52.6|87|123|127|148|212|617|1,583|9|02:36:11|SRM PC8|https://www.strava.com/activities/1376085234
1/25/2018|135.43|04:21:37|1157|0|252|3638|193|66%|0|0|31.1|79.2|85|120|77|174|232|726|4,056|9|04:25:36|SRM PC8|https://www.strava.com/activities/1374364709
1/22/2018|62.86|02:00:11|185|0|223|1573|71|59%|0|0|31.4|48.2|88|113|109|157|218|952|1,754|9|02:33:29|SRM PC8|https://www.strava.com/activities/1369404160
1/20/2018|130.64|04:00:08|422|0|265|3508|198|70%|0|0|32.6|49|88|144|146|226|243|948|3,912|4|04:04:30|SRM PC8|https://www.strava.com/activities/1365851598
1/16/2018|112.17|03:38:44|812|0|211|2459|115|56%|0|0|30.8|62.6|83|184|126|159|187|1216|2,742|17|03:43:08|SRM PC8|https://www.strava.com/activities/1361123092
1/15/2018|175.47|05:29:07|1819|0|249|3855|250|66%|0|0|32|75.6|80|129|139|229|195|1440|4,298|14|05:51:03|SRM PC8|https://www.strava.com/activities/1358517080
1/14/2018|27.11|00:55:32|178|0|150|443|15|39%|0|0|29.3|44.6|81|129|100|132|133|916|494|17|01:43:20|SRM PC8|https://www.strava.com/activities/1356527130
1/12/2018|162.45|05:06:24|2320|0|262|3788|252|69%|0|0|31.8|74.2|81|128|138|187|206|1156|4,223|13|05:22:22|SRM PC8|https://www.strava.com/activities/1353289823
1/11/2018|35.25|01:14:03|362|0|183|701|29|48%|0|0|28.6|64.1|82|143|110|163|158|1566|782|16|01:53:23|SRM PC8|https://www.strava.com/activities/1351579053
1/10/2018|124.63|03:37:49|1156|0|246|2953|158|65%|0|0|34.3|74.9|88|134|135|167|226|1118|3,293|15|03:54:05|SRM PC8|https://www.strava.com/activities/1349992077
1/9/2018|168.6|04:59:54|1711|0|252|3845|229|66%|0|0|33.7|70.6|85|158|138|182|214|1741|4,287|15|05:48:13|SRM PC8|https://www.strava.com/activities/1348519405
1/6/2018|58.03|01:48:10|154|0|243|1467|76|64%|0|0|32.2|53.3|91|159|0|0|226|1333|1,636|7|02:28:23|SRM PC8|https://www.strava.com/activities/1343164814
1/1/2018|50.7|01:37:33|185|0|227|1285|60|60%|0|0|31.2|55.4|86|110|0|0|220|688|1,433|10|01:53:52|SRM PC8|https://www.strava.com/activities/1335931242
2/24/2018|154.01|04:56:03|1610|0|259|4342|231|68%|0|0|31.2|67|87|142|149|177|244|857|4,842|5|04:59:53|SRM PC8|https://www.strava.com/activities/1423455392
2/22/2018|97.38|02:57:53|353|0|261|2696|144|69%|0|0|32.8|52.6|87|169|147|166|253|927|3,006|3|03:29:40|SRM PC8|https://www.strava.com/activities/1420178619
2/28/2018|116.24|03:59:19|863|0|238|3090|161|63%|0|0|29.1|54.7|85|157|142|175|215|863|3,445|0|04:05:33|SRM PC8|https://www.strava.com/activities/1430121346
2/25/2018|140.15|04:31:07|379|0|235|3691|179|62%|0|0|31|43.9|87|132|138|163|227|1387|4,116|1|05:32:31|SRM PC8|https://www.strava.com/activities/1425210232
2/23/2018|55.15|01:52:35|238|0|215|1427|63|57%|0|0|29.4|48.2|89|166|131|150|211|806|1,591|4|02:47:36|SRM PC8|https://www.strava.com/activities/1421788473
2/18/2018|45.02|01:24:49|80|0|201|945|41|53%|0|0|31.9|43.2|88|121|136|200|186|604|1,054|1|01:35:02|SRM PC8|https://www.strava.com/activities/1413136918
2/17/2018|122.93|02:45:04|162|0|289|2608|159|76%|0|0|44.7|64.1|90|198|166|189|263|1443|2,908|12|02:45:04|SRM PC8|https://www.strava.com/activities/1412417820
2/16/2018|54.96|01:49:03|446|0|187|1117|44|49%|0|0|30.2|66.2|89|140|136|156|171|947|1,245|20|02:26:47|SRM PC8|https://www.strava.com/activities/1410036716
2/15/2018|21.21|00:42:14|15|0|152|369|12|40%|0|0|30.1|42.5|80|104|116|231|146|638|411|16|01:28:51|SRM PC8|https://www.strava.com/activities/1408380003
2/14/2018|207.58|06:22:39|3165|0|251|5004|290|66%|0|0|32.5|82.1|81|178|148|180|218|1206|5,579|15|06:43:08|SRM PC8|https://www.strava.com/activities/1407326392
2/13/2018|137.94|04:00:30|1230|0|244|3008|170|64%|0|0|34.4|68|85|151|147|181|208|1486|3,354|13|04:11:01|SRM PC8|https://www.strava.com/activities/1405509599
2/12/2018|35.02|01:06:13|38|0|147|541|17|39%|0|0|31.7|45.4|85|125|118|142|136|1069|603|20|01:11:09|SRM PC8|https://www.strava.com/activities/1403866298
2/11/2018|120.56|03:28:05|1175|0|233|2477|133|61%|0|0|34.8|64.1|84|131|143|183|198|807|2,762|17|03:33:42|SRM PC8|https://www.strava.com/activities/1402363643
2/10/2018|159.18|05:00:23|2114|0|244|3691|214|64%|0|0|31.8|70.6|80|217|147|185|205|1061|4,116|15|05:13:35|SRM PC8|https://www.strava.com/activities/1400610614
2/9/2018|143.2|04:27:38|1782|0|252|3299|203|66%|0|0|32.1|75.6|81|170|147|194|205|1462|3,678|14|04:43:35|SRM PC8|https://www.strava.com/activities/1399050192
3/22/2018|117.39|03:00:24|203|0|258|2589|139|68%|0|0|39|61.9|93|120|145|176|239|1459|2,886|4|03:01:18|Garmin Edge 1000|https://www.strava.com/activities/1465864656
3/20/2018|84.16|02:31:53|1186|0|243|2196|103|64%|0|0|33.2|77.8|92|120|0|0|241|739|2,449||02:31:53|Zwift|https://www.strava.com/activities/1462181868
3/17/2018|47.57|01:30:11|777|0|230|1235|55|61%|0|0|31.7|67.3|89|124|0|0|228|561|1,377||01:30:11|Zwift|https://www.strava.com/activities/1457116640
3/16/2018|94.41|03:01:00|1820|0|256|2653|138|67%|0|0|31.3|92.2|88|129|0|0|244|1237|2,958||03:04:17|Zwift|https://www.strava.com/activities/1455720897
3/13/2018|73.24|02:04:10|757|0|272|1865|106|72%|0|0|35.4|74.5|93|118|0|0|250|826|2,079||02:04:10|Zwift|https://www.strava.com/activities/1450972712
3/13/2018|64.03|02:15:32|705|0|250|1897|114|66%|0|0|28.3|79.2|85|123|136|253|233|867|2,116|7|02:40:45|SRM PC8|https://www.strava.com/activities/1450640301
3/7/2018|48.96|01:32:11|604|0|240|1205|61|63%|0|0|31.9|79.9|91|121|0|0|218|1224|1,344||01:32:11|Zwift|https://www.strava.com/activities/1440474827
3/3/2018|52.82|01:30:13|461|0|225|1156|52|59%|0|0|35.1|68.8|93|114|0|0|213|802|1,289||01:30:13|Zwift|https://www.strava.com/activities/1433692976
3/2/2018|54.39|01:30:41|349|0|257|1298|69|68%|0|0|36|69.5|94|115|0|0|238|721|1,447||01:30:41|Zwift|https://www.strava.com/activities/1432390053
3/1/2018|47.11|01:30:14|616|0|229|1158|54|60%|0|0|31.3|67.7|90|114|0|0|214|1145|1,291||01:30:40|Zwift|https://www.strava.com/activities/1431250247
3/31/2018|135.46|03:11:13|1180|0|300|2854|199|79%|0|0|42.5|77.8|85|144|158|190|249|1508|3,182|9|03:11:30|Garmin Edge 1000|https://www.strava.com/activities/1481988715
3/30/2018|58.58|01:51:44|262|0|226|1370|67|59%|0|0|31.5|52.9|92|136|139|176|204|1428|1,527|8|03:00:08|Garmin Edge 1000|https://www.strava.com/activities/1479460191
3/29/2018|75.09|02:19:07|347|0|236|1861|90|62%|0|0|32.4|47.9|92|120|133|168|223|1160|2,075|4|02:20:15|Garmin Edge 1000|https://www.strava.com/activities/1477733402
3/27/2018|98.5|03:03:11|600|0|256|2437|140|67%|0|0|32.3|61.9|88|128|144|182|222|1459|2,717|2|03:06:40|Garmin Edge 1000|https://www.strava.com/activities/1474261183
3/26/2018|55.96|01:45:31|179|0|215|1329|58|57%|0|0|31.8|46.4|89|136|128|149|210|999|1,482|4|02:37:20|Garmin Edge 1000|https://www.strava.com/activities/1472710785
3/25/2018|189.74|04:48:38|1149|0|283|3927|265|74%|0|0|39.4|81.4|82|153|152|189|227|1441|4,379|9|04:49:23|Garmin Edge 1000|https://www.strava.com/activities/1473398737
3/24/2018|55|01:40:15|288|0|237|1338|66|62%|0|0|32.9|53.3|93|137|143|180|223|1149|1,492|4|01:45:35|Garmin Edge 1000|https://www.strava.com/activities/1468494622
3/23/2018|61.46|01:59:05|328|0|223|1522|71|59%|0|0|31|50.8|92|118|130|161|213|1032|1,697|2|03:01:20|Garmin Edge 1000|https://www.strava.com/activities/1467164784
3/21/2018|114.26|03:30:21|1116|0|258|2696|167|68%|0|0|32.6|68|88|124|140|184|214|1402|3,006|4|03:38:16|Garmin Edge 1000|https://www.strava.com/activities/1464747746
3/19/2018|60.78|01:56:42|215|0|213|1426|64|56%|0|0|31.3|44.6|87|114|130|152|204|690|1,590|-2|02:56:55|Garmin Edge 1000|https://www.strava.com/activities/1460716658
3/18/2018|147.42|03:25:02|186|0|292|3219|202|77%|0|0|43.1|58.7|86|143|158|183|262|1547|3,589|-1|03:25:02|Garmin Edge 1000|https://www.strava.com/activities/1459917605
3/14/2018|128.49|03:59:47|1017|0|258|3485|186|68%|0|0|32.2|77.8|87|169|143|176|242|1462|3,886|12|04:01:43|SRM PC8|https://www.strava.com/activities/1452395016
3/12/2018|60.27|01:53:15|190|0|199|1289|53|52%|0|0|31.9|47.5|91|125|124|154|190|1200|1,437|16|02:50:44|SRM PC8|https://www.strava.com/activities/1449147252
3/11/2018|184.25|04:36:58|2192|0|285|3775|260|75%|0|0|39.9|75.6|87|134|159|189|227|1320|4,209|20|04:37:22|SRM PC8|https://www.strava.com/activities/1448499403
3/10/2018|52.57|01:42:41|165|0|199|1202|48|52%|0|0|30.7|44.6|92|161|131|158|195|953|1,340|15|02:15:00|SRM PC8|https://www.strava.com/activities/1445123944
3/9/2018|108|03:20:39|336|0|241|2803|140|63%|0|0|32.3|53.3|87|119|145|173|233|1269|3,125|10|03:56:47|SRM PC8|https://www.strava.com/activities/1443783506
3/8/2018|56.06|01:30:56|494|0|290|1505|87|76%|0|0|37|80.3|94|121|0|0|276|753|1,678||01:30:56|Zwift|https://www.strava.com/activities/1442079700
3/6/2018|149.26|04:49:17|1336|0|247|3964|205|65%|0|0|31|64.1|85|133|146|229|228|1404|4,419|11|04:51:40|SRM PC8|https://www.strava.com/activities/1438962976
3/5/2018|60|01:58:34|186|0|193|1277|54|51%|0|0|30.4|45.4|86|125|127|226|180|986|1,424|9|03:10:16|SRM PC8|https://www.strava.com/activities/1437310804
3/4/2018|153.57|03:36:49|923|0|298|3373|222|78%|0|0|42.5|69.8|92|130|160|207|259|1456|3,761|12|03:37:54|SRM PC8|https://www.strava.com/activities/1436526329
4/29/2018|155.47|04:04:08|1560|0|0|0|0||0|0|38.2|79.2|81|217|142|187|0|0||12|04:04:34|SRM PC8|https://www.strava.com/activities/1540434093
4/29/2018|5.13|00:10:03|59|0|0|0|0||0|0|30.7|39.6|74|104|122|156|0|0||14|00:10:03|SRM PC8|https://www.strava.com/activities/1540435869
4/28/2018|162.13|03:39:23|1748|0|318|3667|257|84%|0|0|44.3|76|87|160|153|181|279|1118|4,088|13|03:39:23|Garmin Edge 1000|https://www.strava.com/activities/1536900694
4/28/2018|8.39|00:14:33|76|0|206|146|7|54%|0|0|34.6|47.9|84|119|121|150|168|936|163|14|00:14:33|Garmin Edge 1000|https://www.strava.com/activities/1536899040
4/27/2018|181.03|04:29:45|1614|0|303|4202|286|80%|0|0|40.3|77|83|161|144|178|260|1228|4,685|13|04:29:45|SRM PC8|https://www.strava.com/activities/1535122755
4/26/2018|180.83|04:23:09|1220|0|0|0|0||0|0|41.2|72|81|233|134|187|0|0||19|04:24:27|SRM PC8|https://www.strava.com/activities/1540432581
4/26/2018|7.54|00:15:31|55|0|172|121|5|45%|0|0|29.2|41|79|116|127|250|130|977|135|21|00:15:31|SRM PC8|https://www.strava.com/activities/1540430674
4/25/2018|26.24|00:33:24|176|0|317|559|38|83%|0|0|47.1|64.1|91|129|165|188|279|1479|624|20|00:33:24|SRM PC8|https://www.strava.com/activities/1531259849
4/25/2018|132.69|03:05:57|890|0|264|2586|149|69%|0|0|42.8|69.1|91|132|153|184|232|1290|2,883|20|03:07:41|SRM PC8|https://www.strava.com/activities/1531286023
4/24/2018|44.36|01:27:46|300|0|180|842|35|47%|0|0|30.3|56.9|88|167|127|201|160|1517|938|22|01:56:21|SRM PC8|https://www.strava.com/activities/1529044584
4/23/2018|46.67|01:29:06|217|0|0|0|0||0|0|31.4|49|0|0|117|147|0|0||20|02:57:32|Garmin Edge 1000|https://www.strava.com/activities/1526831497
4/22/2018|115.98|03:33:40|642|0|221|2485|127|58%|0|0|32.6|63.4|91|145|131|165|194|1170|2,771|16|04:28:38|Garmin Edge 1000|https://www.strava.com/activities/1524180905
4/21/2018|144.61|04:00:21|617|0|258|3317|193|68%|0|0|36.1|64.1|90|137|149|180|230|1514|3,698|17|04:42:00|Garmin Edge 1000|https://www.strava.com/activities/1521966751
4/20/2018|57.02|01:47:02|174|0|209|1282|55|55%|0|0|32|63.7|101|163|131|159|200|1544|1,430|23|03:18:46|Garmin Edge 1000|https://www.strava.com/activities/1519939587
4/19/2018|114.3|03:58:31|2095|0|244|3071|166|64%|0|0|28.8|85.7|80|207|135|170|215|1521|3,424|25|04:17:30|Wahoo ELEMNT BOLT|https://www.strava.com/activities/1518356219
4/18/2018|158.02|05:22:25|3281|0|272|4612|289|72%|0|0|29.4|81.4|79|254|147|180|238|1524|5,142|23|06:15:41|Wahoo ELEMNT BOLT|https://www.strava.com/activities/1515977409
4/17/2018|117.27|04:00:36|2364|0|261|3252|194|69%|0|0|29.2|80.6|80|254|145|185|225|984|3,626|19|04:57:35|Wahoo ELEMNT BOLT|https://www.strava.com/activities/1513923376
4/16/2018|43.97|01:21:43|125|0|221|1089|49|58%|0|0|32.3|44.3|95|114|129|147|222|832|1,214|18|01:50:22|Wahoo ELEMNT BOLT|https://www.strava.com/activities/1511945050
4/15/2018|124.47|03:50:48|823|0|247|3101|174|65%|0|0|32.4|67.7|88|216|140|182|224|1075|3,457|13|05:01:41|Wahoo ELEMNT BOLT|https://www.strava.com/activities/1509677131
4/14/2018|177.28|03:51:43|150|0|272|3402|199|72%|0|0|45.9|63.7|83|254|155|191|245|1309|3,793|16|03:51:43|Wahoo ELEMNT BOLT|https://www.strava.com/activities/1508752893
4/13/2018|46.86|01:26:37|160|0|220|1101|48|58%|0|0|32.5|47.9|95|196|138|159|212|666|1,228|10|01:26:37|Wahoo ELEMNT BOLT|https://www.strava.com/activities/1505580483
4/12/2018|66.22|02:02:37|308|0|227|1622|76|60%|0|0|32.4|71.3|90|254|135|169|221|949|1,809|10|02:54:51|Wahoo ELEMNT BOLT|https://www.strava.com/activities/1503970337
4/11/2018|90.99|02:40:43|252|0|274|2436|139|72%|0|0|34|59.8|93|126|152|179|253|1536|2,716|8|02:40:58|Wahoo ELEMNT BOLT|https://www.strava.com/activities/1502036972
4/10/2018|78.17|02:22:58|421|0|250|1992|104|66%|0|0|32.8|64.4|94|254|138|173|232|1080|2,221|17|02:23:54|Wahoo ELEMNT BOLT|https://www.strava.com/activities/1500411789
4/9/2018|50.89|01:41:44|206|0|186|1052|43|49%|0|0|30|52.2|87|149|120|158|172|1815|1,173|13|03:18:18|Garmin Edge 1000|https://www.strava.com/activities/1498515676
4/8/2018|145.69|04:31:05|611|0|238|3462|186|63%|0|0|32.2|59|90|150|139|175|213|1120|3,860|16|05:28:28|Garmin Edge 1000|https://www.strava.com/activities/1496271500
4/7/2018|162.37|04:14:37|1680|0|280|3497|231|74%|0|0|38.3|80.6|80|190|160|190|229|1170|3,899|20|04:14:37|Garmin Edge 1000|https://www.strava.com/activities/1496268765
4/6/2018|59.36|01:51:40|320|0|234|1434|73|62%|0|0|31.9|59|92|122|136|168|214|1117|1,599|6|02:14:48|Garmin Edge 1000|https://www.strava.com/activities/1492271337
4/5/2018|55.61|01:46:22|197|0|238|1400|73|63%|0|0|31.4|57.2|92|137|133|166|219|1226|1,561|3|02:12:18|Garmin Edge 1000|https://www.strava.com/activities/1490423088
4/4/2018|108.48|03:45:06|1433|0|265|2969|191|70%|0|0|28.9|63.4|85|121|143|182|220|1210|3,310|10|03:59:16|Garmin Edge 1000|https://www.strava.com/activities/1489172886
4/3/2018|56.37|01:48:33|216|0|211|1298|58|56%|0|0|31.2|62.3|91|203|129|159|199|999|1,447|10|02:10:16|Garmin Edge 1000|https://www.strava.com/activities/1486842934
4/2/2018|93.28|02:19:02|1175|0|312|2178|156|82%|0|0|40.3|75.6|83|127|155|186|261|1405|2,429|12|02:19:02|Garmin Edge 1000|https://www.strava.com/activities/1485932708
4/1/2018|161.8|03:52:15|972|0|271|3135|196|71%|0|0|41.8|74.2|85|137|0|0|225|1287|3,496|5|03:52:58|Garmin Edge 1000|https://www.strava.com/activities/1485930965
5/31/2018|116.58|03:33:12|106|0|202|2184|106|53%|0|0|32.8|56.9|91|131|134|180|171|1169|2,436|28|04:17:33|SRM PC8|https://www.strava.com/activities/1609637925
5/22/2018|49.38|01:34:09|233|0|207|1138|49|54%|0|0|31.5|48.2|91|126|145|166|202|931|1,269|16|01:57:03|Garmin Edge 1000|https://www.strava.com/activities/1588220263
5/18/2018|72.97|02:02:07|154|0|268|1758|103|71%|0|0|35.9|51.1|87|133|153|189|240|708|1,960|15|02:03:37|Garmin Edge 1000|https://www.strava.com/activities/1579844001
5/16/2018|8.57|00:15:40|13|0|215|197|8|57%|0|0|32.8|38.9|92|118|145|161|209|948|219|15|00:16:15|Garmin Edge 1000|https://www.strava.com/activities/1577673554
5/14/2018|53.34|01:43:58|185|0|212|1270|55|56%|0|0|30.8|49|94|131|143|173|204|1483|1,416|19|02:48:20|Garmin Edge 1000|https://www.strava.com/activities/1571469150
5/12/2018|97.47|02:36:01|218|0|213|1654|81|56%|0|0|37.5|66.6|81|127|139|182|177|1254|1,844|23|02:36:20|Garmin Edge 1000|https://www.strava.com/activities/1571477689
5/8/2018|70.23|02:28:10|1067|0|237|1902|101|62%|0|0|28.4|55.1|89|133|133|167|214|1044|2,120|19|03:22:04|Garmin Edge 1000|https://www.strava.com/activities/1557561279
5/2/2018|32.95|01:03:03|111|0|200|739|29|53%|0|0|31.4|44.3|94|178|130|151|195|723|824|18|01:03:03|Wahoo ELEMNT BOLT|https://www.strava.com/activities/1545184202
5/30/2018|114.86|03:40:26|677|0|220|2739|127|58%|0|0|31.3|69.1|94|125|147|169|207|1094|3,053|25|04:59:45|SRM PC8|https://www.strava.com/activities/1605554940
5/29/2018|54.3|01:44:28|136|0|213|1311|56|56%|0|0|31.2|54.7|92|114|140|159|209|804|1,462|23|02:38:30|SRM PC8|https://www.strava.com/activities/1603201321
5/28/2018|54.55|01:46:11|189|0|209|1254|56|55%|0|0|30.8|55.4|91|124|128|160|197|1110|1,398|27|03:08:43|SRM PC8|https://www.strava.com/activities/1601241535
5/27/2018|174.14|04:00:52|1105|0|253|3025|179|67%|0|0|43.4|75.6|87|142|143|249|209|1237|3,373|30|04:01:31|SRM PC8|https://www.strava.com/activities/1600881282
5/26/2018|150.61|04:04:54|2184|0|273|3321|211|72%|0|0|36.9|86.4|83|125|156|186|226|1234|3,703|33|04:04:54|SRM PC8|https://www.strava.com/activities/1597509417
5/25/2018|10.6|00:16:33|9|0|0|0|0||286|284|38.4|46.8|0|0|0|0|0|0|317|29|00:16:33|SRM PC8|https://www.strava.com/activities/1595289049
5/24/2018|153.99|03:24:45|181|0|266|2850|170|70%|0|0|45.1|69.8|91|124|149|185|232|1287|3,177|26|03:33:07|SRM PC8|https://www.strava.com/activities/1595284011
5/21/2018|58.62|01:50:45|212|0|210|1376|58|55%|0|0|31.8|53.3|94|161|146|166|207|918|1,534|18|02:52:16|Garmin Edge 1000|https://www.strava.com/activities/1586222834
5/19/2018|89.11|02:03:52|140|0|234|1614|79|62%|0|0|43.2|63.4|101|128|146|177|217|1417|1,799|9|02:05:12|Garmin Edge 1000|https://www.strava.com/activities/1581461516
5/17/2018|56.14|01:50:10|153|0|217|1375|61|57%|0|0|30.6|41.8|91|121|139|163|208|869|1,533|14|03:28:40|Garmin Edge 1000|https://www.strava.com/activities/1577675900
5/16/2018|43.71|00:55:02|63|0|286|858|52|75%|0|0|47.7|65.2|91|135|170|190|260|1270|957|15|00:56:17|Garmin Edge 1000|https://www.strava.com/activities/1577674808
5/15/2018|55.91|01:49:37|169|0|210|1336|57|55%|0|0|30.6|43.6|97|124|143|166|203|896|1,490|16|02:32:55|Garmin Edge 1000|https://www.strava.com/activities/1573153683
5/11/2018|41.78|01:22:10|151|0|203|964|40|53%|0|0|30.5|41.4|95|126|133|161|196|562|1,075|15|02:09:24|Garmin Edge 1000|https://www.strava.com/activities/1564265272
5/10/2018|53.05|02:05:33|792|0|206|1259|68|54%|0|0|25.4|63|85|128|122|158|167|1068|1,404|21|03:10:22|Garmin Edge 1000|https://www.strava.com/activities/1561915165
5/9/2018|203|07:18:38|3695|0|261|5829|367|69%|0|0|27.8|66.6|82|204|145|182|222|1073|6,500|17|09:32:16|Garmin Edge 1000|https://www.strava.com/activities/1560327462
5/7/2018|89.68|03:22:32|1743|0|248|2585|155|65%|0|0|26.6|59|83|220|134|178|213|706|2,882|17|05:41:43|Garmin Edge 1000|https://www.strava.com/activities/1555775692
5/6/2018|173.56|06:32:42|3203|0|240|4660|294|63%|0|0|26.5|71.3|79|186|139|183|198|1488|5,196|17|09:54:15|Garmin Edge 1000|https://www.strava.com/activities/1554504474
5/4/2018|54.96|01:42:26|188|0|226|1348|63|59%|0|0|32.2|50.8|92|137|139|162|219|1003|1,503|20|02:46:02|Wahoo ELEMNT BOLT|https://www.strava.com/activities/1548954804
5/3/2018|52.96|01:42:12|143|0|181|1053|40|48%|0|0|31.1|51.1|87|226|128|159|172|621|1,174|15|02:58:43|Wahoo ELEMNT BOLT|https://www.strava.com/activities/1546830740
6/30/2018|56.94|01:49:50|206|0|202|1310|53|53%|0|0|31.1|49.7|94|128|123|148|199|844|1,460|27|02:56:49|SRM PC8|https://www.strava.com/activities/1671327081
6/29/2018|55.93|01:30:03|195|0|230|1212|57|61%|0|0|37.3|62.6|94|135|135|153|224|887|1,351|24|01:46:26|SRM PC8|https://www.strava.com/activities/1669270829
6/28/2018|166.83|05:00:19|1054|0|243|4184|207|64%|0|0|33.3|69.8|94|169|145|166|232|869|4,665|28|05:06:41|SRM PC8|https://www.strava.com/activities/1667607201
6/27/2018|85.1|02:32:33|237|0|251|2091|112|66%|0|0|33.5|56.9|95|137|141|172|228|1633|2,332|25|02:34:35|SRM PC8|https://www.strava.com/activities/1665281667
6/27/2018|19.07|00:32:13|58|0|0|0|0||241|465|35.5|54|0|0|133|150|0|0|518|26|00:32:13|SRM PC8|https://www.strava.com/activities/1665285113
6/26/2018|63.95|01:51:11|297|0|0|0|0||0|0|34.5|61.2|0|0|145|187|0|0||26|01:53:12|SRM PC8|https://www.strava.com/activities/1663264799
6/26/2018|98.08|03:01:31|599|0|234|2474|118|62%|0|0|32.4|79.2|95|139|136|167|227|1167|2,759|20|03:05:51|SRM PC8|https://www.strava.com/activities/1663263918
6/25/2018|44.54|01:05:50|304|0|0|0|0||358|1413|40.6|61.9|0|0|0|0|0|0|1,576|27|01:23:07|SRM PC8|https://www.strava.com/activities/1661347277
6/23/2018|45.02|01:30:06|598|0|220|1140|52|58%|0|0|30|76.3|92|137|145|167|211|1228|1,271|34|02:14:32|SRM PC8|https://www.strava.com/activities/1656481562
6/22/2018|46.76|01:28:06|513|0|205|964|42|54%|0|0|31.8|67|94|131|134|161|182|805|1,075|28|01:28:06|SRM PC8|https://www.strava.com/activities/1654371004
6/21/2018|51.15|01:39:12|615|0|225|1249|58|59%|0|0|30.9|72|93|128|137|169|210|1261|1,393|28|01:41:09|SRM PC8|https://www.strava.com/activities/1653257536
6/20/2018|56.14|01:52:41|728|0|202|1223|54|53%|0|0|29.9|66.2|86|144|145|172|181|772|1,364|31|03:03:40|SRM PC8|https://www.strava.com/activities/1653255574
6/19/2018|45.77|01:27:19|144|0|197|994|40|52%|0|0|31.5|49.7|94|138|145|165|190|1535|1,108|20|01:52:32|SRM PC8|https://www.strava.com/activities/1648057102
6/16/2018|22.27|00:35:24|361|0|339|694|47|89%|0|0|37.7|81|89|134|167|222|327|715|773|31|00:35:41|SRM PC8|https://www.strava.com/activities/1642259618
6/16/2018|72.11|01:43:33|750|0|287|1530|99|76%|0|0|41.8|78.5|86|124|147|184|246|1076|1,706|26|01:44:04|SRM PC8|https://www.strava.com/activities/1641677853
6/15/2018|156.56|04:35:16|3081|0|284|4015|257|75%|0|0|34.1|94.3|82|146|146|178|243|1209|4,476|26|04:35:16|SRM PC8|https://www.strava.com/activities/1640142907
6/14/2018|131.05|03:45:39|2493|0|294|3534|224|77%|0|0|34.8|82.8|83|130|152|178|261|1243|3,940|29|03:45:39|SRM PC8|https://www.strava.com/activities/1638249113
6/13/2018|118.65|02:45:14|920|0|283|2347|151|74%|0|0|43.1|87.1|86|143|138|177|237|1173|2,617|22|02:45:14|SRM PC8|https://www.strava.com/activities/1636290365
6/12/2018|126.49|03:53:29|2854|0|297|3831|237|78%|0|0|32.5|89.3|82|130|151|179|273|1131|4,271|23|03:53:29|SRM PC8|https://www.strava.com/activities/1633854246
6/11/2018|118.44|03:29:21|2040|0|279|3171|187|73%|0|0|33.9|92.2|81|131|158|191|252|1105|3,536|29|03:29:37|SRM PC8|https://www.strava.com/activities/1631970588
6/10/2018|7.55|00:14:58|5|0|167|135|5|44%|0|0|30.3|37.4|86|106|123|145|150|326|150|31|00:18:45|SRM PC8|https://www.strava.com/activities/1630574699
6/10/2018|163.41|03:44:47|287|0|228|2617|135|60%|0|0|43.6|72.7|86|131|138|188|194|1399|2,918|33|03:45:25|SRM PC8|https://www.strava.com/activities/1630573280
6/9/2018|136.75|03:30:51|1652|0|275|3119|183|72%|0|0|38.9|77.8|86|131|153|184|247|1240|3,478|30|03:30:51|SRM PC8|https://www.strava.com/activities/1627606978
6/8/2018|143.76|03:30:44|1092|0|288|2928|202|76%|0|0|40.9|77.8|87|131|148|191|232|1447|3,264|23|03:31:26|SRM PC8|https://www.strava.com/activities/1625352591
6/7/2018|25.05|00:51:07|19|0|0|0|0||146|449|29.4|51.5|0|0|125|169|0|0|500|28|00:51:07|Garmin Edge 1000|https://www.strava.com/activities/1622702407
6/6/2018|49.01|01:31:36|119|0|215|1163|49|57%|0|0|32.1|44.6|94|124|143|160|212|691|1,297|17|01:31:36|Garmin Edge 1000|https://www.strava.com/activities/1620425947
6/5/2018|76.08|01:49:07|117|0|238|1517|75|63%|0|0|41.8|58|98|147|137|171|232|1532|1,691|16|02:14:30|Garmin Edge 1000|https://www.strava.com/activities/1618714328
6/4/2018|64.13|02:02:24|178|0|229|1545|75|60%|0|0|31.4|60.5|93|134|138|172|210|1571|1,722|24|02:35:39|SRM PC8|https://www.strava.com/activities/1616331003
6/2/2018|58.76|01:45:59|122|0|234|1466|70|62%|0|0|33.3|46.8|97|145|139|169|231|1489|1,635|22|02:05:08|SRM PC8|https://www.strava.com/activities/1612118645
6/1/2018|33.97|01:00:17|256|0|216|760|32|57%|0|0|33.8|69.5|0|0|0|0|210|540|847||01:00:17|Zwift|https://www.strava.com/activities/1609966545
7/31/2018|50.28|01:35:02|121|0|0|0|0||0|0|31.7|44.6|0|0|120|144|0|0||27|02:16:02|SRM PC8|https://www.strava.com/activities/1739543673
7/30/2018|40.97|01:16:34|134|0|0|0|0||192|884|32.1|46.8|0|0|123|150|0|0|986|30|01:53:56|SRM PC8|https://www.strava.com/activities/1737458802
7/30/2018|45.18|01:23:42|124|0|0|0|0||0|0|32.4|53.3|0|0|124|142|0|0||24|01:38:30|SRM PC8|https://www.strava.com/activities/1737227560
7/29/2018|137.83|04:07:54|810|0|0|0|0||0|0|33.4|68.4|0|0|130|247|0|0||27|04:23:11|SRM PC8|https://www.strava.com/activities/1735308005
7/28/2018|52.73|01:39:33|273|0|0|0|0||0|0|31.8|59|94|107|127|232|0|0||25|02:25:02|SRM PC8|https://www.strava.com/activities/1732894665
7/28/2018|19.21|00:30:39|74|0|0|0|0||292|536|37.6|53.3|0|0|141|161|0|0|598|25|00:30:39|SRM PC8|https://www.strava.com/activities/1732893287
7/27/2018|54.93|01:22:57|68|0|0|0|0||0|0|39.7|56.9|0|0|129|171|0|0||33|01:29:00|SRM PC8|https://www.strava.com/activities/1731203072
7/26/2018|169.97|04:04:28|870|0|258|3207|188|68%|0|0|41.7|68.4|85|141|153|181|219|1384|3,576|37|04:04:28|SRM PC8|https://www.strava.com/activities/1729651855
7/25/2018|59.27|01:45:06|194|0|217|1271|58|57%|0|0|33.8|61.2|95|164|129|160|202|1023|1,417|31|02:34:30|SRM PC8|https://www.strava.com/activities/1726581138
7/24/2018|62.01|01:53:05|196|0|216|1429|62|57%|0|0|32.9|46.8|97|162|129|161|211|1323|1,594|28|02:43:03|SRM PC8|https://www.strava.com/activities/1724104256
7/23/2018|110.83|03:15:01|356|0|254|2664|148|67%|0|0|34.1|51.8|93|173|142|184|228|2047|2,970|27|03:55:23|SRM PC8|https://www.strava.com/activities/1722026634
7/22/2018|108.72|03:12:29|446|0|221|2320|112|58%|0|0|33.9|74.2|94|169|95|155|201|1157|2,587|24|04:09:52|SRM PC8|https://www.strava.com/activities/1719780162
7/21/2018|57.42|01:45:59|292|0|216|1365|62|57%|0|0|32.5|54.7|97|177|125|148|215|1489|1,522|24|02:36:16|SRM PC8|https://www.strava.com/activities/1716917850
7/20/2018|147.8|03:47:10|2192|0|284|3075|212|75%|0|0|39|85|84|206|139|184|226|1325|3,429|30|03:47:28|SRM PC8|https://www.strava.com/activities/1715494173
7/19/2018|153.17|03:30:02|1128|0|0|0|0||0|0|43.8|84.2|87|131|140|182|0|0||31|03:30:02|SRM PC8|https://www.strava.com/activities/1713250685
7/18/2018|109.41|04:04:11|3763|0|311|4076|273|82%|0|0|26.9|96.5|80|131|0|0|278|1235|4,544|32|04:04:11|SRM PC8|https://www.strava.com/activities/2323114332
7/18/2018|145.26|03:25:54|1918|0|291|2968|202|77%|0|0|42.3|82.1|85|177|145|181|240|1268|3,309|29|03:25:54|SRM PC8|https://www.strava.com/activities/1710998328
7/18/2018|0.01|00:00:00|0|0|171|5|3|45%|0|0|1.5|2.2|101|103|0|0|198|219|6|36|00:13:19|SRM PC8|https://www.strava.com/activities/1902778966
7/17/2018|153.74|03:58:03|2097|0|259|3022|184|68%|0|0|38.8|83.5|83|154|142|180|212|1333|3,369|28|03:58:22|SRM PC8|https://www.strava.com/activities/1708841326
7/16/2018|142.62|03:32:59|1830|0|0|0|0||0|0|40.2|79.2|89|125|150|189|0|0||33|03:35:37|SRM PC8|https://www.strava.com/activities/1706798385
7/15/2018|64.78|01:30:03|157|0|212|1090|46|56%|0|0|43.2|57.6|99|127|134|159|202|942|1,215|26|01:30:03|SRM PC8|https://www.strava.com/activities/1703555773
7/14/2018|84.33|02:32:19|272|0|236|2042|98|62%|0|0|33.2|51.1|96|162|140|167|223|1573|2,277|30|02:33:06|SRM PC8|https://www.strava.com/activities/1701937286
7/13/2018|54.08|01:40:53|166|0|211|1261|54|56%|0|0|32.2|49|98|122|120|146|208|1231|1,406|25|02:11:14|SRM PC8|https://www.strava.com/activities/1699437189
7/12/2018|146.24|05:00:18|3157|0|265|4395|250|70%|0|0|29.2|80.3|83|131|145|173|244|1100|4,901|21|05:21:23|SRM PC8|https://www.strava.com/activities/1697470338
7/11/2018|123.17|04:02:38|2594|0|295|3782|250|78%|0|0|30.5|71.3|81|212|150|181|260|1120|4,217|20|04:16:42|SRM PC8|https://www.strava.com/activities/1695442476
7/10/2018|50.88|01:31:05|156|0|233|1221|56|61%|0|0|33.5|61.2|97|144|131|157|223|1518|1,361|18|01:31:05|SRM PC8|https://www.strava.com/activities/1692868468
7/9/2018|111.94|03:16:35|399|0|241|2767|134|63%|0|0|34.2|56.2|95|148|137|166|235|924|3,086|22|04:12:44|SRM PC8|https://www.strava.com/activities/1690842163
7/8/2018|167.47|03:50:16|899|0|291|3482|226|77%|0|0|43.6|82.8|88|129|152|186|252|1386|3,883|31|03:50:16|SRM PC8|https://www.strava.com/activities/1689220100
7/8/2018|5.7|00:10:59|14|0|137|76|2|36%|0|0|31.1|58.3|80|121|109|144|115|626|84|35|00:11:19|SRM PC8|https://www.strava.com/activities/1689223156
7/7/2018|25.07|00:48:35|153|0|208|565|24|55%|0|0|31|67|95|169|130|163|194|790|630|29|00:49:46|SRM PC8|https://www.strava.com/activities/1687277585
7/7/2018|150.03|03:19:54|227|0|278|2967|181|73%|0|0|45|62.6|88|124|154|189|247|1354|3,309|29|03:33:49|SRM PC8|https://www.strava.com/activities/1687279913
7/6/2018|56.26|01:42:41|204|0|233|1341|66|61%|0|0|32.9|64.8|99|125|130|178|218|846|1,496|27|03:01:18|SRM PC8|https://www.strava.com/activities/1684411478
7/5/2018|59.27|01:52:07|216|0|210|1395|59|55%|0|0|31.7|49|99|125|123|148|207|1025|1,556|25|02:23:14|SRM PC8|https://www.strava.com/activities/1682496852
7/4/2018|138.36|04:44:50|2761|0|260|3773|224|68%|0|0|29.1|86.4|82|150|136|179|221|1518|4,207|23|04:56:45|SRM PC8|https://www.strava.com/activities/1680140340
7/3/2018|165|05:38:04|3083|0|260|4597|267|68%|0|0|29.3|87.1|81|141|145|183|227|962|5,126|28|06:07:09|SRM PC8|https://www.strava.com/activities/1678319880
7/2/2018|125.91|03:55:39|428|0|223|2967|142|59%|0|0|32.1|47.5|92|146|135|167|210|1375|3,308|25|04:59:32|SRM PC8|https://www.strava.com/activities/1675803330
7/1/2018|25.51|00:30:48|128|0|330|589|38|87%|0|0|49.7|69.8|94|136|181|188|319|1082|591|26|00:30:48|Garmin Edge 1000|https://www.strava.com/activities/1674930621
7/1/2018|40.63|00:59:27|231|0|241|795|39|63%|0|0|41|63|93|146|147|171|223|1290|796|21|00:59:27|Garmin Edge 1000|https://www.strava.com/activities/1674928990
8/31/2018|38.13|01:11:02|112|0|217|897|41|57%|0|0|32.2|49|94|127|131|148|211|1272|896|16|01:31:38|Garmin Edge 1000|https://www.strava.com/activities/1810113459
8/31/2018|90.71|02:48:25|426|0|223|2078|105|59%|0|0|32.3|59.8|95|169|133|170|206|1503|2,075|14|03:40:12|Garmin Edge 1000|https://www.strava.com/activities/1809364554
8/30/2018|125.27|03:31:00|361|0|263|3048|175|69%|0|0|35.6|58.3|93|121|144|180|241|1287|3,041|16|03:45:58|Garmin Edge 1000|https://www.strava.com/activities/1808178407
8/28/2018|61.68|02:00:32|254|0|212|1466|63|56%|0|0|30.7|46.1|93|114|122|140|203|770|1,464|7|02:02:12|Garmin Edge 1000|https://www.strava.com/activities/1802237335
8/27/2018|51.61|01:46:11|212|0|188|1120|48|49%|0|0|29.2|40.3|91|133|118|141|176|1050|1,122|15|01:59:16|Garmin Edge 1000|https://www.strava.com/activities/1800367564
8/26/2018|112.3|03:13:15|1876|0|269|2491|161|71%|0|0|34.9|81.4|76|196|140|175|215|1279|2,493|18|03:13:15|Garmin Edge 1000|https://www.strava.com/activities/1798694076
8/25/2018|79.53|02:47:08|2419|0|313|2757|188|82%|0|0|28.6|86.4|78|148|0|0|275|1056|2,755|13|02:47:08|Garmin Edge 510|https://www.strava.com/activities/1796244046
8/24/2018|80.57|02:16:49|1759|0|313|2294|154|82%|0|0|35.3|83.2|83|147|156|179|279|1380|2,290|21|02:16:49|Garmin Edge 1000|https://www.strava.com/activities/1794402413
8/23/2018|34.73|01:17:53|1388|0|335|1440|100|88%|0|0|26.8|76|79|118|167|184|308|1093|1,438|25|01:17:53|Garmin Edge 1000|https://www.strava.com/activities/1792563096
8/23/2018|29.54|00:58:09|228|0|244|614|40|64%|0|0|30.5|58|90|133|126|174|176|1435|614|24|00:59:46|Garmin Edge 1000|https://www.strava.com/activities/1791643024
8/22/2018|180.52|04:00:17|1604|0|267|3223|197|70%|0|0|45.1|78.1|84|123|151|182|224|1111|3,594|30|04:00:39|Garmin Edge 1000|https://www.strava.com/activities/1790195627
8/22/2018|4.7|00:12:00|28|0|110|59|1|29%|0|0|23.5|38.9|72|110|107|140|82|740|66|30|00:12:00|Garmin Edge 1000|https://www.strava.com/activities/1790170298
8/21/2018|147.41|03:14:27|674|0|0|0|0||437|5097|45.5|72.7|0|0|0|0|0|0|2,191|30|03:21:37|Garmin Edge 1000|https://www.strava.com/activities/1787873491
8/20/2018|20.29|00:22:38|26|0|0|0|0||0|0|53.8|74.2|94|115|0|0|0|0||27|00:22:38|SRM PC8|https://www.strava.com/activities/1785310975
8/20/2018|35.07|01:03:39|105|0|0|0|0||221|846|33.1|58.3|0|0|119|164|0|0|560|24|01:11:32|Garmin Edge 1000|https://www.strava.com/activities/1784778999
8/19/2018|167.45|03:40:20|1226|0|267|2968|180|70%|0|0|45.6|74.5|86|126|155|184|224|1284|2,975|27|03:40:20|Garmin Edge 1000|https://www.strava.com/activities/1783353276
8/18/2018|143.55|03:13:23|1060|0|257|2514|148|68%|0|0|44.5|75.6|85|128|148|195|217|1202|2,519|24|03:14:00|Garmin Edge 1000|https://www.strava.com/activities/1780904084
8/18/2018|5.98|00:13:29|20|0|138|97|2|36%|0|0|26.6|36.7|87|119|116|150|119|574|97|25|00:13:29|Garmin Edge 1000|https://www.strava.com/activities/1780906817
8/17/2018|136.03|03:14:18|1335|0|264|2500|155|69%|0|0|42|73.4|84|127|151|194|214|1290|2,522|19|03:14:58|Garmin Edge 1000|https://www.strava.com/activities/1778579212
8/17/2018|7.99|00:16:18|74|0|201|131|7|53%|0|0|29.4|52.2|76|124|126|168|133|1050|130|23|00:16:43|Garmin Edge 1000|https://www.strava.com/activities/1778583066
8/16/2018|44.74|01:23:11|206|0|213|917|46|56%|0|0|32.3|47.2|95|135|127|175|184|1538|917|17|01:56:56|Garmin Edge 1000|https://www.strava.com/activities/1775793348
8/15/2018|50.53|01:30:19|112|0|0|0|0||0|0|33.6|53.3|0|0|113|153|0|0|692|23|01:55:31|Garmin Edge 1000|https://www.strava.com/activities/1773487429
8/14/2018|94.02|02:53:05|226|0|218|2153|95|57%|0|0|32.6|54|96|232|135|164|207|1358|2,167|15|02:54:50|Garmin Edge 1000|https://www.strava.com/activities/1770967293
8/13/2018|54.46|01:40:03|174|0|210|1220|52|55%|0|0|32.7|49|94|172|134|158|203|1178|1,221|16|02:27:46|Garmin Edge 1000|https://www.strava.com/activities/1769030632
8/12/2018|176.82|04:04:15|151|0|280|3699|221|74%|0|0|43.4|65.5|86|125|162|187|252|1486|3,705|26|04:04:15|Garmin Edge 1000|https://www.strava.com/activities/1768500154
8/11/2018|51.85|01:33:44|180|0|231|1271|60|61%|0|0|33.2|50.8|102|144|136|162|226|1582|1,266|19|02:20:00|Garmin Edge 1000|https://www.strava.com/activities/1764542018
8/10/2018|92.31|01:56:13|154|0|277|1864|104|73%|0|0|47.7|62.6|100|194|153|172|267|1600|1,864|21|01:58:18|Garmin Edge 1000|https://www.strava.com/activities/1762840537
8/9/2018|44.99|01:26:47|337|0|221|1101|49|58%|0|0|31.1|50.4|93|203|127|158|211|737|462|16|01:27:09|Wahoo ELEMNT BOLT|https://www.strava.com/activities/1761272767
8/9/2018|61.18|01:45:02|359|0|256|1537|81|67%|0|0|35|52.9|95|234|139|174|244|1443|1,488|18|02:01:43|Wahoo ELEMNT BOLT|https://www.strava.com/activities/1760281721
8/8/2018|102.52|03:03:18|565|0|215|2241|103|57%|0|0|33.6|53.3|94|230|131|161|204|842|1,184|21|03:48:12|Wahoo ELEMNT BOLT|https://www.strava.com/activities/1758090775
8/7/2018|41.29|01:18:44|227|0|0|0|0||0|0|31.5|43.9|0|0|0|0|0|0|||02:31:02||https://www.strava.com/activities/1755648022
8/6/2018|68.67|01:43:39|285|0|0|0|0||0|0|39.8|74.9|0|0|0|0|0|0|1,245|26|01:43:39|Garmin Edge 1000|https://www.strava.com/activities/1755544602
8/6/2018|48.56|01:34:44|185|0|0|0|0||162|921|30.8|52.9|0|0|0|0|0|0|1,027||02:32:40||https://www.strava.com/activities/1753428307
8/5/2018|147.59|03:25:19|1482|0|267|2789|168|70%|0|0|43.1|79.9|87|149|138|178|226|1158|3,110|36|03:25:19|SRM PC8|https://www.strava.com/activities/1751674907
8/5/2018|5.53|00:13:40|133|0|234|150|10|62%|0|0|24.3|44.6|78|122|122|161|183|823|167|36|00:16:26|SRM PC8|https://www.strava.com/activities/1751678099
8/4/2018|166.75|05:14:01|3635|0|293|4880|311|77%|0|0|31.9|95|83|187|149|183|259|1405|5,441|30|05:14:19|SRM PC8|https://www.strava.com/activities/1749644382
8/3/2018|144.54|04:00:43|2194|0|271|3243|203|71%|0|0|36|82.8|83|172|154|185|225|1269|3,616|36|04:00:43|SRM PC8|https://www.strava.com/activities/1747444408
8/2/2018|149.29|03:21:09|380|0|236|2237|130|62%|0|0|44.5|84.6|88|192|142|247|185|1973|2,495|34|03:23:22|SRM PC8|https://www.strava.com/activities/1745224144
8/1/2018|6.07|00:15:23|12|0|97|84|1|26%|0|0|23.7|30.2|79|195|121|133|91|1136|94|26|00:15:23|SRM PC8|https://www.strava.com/activities/1743360964
8/1/2018|4.8|00:05:51|7|0|434|156|12|114%|0|0|49.2|55.4|88|100|180|189|446|924|174|27|00:05:51|SRM PC8|https://www.strava.com/activities/1743351231
8/1/2018|16.78|00:31:04|15|0|243|354|21|64%|0|0|32.4|56.2|81|162|128|176|190|862|395|30|00:31:04|SRM PC8|https://www.strava.com/activities/1743354715
8/1/2018|27.89|00:57:46|39|0|0|0|0||0|0|29|41|0|0|117|154|0|0||31|01:02:03|SRM PC8|https://www.strava.com/activities/1741933158
9/26/2018|100.45|03:04:04|798|0|255|2514|142|67%|0|0|32.7|58.3|90|191|139|174|228|1281|2,503|8|03:36:06|Garmin Edge 1000|https://www.strava.com/activities/1866549691
9/23/2018|54.36|01:35:30|192|0|245|1381|68|64%|0|0|34.2|50.8|100|119|142|160|241|821|1,375|8|01:39:09|Garmin Edge 1000|https://www.strava.com/activities/1859846539
9/15/2018|0.01|00:00:00|0|0|149|0|3|39%|0|0|0|0.4|0|114|0|141|0|249|122|0|00:15:01|Garmin Edge 1000|https://www.strava.com/activities/1843394322
9/15/2018|8.9|00:10:36|8|0|0|0|0||0|0|50.4|59|0|0|176|187|0|0|391|20|00:10:36|SRM PC8|https://www.strava.com/activities/1843384469
9/15/2018|0.01|00:00:00|0|0|275|0|17|72%|0|0|0|0.4|0|198|0|168|0|841|277|0|00:20:01|Garmin Edge 1000|https://www.strava.com/activities/1843391689
9/15/2018|9.51|00:16:16|6|0|0|0|0||216|210|35.1|46.4|0|0|121|146|0|0|188|21|00:16:16|Garmin Edge 1000|https://www.strava.com/activities/1843390214
9/12/2018|2.33|00:05:36|1|0|88|28|0|23%|0|0|25|30.2|76|108|97|119|83|484|28|15|00:05:36|Garmin Edge 1000|https://www.strava.com/activities/1836872735
9/10/2018|47.06|01:26:32|125|0|222|1136|48|58%|0|0|32.6|44.6|98|118|132|151|219|700|1,133|13|01:26:32|Garmin Edge 1000|https://www.strava.com/activities/1831705171
9/9/2018|10.47|00:24:21|63|0|157|195|6|41%|0|0|25.8|37.1|82|123|103|133|133|581|194|20|00:24:44|Garmin Edge 1000|https://www.strava.com/activities/1829864331
9/7/2018|55.5|01:44:44|89|0|202|1253|56|53%|0|0|31.8|74.5|92|113|123|143|199|812|1,299|11|02:03:18|Garmin Edge 1000|https://www.strava.com/activities/1824772435
9/30/2018|103.83|03:15:22|498|0|232|2624|123|61%|0|0|31.9|57.2|96|116|135|168|224|1039|2,625|7|03:33:12|Garmin Edge 1000|https://www.strava.com/activities/1874900051
9/29/2018|102.06|03:20:27|1012|0|239|2550|136|63%|0|0|30.6|70.6|91|125|131|179|212|1067|2,543|13|03:28:29|Garmin Edge 1000|https://www.strava.com/activities/1873113723
9/28/2018|66.14|02:02:00|236|0|216|1482|69|57%|0|0|32.5|53.3|92|123|118|158|202|665|1,480|8|02:32:40|Garmin Edge 1000|https://www.strava.com/activities/1870655111
9/27/2018|146.29|04:31:08|1413|0|245|3563|191|64%|0|0|32.4|71.6|88|128|135|170|219|882|3,555|15|04:50:55|Garmin Edge 1000|https://www.strava.com/activities/1868784454
9/25/2018|55.25|01:43:45|218|0|224|1345|62|59%|0|0|32|51.5|93|119|124|149|216|981|1,343|7|02:17:50|Garmin Edge 1000|https://www.strava.com/activities/1864326137
9/24/2018|235.02|07:05:07|926|0|221|5314|246|58%|0|0|33.2|60.5|90|122|132|161|208|1078|5,302|8|07:59:33|Garmin Edge 1000|https://www.strava.com/activities/1862730517
9/21/2018|51.72|01:38:35|224|0|204|1145|49|54%|0|0|31.5|46.8|94|114|119|149|194|983|1,143|13|02:14:34|Garmin Edge 1000|https://www.strava.com/activities/1856174587
9/19/2018|118.49|03:40:29|861|0|218|2526|122|57%|0|0|32.2|74.9|91|124|127|162|191|965|2,521|21|04:01:03|Garmin Edge 1000|https://www.strava.com/activities/1851844329
9/18/2018|122.04|02:47:27|641|0|263|2358|133|69%|0|0|43.7|67.3|87|130|150|174|235|1144|2,355|23|02:47:27|Garmin Edge 1000|https://www.strava.com/activities/1851456586
9/17/2018|57|01:43:43|201|0|223|1332|62|59%|0|0|33|52.2|96|137|129|159|214|1473|1,328|19|02:36:51|Garmin Edge 1000|https://www.strava.com/activities/1847513475
9/16/2018|180.29|03:55:21|202|0|258|3333|181|68%|0|0|46|63.4|86|128|146|179|236|1147|3,326|20|03:55:41|Garmin Edge 1000|https://www.strava.com/activities/1846137672
9/15/2018|100.9|02:08:30|196|0|280|1970|117|74%|0|0|47.1|67.3|89|130|143|182|256|1343|1,968|15|02:08:53|Garmin Edge 1000|https://www.strava.com/activities/1842520695
9/14/2018|133.75|03:05:48|224|0|266|2567|152|70%|0|0|43.2|76.7|86|139|137|182|230|1179|2,565|18|03:06:25|Garmin Edge 1000|https://www.strava.com/activities/1841116518
9/13/2018|187.27|04:19:27|496|0|250|3063|188|66%|0|0|43.3|72.7|86|128|133|179|197|1227|3,058|17|04:20:29|Garmin Edge 1000|https://www.strava.com/activities/1839136847
9/12/2018|159.35|03:43:25|132|0|225|2444|130|59%|0|0|42.8|63.4|83|133|126|177|182|1310|2,445|13|03:44:32|Garmin Edge 1000|https://www.strava.com/activities/1836869495
9/11/2018|128.92|02:51:11|197|0|276|2483|151|73%|0|0|45.2|72.7|88|176|152|180|242|1258|2,490|17|02:51:11|Garmin Edge 1000|https://www.strava.com/activities/1834367200
9/9/2018|56.13|01:39:25|147|0|256|1209|80|67%|0|0|33.9|60.1|92|116|133|179|203|876|1,203|15|01:58:07|Garmin Edge 1000|https://www.strava.com/activities/1829863412
9/8/2018|93.5|02:32:35|609|0|243|2006|106|64%|0|0|36.8|66.2|93|140|137|174|219|1042|2,002|13|02:59:20|Garmin Edge 1000|https://www.strava.com/activities/1827445080
9/6/2018|163.08|03:29:01|270|0|270|3109|175|71%|0|0|46.8|86.8|86|131|153|176|248|1291|3,109|18|03:29:01|Garmin Edge 1000|https://www.strava.com/activities/1824771984
9/5/2018|157.63|03:31:21|296|0|278|3047|188|73%|0|0|44.8|63.4|85|138|152|187|240|1346|3,044|20|03:31:36|Garmin Edge 1000|https://www.strava.com/activities/1821589663
9/4/2018|66.46|01:57:37|219|0|241|1621|81|63%|0|0|33.9|52.2|95|174|133|170|230|1434|1,615|17|02:35:26|Garmin Edge 1000|https://www.strava.com/activities/1818297950
9/3/2018|78.44|02:20:37|265|0|227|1839|86|60%|0|0|33.5|58.3|95|128|126|152|218|832|1,838|16|03:06:07|Garmin Edge 1000|https://www.strava.com/activities/1816170500
9/2/2018|164.58|04:00:40|382|0|253|3375|187|67%|0|0|41|69.1|85|159|146|183|234|1333|3,378|22|04:21:26|Garmin Edge 1000|https://www.strava.com/activities/1814930288
9/1/2018|131.5|04:04:07|432|0|221|3084|139|58%|0|0|32.3|46.8|94|130|133|171|211|973|3,083|16|04:24:56|Garmin Edge 1000|https://www.strava.com/activities/1811604780
10/31/2018|143.01|04:33:59|1360|0|241|3805|189|63%|0|0|31.3|67.7|97|143|149|168|231|1136|4,243|10|05:14:31|SRM PC8|https://www.strava.com/activities/1937681344
10/28/2018|96.86|02:53:25|517|0|248|2517|125|65%|0|0|33.5|68.4|96|118|142|168|242|1092|2,807|8|02:57:13|SRM PC8|https://www.strava.com/activities/1932575011
10/27/2018|67.67|01:30:23|110|0|214|1120|47|56%|0|0|44.9|57.6|97|124|136|153|207|967|1,249|13|01:30:23|SRM PC8|https://www.strava.com/activities/1930182133
10/9/2018|66.78|01:58:09|65|0|233|1642|74|61%|0|0|33.9|43.6|99|125|138|156|232|655|1,635|16|01:58:57|Garmin Edge 1030|https://www.strava.com/activities/1894158835
10/4/2018|76.68|02:24:30|237|0|202|1731|71|53%|0|0|31.8|45.4|96|117|122|151|200|770|1,725|15|03:02:26|Garmin Edge 1000|https://www.strava.com/activities/1883719411
10/3/2018|63.78|01:58:22|168|0|208|1463|63|55%|0|0|32.3|48.2|95|121|0|0|206|1082|1,460|15|02:06:05|Garmin Edge 1000|https://www.strava.com/activities/1883718278
10/29/2018|75.97|02:19:13|418|0|245|2002|98|64%|0|0|32.7|61.2|96|122|141|169|240|735|2,233|8|02:47:25|SRM PC8|https://www.strava.com/activities/1934079660
10/27/2018|46.05|01:51:18|207|0|0|0|0||129|858|24.8|47.5|0|0|137|162|0|0|957|6|01:54:16|SRM PC8|https://www.strava.com/activities/1930180022
10/26/2018|71.56|02:14:56|404|0|228|1798|84|60%|0|0|31.8|62.6|95|117|140|163|222|812|2,005|12|02:54:25|SRM PC8|https://www.strava.com/activities/1928245389
10/16/2018|166.73|03:38:42|254|0|257|2978|167|68%|0|0|45.7|64.1|89|131|150|187|227|1367|3,321|25|03:38:42|SRM PC8|https://www.strava.com/activities/1910191342
10/15/2018|61.88|01:53:38|209|0|0|0|0||204|1389|32.7|58.3|0|0|126|168|0|0|1,549|22|02:58:11|SRM PC8|https://www.strava.com/activities/1906068884
10/14/2018|96.1|02:59:35|468|0|0|0|0||209|2252|32.1|60.5|0|0|109|166|0|0|2,511|20|03:44:02|SRM PC8|https://www.strava.com/activities/1903882445
10/13/2018|155.28|03:43:37|190|0|251|2888|162|66%|0|0|41.7|66.2|88|119|149|185|215|1247|3,220|26|03:44:06|SRM PC8|https://www.strava.com/activities/1902780604
10/12/2018|56.91|01:46:04|226|0|208|1293|54|55%|0|0|32.2|47.2|97|119|128|154|203|766|1,291|15|02:19:09|Garmin Edge 1030|https://www.strava.com/activities/1899580562
10/10/2018|66.65|01:56:27|204|0|207|1322|57|54%|0|0|34.3|55.4|94|122|129|159|189|873|1,317|20|01:57:10|Garmin Edge 1030|https://www.strava.com/activities/1896230966
10/8/2018|63.56|01:58:49|249|0|218|1517|66|57%|0|0|32.1|47.2|96|125|125|152|213|708|1,512|9|02:39:53|Garmin Edge 1030|https://www.strava.com/activities/1891721530
10/7/2018|186.85|04:27:32|1213|0|259|3475|208|68%|0|0|41.9|74.2|84|136|149|185|216|1140|3,470|15|04:29:59|Garmin Edge 1030|https://www.strava.com/activities/1891450129
10/6/2018|64.91|01:59:12|274|0|193|1252|53|51%|0|0|32.7|52.6|92|198|114|159|175|1415|1,247|18|02:31:23|Garmin Edge 1030|https://www.strava.com/activities/1887972511
10/5/2018|68.17|02:06:17|287|0|222|1640|73|58%|0|0|32.4|51.1|96|120|125|157|216|647|1,635|11|02:39:38|Garmin Edge 1030|https://www.strava.com/activities/1885273232
10/2/2018|54.55|01:41:34|174|0|234|1396|65|62%|0|0|32.2|46.1|97|117|126|157|229|811|1,392|6|01:43:40|Garmin Edge 1000|https://www.strava.com/activities/1879029250
10/1/2018|107.61|03:17:27|461|0|239|2674|133|63%|0|0|32.7|58.7|96|119|134|170|226|774|2,668|8|03:33:30|Garmin Edge 1000|https://www.strava.com/activities/1877215195
11/29/2018|0|01:00:02|0|0|0|0|0||0|0|0|0|0|0|138|175|0|0|682|19|01:00:02|Garmin Edge 1030|https://www.strava.com/activities/1990789104
11/28/2018|55.55|01:52:54|170|0|0|0|0||162|1095|29.5|46.1|0|0|128|147|0|0|1,221|4|01:56:25|SRM PC8|https://www.strava.com/activities/1989463354
11/24/2018|108.43|03:27:41|714|0|229|2734|126|60%|0|0|31.3|70.6|97|120|136|166|219|818|3,048|6|03:29:39|SRM PC8|https://www.strava.com/activities/1982430849
11/23/2018|63.15|02:05:55|128|0|184|1289|50|48%|0|0|30.1|43.2|82|131|112|145|171|857|1,437|10|02:31:42|SRM PC8|https://www.strava.com/activities/1980412445
11/22/2018|58.12|01:57:56|71|0|184|1255|46|48%|0|0|29.6|43.2|94|119|120|143|177|887|1,399|6|01:59:51|SRM PC8|https://www.strava.com/activities/1979459370
11/21/2018|93.85|02:49:22|247|0|240|2357|113|63%|0|0|33.2|58.3|97|124|145|172|232|1250|2,628|6|02:50:30|SRM PC8|https://www.strava.com/activities/1977261282
11/18/2018|69.93|03:37:21|53|0|0|0|0||182|2377|19.3|67.7|0|0|123|178|0|0|2,650|25|03:37:21|SRM PC8|https://www.strava.com/activities/1973452691
11/17/2018|107.43|05:25:28|71|0|0|0|0||164|3204|19.8|81.4|0|0|120|187|0|0|3,572|25|05:25:28|SRM PC8|https://www.strava.com/activities/1970744325
11/16/2018|104.14|05:19:07|37|0|0|0|0||155|2966|19.6|74.2|0|0|121|182|0|0|3,307|26|05:19:07|SRM PC8|https://www.strava.com/activities/1970744012
11/15/2018|97.51|02:25:30|55|0|0|0|0||314|2737|40.2|72.7|0|0|142|181|0|0|3,052|26|04:35:44|SRM PC8|https://www.strava.com/activities/1967136007
11/12/2018|42.56|01:12:28|8|0|0|0|0||237|1029|35.2|60.5|0|0|128|172|0|0|1,148|21|01:12:28|SRM PC8|https://www.strava.com/activities/1961771470
11/5/2018|0.02|00:00:00|0|0|194|5|13|51%|0|0|2.7|5|114|176|144|157|188|672|6|24|00:30:01|SRM PC8|https://www.strava.com/activities/1947766859
11/3/2018|114.71|03:11:45|529|0|0|0|0||0|0|35.9|67|94|120|134|168|0|0|2,703|10|03:39:57|SRM PC8|https://www.strava.com/activities/1943685005
11/2/2018|81.98|02:26:43|157|0|230|2013|94|61%|0|0|33.5|47.5|98|123|139|159|229|748|2,244|10|03:13:11|SRM PC8|https://www.strava.com/activities/1940957338
11/29/2018|32.49|01:12:26|131|0|0|0|0||139|602|26.9|42.5|0|0|112|206|0|0|672|5|01:19:23|SRM PC8|https://www.strava.com/activities/1991096081
11/25/2018|49.48|02:22:53|281|0|0|0|0||117|1001|20.8|61.2|0|0|122|156|0|0|1,116|4|02:31:57|SRM PC8|https://www.strava.com/activities/1984534280
11/11/2018|40.04|01:23:42|478|0|187|804|37|49%|0|0|28.7|66.2|90|168|118|190|160|882|897|25|02:07:50|SRM PC8|https://www.strava.com/activities/1958484885
11/10/2018|63.71|02:10:08|737|0|211|1551|69|56%|0|0|29.4|83.5|93|132|134|164|199|812|1,729|23|02:35:13|SRM PC8|https://www.strava.com/activities/1956265195
11/9/2018|113.75|03:38:37|1343|0|210|2415|116|55%|0|0|31.2|87.1|90|154|128|174|184|1355|2,693|25|04:03:29|SRM PC8|https://www.strava.com/activities/1954743642
11/8/2018|40.77|01:23:11|470|0|193|891|37|51%|0|0|29.4|61.9|97|129|119|146|178|478|993|24|01:59:49|SRM PC8|https://www.strava.com/activities/1952938469
11/7/2018|139.6|04:34:11|2108|0|232|3209|174|61%|0|0|30.5|85.7|90|139|129|171|195|1184|3,578|21|04:43:00|SRM PC8|https://www.strava.com/activities/1951250933
11/6/2018|123.47|03:54:15|1498|0|222|2705|135|58%|0|0|31.6|79.2|93|129|129|178|192|1109|3,016|23|04:00:32|SRM PC8|https://www.strava.com/activities/1949254534
11/5/2018|103.37|03:12:49|1198|0|226|2372|114|59%|0|0|32.2|79.9|94|137|137|174|205|1121|2,645|24|03:17:31|SRM PC8|https://www.strava.com/activities/1947316331
12/28/2018|107.58|03:31:40|603|0|247|2982|153|65%|0|0|30.5|59.8|87|117|149|173|235|731|3,325|3|03:39:50|SRM PC8|https://www.strava.com/activities/2042244401
12/22/2018|97.57|03:07:25|457|0|235|2469|120|62%|0|0|31.2|61.2|90|136|143|173|220|1445|2,753|12|03:07:56|SRM PC8|https://www.strava.com/activities/2029481772
12/21/2018|99.96|02:41:45|512|0|243|2275|111|64%|0|0|37.1|62.6|89|133|153|177|234|479|2,170||02:43:40|Zwift|https://www.strava.com/activities/2027901107
12/7/2018|58.01|01:54:17|239|0|219|1376|64|58%|0|0|30.5|47.5|95|115|142|186|201|676|1,534|13|01:55:14|SRM PC8|https://www.strava.com/activities/2004611003
12/2/2018|94.84|03:00:45|461|0|233|2376|114|61%|0|0|31.5|57.6|93|126|142|174|219|1297|2,650|13|03:08:44|SRM PC8|https://www.strava.com/activities/1996383723
12/30/2018|113.16|03:33:16|238|0|235|2774|141|62%|0|0|31.8|54.7|92|136|0|0|217|1481|3,093|7|04:30:01|SRM PC8|https://www.strava.com/activities/2043986353
12/29/2018|170.07|05:38:38|1697|0|235|4337|220|62%|0|0|30.1|72|88|132|141|169|213|1491|4,836|6|06:02:23|SRM PC8|https://www.strava.com/activities/2042246338
12/26/2018|113.91|03:43:40|368|0|225|2897|132|59%|0|0|30.6|51.8|90|136|131|158|216|1274|3,230|2|03:54:40|SRM PC8|https://www.strava.com/activities/2036215340
12/25/2018|96.9|03:04:24|329|0|231|2480|118|61%|0|0|31.5|52.6|93|136|136|162|224|1410|2,765|3|03:49:04|SRM PC8|https://www.strava.com/activities/2034593055
12/24/2018|139.98|04:38:29|1508|0|236|3364|183|62%|0|0|30.2|79.9|86|132|134|172|201|1123|3,751|8|04:49:13|SRM PC8|https://www.strava.com/activities/2033275663
12/23/2018|118.62|03:51:34|340|0|227|3028|146|60%|0|0|30.7|50.4|90|150|142|191|218|854|3,377|10|05:04:19|SRM PC8|https://www.strava.com/activities/2031268458
12/18/2018|88.1|02:37:56|575|0|205|1632|78|54%|0|0|33.5|64.1|88|127|118|173|172|1381|1,820|16|02:41:38|SRM PC8|https://www.strava.com/activities/2024702892
12/17/2018|111.87|03:21:33|963|0|221|2340|116|58%|0|0|33.3|80.6|89|163|125|162|194|1435|2,609|18|03:27:03|SRM PC8|https://www.strava.com/activities/2021578317
12/16/2018|150.06|04:43:45|1283|0|213|2935|157|56%|0|0|31.7|74.2|86|133|129|180|172|1206|3,273|19|05:20:02|SRM PC8|https://www.strava.com/activities/2020232632
12/15/2018|155.15|04:42:25|1159|0|216|3169|155|57%|0|0|33|76.3|92|148|128|172|187|1391|3,533|16|04:48:36|SRM PC8|https://www.strava.com/activities/2018560281
12/14/2018|48.8|01:30:14|400|0|218|916|50|57%|0|0|32.5|64.1|87|120|116|169|169|1205|1,021|15|01:32:14|SRM PC8|https://www.strava.com/activities/2017011640
12/13/2018|132.26|04:05:56|1424|0|226|2845|147|59%|0|0|32.3|69.8|86|143|133|172|193|1520|3,172|16|04:16:43|SRM PC8|https://www.strava.com/activities/2015058966
12/12/2018|41.71|01:28:52|423|0|202|949|45|53%|0|0|28.2|58.3|86|123|123|174|178|1426|1,059|17|02:51:49|SRM PC8|https://www.strava.com/activities/2013330077
12/11/2018|44.43|01:14:11|384|0|0|0|0||284|1263|35.9|67.7|0|0|133|165|0|0|1,409|15|01:14:40|SRM PC8|https://www.strava.com/activities/2011694275
12/11/2018|94.92|02:46:55|880|0|235|2064|107|62%|0|0|34.1|67.7|92|152|134|171|206|1448|2,301|18|02:47:56|SRM PC8|https://www.strava.com/activities/2011694984
12/10/2018|125.69|04:00:32|1210|0|0|0|0||0|0|31.4|69.8|94|133|132|178|0|0|556|18|04:09:48|SRM PC8|https://www.strava.com/activities/2010036858
12/9/2018|103.44|03:11:37|1010|0|0|0|0||0|0|32.4|69.8|96|125|133|180|0|0|783|21|03:18:43|SRM PC8|https://www.strava.com/activities/2008401768
loaded urls in 7.05:58:33.5585728
