date|distance|mov_time|elevation|relativeEffort|avg_power_weig|work_total|training_load|intensity|estAvgPower|energyOutput|avg_speed|max_speed|avg_cadence|max_cadence|avg_heartRate|max_heartRate|avg_power|max_power|avg_calories|avg_temperature|avg_elap_time|bicycle_model|url
1/31/2018|40.33|01:32:20|198|0|0|0|0||0|0|26.2|49.7|78|112|0|0|0|0||9|01:34:15|SRM PC8|https://www.strava.com/activities/1390681322
1/25/2018|22.42|00:51:25|183|0|0|0|0||0|0|26.2|50.4|82|125|0|0|0|0||22|00:58:47|SRM PC8|https://www.strava.com/activities/1374437562
1/5/2018|60.8|02:06:25|312|0|0|0|0||0|0|28.9|47.5|79|114|0|0|0|0||10|02:14:55|SRM PC8|https://www.strava.com/activities/1341813386
1/2/2018|48.44|01:57:17|263|0|0|0|0||0|0|24.8|56.2|80|117|0|0|0|0||7|01:59:37|SRM PC8|https://www.strava.com/activities/1337407386
1/1/2018|120.76|04:12:39|1421|0|0|0|0||0|0|28.7|122.8|82|117|0|0|0|0||9|04:18:12|SRM PC8|https://www.strava.com/activities/1335980810
1/28/2018|168.46|04:33:56|1563|0|0|0|0||0|0|36.9|92.2|82|127|0|0|0|0||41|05:16:22|SRM PC8|https://www.strava.com/activities/1378830600
1/27/2018|34.04|01:19:12|468|0|0|0|0||0|0|25.8|69.8|73|116|0|0|0|0||30|01:35:29|SRM PC8|https://www.strava.com/activities/1376891452
1/26/2018|89.64|02:52:59|751|0|0|0|0||0|0|31.1|77|80|125|0|0|0|0||23|03:04:09|SRM PC8|https://www.strava.com/activities/1376891513
1/25/2018|124.62|02:49:51|55|0|0|0|0||0|0|44|70.6|93|125|0|0|0|0||28|02:58:46|SRM PC8|https://www.strava.com/activities/1374437876
1/24/2018|132.69|03:56:48|1767|0|0|0|0||0|0|33.6|95|85|128|0|0|0|0||26|04:51:52|SRM PC8|https://www.strava.com/activities/1372671253
1/23/2018|96.92|03:03:46|468|0|0|0|0||0|0|31.6|61.9|85|119|0|0|0|0||27|03:43:10|SRM PC8|https://www.strava.com/activities/1370666534
1/21/2018|104.18|02:41:31|778|0|0|0|0||0|0|38.7|82.8|84|125|0|0|0|0||40|03:11:45|SRM PC8|https://www.strava.com/activities/1370666511
1/20/2018|191.38|05:08:17|2028|0|0|0|0||0|0|37.2|108|85|134|0|0|0|0||35|05:50:24|SRM PC8|https://www.strava.com/activities/1365552028
1/19/2018|125.6|03:57:04|2041|0|0|0|0||0|0|31.8|86.4|85|136|0|0|0|0||45|05:14:30|SRM PC8|https://www.strava.com/activities/1364142381
1/18/2018|127.73|03:23:26|1150|0|0|0|0||0|0|37.7|85.7|85|128|0|0|0|0||45|03:45:27|SRM PC8|https://www.strava.com/activities/1362661627
1/17/2018|168.34|05:08:50|2608|0|0|0|0||0|0|32.7|100.1|85|139|0|0|0|0||41|05:43:52|SRM PC8|https://www.strava.com/activities/1361180500
1/16/2018|150.57|03:58:50|1468|0|0|0|0||0|0|37.8|86.4|86|130|0|0|0|0||37|04:09:04|SRM PC8|https://www.strava.com/activities/1359629275
1/14/2018|65.51|01:37:59|400|0|0|0|0||0|0|40.1|85|88|142|0|0|0|0||22|02:00:21|SRM PC8|https://www.strava.com/activities/1356258685
1/13/2018|115.32|03:36:52|1347|0|0|0|0||0|0|31.9|79.9|0|0|0|0|0|0||21|03:53:40|SRM PC8|https://www.strava.com/activities/1355975492
1/11/2018|119.68|03:59:54|1851|0|0|0|0||0|0|29.9|94.7|88|128|0|0|0|0||31|05:10:14|SRM PC8|https://www.strava.com/activities/1351132121
1/9/2018|62.87|02:11:37|750|0|0|0|0||0|0|28.7|67|82|128|0|0|0|0||25|02:57:18|SRM PC8|https://www.strava.com/activities/1347825685
1/8/2018|37.33|01:16:10|99|0|0|0|0||0|0|29.4|42.5|86|119|0|0|0|0||28|02:11:01|SRM PC8|https://www.strava.com/activities/1346457015
2/20/2018|47.96|01:53:27|273|0|0|0|0||0|0|25.4|50.4|77|111|0|0|0|0||3|01:54:22|SRM PC8|https://www.strava.com/activities/1419480870
2/19/2018|154.85|04:18:16|629|0|0|0|0||0|0|36|80.6|83|124|0|0|0|0||4|04:28:11|SRM PC8|https://www.strava.com/activities/1415616324
2/13/2018|82.3|03:04:06|368|0|0|0|0||0|0|26.8|62.6|80|127|0|0|0|0||7|03:10:48|SRM PC8|https://www.strava.com/activities/1415190853
2/9/2018|128.75|03:32:09|585|0|0|0|0||0|0|36.4|74.2|86|122|0|0|0|0||3|03:45:16|SRM PC8|https://www.strava.com/activities/1399440877
2/6/2018|101.21|04:03:04|1648|0|0|0|0||0|0|25|81.4|72|116|0|0|0|0||2|04:21:42|SRM PC8|https://www.strava.com/activities/1394543181
2/2/2018|48.61|01:51:56|356|0|0|0|0||0|0|26.1|66.2|77|115|0|0|0|0||6|01:53:28|SRM PC8|https://www.strava.com/activities/1390681371
2/1/2018|46.75|01:46:34|245|0|0|0|0||0|0|26.3|48.2|78|116|0|0|0|0||6|01:48:08|SRM PC8|https://www.strava.com/activities/1390681342
2/27/2018|184.89|04:35:14|1720|0|0|0|0||0|0|40.3|117.4|88|119|0|0|0|0||1|05:26:22|SRM PC8|https://www.strava.com/activities/1429104505
2/25/2018|189.72|04:48:43|1501|0|0|0|0||0|0|39.4|92.9|86|135|0|0|0|0||5|05:43:26|SRM PC8|https://www.strava.com/activities/1425923106
2/24/2018|191.65|04:53:02|1812|0|0|0|0||0|0|39.2|99|91|153|0|0|0|0||7|05:24:06|SRM PC8|https://www.strava.com/activities/1423906082
2/23/2018|47.25|01:33:05|96|0|0|0|0||0|0|30.5|49.7|84|111|0|0|0|0||4|02:00:58|SRM PC8|https://www.strava.com/activities/1421775128
2/22/2018|87.67|02:42:48|995|0|0|0|0||0|0|32.3|69.8|82|127|0|0|0|0||6|02:59:20|SRM PC8|https://www.strava.com/activities/1420446329
2/18/2018|168.02|05:00:19|3426|0|0|0|0||0|0|33.6|100.1|83|130|0|0|0|0||16|05:44:10|SRM PC8|https://www.strava.com/activities/1415190992
2/17/2018|146.13|04:05:41|1244|0|0|0|0||0|0|35.7|96.5|91|126|0|0|0|0||11|05:14:41|SRM PC8|https://www.strava.com/activities/1415190949
2/11/2018|127.3|03:37:27|1846|0|0|0|0||0|0|35.1|103.7|87|122|0|0|0|0||19|05:11:26|SRM PC8|https://www.strava.com/activities/1403368125
2/10/2018|45.22|01:34:09|715|0|0|0|0||0|0|28.8|69.1|83|132|0|0|0|0||14|01:45:53|SRM PC8|https://www.strava.com/activities/1403368036
2/3/2018|73.22|02:45:47|759|0|0|0|0||0|0|26.5|77.8|74|112|0|0|0|0||4|03:00:02|SRM PC8|https://www.strava.com/activities/1390681444
3/20/2018|106.65|03:59:01|2012|0|0|0|0||0|0|26.8|78.5|85|182|0|0|0|0||2|04:54:20|SRM PC8|https://www.strava.com/activities/1467606090
3/19/2018|52.82|02:04:21|672|0|0|0|0||0|0|25.5|61.9|82|113|0|0|0|0||4|02:33:24|SRM PC8|https://www.strava.com/activities/1461021242
3/15/2018|108.76|03:05:13|643|0|0|0|0||0|0|35.2|70.6|85|119|0|0|0|0||9|03:26:28|SRM PC8|https://www.strava.com/activities/1454367584
3/14/2018|113.42|04:24:20|2397|0|0|0|0||0|0|25.7|80.6|81|122|0|0|0|0||11|05:04:32|SRM PC8|https://www.strava.com/activities/1452810909
3/12/2018|55.19|02:01:01|899|0|0|0|0||0|0|27.4|69.1|80|129|0|0|0|0||12|02:01:58|SRM PC8|https://www.strava.com/activities/1449339658
3/11/2018|54.67|02:00:06|396|0|0|0|0||0|0|27.3|63.4|78|112|0|0|0|0||11|02:02:38|SRM PC8|https://www.strava.com/activities/1447538079
3/2/2018|65.65|02:25:01|355|0|0|0|0||0|0|27.2|66.2|77|110|0|0|0|0||0|02:30:45|SRM PC8|https://www.strava.com/activities/1432496183
3/31/2018|40.7|01:19:23|68|0|0|0|0||0|0|30.8|44.6|86|115|0|0|0|0||13|01:46:09|SRM PC8|https://www.strava.com/activities/1481329319
3/30/2018|84.04|02:38:36|729|0|0|0|0||0|0|31.8|66.2|83|116|0|0|0|0||12|02:48:02|SRM PC8|https://www.strava.com/activities/1481329462
3/29/2018|41.91|01:22:27|40|0|0|0|0||0|0|30.5|51.8|81|109|0|0|0|0||12|01:45:17|SRM PC8|https://www.strava.com/activities/1477771125
3/28/2018|187.21|04:40:05|861|0|0|0|0||0|0|40.1|82.1|90|140|0|0|0|0||9|05:08:21|SRM PC8|https://www.strava.com/activities/1476693017
3/25/2018|256.25|06:22:00|3227|0|0|0|0||0|0|40.2|108.7|87|139|0|0|0|0||18|06:53:35|SRM PC8|https://www.strava.com/activities/1471626693
3/24/2018|44.01|01:22:26|440|0|0|0|0||0|0|32|45.4|0|0|0|0|0|0||16|02:04:00|SRM PC8|https://www.strava.com/activities/1468767144
3/23/2018|122.33|03:10:45|1209|0|0|0|0||0|0|38.5|77|88|127|0|0|0|0||13|03:43:14|SRM PC8|https://www.strava.com/activities/1467606128
3/18/2018|198.39|04:42:32|891|0|0|0|0||0|0|42.1|71.3|91|162|0|0|0|0||2|05:17:13|SRM PC8|https://www.strava.com/activities/1460668452
3/9/2018|88.04|02:54:11|1264|0|0|0|0||0|0|30.3|79.2|81|148|0|0|0|0||14|03:08:26|SRM PC8|https://www.strava.com/activities/1444024685
3/8/2018|190.18|06:09:46|2921|0|0|0|0||0|0|30.9|82.8|84|127|0|0|0|0||13|06:31:56|SRM PC8|https://www.strava.com/activities/1442426574
3/7/2018|54.4|01:45:24|621|0|0|0|0||0|0|31|69.1|84|118|0|0|0|0||16|01:50:16|SRM PC8|https://www.strava.com/activities/1441053564
3/7/2018|69.89|01:59:29|722|0|0|0|0||0|0|35.1|78.1|88|127|0|0|0|0||13|02:07:42|SRM PC8|https://www.strava.com/activities/1440499087
3/6/2018|158.19|05:06:08|2482|0|0|0|0||0|0|31|179.3|79|135|0|0|0|0||15|05:16:57|SRM PC8|https://www.strava.com/activities/1439095846
3/5/2018|55.53|01:46:41|681|0|0|0|0||0|0|31.2|67|84|122|0|0|0|0||15|01:59:51|SRM PC8|https://www.strava.com/activities/1437758105
3/4/2018|70.15|02:35:30|580|0|0|0|0||0|0|27.1|61.9|78|106|0|0|0|0||5|02:37:21|SRM PC8|https://www.strava.com/activities/1437133244
4/30/2018|28.41|01:08:56|128|0|0|0|0||0|0|24.7|49|82|108|0|0|0|0||16|01:11:35|SRM PC8|https://www.strava.com/activities/1543344893
4/27/2018|33.64|01:14:11|898|0|0|0|0||0|0|27.2|71.3|83|119|0|0|0|0||23|07:16:50|SRM PC8|https://www.strava.com/activities/1535212543
4/23/2018|39.79|01:22:20|626|0|0|0|0||0|0|29|68.4|0|0|0|0|0|0||20|01:27:11|SRM PC8|https://www.strava.com/activities/1528347552
4/22/2018|109.87|03:13:44|694|0|0|0|0||0|0|34|64.1|85|120|0|0|0|0||29|03:24:59|SRM PC8|https://www.strava.com/activities/1528347609
4/20/2018|59.85|02:10:40|552|0|0|0|0||0|0|27.5|79.2|83|132|0|0|0|0||24|02:12:11|SRM PC8|https://www.strava.com/activities/1520128785
4/19/2018|190.21|06:47:39|4004|0|0|0|0||0|0|28|90.7|87|136|0|0|0|0||24|07:12:10|SRM PC8|https://www.strava.com/activities/1518301886
4/18/2018|23.72|01:00:57|118|0|0|0|0||0|0|23.4|49|85|114|0|0|0|0||15|01:01:17|SRM PC8|https://www.strava.com/activities/1515398003
4/17/2018|87.06|03:03:28|1595|0|0|0|0||0|0|28.5|80.6|81|125|0|0|0|0||22|04:09:08|SRM PC8|https://www.strava.com/activities/1513821322
4/13/2018|74.02|02:47:06|1127|0|0|0|0||0|0|26.6|81.4|81|166|0|0|0|0||15|03:00:53|SRM PC8|https://www.strava.com/activities/1511549637
4/12/2018|64.76|02:29:15|501|0|0|0|0||0|0|26|67|79|113|0|0|0|0||17|02:32:46|SRM PC8|https://www.strava.com/activities/1511549602
4/29/2018|185.98|04:26:38|2170|0|0|0|0||0|0|41.9|89.3|88|123|0|0|0|0||22|04:42:49|SRM PC8|https://www.strava.com/activities/1543345445
4/28/2018|157.17|04:59:23|3547|0|0|0|0||0|0|31.5|92.9|88|130|0|0|0|0||26|05:13:06|SRM PC8|https://www.strava.com/activities/1537404841
4/26/2018|178.18|04:23:58|2303|0|0|0|0||0|0|40.5|95.8|91|136|0|0|0|0||17|04:47:13|SRM PC8|https://www.strava.com/activities/1533261676
4/25/2018|176.05|04:45:55|2453|0|0|0|0||0|0|36.9|96.5|88|135|0|0|0|0||24|05:43:32|SRM PC8|https://www.strava.com/activities/1531356994
4/24/2018|19.8|00:50:53|486|0|0|0|0||0|0|23.3|87.1|81|141|0|0|0|0||25|02:36:21|SRM PC8|https://www.strava.com/activities/1529018313
4/16/2018|115.42|04:01:28|2006|0|0|0|0||0|0|28.7|85.7|86|124|0|0|0|0||17|04:04:11|SRM PC8|https://www.strava.com/activities/1511878129
4/14/2018|50.85|01:54:40|709|0|0|0|0||0|0|26.6|72|75|114|0|0|0|0||22|02:42:44|SRM PC8|https://www.strava.com/activities/1511549611
4/8/2018|266.69|06:38:26|1386|0|0|0|0||0|0|40.2|71.3|89|152|0|0|0|0||23|06:49:57|SRM PC8|https://www.strava.com/activities/1498554784
4/7/2018|44.44|01:21:00|213|0|0|0|0||0|0|32.9|55.4|87|113|0|0|0|0||20|01:46:47|SRM PC8|https://www.strava.com/activities/1494067404
4/6/2018|61.72|02:00:24|219|0|0|0|0||0|0|30.8|58.3|86|117|0|0|0|0||13|02:06:16|SRM PC8|https://www.strava.com/activities/1492938731
4/5/2018|120.82|04:01:24|625|0|0|0|0||0|0|30|63.7|88|124|0|0|0|0||11|04:18:24|SRM PC8|https://www.strava.com/activities/1492938866
4/2/2018|41.6|01:34:14|207|0|0|0|0||0|0|26.5|57.6|80|112|0|0|0|0||9|02:07:22|SRM PC8|https://www.strava.com/activities/1485277247
4/1/2018|273.31|06:52:43|1429|0|0|0|0||0|0|39.7|87.8|87|136|0|0|0|0||9|07:25:17|SRM PC8|https://www.strava.com/activities/1484769256
5/31/2018|65.67|02:22:03|872|0|0|0|0||0|0|27.7|74.9|83|112|0|0|0|0||26|02:56:17|SRM PC8|https://www.strava.com/activities/1609396169
5/30/2018|55.01|01:58:04|289|0|0|0|0||0|0|28|67.7|84|127|0|0|0|0||28|02:13:44|SRM PC8|https://www.strava.com/activities/1609396103
5/27/2018|124.46|03:28:05|959|0|0|0|0||0|0|35.9|71.3|87|124|0|0|0|0||29|04:08:44|SRM PC8|https://www.strava.com/activities/1603205055
5/26/2018|217.16|06:38:29|4030|0|0|0|0||0|0|32.7|94.3|84|136|0|0|0|0||28|06:55:50|SRM PC8|https://www.strava.com/activities/1598686395
5/25/2018|199.93|06:23:18|4639|0|0|0|0||0|0|31.3|85|86|139|0|0|0|0||25|07:22:55|SRM PC8|https://www.strava.com/activities/1595589077
5/24/2018|214.57|05:57:59|2161|0|0|0|0||0|0|36|91.4|84|122|0|0|0|0||30|06:44:51|SRM PC8|https://www.strava.com/activities/1593367172
5/23/2018|154.2|03:39:06|2040|0|0|0|0||0|0|42.2|87.1|89|134|0|0|0|0||25|04:40:59|SRM PC8|https://www.strava.com/activities/1591118914
5/22/2018|61.8|01:51:38|435|0|0|0|0||0|0|33.2|80.6|99|149|0|0|0|0||19|03:38:49|SRM PC8|https://www.strava.com/activities/1589028282
5/22/2018|18.68|00:47:43|86|0|0|0|0||0|0|23.5|43.2|88|118|0|0|0|0||18|00:56:04|SRM PC8|https://www.strava.com/activities/1589027623
5/21/2018|34.33|01:05:12|280|0|0|0|0||0|0|31.6|59|91|117|0|0|0|0||26|01:07:37|SRM PC8|https://www.strava.com/activities/1586958920
5/20/2018|179.83|05:02:31|3483|0|0|0|0||0|0|35.7|95.8|93|137|0|0|0|0||18|05:49:10|SRM PC8|https://www.strava.com/activities/1584892990
5/19/2018|192.54|06:07:24|4226|0|0|0|0||0|0|31.4|94.3|84|129|0|0|0|0||22|06:54:30|SRM PC8|https://www.strava.com/activities/1582628283
5/18/2018|188.6|04:19:42|473|0|0|0|0||0|0|43.6|78.5|89|124|0|0|0|0||27|04:32:32|SRM PC8|https://www.strava.com/activities/1580574020
5/17/2018|220.32|05:20:02|751|0|0|0|0||0|0|41.3|79.2|87|130|0|0|0|0||22|05:37:18|SRM PC8|https://www.strava.com/activities/1578207051
5/16/2018|165.74|03:56:16|1951|0|0|0|0||0|0|42.1|89.3|88|136|0|0|0|0||21|04:40:54|SRM PC8|https://www.strava.com/activities/1576160331
5/15/2018|248.88|06:22:37|3996|0|0|0|0||0|0|39|92.9|89|139|0|0|0|0||18|07:04:43|SRM PC8|https://www.strava.com/activities/1574098283
5/14/2018|30.07|01:05:08|45|0|0|0|0||0|0|27.7|37.4|85|119|0|0|0|0||26|01:06:19|SRM PC8|https://www.strava.com/activities/1571354768
5/13/2018|226.35|06:29:28|4036|0|0|0|0||0|0|34.9|93.6|84|132|0|0|0|0||25|06:41:33|SRM PC8|https://www.strava.com/activities/1570063445
5/12/2018|219.32|05:41:24|2701|0|0|0|0||0|0|38.5|91.4|87|139|0|0|0|0||24|05:52:44|SRM PC8|https://www.strava.com/activities/1567828617
5/11/2018|163.95|04:07:27|903|0|0|0|0||0|0|39.8|87.8|84|131|0|0|0|0||27|04:25:57|SRM PC8|https://www.strava.com/activities/1565427150
5/10/2018|182.23|05:02:27|3321|0|0|0|0||0|0|36.2|89.3|88|146|0|0|0|0||25|05:17:19|SRM PC8|https://www.strava.com/activities/1562675248
5/9/2018|157.04|04:28:48|2062|0|0|0|0||0|0|35.1|77.8|86|128|0|0|0|0||26|05:00:40|SRM PC8|https://www.strava.com/activities/1560427846
5/8/2018|212.8|05:57:11|3677|0|0|0|0||0|0|35.7|84.2|87|177|0|0|0|0||28|06:05:49|SRM PC8|https://www.strava.com/activities/1559588371
5/7/2018|32.44|01:11:48|386|0|0|0|0||0|0|27.1|53.3|83|133|0|0|0|0||26|01:22:04|SRM PC8|https://www.strava.com/activities/1556052952
5/6/2018|238.5|05:31:17|1795|0|0|0|0||0|0|43.2|97.2|89|142|0|0|0|0||30|05:53:41|SRM PC8|https://www.strava.com/activities/1554112254
5/5/2018|181.38|04:21:29|992|0|0|0|0||0|0|41.6|77.8|89|145|0|0|0|0||30|05:10:10|SRM PC8|https://www.strava.com/activities/1551648847
5/4/2018|37.93|01:22:02|771|0|0|0|0||0|0|27.7|77.8|88|145|0|0|0|0||32|06:02:47|SRM PC8|https://www.strava.com/activities/1549550579
5/3/2018|51.07|01:28:40|670|0|0|0|0||0|0|34.6|76.3|91|127|0|0|0|0||37|01:34:45|SRM PC8|https://www.strava.com/activities/1549550615
5/2/2018|94.45|02:54:15|1110|0|0|0|0||0|0|32.5|92.2|0|0|0|0|0|0||39|02:58:42|SRM PC8|https://www.strava.com/activities/1544860492
6/26/2018|22.63|00:50:25|122|0|0|0|0||0|0|26.9|55.4|87|116|0|0|0|0||21|00:53:30|SRM PC8|https://www.strava.com/activities/1675478394
6/25/2018|80.89|02:59:51|1434|0|0|0|0||0|0|27|79.9|80|138|0|0|0|0||18|04:18:51|SRM PC8|https://www.strava.com/activities/1675478512
6/12/2018|67.53|02:27:03|864|0|0|0|0||0|0|27.6|75.6|79|126|0|0|0|0||21|03:15:10|SRM PC8|https://www.strava.com/activities/1635421119
6/6/2018|39.07|01:21:49|177|0|0|0|0||0|0|28.7|44.6|81|112|0|0|0|0||26|01:24:15|SRM PC8|https://www.strava.com/activities/1620734603
6/5/2018|93.18|02:28:55|361|0|0|0|0||0|0|37.5|72|88|121|0|0|0|0||29|03:15:10|SRM PC8|https://www.strava.com/activities/1620734639
6/4/2018|121.91|04:20:57|2329|0|0|0|0||0|0|28|87.8|84|124|0|0|0|0||27|06:50:25|SRM PC8|https://www.strava.com/activities/1617439030
6/1/2018|85.42|03:16:30|1434|0|0|0|0||0|0|26.1|83.5|80|151|0|0|0|0||23|03:20:06|SRM PC8|https://www.strava.com/activities/1609684834
6/16/2018|54.36|01:47:49|708|0|0|0|0||0|0|30.3|68.4|81|111|0|0|0|0||25|02:31:18|SRM PC8|https://www.strava.com/activities/1641670759
6/15/2018|88.66|03:00:58|1420|0|0|0|0||0|0|29.4|86.4|81|135|0|0|0|0||21|03:17:36|SRM PC8|https://www.strava.com/activities/1641670925
6/10/2018|69.2|02:31:57|1256|0|0|0|0||0|0|27.3|78.5|77|153|0|0|0|0||25|03:43:41|SRM PC8|https://www.strava.com/activities/1630125124
6/8/2018|41.36|01:37:18|676|0|0|0|0||0|0|25.5|67.7|75|114|0|0|0|0||24|02:21:33|SRM PC8|https://www.strava.com/activities/1624868577
6/7/2018|186.36|04:20:10|2058|0|0|0|0||0|0|43|85.7|89|124|0|0|0|0||27|04:39:09|SRM PC8|https://www.strava.com/activities/1623932719
7/31/2018|57.98|02:03:27|242|0|0|0|0||0|0|28.2|45.4|86|118|0|0|0|0||23|02:06:37|SRM PC8|https://www.strava.com/activities/1753772663
7/24/2018|44.88|01:47:50|242|0|0|0|0||0|0|25|68.4|89|117|0|0|0|0||33|04:35:36|SRM PC8|https://www.strava.com/activities/1753772492
7/23/2018|113.17|04:01:05|1720|0|0|0|0||0|0|28.2|77.8|80|125|0|0|0|0||28|04:09:06|SRM PC8|https://www.strava.com/activities/1753772702
7/20/2018|181.35|05:38:04|1191|0|0|0|0||0|0|32.2|84.2|84|120|0|0|0|0||30|06:43:05|SRM PC8|https://www.strava.com/activities/1721746772
7/19/2018|46.53|01:36:33|934|0|0|0|0||0|0|28.9|72.7|84|117|0|0|0|0||31|01:36:33|SRM PC8|https://www.strava.com/activities/1714612071
7/19/2018|56.39|02:16:20|970|0|0|0|0||0|0|24.8|74.2|82|117|0|0|0|0||27|03:12:07|SRM PC8|https://www.strava.com/activities/1714612053
7/18/2018|147.16|04:58:52|2990|0|0|0|0||0|0|29.5|92.9|83|138|0|0|0|0||25|05:53:41|SRM PC8|https://www.strava.com/activities/1711083358
7/17/2018|98.02|03:02:40|440|0|0|0|0||0|0|32.2|70.6|85|117|0|0|0|0||28|03:30:06|SRM PC8|https://www.strava.com/activities/1711082899
7/16/2018|17.53|00:44:43|128|0|0|0|0||0|0|23.5|50.4|0|0|0|0|0|0||21|00:47:10|SRM PC8|https://www.strava.com/activities/1711082622
7/5/2018|73.89|02:39:00|752|0|0|0|0||0|0|27.9|72.7|81|131|0|0|0|0||22|02:40:10|SRM PC8|https://www.strava.com/activities/1688180729
7/4/2018|145.43|05:26:20|2145|0|0|0|0||0|0|26.7|93.6|78|117|0|0|0|0||30|06:49:52|SRM PC8|https://www.strava.com/activities/1680668220
7/3/2018|62.38|01:53:56|353|0|0|0|0||0|0|32.9|65.5|0|0|0|0|0|0||26|01:54:47|SRM PC8|https://www.strava.com/activities/1680667778
7/2/2018|100.6|03:17:24|1238|0|0|0|0||0|0|30.6|82.1|78|113|0|0|0|0||31|03:17:56|SRM PC8|https://www.strava.com/activities/1680667965
7/29/2018|190.23|04:39:27|870|0|0|0|0||0|0|40.8|93.6|90|126|0|0|0|0||19|05:16:24|SRM PC8|https://www.strava.com/activities/1753774016
7/28/2018|46.5|01:43:12|182|0|0|0|0||0|0|27|50.4|82|115|0|0|0|0||25|01:56:20|SRM PC8|https://www.strava.com/activities/1753772591
7/27/2018|25.97|00:59:17|97|0|0|0|0||0|0|26.3|50.4|88|156|0|0|0|0||35|01:25:07|SRM PC8|https://www.strava.com/activities/1753772530
7/26/2018|211.15|05:08:50|1356|0|0|0|0||0|0|41|77.8|89|130|0|0|0|0||35|05:34:34|SRM PC8|https://www.strava.com/activities/1753772895
7/25/2018|31.34|01:01:42|92|0|0|0|0||0|0|30.5|49|86|121|0|0|0|0||35|01:04:02|SRM PC8|https://www.strava.com/activities/1753772511
7/21/2018|77.38|02:27:16|348|0|0|0|0||0|0|31.5|64.8|86|122|0|0|0|0||21|02:39:24|SRM PC8|https://www.strava.com/activities/1721746555
7/14/2018|61.96|02:05:58|869|0|0|0|0||0|0|29.5|72.7|80|125|0|0|0|0||24|02:09:17|SRM PC8|https://www.strava.com/activities/1711083314
7/13/2018|186.44|06:59:52|5154|0|0|0|0||0|0|26.6|90.7|78|130|0|0|0|0||28|07:16:12|SRM PC8|https://www.strava.com/activities/1699863752
7/12/2018|86.48|03:21:43|2476|0|0|0|0||0|0|25.7|79.2|83|126|0|0|0|0||23|03:55:57|SRM PC8|https://www.strava.com/activities/1697402178
7/11/2018|168.66|06:23:46|4477|0|0|0|0||0|0|26.4|92.9|80|130|0|0|0|0||26|06:47:43|SRM PC8|https://www.strava.com/activities/1695872650
7/10/2018|124.98|04:04:58|2467|0|0|0|0||0|0|30.6|82.8|85|146|0|0|0|0||27|04:14:29|SRM PC8|https://www.strava.com/activities/1695871310
7/9/2018|50.63|01:58:28|1307|0|0|0|0||0|0|25.6|71.3|78|127|0|0|0|0||32|02:02:25|SRM PC8|https://www.strava.com/activities/1695871814
7/7/2018|109.35|03:53:38|1907|0|0|0|0||0|0|28.1|92.2|79|132|0|0|0|0||23|04:22:05|SRM PC8|https://www.strava.com/activities/1688181179
8/31/2018|25.79|00:52:48|186|0|0|0|0||0|0|29.3|47.5|84|129|0|0|0|0||23|00:53:34|SRM PC8|https://www.strava.com/activities/1818792871
8/30/2018|52.06|01:53:34|292|0|0|0|0||0|0|27.5|55.4|78|138|0|0|0|0||18|01:57:37|SRM PC8|https://www.strava.com/activities/1818792891
8/29/2018|109.88|04:00:02|1587|0|0|0|0||0|0|27.5|99.4|80|144|0|0|0|0||27|04:14:28|SRM PC8|https://www.strava.com/activities/1818810465
8/27/2018|23.4|01:04:02|132|0|0|0|0||0|0|21.9|49.7|81|116|0|0|0|0||28|01:11:30|SRM PC8|https://www.strava.com/activities/1818792816
8/22/2018|32.19|01:11:50|80|0|0|0|0||0|0|26.9|49|0|179|0|0|0|0||30|04:35:39|SRM PC8|https://www.strava.com/activities/1792452255
8/18/2018|187.33|04:34:39|1516|0|0|0|0||0|0|40.9|100.1|86|149|0|0|0|0||26|05:16:16|SRM PC8|https://www.strava.com/activities/1781383219
8/15/2018|0.22|00:01:28|2|0|0|0|0||0|0|9.1|13.7|0|0|0|0|0|0||25|00:06:31|SRM PC8|https://www.strava.com/activities/1818809813
8/14/2018|41.9|01:09:21|26|0|0|0|0||0|0|36.3|59.8|93|142|0|0|0|0||24|03:28:06|SRM PC8|https://www.strava.com/activities/1773207956
8/11/2018|48.16|01:36:40|682|0|0|0|0||0|0|29.9|67|86|136|0|0|0|0||18|01:47:44|SRM PC8|https://www.strava.com/activities/1765678162
8/10/2018|83.93|02:59:59|901|0|0|0|0||0|0|28|69.8|85|165|0|0|0|0||19|03:15:08|SRM PC8|https://www.strava.com/activities/1763163205
8/8/2018|65.48|02:20:41|803|0|0|0|0||0|0|27.9|81.4|86|116|0|0|0|0||23|02:31:35|SRM PC8|https://www.strava.com/activities/1760103314
8/7/2018|178.63|05:08:02|1326|0|0|0|0||0|0|34.8|69.1|87|115|0|0|0|0||27|05:26:53|SRM PC8|https://www.strava.com/activities/1756590447
8/6/2018|77.2|02:50:43|1107|0|0|0|0||0|0|27.1|74.2|82|126|0|0|0|0||29|03:10:26|SRM PC8|https://www.strava.com/activities/1753772834
8/5/2018|86.24|03:05:45|1588|0|0|0|0||0|0|27.9|77.8|84|130|0|0|0|0||28|03:48:57|SRM PC8|https://www.strava.com/activities/1753772804
8/3/2018|71.38|02:09:08|116|0|0|0|0||0|0|33.2|64.8|88|129|0|0|0|0||26|04:14:54|SRM PC8|https://www.strava.com/activities/1753772749
8/2/2018|95.16|03:22:15|1420|0|0|0|0||0|0|28.2|76.7|77|138|0|0|0|0||26|03:47:09|SRM PC8|https://www.strava.com/activities/1753772795
8/1/2018|58.74|02:07:46|267|0|0|0|0||0|0|27.6|60.5|85|108|0|0|0|0||34|02:11:20|SRM PC8|https://www.strava.com/activities/1753772699
8/26/2018|213.74|05:12:04|2636|0|0|0|0||0|0|41.1|90.7|85|133|0|0|0|0||23|05:37:06|SRM PC8|https://www.strava.com/activities/1799680453
8/25/2018|181.58|04:37:21|2325|0|0|0|0||0|0|39.3|109.4|86|149|0|0|0|0||20|04:58:23|SRM PC8|https://www.strava.com/activities/1797138602
8/24/2018|202.37|05:11:35|2547|0|0|0|0||0|0|39|95|85|145|0|0|0|0||23|05:26:21|SRM PC8|https://www.strava.com/activities/1794405795
8/23/2018|171.18|04:17:30|1231|0|0|0|0||0|0|39.9|92.2|83|141|0|0|0|0||32|04:45:11|SRM PC8|https://www.strava.com/activities/1792452871
8/21/2018|60.23|02:05:43|589|0|0|0|0||0|0|28.7|71.3|79|128|0|0|0|0||29|02:39:10|SRM PC8|https://www.strava.com/activities/1792452188
8/20/2018|38.75|01:30:34|207|0|0|0|0||0|0|25.7|51.1|77|179|0|0|0|0||29|02:26:49|SRM PC8|https://www.strava.com/activities/1792452150
8/19/2018|214.03|05:15:16|2053|0|0|0|0||0|0|40.7|92.2|88|139|0|0|0|0||24|05:28:57|SRM PC8|https://www.strava.com/activities/1783555442
8/17/2018|209.39|04:57:07|1358|0|0|0|0||0|0|42.3|75.6|85|126|0|0|0|0||25|05:15:36|SRM PC8|https://www.strava.com/activities/1778896777
8/16/2018|175.8|04:07:04|392|0|0|0|0||0|0|42.7|66.2|87|132|0|0|0|0||27|04:21:57|SRM PC8|https://www.strava.com/activities/1776597133
8/15/2018|178.37|04:01:06|278|0|0|0|0||0|0|44.4|73.4|88|179|0|0|0|0||23|04:09:11|SRM PC8|https://www.strava.com/activities/1774349956
8/13/2018|182.66|04:14:49|218|0|0|0|0||0|0|43|66.2|90|131|0|0|0|0||21|04:22:49|SRM PC8|https://www.strava.com/activities/1769524423
8/12/2018|241.98|06:18:20|984|0|0|0|0||0|0|38.4|80.6|85|143|0|0|0|0||16|06:47:09|SRM PC8|https://www.strava.com/activities/1768323055
9/24/2018|43.82|01:41:43|338|0|0|0|0||0|0|25.9|53.3|0|67|0|0|0|0||15|05:06:17|SRM PC8|https://www.strava.com/activities/1864188189
9/21/2018|53.68|01:50:06|282|0|0|0|0||0|0|29.3|83.5|85|121|0|0|0|0||21|02:01:32|SRM PC8|https://www.strava.com/activities/1864188162
9/20/2018|87.49|02:48:21|578|0|0|0|0||0|0|31.2|76.3|85|127|0|0|0|0||21|03:09:46|SRM PC8|https://www.strava.com/activities/1864188201
9/17/2018|195.11|06:00:13|3680|0|0|0|0||0|0|32.5|93.6|0|0|0|0|0|0||24|06:16:21|SRM PC8|https://www.strava.com/activities/1847756405
9/13/2018|46.04|01:43:03|244|0|0|0|0||0|0|26.8|49.7|0|0|0|0|0|0||23|02:26:30|SRM PC8|https://www.strava.com/activities/1838642547
9/11/2018|25.12|01:00:42|186|0|0|0|0||0|0|24.8|55.4|0|0|0|0|0|0||15|01:00:42|SRM PC8|https://www.strava.com/activities/1833798973
9/10/2018|40.38|01:31:41|190|0|0|0|0||0|0|26.4|43.9|0|0|0|0|0|0||23|01:45:49|SRM PC8|https://www.strava.com/activities/1833799005
9/8/2018|51.75|01:51:26|792|0|0|0|0||0|0|27.9|74.2|81|149|0|0|0|0||15|02:13:21|SRM PC8|https://www.strava.com/activities/1833798997
9/3/2018|81.27|03:02:38|1174|0|0|0|0||0|0|26.7|85.7|79|118|0|0|0|0||17|03:05:21|SRM PC8|https://www.strava.com/activities/1818810196
9/30/2018|264.42|07:25:47|4780|0|0|0|0||0|0|35.6|113.8|88|144|0|0|0|0||20|08:04:43|SRM PC8|https://www.strava.com/activities/1877114858
9/29/2018|43.61|01:29:56|648|0|0|0|0||0|0|29.1|83.5|82|120|0|0|0|0||18|01:34:35|SRM PC8|https://www.strava.com/activities/1873099858
9/28/2018|79.89|03:00:51|1608|0|0|0|0||0|0|26.5|89.3|84|155|0|0|0|0||20|03:25:51|SRM PC8|https://www.strava.com/activities/1871209236
9/26/2018|165.07|05:07:35|2148|0|0|0|0||0|0|32.2|80.6|88|129|0|0|0|0||17|05:52:55|SRM PC8|https://www.strava.com/activities/1866893027
9/25/2018|80.02|03:00:12|1352|0|0|0|0||0|0|26.6|74.2|80|116|0|0|0|0||15|03:05:44|SRM PC8|https://www.strava.com/activities/1866257588
9/23/2018|63.2|01:23:46|438|0|0|0|0||0|0|45.3|86.4|94|124|0|0|0|0||22|02:10:26|SRM PC8|https://www.strava.com/activities/1864188261
9/22/2018|64.64|01:34:45|454|0|0|0|0||0|0|40.9|85.7|93|124|0|0|0|0||15|01:42:52|SRM PC8|https://www.strava.com/activities/1864188242
9/18/2018|53.71|02:04:56|642|0|0|0|0||0|0|25.8|82.1|0|0|0|0|0|0||20|02:31:47|SRM PC8|https://www.strava.com/activities/1864188122
9/16/2018|70.89|02:30:13|966|0|0|0|0||0|0|28.3|74.2|0|0|0|0|0|0||21|02:58:00|SRM PC8|https://www.strava.com/activities/1845263076
9/15/2018|87.19|03:07:04|848|0|0|0|0||0|0|28|82.8|0|0|0|0|0|0||22|04:03:28|SRM PC8|https://www.strava.com/activities/1845262970
9/12/2018|217.41|05:41:51|2982|0|0|0|0||0|0|38.2|100.8|84|130|0|0|0|0||26|06:08:43|SRM PC8|https://www.strava.com/activities/1838646604
9/9/2018|195.54|04:49:41|2600|0|0|0|0||0|0|40.5|109.4|91|130|0|0|0|0||26|05:26:35|SRM PC8|https://www.strava.com/activities/1833801586
9/7/2018|116.9|04:17:35|3156|0|0|0|0||0|0|27.2|83.5|82|123|0|0|0|0||19|04:40:01|SRM PC8|https://www.strava.com/activities/1825598852
9/5/2018|188.17|05:56:23|2585|0|0|0|0||0|0|31.7|82.8|84|119|0|0|0|0||22|06:36:36|SRM PC8|https://www.strava.com/activities/1821094640
9/4/2018|152.63|04:56:36|2920|0|0|0|0||0|0|30.9|87.1|83|130|0|0|0|0||18|05:12:19|SRM PC8|https://www.strava.com/activities/1818810610
9/1/2018|205.24|04:45:45|2017|0|0|0|0||0|0|43.1|87.1|86|133|0|0|0|0||23|05:23:35|SRM PC8|https://www.strava.com/activities/1818793239
10/4/2018|71.36|02:19:16|692|0|0|0|0||0|0|30.7|85.7|83|130|0|0|0|0||22|02:37:01|SRM PC8|https://www.strava.com/activities/1885644944
10/3/2018|108.92|04:00:11|2588|0|0|0|0||0|0|27.2|97.9|82|117|0|0|0|0||15|04:03:21|SRM PC8|https://www.strava.com/activities/1881546308
10/2/2018|40.67|01:33:12|208|0|0|0|0||0|0|26.2|46.1|80|117|0|0|0|0||13|01:37:00|SRM PC8|https://www.strava.com/activities/1881546722
10/6/2018|210.75|05:15:46|1738|0|0|0|0||0|0|40|73.4|87|128|0|0|0|0||19|05:28:39|SRM PC8|https://www.strava.com/activities/1888976780
11/30/2018|82.58|02:43:19|551|0|0|0|0||0|0|30.3|69.8|85|109|0|0|0|0||5|02:44:50|SRM PC8|https://www.strava.com/activities/1994605368
11/22/2018|96.75|03:39:04|1958|0|0|0|0||0|0|26.5|78.5|83|118|0|0|0|0||6|04:05:33|SRM PC8|https://www.strava.com/activities/2020855891
11/21/2018|57|01:59:58|713|0|0|0|0||0|0|28.5|72.7|82|133|0|0|0|0||3|02:03:00|SRM PC8|https://www.strava.com/activities/2020855772
11/19/2018|55.6|01:59:25|469|0|0|0|0||0|0|27.9|55.4|84|124|0|0|0|0||2|02:03:20|SRM PC8|https://www.strava.com/activities/2020855748
11/14/2018|93.28|03:18:37|604|0|0|0|0||0|0|28.2|67.3|83|143|0|0|0|0|2,666|5|03:42:11|Garmin Edge 1000|https://www.strava.com/activities/1964000473
11/11/2018|32.64|01:39:12|594|0|0|0|0||0|0|19.7|59.8|80|150|0|0|0|0|1,269|7|01:45:31|Garmin Edge 1000|https://www.strava.com/activities/1958144261
11/7/2018|49.23|02:27:26|1135|0|0|0|0||0|0|20|63.7|83|163|0|0|0|0|1,846|8|03:26:40|Garmin Edge 1000|https://www.strava.com/activities/1951053644
11/3/2018|80.65|03:38:44|1326|0|0|0|0||0|0|22.1|65.5|82|147|0|0|0|0|2,680|7|03:59:30|Garmin Edge 1000|https://www.strava.com/activities/1943044174
11/17/2018|51.58|02:52:05|1208|0|0|0|0||0|0|18|56.9|80|139|0|0|0|0|2,152|0|03:14:51|Garmin Edge 1000|https://www.strava.com/activities/1969427728
12/31/2018|63.71|02:18:55|393|0|0|0|0||0|0|27.5|67|89|124|0|0|0|0|1,257|26|03:00:37|Garmin Edge 1000|https://www.strava.com/activities/2045646914
12/30/2018|59|02:10:36|652|0|0|0|0||0|0|27.1|66.2|84|129|0|0|0|0|1,318|20|02:26:18|Garmin Edge 1000|https://www.strava.com/activities/2043220004
12/29/2018|41.82|01:34:40|126|0|0|0|0||0|0|26.5|52.9|85|117|0|0|0|0|710|28|01:52:12|Garmin Edge 1000|https://www.strava.com/activities/2041310292
12/26/2018|97.32|03:20:40|743|0|0|0|0||0|0|29.1|53.6|83|128|0|0|0|0|2,647|1|03:21:06|Lezyne Mega XL GPS|https://www.strava.com/activities/2036015250
12/10/2018|80.73|03:00:03|714|0|0|0|0||0|0|26.9|64.8|80|158|0|0|0|0||7|03:06:55|SRM PC8|https://www.strava.com/activities/2013077109
12/7/2018|132.85|04:53:26|2080|0|0|0|0||0|0|27.2|71.3|81|218|0|0|0|0||10|05:10:05|SRM PC8|https://www.strava.com/activities/2013077200
12/21/2018|66.07|02:18:18|661|0|0|0|0||0|0|28.7|81.4|84|121|0|0|0|0|1,379|9|02:19:18|Lezyne Mega XL GPS|https://www.strava.com/activities/2027808827
12/20/2018|210.69|06:18:51|2831|0|0|0|0||0|0|33.4|74.2|88|139|0|0|0|0|5,105|13|06:27:35|Lezyne Mega XL GPS|https://www.strava.com/activities/2026754718
12/19/2018|168.81|04:58:59|1316|0|0|0|0||0|0|33.9|81.7|87|146|0|0|0|0|3,898|18|05:10:51|Lezyne Mega XL GPS|https://www.strava.com/activities/2025062111
12/18/2018|160.83|05:00:24|2056|0|0|0|0||0|0|32.1|81.4|82|131|0|0|0|0|3,556|12|05:24:09|Lezyne Mega XL GPS|https://www.strava.com/activities/2023360330
12/17/2018|46.1|01:33:45|66|0|0|0|0||0|0|29.5|41|83|118|0|0|0|0|657|17|02:07:23|Lezyne Mega XL GPS|https://www.strava.com/activities/2021461828
12/16/2018|201.76|06:08:52|2341|0|0|0|0||0|0|32.8|72.7|86|128|0|0|0|0|4,716|19|06:28:01|Lezyne Mega XL GPS|https://www.strava.com/activities/2020262878
12/15/2018|106.29|03:39:41|18083|0|0|0|0||0|0|29|78.8|84|129|0|0|0|0|2,889|15|04:04:15|Lezyne Mega XL GPS|https://www.strava.com/activities/2018131659
12/14/2018|183.93|05:28:47|2292|0|0|0|0||0|0|33.6|75.6|90|156|0|0|0|0|4,281|13|05:45:47|Lezyne Mega XL GPS|https://www.strava.com/activities/2016760190
12/13/2018|108.54|03:19:41|801|0|0|0|0||0|0|32.6|61.6|88|123|0|0|0|0|2,464|10|03:27:29|Lezyne Mega XL GPS|https://www.strava.com/activities/2015196155
12/12/2018|105.93|03:14:19|804|0|0|0|0||0|0|32.7|64.4|88|152|0|0|0|0|2,081|20|03:57:01|Lezyne Mega XL GPS|https://www.strava.com/activities/2020849287
12/1/2018|123.33|04:20:38|1367|0|0|0|0||0|0|28.4|67|82|122|0|0|0|0||8|04:25:56|SRM PC8|https://www.strava.com/activities/1994605273
loaded urls in 4.06:42:28.7243170
