date|distance|mov_time|elevation|relativeEffort|avg_power_weig|work_total|training_load|intensity|estAvgPower|energyOutput|avg_speed|max_speed|avg_cadence|max_cadence|avg_heartRate|max_heartRate|avg_power|max_power|avg_calories|avg_temperature|avg_elap_time|bicycle_model|url
31.01.2018|5,73|00:33:34|0|0|0|0|0||0|0|0|0|0|0|0|0|0|0|||00:00:00|Garmin fēnix 5|https://www.strava.com/activities/1384504784
31.01.2018|5,69|00:29:41|0|0|0|0|0||0|0|0|0|0|0|0|0|0|0|||00:00:00|Garmin fēnix 5|https://www.strava.com/activities/1384504597
30.01.2018|152,08|05:37:52|1,435|0|0|0|0||169|0|270|680|0|0|103|151|0|0||8|06:08:07|Garmin fēnix 5|https://www.strava.com/activities/1382886554
29.01.2018|119,77|04:44:25|1,407|0|0|0|0||192|0|253|623|0|0|111|161|0|0||12|05:32:17|Garmin fēnix 5|https://www.strava.com/activities/1381369931
24.01.2018|61,47|02:00:34|352|0|223|0|0||0|0|306|608|81|254|102|132|0|1,086||12|02:05:31|Wahoo ELEMNT BOLT|https://www.strava.com/activities/1373006284
23.01.2018|8,99|00:54:00|0|0|0|0|0||0|0|0|0|0|0|0|0|0|0|||00:00:00|Garmin fēnix 5|https://www.strava.com/activities/1371472370
20.01.2018|153,38|03:52:01|1,485|0|293|0|0||0|0|397|943|78|139|118|157|0|1,423||29|03:58:25|Garmin fēnix 5|https://www.strava.com/activities/1371472483
19.01.2018|138,26|04:01:03|1,773|0|255|0|0||0|0|344|918|76|130|127|164|0|1,405||36|04:01:40|Garmin fēnix 5|https://www.strava.com/activities/1364126628
18.01.2018|129,08|03:22:59|1,086|0|248|0|0||0|0|382|853|76|127|119|173|0|1,453||37|03:29:55|Garmin fēnix 5|https://www.strava.com/activities/1362727410
17.01.2018|163,3|04:46:29|2,312|0|270|0|0||0|0|342|864|75|120|123|167|0|1,177||33|04:50:05|Garmin fēnix 5|https://www.strava.com/activities/1361095054
16.01.2018|149,77|03:58:27|1,404|0|258|0|0||0|0|377|792|75|132|124|180|0|1,799||31|04:02:09|Garmin fēnix 5|https://www.strava.com/activities/1359614589
15.01.2018|50,72|01:25:33|402|0|231|0|0||0|0|356|810|83|127|110|138|0|1,126||24|01:29:16|Garmin fēnix 5|https://www.strava.com/activities/1358087115
14.01.2018|55,27|01:13:14|287|0|293|0|0||0|0|453|698|81|136|136|175|0|1,57||22|01:18:53|Garmin fēnix 5|https://www.strava.com/activities/1356270293
14.01.2018|63,11|02:03:38|168|0|195|0|0||0|0|306|688|80|149|103|144|0|1,834||25|02:54:18|Garmin fēnix 5|https://www.strava.com/activities/1355987407
13.01.2018|35,21|01:16:17|136|0|155|0|0||0|0|277|475|79|130|93|124|0|1,238||21|02:05:24|Garmin fēnix 5|https://www.strava.com/activities/1353997188
12.01.2018|100,38|03:07:08|460|0|234|0|0||0|0|322|619|84|151|107|140|0|1,85||22|03:21:21|Garmin fēnix 5|https://www.strava.com/activities/1353232704
11.01.2018|162,48|05:11:14|2,134|0|247|0|0||0|0|313|745|80|131|109|145|0|1,754||28|06:01:11|Garmin fēnix 5|https://www.strava.com/activities/1351276683
10.01.2018|144,67|04:47:59|2,236|0|289|0|0||0|0|301|745|77|152|122|164|0|1,78||23|05:36:50|Garmin fēnix 5|https://www.strava.com/activities/1349539457
09.01.2018|57,22|01:51:41|189|0|182|0|0||0|0|307|464|89|124|111|143|0|1,274||24|02:53:43|Garmin fēnix 5|https://www.strava.com/activities/1347793633
08.01.2018|126,38|04:16:58|1,627|0|245|0|0||0|0|295|817|77|131|109|152|0|1,855||23|05:22:03|Garmin fēnix 5|https://www.strava.com/activities/1346407950
07.01.2018|85,79|03:01:29|1,243|0|246|0|0||0|0|284|731|79|128|110|142|0|1,843||20|03:45:11|Garmin fēnix 5|https://www.strava.com/activities/1344459457
06.01.2018|75,51|02:25:49|370|0|191|0|0||0|0|311|479|84|114|113|138|0|1,275||33|03:22:08|Garmin fēnix 5|https://www.strava.com/activities/1343246433
02.01.2018|119,52|03:59:19|612|0|244|0|0||0|0|300|565|77|132|113|152|0|1,742||9|04:29:27|Garmin fēnix 5|https://www.strava.com/activities/1337229595
27.02.2018|43,61|02:01:35|424|0|0|0|0||119|0|215|468|83|112|98|143|0|0||1|02:42:09|Lezyne Super GPS Enhanced|https://www.strava.com/activities/1428273483
25.02.2018|199,49|04:46:28|1,37|0|322|0|0||0|0|418|734|88|118|133|166|0|1,551||24|04:52:16|Garmin fēnix 5|https://www.strava.com/activities/1425648911
24.02.2018|81,75|02:42:03|282|0|242|0|0||0|0|303|619|81|142|107|160|0|1,18||30|05:26:03|Garmin fēnix 5|https://www.strava.com/activities/1423553833
23.02.2018|177,56|04:21:35|484|0|243|0|0||0|0|407|778|81|117|112|173|0|1,658||30|04:43:27|Garmin fēnix 5|https://www.strava.com/activities/1422237902
22.02.2018|156,9|03:34:52|369|0|271|0|0||0|0|438|706|82|122|120|171|0|1,526||27|04:22:14|Garmin fēnix 5|https://www.strava.com/activities/1420364562
21.02.2018|196,45|05:04:14|414|0|226|0|0||0|0|387|806|78|133|112|172|0|1,58||30|05:06:32|Garmin fēnix 5|https://www.strava.com/activities/1418881673
20.02.2018|87,88|02:40:04|295|0|224|0|0||0|0|329|698|83|140|106|155|0|1,823||26|02:51:44|Garmin fēnix 5|https://www.strava.com/activities/1416896812
17.02.2018|89,57|02:54:12|592|0|234|0|0||0|0|309|565|83|132|102|141|0|1,69||6|03:12:59|Garmin fēnix 5|https://www.strava.com/activities/1413415062
16.02.2018|133,9|04:34:37|1,411|0|260|0|0||0|0|293|666|80|131|115|160|0|1,831||11|04:37:04|Garmin fēnix 5|https://www.strava.com/activities/1411476064
14.02.2018|155,9|05:27:41|942|0|205|0|0||0|0|285|594|82|127|111|151|0|1,051||13|06:30:15|Garmin fēnix 5|https://www.strava.com/activities/1407276866
13.02.2018|137,93|04:36:57|1,361|0|244|0|0||0|0|299|695|77|123|118|153|0|1,755||12|04:43:57|Garmin fēnix 5|https://www.strava.com/activities/1405530629
12.02.2018|6,35|00:35:16|0|0|0|0|0||0|0|0|0|0|0|0|0|0|0|||00:00:00|Garmin fēnix 5|https://www.strava.com/activities/1403955252
12.02.2018|8,4|00:44:05|0|0|0|0|0||0|0|0|0|0|0|0|0|0|0|||00:00:00|Garmin fēnix 5|https://www.strava.com/activities/1403955242
12.02.2018|0,05|00:00:00|0|0|0|0|0||0|0|45|61|0|54|78|117|0|0||16|00:11:09|Garmin fēnix 5|https://www.strava.com/activities/1403955235
10.02.2018|81,65|02:57:23|448|0|202|0|0||0|0|276|673|82|123|97|138|0|1,704||6|03:00:07|Garmin fēnix 5|https://www.strava.com/activities/1400450815
09.02.2018|32,48|01:12:37|177|0|215|0|0||0|0|268|644|81|133|120|153|0|1,658||10|01:22:42|Garmin fēnix 5|https://www.strava.com/activities/1398942035
08.02.2018|172,29|05:38:56|1,586|0|218|0|0||0|0|305|673|81|127|102|145|0|1,841||13|06:37:16|Garmin fēnix 5|https://www.strava.com/activities/1397668877
07.02.2018|188,96|05:56:37|1,825|0|279|0|0||0|0|318|785|81|149|118|160|0|1,821||11|07:15:02|Garmin fēnix 5|https://www.strava.com/activities/1396555486
06.02.2018|95,68|03:06:04|664|0|227|0|0||0|0|309|616|84|156|102|143|0|1,87||11|03:52:30|Garmin fēnix 5|https://www.strava.com/activities/1394439534
05.02.2018|153,76|05:11:48|2,2|0|282|0|0||0|0|296|720|76|132|120|166|0|1,763||14|05:51:45|Garmin fēnix 5|https://www.strava.com/activities/1392876758
04.02.2018|98,18|03:27:32|1,125|0|242|0|0||0|0|284|774|79|112|106|137|0|1,063||13|03:40:05|Garmin fēnix 5|https://www.strava.com/activities/1392439976
03.02.2018|5,91|00:28:43|0|0|0|0|0||0|0|0|0|0|0|0|0|0|0|||00:00:00|Garmin fēnix 5|https://www.strava.com/activities/1389027374
03.02.2018|0,04|00:01:19|0|0|0|0|0||0|0|22|54|49|54|99|110|0|0||9|00:01:19|Garmin fēnix 5|https://www.strava.com/activities/1389027369
02.02.2018|82,71|03:04:37|357|0|183|0|0||0|0|269|594|80|135|109|148|0|1,759||19|04:04:15|Garmin fēnix 5|https://www.strava.com/activities/1387963819
31.03.2018|66,04|02:26:45|273|0|0|0|0||132|1,165|270|533|0|0|121|161|0|0|1,299|0|03:39:51|Wahoo ELEMNT BOLT|https://www.strava.com/activities/1481407686
30.03.2018|30,13|00:49:35|115|0|238|687|0||0|0|365|504|86|105|122|137|231|437|766||00:49:53|Zwift|https://www.strava.com/activities/1479285222
30.03.2018|35|01:11:03|743|0|282|0|0||0|0|296|925|92|107|123|155|0|422|||01:13:26|Zwift|https://www.strava.com/activities/1479226176
27.03.2018|7,95|01:23:56|0|0|0|0|0||0|0|0|0|0|0|0|0|0|0|||00:00:00|Garmin fēnix 5|https://www.strava.com/activities/1474218135
16.03.2018|50,47|01:32:47|257|0|0|0|0||210|0|326|720|0|0|94|137|0|0||18|02:06:09|Garmin fēnix 5|https://www.strava.com/activities/1455784901
10.03.2018|184,67|05:55:37|3,661|0|315|0|0||0|0|312|817|74|122|120|153|0|1,365||11|06:01:16|Garmin fēnix 5|https://www.strava.com/activities/1445911021
03.03.2018|51,6|01:53:49|602|0|197|0|0||0|0|272|659|81|125|99|135|0|934||20|02:10:24|Garmin fēnix 5|https://www.strava.com/activities/1434447788
01.03.2018|74,57|03:00:06|544|0|0|0|0||167|0|248|551|0|0|105|147|0|0||2|03:10:00|Lezyne Super GPS Enhanced|https://www.strava.com/activities/1431227727
30.04.2018|33,4|00:51:54|84|0|320|810|0||0|0|386|644|88|114|120|177|260|1,312|903||00:52:36|Zwift|https://www.strava.com/activities/1540755064
30.04.2018|4,26|00:07:35|12|0|219|100|0||0|0|337|421|88|99|84|124|219|355|111||00:08:23|Zwift|https://www.strava.com/activities/1540670968
30.04.2018|74,74|02:03:10|164|0|287|1,917|0||0|0|364|558|80|130|101|151|259|722|2,137||02:25:15|Zwift|https://www.strava.com/activities/1540647354
29.04.2018|7,14|00:17:17|4|0|165|169|0||0|0|248|331|80|106|0|0|163|331|188|14|00:19:05|Wahoo ELEMNT BOLT|https://www.strava.com/activities/1538366685
28.04.2018|133,43|04:15:29|1,296|0|283|3,544|0||0|0|313|785|78|126|115|162|231|1,683|3,951|17|04:21:11|Garmin fēnix 5|https://www.strava.com/activities/1536466957
27.04.2018|137,98|04:55:50|763|0|193|3,148|0||0|0|280|608|78|135|101|140|177|1,597|3,510|18|05:51:53|Garmin fēnix 5|https://www.strava.com/activities/1534803136
25.04.2018|24,77|01:13:08|62|0|0|0|0||93|408|203|428|0|0|102|139|0|0|455|21|05:13:11|Garmin fēnix 5|https://www.strava.com/activities/1530796581
24.04.2018|157,16|04:54:25|1,287|0|254|3,829|0||0|0|320|767|80|158|110|165|217|1,252|4,269|16|05:47:42|Garmin fēnix 5|https://www.strava.com/activities/1528745703
23.04.2018|136,05|04:20:22|1,303|0|247|3,246|0||0|0|314|850|79|128|113|156|208|1,79|3,620|18|05:10:41|Garmin fēnix 5|https://www.strava.com/activities/1526690396
21.04.2018|130,06|04:14:07|1,287|0|242|3,314|0||0|0|307|785|82|130|108|140|217|1,338|3,695|21|04:24:55|Garmin fēnix 5|https://www.strava.com/activities/1522032270
20.04.2018|125,7|03:50:41|1,249|0|285|3,463|0||0|0|327|713|80|138|122|155|250|1,713|3,861|22|04:00:18|Garmin fēnix 5|https://www.strava.com/activities/1519892343
19.04.2018|13,99|00:29:32|94|0|179|279|0||0|0|284|493|90|118|109|128|157|1,153|311|28|00:29:49|Garmin fēnix 5|https://www.strava.com/activities/1517938956
19.04.2018|69,49|02:10:13|383|0|203|1,468|0||0|0|320|727|82|166|111|144|188|1,675|1,637|23|02:23:17|Garmin fēnix 5|https://www.strava.com/activities/1517938767
18.04.2018|161,72|05:13:12|1,358|0|217|3,674|0||0|0|310|860|89|144|111|148|196|1,673|4,097|22|06:00:59|Garmin fēnix 5|https://www.strava.com/activities/1515920136
16.04.2018|28,46|01:00:07|720|0|306|997|0||0|0|284|810|75|129|0|70|276|1,251|1,112||01:00:07|Zwift|https://www.strava.com/activities/1511778954
14.04.2018|100,17|03:05:09|555|0|249|2,641|0||0|0|325|731|83|180|109|135|238|842|2,945|5|03:09:22|Wahoo ELEMNT BOLT|https://www.strava.com/activities/1507064425
13.04.2018|126,77|04:01:56|766|0|0|0|0||215|3,122|314|691|0|0|107|203|0|0|3,481|15|05:18:05|SRM PC8|https://www.strava.com/activities/1506033621
12.04.2018|119,01|03:52:19|1,466|0|271|3,451|0||0|0|307|785|81|146|95|149|248|1,543|3,848|11|04:18:59|SRM PC8|https://www.strava.com/activities/1505416808
10.04.2018|116,5|03:39:40|1,117|0|249|2,939|0||0|0|318|950|81|111|106|149|223|542|3,277|16|04:04:46|Garmin fēnix 5|https://www.strava.com/activities/1500163815
09.04.2018|89,87|02:52:26|558|0|239|2,211|0||0|0|313|562|75|153|102|141|214|871|2,465|14|03:18:07|Wahoo ELEMNT BOLT|https://www.strava.com/activities/1499191917
07.04.2018|90,83|03:29:09|287|0|0|0|0||248|3,115|261|583|0|0|103|132|0|0|3,473|6|03:43:55|Wahoo ELEMNT BOLT|https://www.strava.com/activities/1494059020
06.04.2018|95,14|03:12:41|585|0|243|2,744|0||0|0|296|540|79|109|106|134|237|1,1|3,060|9|03:43:54|Wahoo ELEMNT BOLT|https://www.strava.com/activities/1493567937
05.04.2018|110,9|03:44:10|720|0|267|3,329|0||0|0|297|608|76|254|112|145|248|661|3,712|8|04:05:44|Wahoo ELEMNT BOLT|https://www.strava.com/activities/1491338284
04.04.2018|49,64|01:29:43|736|0|292|1,464|0||0|0|332|943|76|191|122|147|272|1,325|1,632||01:32:10|Zwift|https://www.strava.com/activities/1489574514
02.04.2018|76,78|02:56:23|422|0|5|1|0||0|0|261|482|42|54|107|174|0|91|1|3|03:18:02|Wahoo ELEMNT BOLT|https://www.strava.com/activities/1485985994
01.04.2018|63,66|01:58:36|1,291|0|315|2,116|0||0|0|322|904|81|146|128|157|297|2|2,359||01:59:30|Zwift|https://www.strava.com/activities/1483302698
01.04.2018|8,89|00:15:53|108|0|267|239|0||0|0|336|612|94|112|118|150|251|721|267||00:15:53|Zwift|https://www.strava.com/activities/1483013012
31.05.2018|92,7|03:03:27|510|0|228|2,366|0||0|0|303|576|80|104|92|117|215|628|2,638|19|03:09:02|SRM PC8|https://www.strava.com/activities/1607404762
30.05.2018|154,84|04:53:00|1,466|0|272|3,942|0||0|0|317|698|76|147|106|149|224|1,83|4,395|24|05:16:56|SRM PC8|https://www.strava.com/activities/1605604902
29.05.2018|120,45|03:50:22|1,024|0|262|2,891|0||0|0|314|785|79|129|106|163|209|1,814|3,224|27|04:04:02|SRM PC8|https://www.strava.com/activities/1603430685
28.05.2018|39,78|01:19:52|215|0|201|892|0||0|0|299|540|80|126|0|0|186|1,695|995|25|01:25:08|SRM PC8|https://www.strava.com/activities/1601997469
27.05.2018|174,83|04:05:32|1,098|0|296|3,569|0||0|0|427|677|82|179|118|175|242|1,619|3,979|29|04:21:41|SRM PC8|https://www.strava.com/activities/1600073300
26.05.2018|150,9|04:05:31|2,114|0|325|3,739|0||0|0|369|896|75|186|126|165|254|1,537|4,169|31|04:15:30|Garmin fēnix 5|https://www.strava.com/activities/1598441037
25.05.2018|11,11|00:15:50|57|0|355|367|0||0|0|421|634|82|123|143|168|387|1,327|410|27|00:44:58|SRM PC8|https://www.strava.com/activities/1595481347
25.05.2018|50,84|01:42:02|223|0|186|768|0||0|0|299|558|76|100|105|125|126|623|857|24|02:01:24|Garmin fēnix 5|https://www.strava.com/activities/1594686517
24.05.2018|154,66|03:26:24|269|0|303|3,266|0||0|0|450|738|83|203|125|222|264|2,205|3,642|25|03:35:48|Garmin fēnix 5|https://www.strava.com/activities/1593158539
23.05.2018|182,91|04:04:52|476|0|281|3,523|0||0|0|448|684|81|157|120|155|240|1,72|3,928|23|04:11:57|Garmin fēnix 5|https://www.strava.com/activities/1590996284
22.05.2018|90,67|02:49:30|344|0|235|2,167|0||0|0|321|540|85|140|110|154|213|1,799|2,416|24|03:47:41|Garmin fēnix 5|https://www.strava.com/activities/1589534466
20.05.2018|29,44|00:56:20|160|0|242|781|0||0|0|314|612|84|126|111|138|231|1,823|871|13|00:59:56|SRM PC8|https://www.strava.com/activities/1583308758
19.05.2018|99,85|03:12:35|786|0|51|34|0||0|0|311|659|41|96|102|122|3|219|37|10|03:18:06|Garmin fēnix 5|https://www.strava.com/activities/1581108948
18.05.2018|139,44|04:21:11|517|0|264|3,679|0||0|0|320|720|83|141|111|211|235|1,702|4,102|15|05:57:01|SRM PC8|https://www.strava.com/activities/1579820622
16.05.2018|90,03|02:53:15|524|0|218|2,196|0||0|0|312|558|86|110|102|128|211|1,033|2,449|21|03:18:05|Garmin fēnix 5|https://www.strava.com/activities/1575574652
15.05.2018|37,07|01:23:13|198|0|0|0|0||142|709|267|598|0|0|0|0|0|0|791|21|01:36:18|Wahoo ELEMNT BOLT|https://www.strava.com/activities/1573733370
14.05.2018|30,26|01:08:48|182|0|169|629|0||0|0|264|594|84|123|96|115|152|535|701|25|01:15:44|Garmin fēnix 5|https://www.strava.com/activities/1571410140
13.05.2018|185,51|04:04:50|495|0|311|3,885|0||0|0|455|781|81|150|124|170|264|1,731|4,332|18|04:13:28|Garmin fēnix 5|https://www.strava.com/activities/1569891863
12.05.2018|185,25|04:44:04|2,555|0|352|5,053|0||0|0|391|734|79|242|135|185|296|2,343|5,634|21|05:01:59|SRM PC8|https://www.strava.com/activities/1567680507
11.05.2018|178,17|04:17:49|1,523|0|315|3,87|0||0|0|415|882|78|188|125|176|250|1,522|4,315|21|04:18:58|Garmin fēnix 5|https://www.strava.com/activities/1564881051
10.05.2018|178,92|04:18:22|1,605|0|303|3,725|0||0|0|416|886|77|153|125|166|240|1,408|4,153|18|04:23:45|Garmin fēnix 5|https://www.strava.com/activities/1562414357
08.05.2018|175,18|04:11:39|702|0|261|3,139|0||0|0|418|749|81|138|122|175|208|1,355|3,500|28|04:18:32|Garmin fēnix 5|https://www.strava.com/activities/1557985590
07.05.2018|38,88|01:15:51|478|0|273|1,014|0||0|0|308|655|79|147|109|162|223|1,848|1,131|24|02:01:46|Garmin fēnix 5|https://www.strava.com/activities/1556321717
06.05.2018|70,04|02:06:44|392|0|248|1,705|0||0|0|332|731|84|132|116|144|224|1,801|1,901|23|02:13:17|Garmin fēnix 5|https://www.strava.com/activities/1553169837
04.05.2018|84,98|03:05:42|547|0|249|2,568|0||0|0|275|547|80|104|99|195|230|881|2,863|16|04:09:41|SRM PC8|https://www.strava.com/activities/1549240277
03.05.2018|181,95|05:57:54|1,661|0|274|5,101|0||0|0|305|756|78|126|115|166|238|1,761|5,688|25|07:20:03|SRM PC8|https://www.strava.com/activities/1548402605
02.05.2018|16,79|00:37:01|38|0|0|0|0||133|296|272|569|0|0|0|0|0|0|330|16|00:37:46|Wahoo ELEMNT BOLT|https://www.strava.com/activities/1544962837
01.05.2018|169,55|05:47:26|1,897|0|246|4,527|0||0|0|293|785|79|138|108|157|217|1,779|5,047|12|06:07:33|SRM PC8|https://www.strava.com/activities/1543147768
30.06.2018|28,06|00:58:12|44|0|167|363|0||0|0|289|493|76|105|94|139|104|711|497|29|01:39:32|Garmin fēnix 5|https://www.strava.com/activities/1675630793
30.06.2018|39,22|01:15:53|92|0|196|800|0||0|0|310|482|83|105|96|217|176|718|892|31|01:58:29|SRM PC8|https://www.strava.com/activities/1675418686
29.06.2018|74,43|02:46:17|69|0|152|1,467|0||0|0|269|587|82|116|84|109|147|1,081|1,475|26|03:20:39|Garmin fēnix 5|https://www.strava.com/activities/1669332016
28.06.2018|115,81|03:46:25|674|0|255|2,633|0||0|0|307|749|81|122|101|162|194|1,787|2,658|25|04:21:03|Garmin fēnix 5|https://www.strava.com/activities/1667510114
27.06.2018|25,78|00:56:15|121|0|177|530|0||0|0|275|504|82|108|117|148|157|744|534|23|01:00:03|Garmin fēnix 5|https://www.strava.com/activities/1665143288
26.06.2018|84,3|02:40:23|319|0|217|1,905|0||0|0|315|785|81|121|101|135|198|708|1,921|21|02:46:32|Garmin fēnix 5|https://www.strava.com/activities/1663313347
26.06.2018|106,11|03:38:19|878|0|234|2,891|0||0|0|292|886|78|121|95|120|221|1,114|2,907|16|04:07:19|Garmin fēnix 5|https://www.strava.com/activities/1663312179
25.06.2018|109,87|03:21:50|169|0|277|2,728|0||0|0|327|558|78|223|102|157|225|1,646|2,742|23|03:39:07|Garmin fēnix 5|https://www.strava.com/activities/1661249652
22.06.2018|104,52|04:16:33|985|0|0|0|0||160|2,467|244|684|0|0|91|128|0|0|3,107|17|05:28:14|Lezyne Super GPS Enhanced|https://www.strava.com/activities/1654617088
21.06.2018|99,14|03:14:01|711|0|217|2,24|0||0|0|307|781|81|143|100|148|192|1,803|2,239|20|03:14:22|Garmin fēnix 5|https://www.strava.com/activities/1652749893
21.06.2018|41,4|01:15:14|417|0|250|1,061|0||0|0|330|695|83|113|0|87|235|1,223|1,022||01:15:14|Zwift|https://www.strava.com/activities/1652350450
20.06.2018|36,11|01:14:23|124|0|0|0|0||173|772|291|767|0|0|116|166|0|0|968|28|01:41:42|Garmin fēnix 5|https://www.strava.com/activities/1651147015
18.06.2018|27,69|00:59:20|165|0|186|597|0||0|0|280|576|82|108|90|114|168|720|598|23|01:01:35|Garmin fēnix 5|https://www.strava.com/activities/1646445784
17.06.2018|61,42|01:42:29|468|0|319|1,451|0||0|0|360|716|79|128|116|156|236|1,613|1,465|28|03:41:56|Garmin fēnix 5|https://www.strava.com/activities/1644868867
16.06.2018|128,28|02:58:25|892|0|287|2,438|0||0|0|431|778|79|126|119|173|228|1,463|2,719|33|03:00:05|SRM PC8|https://www.strava.com/activities/1645488438
15.06.2018|176,6|04:48:01|2,85|0|305|4,425|0||0|0|368|893|77|132|119|158|256|1,396|4,933|25|05:05:52|SRM PC8|https://www.strava.com/activities/1640586917
14.06.2018|185,66|05:36:03|3,458|0|290|4,913|0||0|0|331|900|74|139|117|153|244|1,369|5,478|23|06:16:36|SRM PC8|https://www.strava.com/activities/1640587260
13.06.2018|151,82|04:00:34|3,543|0|313|3,888|0||0|0|379|900|79|134|121|159|269|1,401|4,335|20|04:15:30|SRM PC8|https://www.strava.com/activities/1636325491
12.06.2018|199,29|05:11:55|3,826|0|295|4,716|0||0|0|383|871|81|125|116|160|252|1,122|5,258|18|05:19:18|SRM PC8|https://www.strava.com/activities/1634247450
11.06.2018|186,03|04:56:39|3,001|0|298|4,016|0||0|0|376|806|80|181|111|252|226|1,421|4,477|21|05:06:05|SRM PC8|https://www.strava.com/activities/1632043926
10.06.2018|155,61|03:59:35|1,66|0|286|3,267|0||0|0|390|900|80|131|119|164|227|1,146|3,643|31|04:15:31|SRM PC8|https://www.strava.com/activities/1630139725
09.06.2018|55,72|01:22:56|526|0|333|1,431|0||0|0|403|893|84|134|134|169|288|1,215|1,595|29|02:43:18|SRM PC8|https://www.strava.com/activities/1627518555
09.06.2018|31,86|01:03:43|295|0|206|672|0||0|0|300|598|82|117|97|125|176|699|695|25|01:33:24|Garmin fēnix 5|https://www.strava.com/activities/1627767810
08.06.2018|34,15|01:09:14|326|0|204|742|0||0|0|296|706|82|113|111|139|179|698|766|26|01:44:24|Garmin fēnix 5|https://www.strava.com/activities/1624771461
07.06.2018|86,44|02:42:26|335|0|203|1,842|0||0|0|319|608|86|125|96|122|189|979|2,054|24|02:45:34|Garmin fēnix 5|https://www.strava.com/activities/1623170240
05.06.2018|113,18|03:39:09|462|0|218|2,671|0||0|0|310|666|80|195|97|144|203|1,751|2,978|18|04:29:00|Wahoo ELEMNT BOLT|https://www.strava.com/activities/1618485523
04.06.2018|159,94|05:24:54|1,421|0|273|4,211|0||0|0|295|763|79|143|111|165|216|1,726|4,695|27|06:39:31|SRM PC8|https://www.strava.com/activities/1616694606
01.06.2018|134,52|04:24:28|1,171|0|294|3,93|0||0|0|305|706|79|115|106|158|248|1,086|4,381|18|04:51:30|SRM PC8|https://www.strava.com/activities/1609763198
29.07.2018|183,87|04:23:30|955|0|342|4,522|0||0|0|419|936|82|183|18|175|286|1,47|5,042|19|04:25:36|SRM PC8|https://www.strava.com/activities/1738088301
27.07.2018|45,53|01:44:45|236|0|0|0|0||158|992|261|526|0|0|89|122|0|0|1,346|33|02:01:11|Lezyne Super GPS Enhanced|https://www.strava.com/activities/1731010280
26.07.2018|135,08|04:06:41|711|0|238|3,213|0||0|0|329|655|83|113|110|159|217|903|3,583|33|04:46:50|SRM PC8|https://www.strava.com/activities/1728978876
25.07.2018|60,41|01:53:09|357|0|219|1,427|0||0|0|320|590|81|110|96|125|210|1,653|1,591|26|01:58:07|SRM PC8|https://www.strava.com/activities/1726322607
24.07.2018|109,34|03:47:41|732|0|0|0|0||180|2,463|288|598|0|0|94|128|0|0|3,297|32|05:58:33|Lezyne Super GPS Enhanced|https://www.strava.com/activities/1726313883
21.07.2018|38,76|01:31:08|129|0|0|0|0||154|843|255|482|0|0|88|125|0|0|1,129|29|01:38:55|Lezyne Super GPS Enhanced|https://www.strava.com/activities/1723971183
19.07.2018|101,37|03:16:48|2,386|0|311|3,077|0||0|0|309|835|71|120|122|146|261|988|3,430|34|03:49:56|SRM PC8|https://www.strava.com/activities/1726327312
18.07.2018|111,64|04:13:06|3,772|0|326|4,375|0||0|0|265|1037|72|130|132|248|288|1,312|4,878|33|04:28:41|SRM PC8|https://www.strava.com/activities/1711515888
17.07.2018|171,83|05:17:23|3,722|0|310|4,817|0||0|0|325|994|74|129|130|166|253|1,432|5,371|30|05:43:28|SRM PC8|https://www.strava.com/activities/1708938624
16.07.2018|27,09|01:10:08|248|0|146|490|0||0|0|232|540|71|112|0|0|116|760|546|30|02:55:42|SRM PC8|https://www.strava.com/activities/1707926792
15.07.2018|155,43|03:26:21|634|0|337|3,746|0||0|0|452|706|85|236|143|170|303|1,785|4,176|34|03:40:03|SRM PC8|https://www.strava.com/activities/1707927848
15.07.2018|7,9|00:17:47|36|0|186|163|0||0|0|267|540|66|101|101|139|153|821|182|38|00:50:30|SRM PC8|https://www.strava.com/activities/1707926320
14.07.2018|188,11|04:44:40|1,31|0|247|2,827|0||0|0|396|850|77|126|102|176|166|1,792|3,153|32|04:58:36|SRM PC8|https://www.strava.com/activities/1703419874
11.07.2018|215,56|05:32:33|2,863|0|10|6|0||0|0|389|994|50|69|117|172|0|498|7|29|05:57:41|SRM PC8|https://www.strava.com/activities/1695737128
10.07.2018|205,51|04:54:16|1,177|0|270|3,478|0||0|0|419|821|80|122|114|179|197|1,945|3,878|33|05:22:01|SRM PC8|https://www.strava.com/activities/1693857720
09.07.2018|72,98|01:44:29|678|0|337|1,862|0||0|0|419|850|83|120|127|208|297|1,254|2,076|30|04:46:12|SRM PC8|https://www.strava.com/activities/1691617519
08.07.2018|187,58|04:24:48|1,453|0|267|3,279|0||0|0|425|785|80|125|118|247|206|1,72|3,656|36|05:02:05|SRM PC8|https://www.strava.com/activities/1689945526
07.07.2018|204,81|04:41:55|448|0|242|3,153|0||0|0|436|742|83|138|0|0|186|1,85|3,515|33|05:10:35|SRM PC8|https://www.strava.com/activities/1687046115
06.07.2018|50,09|01:32:58|269|0|222|1,012|0||0|0|323|612|81|134|94|216|181|1,95|1,129|26|02:18:40|SRM PC8|https://www.strava.com/activities/1684620710
04.07.2018|127,58|03:33:20|125|0|203|2,031|0||0|0|359|720|83|122|96|155|159|1,963|2,223|26|03:39:59|Garmin fēnix 5|https://www.strava.com/activities/1680152140
03.07.2018|69,22|01:54:54|234|0|264|1,439|0||0|0|361|691|93|132|114|161|209|1,776|1,464|22|02:16:00|Garmin fēnix 5|https://www.strava.com/activities/1677652403
02.07.2018|30,17|01:11:06|25|0|0|0|0||108|459|255|540|0|0|83|102|0|0|394|24|02:02:54|Garmin fēnix 5|https://www.strava.com/activities/1675630842
01.07.2018|228,35|04:57:16|201|0|263|3,865|0||0|0|461|698|84|131|122|175|217|1,665|4,310|30|05:00:26|SRM PC8|https://www.strava.com/activities/1675417672
31.08.2018|89,31|02:50:58|568|0|221|2,046|0||0|0|313|652|80|144|98|143|199|1,817|2,094|19|03:08:08|Garmin fēnix 5|https://www.strava.com/activities/1809392042
29.08.2018|115,87|03:40:22|820|0|226|2,509|0||0|0|315|698|80|119|97|161|190|1,441|1,326|22|04:25:51|Sigma Rox 12.0|https://www.strava.com/activities/1805103102
28.08.2018|51,92|01:39:56|241|0|217|1,217|0||0|0|312|698|80|133|0|0|203|1,686|1,708|17|01:55:45|Sigma Rox 12.0|https://www.strava.com/activities/1802480506
25.08.2018|180,72|04:35:10|2,321|0|317|4,192|0||0|0|394|1044|77|207|114|154|254|1,414|4,674|21|04:45:01|SRM PC8|https://www.strava.com/activities/1796470553
24.08.2018|203,05|05:19:34|2,651|0|309|4,287|0||0|0|381|950|79|174|114|162|224|1,399|4,780|24|05:50:51|SRM PC8|https://www.strava.com/activities/1794246927
23.08.2018|181,15|04:39:18|1,29|0|277|3,669|0||0|0|389|907|79|133|121|174|219|1,684|4,091|32|05:04:37|SRM PC8|https://www.strava.com/activities/1793717172
22.08.2018|40,74|01:20:45|176|0|184|843|0||0|0|303|486|80|110|93|118|174|674|1,292|29|01:24:54|Lezyne Mini GPS|https://www.strava.com/activities/1789672622
21.08.2018|63,64|02:04:12|336|0|259|1,662|0||0|0|307|734|80|128|111|154|223|1,818|1,854|27|02:21:47|SRM PC8|https://www.strava.com/activities/1788237734
19.08.2018|218,71|04:56:43|1,241|0|289|4,108|0||0|0|442|850|81|130|123|172|231|1,522|4,580|26|05:31:21|SRM PC8|https://www.strava.com/activities/1786028344
18.08.2018|47,34|01:21:55|30|0|193|876|0||0|0|347|461|88|118|96|164|178|997|977|29|02:05:25|SRM PC8|https://www.strava.com/activities/1786022608
17.08.2018|56,14|01:46:14|341|0|215|1,293|0||0|0|317|562|84|111|97|135|203|608|1,778|19|02:03:30|Lezyne Mini GPS|https://www.strava.com/activities/1777960119
16.08.2018|29,02|01:00:29|171|0|183|610|0||0|0|288|594|85|113|95|131|168|1,093|914|20|01:00:29|Lezyne Mini GPS|https://www.strava.com/activities/1775675076
15.08.2018|200,05|05:50:29|1,261|0|268|4,728|0||0|0|342|601|83|127|113|159|225|1,719|6,353|19|06:01:22|Lezyne Mini GPS|https://www.strava.com/activities/1774625166
14.08.2018|129,24|04:05:06|840|0|235|3,201|0||0|0|316|662|81|147|103|155|218|1,74|4,086|13|04:30:11|Lezyne Mini GPS|https://www.strava.com/activities/1771104366
13.08.2018|61,72|02:06:33|480|0|215|1,51|0||0|0|293|554|79|250|103|136|199|1,698|1,948|23|03:00:37|Lezyne Mini GPS|https://www.strava.com/activities/1769122201
10.08.2018|77,59|02:38:13|1,38|0|250|1,897|0||0|0|294|979|75|137|105|222|200|1,096|2,115|27|07:53:37|SRM PC8|https://www.strava.com/activities/1767395996
09.08.2018|150,18|04:22:13|2,854|0|308|3,914|0||0|0|344|929|75|169|117|157|249|1,208|4,364|26|05:02:02|SRM PC8|https://www.strava.com/activities/1761431570
08.08.2018|155,84|03:57:01|2,199|0|319|3,662|0||0|0|395|986|79|142|116|165|258|1,549|4,084|30|04:21:37|SRM PC8|https://www.strava.com/activities/1760060667
07.08.2018|186,69|05:00:37|2,233|0|291|4,228|0||0|0|373|943|77|175|113|183|234|1,688|4,714|33|05:02:26|SRM PC8|https://www.strava.com/activities/1756291087
06.08.2018|150,08|03:42:28|900|0|235|2,19|0||0|0|405|799|78|126|109|205|164|1,716|2,442|29|04:04:54|SRM PC8|https://www.strava.com/activities/1755349967
05.08.2018|151,72|03:41:59|883|0|275|2,895|0||0|0|410|799|81|134|110|168|217|1,543|3,228|29|04:10:34|SRM PC8|https://www.strava.com/activities/1753429498
04.08.2018|149,47|03:37:00|1,312|0|296|3,073|0||0|0|413|842|81|153|119|165|236|1,37|3,427|33|03:57:42|SRM PC8|https://www.strava.com/activities/1750064261
04.08.2018|30,57|01:09:19|297|0|199|675|0||0|0|265|670|80|110|91|126|162|854|752|32|01:34:01|SRM PC8|https://www.strava.com/activities/1748741109
02.08.2018|47,51|01:56:04|496|0|0|0|0||170|1,187|246|526|0|0|94|123|0|0|1,347|30|02:38:15|Lezyne Super GPS Enhanced|https://www.strava.com/activities/1744747470
30.09.2018|162,1|05:18:10|1,861|0|279|4,382|0||0|0|306|709|75|142|111|156|230|1,69|4,394|14|06:23:40|Garmin fēnix 5|https://www.strava.com/activities/1875352168
28.09.2018|144,19|05:08:27|1,227|0|254|4,324|0||0|0|280|634|75|129|66|138|234|1,421|4,600|1|05:47:13|Lezyne Mega XL GPS|https://www.strava.com/activities/1870958805
27.09.2018|137,08|04:13:52|1,264|0|223|2,798|0||0|0|324|796|79|133|109|153|184|1,74|3,223|18|05:19:30|Garmin fēnix 5|https://www.strava.com/activities/1870770880
25.09.2018|126,39|04:00:50|1,159|0|265|3,288|0||0|0|315|839|80|114|105|162|228|1,756|3,299|14|04:44:48|Garmin fēnix 5|https://www.strava.com/activities/1864868797
24.09.2018|117,13|03:46:49|803|0|247|3,074|0||0|0|310|713|78|127|104|151|226|1,717|1,591|11|04:18:21|Sigma Rox 12.0|https://www.strava.com/activities/1862568208
22.09.2018|204,53|04:56:34|1,043|0|297|4,288|0||0|0|414|792|81|134|114|165|241|1,379|4,782|14|04:57:53|SRM PC8|https://www.strava.com/activities/1866248879
21.09.2018|24,14|00:56:08|236|0|166|503|0||0|0|258|562|85|124|0|0|149|1,495|561|22|01:22:46|SRM PC8|https://www.strava.com/activities/1856436438
20.09.2018|99,24|03:10:36|653|0|234|2,158|0||0|0|312|666|80|119|100|157|189|1,726|1,229|22|04:19:40|Sigma Rox 12.0|https://www.strava.com/activities/1854030475
19.09.2018|192,18|04:18:57|390|0|331|4,491|0||0|0|445|662|82|139|0|0|289|1,427|5,008|25|04:19:17|SRM PC8|https://www.strava.com/activities/1852847637
18.09.2018|72,18|02:11:50|317|0|259|1,707|0||0|0|329|644|83|127|106|160|216|1,763|1,026|24|02:52:40|Sigma Rox 12.0|https://www.strava.com/activities/1849384381
17.09.2018|102,28|03:13:13|546|0|249|2,508|0||0|0|318|641|83|124|110|157|216|1,817|1,620|26|03:17:46|Sigma Rox 12.0|https://www.strava.com/activities/1847920888
14.09.2018|71,02|01:45:35|290|0|260|1,373|0||0|0|404|619|78|184|0|0|217|1,424|1,530|19|02:05:44|SRM PC8|https://www.strava.com/activities/1852852002
12.09.2018|112,02|03:25:07|377|0|224|2,487|0||0|0|328|554|82|160|97|139|202|1,037|2,773|24|05:40:39|SRM PC8|https://www.strava.com/activities/1836526175
11.09.2018|60,58|01:54:01|226|0|192|1,206|0||0|0|319|590|80|122|0|0|176|729|1,344|24|02:29:04|SRM PC8|https://www.strava.com/activities/1836526049
10.09.2018|32,19|01:09:10|153|0|165|632|0||0|0|279|547|81|110|85|110|152|635|295|20|01:38:49|Sigma Rox 12.0|https://www.strava.com/activities/1833922707
09.09.2018|76,28|01:43:42|336|0|334|1,858|0||0|0|441|792|84|192|133|174|299|1,619|2,072|25|01:51:42|SRM PC8|https://www.strava.com/activities/1830502140
09.09.2018|21,57|00:50:10|169|0|161|446|0||0|0|258|626|78|119|0|90|148|640|497|19|05:48:14|SRM PC8|https://www.strava.com/activities/1830509524
08.09.2018|227,4|05:21:37|1,336|0|288|4,67|0||0|0|424|821|82|136|114|154|242|1,793|5,207|17|05:28:11|SRM PC8|https://www.strava.com/activities/1827738575
07.09.2018|182,69|04:36:23|2,375|0|319|4,296|0||0|0|397|871|80|127|122|159|259|1,443|4,790|17|05:14:57|SRM PC8|https://www.strava.com/activities/1825393327
06.09.2018|36,85|01:08:44|785|0|344|1,128|0||0|0|322|778|78|137|119|165|273|1,049|1,257|16|03:02:15|SRM PC8|https://www.strava.com/activities/1823249647
05.09.2018|191,39|04:41:46|1,829|0|282|3,865|0||0|0|408|864|78|134|111|171|229|1,556|4,309|21|05:11:11|SRM PC8|https://www.strava.com/activities/1821773013
04.09.2018|133,64|03:07:11|1,434|0|332|3,106|0||0|0|428|1066|83|131|124|158|277|1,83|3,463|18|03:15:27|SRM PC8|https://www.strava.com/activities/1818779828
03.09.2018|182,78|04:41:05|2,525|0|317|4,284|0||0|0|390|828|79|130|119|160|254|1,698|4,776|22|04:55:28|SRM PC8|https://www.strava.com/activities/1816803916
02.09.2018|181,72|04:19:13|1,406|0|290|3,427|0||0|0|421|792|79|132|114|172|220|1,63|3,821|25|05:39:18|SRM PC8|https://www.strava.com/activities/1816002349
01.09.2018|45,46|01:26:19|230|0|247|1,091|0||0|0|316|662|81|124|98|145|211|1,708|560|20|01:36:24|Sigma Rox 12.0|https://www.strava.com/activities/1811602190
31.10.2018|59,2|01:56:15|370|0|218|1,428|0||0|0|306|544|81|121|103|133|205|1,614|326|5|01:58:08|Wahoo ELEMNT BOLT|https://www.strava.com/activities/1938816227
10.10.2018|58,15|02:01:29|258|0|193|1,281|0||0|0|287|551|77|131|95|134|176|1,673|320|18|03:06:47|Wahoo ELEMNT BOLT|https://www.strava.com/activities/1895881094
09.10.2018|88,43|02:49:09|376|0|238|2,202|0||0|0|314|677|77|136|104|151|217|1,749|733|16|03:46:39|Wahoo ELEMNT BOLT|https://www.strava.com/activities/1893983225
07.10.2018|224,47|05:04:17|1,353|0|332|4,988|0||0|0|443|799|83|164|133|172|273|1,624|5,562|18|06:00:41|SRM PC8|https://www.strava.com/activities/1891502695
06.10.2018|51,96|01:45:22|499|0|0|0|0||193|1,218|296|623|0|0|105|149|0|0|959|23|01:50:33|Garmin fēnix 5|https://www.strava.com/activities/1887397814
05.10.2018|22,36|00:47:39|161|0|0|0|0||170|485|282|601|0|0|91|126|0|0|334|24|00:58:40|Garmin fēnix 5|https://www.strava.com/activities/1885411398
04.10.2018|49,46|01:47:02|261|0|0|0|0||140|901|277|464|0|0|90|118|0|0|688|17|02:48:48|Garmin fēnix 5|https://www.strava.com/activities/1883367275
02.10.2018|34,91|01:00:17|294|0|297|887|0||0|0|348|814|0|0|0|0|245|1,529|843||01:00:17|Zwift|https://www.strava.com/activities/1879090453
01.10.2018|50,75|01:43:53|334|0|204|1,218|0||0|0|293|515|83|113|92|118|195|638|1,223|14|01:51:31|Garmin fēnix 5|https://www.strava.com/activities/1879095946
01.10.2018|51,88|01:46:41|290|0|206|1,264|0||0|0|292|490|83|112|92|118|198|1,083|551|11|01:52:22|Sigma Rox 12.0|https://www.strava.com/activities/1877290381
30.11.2018|121,7|03:55:27|1,106|0|242|3,048|0||0|0|310|724|78|138|112|155|216|1,404|3,063|14|04:25:26|Garmin fēnix 5|https://www.strava.com/activities/1992645035
29.11.2018|41,4|01:02:43|244|0|292|933|0||0|0|396|688|0|0|124|161|248|1,533|908||01:02:43|Zwift|https://www.strava.com/activities/1991425778
29.11.2018|4,68|00:09:39|18|0|180|99|0||0|0|291|475|0|50|100|124|170|344|110||00:10:57|Zwift|https://www.strava.com/activities/1991318839
28.11.2018|104,36|03:16:15|861|0|238|2,369|0||0|0|319|634|78|117|107|155|201|1,853|2,377|12|03:42:52|Garmin fēnix 5|https://www.strava.com/activities/1989166601
26.11.2018|72,67|02:30:15|419|0|0|0|0||0|0|290|616|0|0|106|135|0|0|1,088|8|02:42:28|Garmin fēnix 5|https://www.strava.com/activities/1985776345
25.11.2018|58,01|02:00:29|413|0|215|1,393|0||0|0|289|511|78|123|99|138|193|772|1,397|8|02:02:08|Garmin fēnix 5|https://www.strava.com/activities/1985480126
24.11.2018|58,83|01:55:16|515|0|257|1,575|0||0|0|306|616|74|116|111|150|228|1,701|1,578|8|01:57:49|Garmin fēnix 5|https://www.strava.com/activities/1982477308
23.11.2018|10,75|00:58:45|0|0|0|0|0||0|0|0|0|0|0|0|0|0|0|||00:00:00|Garmin fēnix 5|https://www.strava.com/activities/1979987536
22.11.2018|45,06|01:20:59|727|0|266|1,224|0||0|0|334|727|82|129|111|149|252|1,56|1,168||01:20:59|Zwift|https://www.strava.com/activities/1978317159
21.11.2018|122,06|04:01:06|879|0|232|3,038|0||0|0|304|652|80|127|110|145|210|1,68|3,042|7|04:09:37|Garmin fēnix 5|https://www.strava.com/activities/1976948805
20.11.2018|11,69|00:19:23|92|0|373|311|0||0|0|362|702|86|108|141|169|267|1,109|331||00:19:23|Zwift|https://www.strava.com/activities/1975986939
20.11.2018|5,56|00:32:46|0|0|0|0|0||0|0|0|0|0|0|0|0|0|0|||00:00:00|Garmin fēnix 5|https://www.strava.com/activities/1975465697
20.11.2018|5,69|00:26:59|0|0|0|0|0||0|0|0|0|0|0|0|0|0|0|||00:00:00|Garmin fēnix 5|https://www.strava.com/activities/1975422401
19.11.2018|61,96|02:19:05|354|0|155|611|0||0|0|267|605|85|138|105|129|73|1,326|1,250|14|02:46:00|Garmin fēnix 5|https://www.strava.com/activities/1973642876
19.11.2018|7,21|00:36:41|0|0|0|0|0||0|0|0|0|0|0|0|0|0|0|||00:00:00|Garmin fēnix 5|https://www.strava.com/activities/1973236341
18.11.2018|115,83|04:01:52|1,063|0|248|3,257|0||0|0|287|644|82|128|112|152|224|1,813|3,252|9|04:12:21|Garmin fēnix 5|https://www.strava.com/activities/1971819228
16.11.2018|90,85|03:18:37|521|0|179|1,055|0||0|0|274|576|85|129|105|139|89|1,659|1,900|14|04:01:32|Garmin fēnix 5|https://www.strava.com/activities/1969113359
15.11.2018|11,16|01:04:27|0|0|0|0|0||0|0|0|0|0|0|0|0|0|0|||00:00:00|Polar|https://www.strava.com/activities/1966181443
14.11.2018|33,12|01:11:41|807|0|284|1,068|0||0|0|277|904|0|0|118|156|248|1,327|1,191||01:14:17|Zwift|https://www.strava.com/activities/1963767238
13.11.2018|11,65|00:35:03|39|0|0|0|0||0|0|199|356|0|0|99|134|0|0|659|20|01:43:43|Garmin fēnix 5|https://www.strava.com/activities/1962596606
13.11.2018|111,71|03:42:10|611|0|223|2,801|0||0|0|302|601|84|136|127|219|210|1,831|2,790|15|04:35:34|Garmin fēnix 5|https://www.strava.com/activities/1962128533
11.11.2018|122,86|03:49:18|965|0|250|3,109|0||0|0|321|821|82|143|129|173|226|1,868|3,118|16|04:15:32|Garmin fēnix 5|https://www.strava.com/activities/1958564153
09.11.2018|31,13|01:27:06|142|0|174|839|0||0|0|214|392|79|143|102|147|161|1,083|939|7|01:50:43|Lezyne Mega XL GPS|https://www.strava.com/activities/1954857952
09.11.2018|5,86|00:34:15|0|0|0|0|0||0|0|0|0|0|0|0|0|0|0|||00:00:00|Garmin fēnix 5|https://www.strava.com/activities/1954571145
09.11.2018|5,78|00:29:04|0|0|0|0|0||0|0|0|0|0|0|0|0|0|0|||00:00:00|Garmin fēnix 5|https://www.strava.com/activities/1954570925
08.11.2018|104,69|03:30:09|923|0|236|2,628|0||0|0|299|655|83|146|107|151|208|1,726|1,620|11|04:07:56|Sigma Rox 12.0|https://www.strava.com/activities/1953113078
07.11.2018|5,34|00:29:42|0|0|0|0|0||0|0|0|0|0|0|0|0|0|0|||00:00:00|Garmin fēnix 5|https://www.strava.com/activities/1951184320
07.11.2018|5,69|00:30:40|0|0|0|0|0||0|0|0|0|0|0|0|0|0|0|||00:00:00|Garmin fēnix 5|https://www.strava.com/activities/1951184130
06.11.2018|106,5|03:25:48|817|0|225|2,623|0||0|0|311|608|87|118|122|153|212|636|2,628|15|03:52:59|Garmin fēnix 5|https://www.strava.com/activities/1949130355
05.11.2018|20,47|00:56:19|302|0|217|502|0||0|0|218|619|81|120|97|152|149|1,567|734|14|05:33:21|Sigma Rox 12.0|https://www.strava.com/activities/1950753798
04.11.2018|68,32|02:39:36|561|0|269|2,089|0||0|0|257|504|72|122|133|166|218|1,648|2,106|18|04:13:48|Garmin fēnix 5|https://www.strava.com/activities/1945596832
03.11.2018|89,17|02:51:04|430|0|227|2,043|0||0|0|313|677|83|138|115|152|199|1,839|1,482|7|03:21:25|Sigma Rox 12.0|https://www.strava.com/activities/1943555899
01.11.2018|9,99|00:51:35|0|0|0|0|0||0|0|0|0|0|0|0|0|0|0|||00:00:00|Garmin fēnix 5|https://www.strava.com/activities/1938799925
31.12.2018|86,87|02:54:22|649|0|266|2,39|0||0|0|299|641|80|123|107|149|228|1,604|2,400|14|02:58:17|Garmin fēnix 5|https://www.strava.com/activities/2046442853
30.12.2018|165,88|05:41:32|983|0|225|4,242|0||0|0|291|655|82|118|105|155|207|1,8|4,262|15|06:00:59|Garmin fēnix 5|https://www.strava.com/activities/2044368610
28.12.2018|119,69|04:07:05|921|0|252|3,158|0||0|0|291|709|82|114|108|154|213|1,675|3,163|9|04:13:17|Garmin fēnix 5|https://www.strava.com/activities/2040079614
27.12.2018|49,82|01:35:07|790|0|258|1,429|0||0|0|314|817|96|133|122|148|250|623|1,366||01:35:07|Zwift|https://www.strava.com/activities/2038352057
27.12.2018|0,63|00:04:12|2|0|0|0|0||0|0|91|148|0|0|143|150|0|0|489|21|01:37:08|Garmin fēnix 5|https://www.strava.com/activities/2037807185
27.12.2018|0,83|00:04:57|12|0|0|0|0||0|0|101|162|0|0|114|125|0|0|57|20|00:05:16|Garmin fēnix 5|https://www.strava.com/activities/2037793948
26.12.2018|100,16|03:33:52|612|0|222|2,636|0||0|0|281|551|81|135|110|153|205|1,43|2,643|8|03:47:34|Garmin fēnix 5|https://www.strava.com/activities/2036238591
24.12.2018|10,12|00:51:50|0|0|0|0|0||0|0|0|0|0|0|0|0|0|0|||00:00:00|Garmin fēnix 5|https://www.strava.com/activities/2032880279
23.12.2018|123,82|04:06:47|1,04|0|252|3,26|0||0|0|301|612|76|107|108|150|220|1,255|3,261|10|04:16:49|Garmin fēnix 5|https://www.strava.com/activities/2031627866
22.12.2018|126,09|04:16:02|864|0|240|3,417|0||0|0|295|590|82|143|108|146|222|1,621|3,424|6|04:21:49|Garmin fēnix 5|https://www.strava.com/activities/2029612723
21.12.2018|9,99|00:57:07|0|0|0|0|0||0|0|0|0|0|0|0|0|0|0|||00:00:00|Garmin fēnix 5|https://www.strava.com/activities/2028144740
19.12.2018|95,18|03:14:36|858|0|233|2,471|0||0|0|293|637|81|121|101|136|212|1,693|2,487|15|03:16:53|Garmin fēnix 5|https://www.strava.com/activities/2024711390
18.12.2018|178,1|06:10:03|2,725|0|244|4,428|0||0|0|289|734|75|157|104|160|199|1,711|4,430|16|07:18:16|Garmin fēnix 5|https://www.strava.com/activities/2023488457
17.12.2018|6,01|01:32:24|0|0|0|0|0||0|0|0|0|0|0|0|0|0|0|||00:00:00|Garmin fēnix 5|https://www.strava.com/activities/2021861901
17.12.2018|141,76|04:31:38|1,88|0|268|3,299|0||0|0|313|731|77|162|114|164|202|1,716|3,323|19|04:45:33|Garmin fēnix 5|https://www.strava.com/activities/2021658809
15.12.2018|162,37|05:17:20|2,264|0|252|4,073|0||0|0|307|734|78|124|106|152|214|1,175|4,087|17|05:35:12|Garmin fēnix 5|https://www.strava.com/activities/2018320126
14.12.2018|130,01|04:25:17|1,512|0|261|2,927|0||0|0|294|670|77|119|111|166|184|1,602|3,084|17|05:14:20|Garmin fēnix 5|https://www.strava.com/activities/2016692067
13.12.2018|64,84|02:15:30|745|0|239|1,538|0||0|0|287|587|75|115|105|150|189|1,791|1,539|13|02:20:29|Garmin fēnix 5|https://www.strava.com/activities/2016243694
12.12.2018|154,85|04:49:39|2,356|0|278|3,885|0||0|0|321|684|73|118|113|148|224|1,224|3,899|19|04:56:03|Garmin fēnix 5|https://www.strava.com/activities/2013676034
11.12.2018|107,2|03:19:38|960|0|236|2,308|0||0|0|322|688|81|123|102|157|193|1,909|2,315|18|03:23:50|Garmin fēnix 5|https://www.strava.com/activities/2011587837
09.12.2018|113,19|03:09:12|1,672|0|296|3,135|0||0|0|359|814|0|0|126|180|276|1,44|3,072||03:10:15|Zwift|https://www.strava.com/activities/2008824079
09.12.2018|4,76|00:09:25|18|0|196|108|0||0|0|304|508|0|0|100|112|191|359|115||00:09:48|Zwift|https://www.strava.com/activities/2008410816
08.12.2018|32,34|00:59:56|499|0|231|775|0||0|0|324|803|85|178|107|153|216|1,46|752||01:00:25|Zwift|https://www.strava.com/activities/2006697491
07.12.2018|6|00:37:48|0|0|0|0|0||0|0|0|0|0|0|0|0|0|0|||00:00:00|Garmin fēnix 5|https://www.strava.com/activities/2004604806
07.12.2018|5,72|00:27:37|0|0|0|0|0||0|0|0|0|0|0|0|0|0|0|||00:00:00|Garmin fēnix 5|https://www.strava.com/activities/2004466861
06.12.2018|105,78|03:41:20|613|0|229|2,8|0||0|0|287|572|79|137|102|146|211|1,557|2,808|14|03:47:57|Garmin fēnix 5|https://www.strava.com/activities/2003081156
05.12.2018|60,27|02:20:27|345|0|188|1,433|0||0|0|257|500|78|134|104|150|170|1,413|1,443|9|03:17:12|Garmin fēnix 5|https://www.strava.com/activities/2001444954
05.12.2018|21,39|00:54:13|100|0|165|486|0||0|0|237|436|81|105|127|165|149|541|757|6|01:57:22|Garmin fēnix 5|https://www.strava.com/activities/2001163663
03.12.2018|130,97|04:33:29|373|0|207|3,191|0||0|0|287|626|83|124|101|139|194|742|1,796|10|04:39:08|Sigma Rox 12.0|https://www.strava.com/activities/1997914499
02.12.2018|114,42|03:42:14|751|0|229|2,749|0||0|0|309|684|84|151|108|152|206|1,692|2,741|16|03:53:12|Garmin fēnix 5|https://www.strava.com/activities/1996502713
01.12.2018|5,82|00:32:17|0|0|0|0|0||0|0|0|0|0|0|0|0|0|0|||00:00:00|Garmin fēnix 5|https://www.strava.com/activities/1994131712
01.12.2018|5,5|00:29:06|0|0|0|0|0||0|0|0|0|0|0|0|0|0|0|||00:00:00|Garmin fēnix 5|https://www.strava.com/activities/1993905774
loaded urls in 7.00:56:39.8081296
