date|distance|mov_time|elevation|relativeEffort|avg_power_weig|work_total|training_load|intensity|estAvgPower|energyOutput|avg_speed|max_speed|avg_cadence|max_cadence|avg_heartRate|max_heartRate|avg_power|max_power|avg_calories|avg_temperature|avg_elap_time|bicycle_model|url
1/28/2018|135.93|03:30:15|1081|0|230|2209|118|58%|0|0|38.8|78.8|88|138|0|0|175|889|2,463|38|03:30:46|Garmin Edge 820|https://www.strava.com/activities/1378793305
1/27/2018|69.1|02:10:26|408|0|211|1300|65|53%|0|0|31.8|55.8|84|108|0|0|166|735|1,449|28|03:08:54|Garmin Edge 820|https://www.strava.com/activities/1376914782
1/26/2018|38.44|01:17:25|543|0|221|902|43|56%|0|0|29.8|68|85|116|0|0|194|550|1,006|20|01:23:19|Garmin Edge 820|https://www.strava.com/activities/1375528257
1/25/2018|120.34|02:43:28|143|0|278|2365|138|70%|0|0|44.2|59.4|91|128|143|202|241|1004|2,637|25|02:51:45|Garmin Edge 820|https://www.strava.com/activities/1374177814
1/25/2018|69.19|02:20:32|592|0|200|1421|68|51%|0|0|29.5|69.8|82|109|101|182|168|697|1,584|20|03:50:12|Garmin Edge 820|https://www.strava.com/activities/1373871580
1/24/2018|128.06|03:59:57|1015|0|222|2486|129|56%|0|0|32|69.5|83|117|107|185|173|683|2,772|22|04:06:58|Garmin Edge 820|https://www.strava.com/activities/1372348044
1/23/2018|85.35|02:34:38|484|0|182|1494|57|46%|0|0|33.1|66.2|83|114|95|138|161|739|1,666|24|02:42:47|Garmin Edge 820|https://www.strava.com/activities/1370602934
1/21/2018|87.99|02:01:26|662|0|321|2030|133|81%|0|0|43.5|71.6|96|146|163|199|279|1022|2,263|36|02:01:26|Garmin Edge 820|https://www.strava.com/activities/1367292830
1/20/2018|60.3|01:52:40|628|0|198|1040|48|50%|0|0|32.1|82.1|79|112|132|166|154|541|1,159|31|01:56:05|Garmin Edge 820|https://www.strava.com/activities/1365549896
1/20/2018|153.05|03:44:48|1510|0|271|2793|177|69%|0|0|40.8|92.9|90|140|132|208|207|847|3,114|31|03:44:48|Garmin Edge 820|https://www.strava.com/activities/1365488541
1/19/2018|137.58|03:44:19|1758|0|257|2660|158|65%|0|0|36.8|94.7|90|164|139|208|198|971|2,966|43|03:44:19|Garmin Edge 820|https://www.strava.com/activities/1364106553
1/18/2018|128.67|03:22:23|1104|0|220|1837|105|56%|0|0|38.1|81.7|85|136|121|203|151|959|2,048|43|03:22:23|Garmin Edge 820|https://www.strava.com/activities/1362596089
1/17/2018|18.7|00:35:12|113|0|154|240|10|39%|0|0|31.9|68|72|103|132|176|114|555|268|38|00:40:00|Garmin Edge 820|https://www.strava.com/activities/1361111466
1/17/2018|162.66|04:38:48|2328|0|240|2942|172|61%|0|0|35|81|89|131|133|212|176|980|3,280|38|04:40:00|Garmin Edge 820|https://www.strava.com/activities/1361111537
1/16/2018|148.72|03:56:03|1416|0|215|2222|115|54%|0|0|37.8|91.1|87|194|121|201|157|843|2,478|34|03:56:35|Garmin Edge 820|https://www.strava.com/activities/1359453107
1/15/2018|49.64|01:42:10|743|0|235|1045|72|59%|0|0|29.2|76.7|84|121|110|196|170|801|1,165|23|02:43:28|Garmin Edge 820|https://www.strava.com/activities/1357938519
1/14/2018|51.37|01:06:15|292|0|286|987|57|72%|0|0|46.5|70.2|95|140|148|204|248|1015|1,101|18|01:06:15|Garmin Edge 820|https://www.strava.com/activities/1356180669
1/14/2018|58.3|01:44:48|104|0|198|960|48|50%|0|0|33.4|54.4|84|112|100|195|153|738|1,071|25|01:58:51|Garmin Edge 820|https://www.strava.com/activities/1355851633
1/13/2018|64.1|02:04:52|149|0|190|1256|53|48%|0|0|30.8|43.9|84|114|99|157|168|739|1,401|18|02:42:12|Garmin Edge 820|https://www.strava.com/activities/1353941435
1/12/2018|78.8|02:39:46|1672|0|260|2132|124|66%|0|0|29.6|67.3|86|111|132|193|222|631|2,377|16|02:52:14|Garmin Edge 820|https://www.strava.com/activities/1352661500
1/11/2018|88.91|02:57:13|1739|0|254|2282|134|64%|0|0|30.1|70.9|87|117|141|190|215|676|2,544|30|03:34:43|Garmin Edge 820|https://www.strava.com/activities/1364124322
1/10/2018|103.82|03:22:27|1330|0|251|2580|143|64%|0|0|30.8|79.6|87|113|137|206|212|848|2,877|28|03:31:19|Garmin Edge 820|https://www.strava.com/activities/1349522163
1/9/2018|56.1|02:00:57|600|0|189|1242|53|48%|0|0|27.8|57.2|84|117|105|174|171|665|1,384|24|02:36:59|Garmin Edge 820|https://www.strava.com/activities/1347802965
1/7/2018|184.55|04:52:07|2980|0|297|4195|277|75%|0|0|37.9|89.6|93|134|154|207|239|1067|4,678|23|04:54:48|Garmin Edge 820|https://www.strava.com/activities/1344607686
1/6/2018|57.22|02:00:27|427|0|184|1110|47|47%|0|0|28.5|68.8|80|109|100|190|154|670|1,237|29|02:46:14|Garmin Edge 820|https://www.strava.com/activities/1342746179
1/5/2018|40.57|00:56:28|520|0|328|1093|64|83%|0|0|43.1|80.3|98|126|193|203|323|921|1,219|31|00:56:28|Garmin Edge 820|https://www.strava.com/activities/1342745824
1/5/2018|0|00:00:00|0|0|258|0|13|65%|0|0|0|0|0|120|0|189|0|580|0|0|00:18:37|Garmin Edge 820|https://www.strava.com/activities/1341402394
1/4/2018|43.34|01:26:56|561|0|229|984|51|58%|0|0|29.9|72.4|83|120|111|188|189|605|1,097|21|02:00:28|Garmin Edge 820|https://www.strava.com/activities/1339777312
1/3/2018|16.45|00:30:36|39|0|192|345|12|49%|0|0|32.3|45.4|90|106|107|128|188|427|385|17|00:32:18|Garmin Edge 820|https://www.strava.com/activities/1338565413
1/2/2018|65.81|01:47:38|307|0|281|1503|92|71%|0|0|36.7|63.4|90|112|139|194|233|683|1,675|25|01:50:17|Garmin Edge 820|https://www.strava.com/activities/1336715398
1/1/2018|93.95|02:54:50|1063|0|241|2252|113|61%|0|0|32.2|82.1|89|121|131|190|215|631|2,511|34|03:03:01|Garmin Edge 820|https://www.strava.com/activities/1335493580
2/27/2018|95.82|03:11:06|1294|0|203|701|47|51%|0|0|30.1|69.1|87|117|147|195|61|962|781|0|03:13:28|Garmin Edge 820|https://www.strava.com/activities/1428336053
2/26/2018|145.36|05:02:25|2548|0|255|3508|196|65%|0|0|28.8|60.8|90|138|146|206|193|826|3,911|6|05:07:07|Garmin Edge 820|https://www.strava.com/activities/1427002266
2/25/2018|24.67|00:58:27|372|0|182|554|20|46%|0|0|25.3|74.2|86|122|107|136|158|359|618|13|00:59:17|Garmin Edge 820|https://www.strava.com/activities/1425683573
2/24/2018|109.68|03:32:07|1743|0|270|3033|170|68%|0|0|31|60.5|90|122|149|197|238|732|3,382|3|03:39:29|Garmin Edge 820|https://www.strava.com/activities/1423143390
2/23/2018|145.95|05:01:26|2268|0|248|3569|208|63%|0|0|29.1|65.5|83|122|130|206|197|860|3,980|7|05:51:41|Garmin Edge 820|https://www.strava.com/activities/1422032698
2/22/2018|28.19|00:59:29|371|0|190|628|23|48%|0|0|28.4|63.7|90|114|123|159|176|417|700|9|01:00:23|Garmin Edge 820|https://www.strava.com/activities/1420488278
2/21/2018|128.77|04:21:48|2115|0|250|3388|184|63%|0|0|29.5|67|89|125|145|205|216|885|3,778|8|04:49:17|Garmin Edge 820|https://www.strava.com/activities/1418806575
2/16/2018|52.22|01:42:55|500|0|224|1157|58|57%|0|0|30.4|60.1|89|126|126|200|187|911|1,291|26|02:05:59|Garmin Edge 820|https://www.strava.com/activities/1409662449
2/15/2018|155.74|05:01:06|1892|0|229|3664|177|58%|0|0|31|86.8|88|128|144|203|203|755|4,085|28|05:21:31|Garmin Edge 820|https://www.strava.com/activities/1408132569
2/14/2018|43.68|01:24:03|461|0|238|1028|52|60%|0|0|31.2|63|88|116|135|200|204|601|1,146|29|01:27:54|Garmin Edge 820|https://www.strava.com/activities/1406655509
2/13/2018|161.98|05:01:26|2121|0|234|3805|182|59%|0|0|32.2|79.2|88|123|142|197|210|579|4,243|25|05:13:51|Garmin Edge 820|https://www.strava.com/activities/1405067649
2/12/2018|114.07|03:52:51|1975|0|242|2930|150|61%|0|0|29.4|84.6|87|126|0|0|210|792|3,267|30|04:08:36|Garmin Edge 820|https://www.strava.com/activities/1403721649
2/11/2018|59.86|01:59:45|642|0|196|1325|49|50%|0|0|30|63.7|89|116|119|160|184|562|1,477|29|02:00:39|Garmin Edge 820|https://www.strava.com/activities/1401711791
2/10/2018|107.61|03:35:46|1522|0|228|2642|123|58%|0|0|29.9|83.9|87|118|139|190|204|760|2,946|27|03:41:57|Garmin Edge 820|https://www.strava.com/activities/1399981724
2/9/2018|107.62|03:33:50|1514|0|225|2635|120|57%|0|0|30.2|77.8|89|111|137|188|205|875|2,938|24|03:43:34|Garmin Edge 820|https://www.strava.com/activities/1398561180
2/8/2018|75.49|02:28:19|877|0|215|1760|75|54%|0|0|30.5|82.8|89|121|119|173|198|694|1,963|22|02:35:09|Garmin Edge 820|https://www.strava.com/activities/1396986204
2/7/2018|63.23|02:02:54|500|0|203|1385|57|51%|0|0|30.9|61.2|89|116|0|0|188|602|1,545|18|02:42:30|Garmin Edge 820|https://www.strava.com/activities/1395392728
2/6/2018|41.47|01:21:58|251|0|180|842|29|46%|0|0|30.4|58|89|113|0|0|171|525|939|21|01:26:32|Garmin Edge 820|https://www.strava.com/activities/1393653865
2/5/2018|17.72|00:36:28|120|0|161|336|10|41%|0|0|29.2|50.4|88|106|0|0|154|431|375|26|00:36:45|Garmin Edge 820|https://www.strava.com/activities/1392356800
3/27/2018|24.85|01:07:43|709|0|0|0|0||160|649|22|69.8|0|0|101|126|0|0|723|9|01:09:08|Garmin Edge 820|https://www.strava.com/activities/1474271955
3/23/2018|4.47|00:10:13|145|0|163|83|2|41%|0|0|26.3|54.7|69|112|125|147|136|416|93|10|00:10:13|Garmin Edge 820|https://www.strava.com/activities/1469332539
3/18/2018|31.8|01:06:09|478|0|235|818|39|59%|0|0|28.8|60.5|87|115|121|161|206|617|912|1|01:06:39|Garmin Edge 820|https://www.strava.com/activities/1458572305
3/17/2018|77.97|02:35:17|927|0|239|1960|99|61%|0|0|30.1|65.9|87|111|120|172|210|743|2,186|12|03:02:21|Garmin Edge 820|https://www.strava.com/activities/1457294184
3/16/2018|58.34|02:03:46|1489|0|303|1723|122|77%|0|0|28.3|61.6|89|130|143|203|232|801|1,921|15|02:04:45|Garmin Edge 820|https://www.strava.com/activities/1455744027
3/14/2018|114.82|03:56:47|2376|0|275|3143|204|70%|0|0|29.1|67.7|86|133|138|195|221|611|3,504|14|04:19:27|Garmin Edge 820|https://www.strava.com/activities/1452629505
3/13/2018|94.09|03:13:53|1851|0|253|2536|135|64%|0|0|29.1|67|87|114|136|193|218|707|2,828|12|03:19:15|Garmin Edge 820|https://www.strava.com/activities/1450855327
3/12/2018|90.51|02:57:49|1229|0|274|2240|147|69%|0|0|30.5|61.9|88|131|138|202|210|755|2,497|13|03:11:57|Garmin Edge 820|https://www.strava.com/activities/1449115290
3/11/2018|67.58|02:20:02|979|0|203|1573|66|51%|0|0|29|60.1|86|115|0|0|187|638|1,754|19|03:02:00|Garmin Edge 820|https://www.strava.com/activities/1447305047
3/9/2018|113.34|04:15:10|3124|0|268|3743|199|68%|0|0|26.7|68|88|114|142|194|245|607|4,174|13|04:19:14|Garmin Edge 820|https://www.strava.com/activities/1443958400
3/8/2018|139.12|04:37:54|2110|0|247|3347|189|63%|0|0|30|68.8|85|118|135|201|201|699|3,731|9|04:58:48|Garmin Edge 820|https://www.strava.com/activities/1442349648
3/7/2018|124.99|04:02:02|1952|0|243|3079|154|62%|0|0|31|70.6|90|121|141|191|212|616|3,433|10|04:03:18|Garmin Edge 820|https://www.strava.com/activities/1440652564
3/6/2018|118.59|03:54:45|1790|0|241|2978|151|61%|0|0|30.3|62.3|90|119|134|195|211|951|3,321|13|04:06:03|Garmin Edge 820|https://www.strava.com/activities/1438978432
3/5/2018|33.34|01:18:31|480|0|189|771|31|48%|0|0|25.5|64.1|86|114|117|159|164|663|860|9|01:22:22|Garmin Edge 820|https://www.strava.com/activities/1437696614
3/3/2018|185.91|05:35:24|405|0|126|1742|57|32%|0|0|33.3|88.2|88|167|161|201|87|612|1,942|5|05:35:39|Garmin Edge 820|https://www.strava.com/activities/1435227264
3/28/2018|42.9|02:02:26|1458|0|0|0|0||176|1290|21|71.3|0|0|113|159|0|0|1,438|16|02:10:47|Garmin Edge 820|https://www.strava.com/activities/1476115906
3/25/2018|156.95|03:39:30|2001|0|317|3470|235|80%|0|0|42.9|78.5|94|145|147|196|263|993|3,869|10|03:40:00|Garmin Edge 820|https://www.strava.com/activities/1470955718
3/24/2018|115.69|02:34:37|278|0|289|2256|139|73%|0|0|44.9|89.3|93|144|138|188|243|1022|2,516|3|02:36:30|Garmin Edge 820|https://www.strava.com/activities/1469333447
3/23/2018|199.35|05:10:34|3091|0|269|4005|249|68%|0|0|38.5|88.9|88|154|138|189|215|923|4,465|12|05:23:33|Garmin Edge 820|https://www.strava.com/activities/1467424962
3/22/2018|168.66|04:34:33|3565|0|307|4190|282|78%|0|0|36.9|92.2|91|176|152|200|254|866|4,671|9|04:40:03|Garmin Edge 820|https://www.strava.com/activities/1465867610
3/21/2018|161.11|04:36:37|2756|0|286|3813|245|72%|0|0|34.9|78.8|89|142|143|201|230|941|4,252|9|04:42:43|Garmin Edge 820|https://www.strava.com/activities/1464366359
3/20/2018|182.81|04:54:56|2289|0|250|3557|198|63%|0|0|37.2|82.8|89|134|127|205|201|935|3,966|12|04:58:14|Garmin Edge 820|https://www.strava.com/activities/1462761396
3/19/2018|157.39|03:48:31|1689|0|273|3104|182|69%|0|0|41.3|81.7|94|133|147|203|226|907|3,461|14|03:49:31|Garmin Edge 820|https://www.strava.com/activities/1461054500
3/15/2018|34|01:14:20|218|0|181|705|27|46%|0|0|27.4|45.7|80|124|100|133|158|583|786|15|01:19:11|Garmin Edge 820|https://www.strava.com/activities/1454109641
4/30/2018|11.65|00:24:43|114|0|203|246|11|51%|0|0|28.3|61.6|81|135|112|173|166|672|274|21|00:26:01|Garmin Edge 820|https://www.strava.com/activities/1542291113
4/29/2018|28.94|01:02:10|355|0|194|649|25|49%|0|0|27.9|61.6|87|112|99|139|174|517|723|15|01:02:56|Garmin Edge 820|https://www.strava.com/activities/1538388639
4/28/2018|90.21|03:00:02|1325|0|277|2230|150|70%|0|0|30.1|64.4|86|116|121|200|206|560|2,486|20|03:06:29|Garmin Edge 820|https://www.strava.com/activities/1536345763
4/27/2018|121.89|03:56:29|1915|0|244|2948|154|62%|0|0|30.9|69.5|87|116|123|180|208|762|3,287|24|04:02:21|Garmin Edge 820|https://www.strava.com/activities/1534622622
4/26/2018|50.03|01:33:50|385|0|187|1016|37|47%|0|0|32|70.9|89|109|97|124|180|614|1,133|19|01:41:43|Garmin Edge 820|https://www.strava.com/activities/1532491832
4/25/2018|105.15|03:38:01|1939|0|268|2837|170|68%|0|0|28.9|65.9|88|116|132|200|217|954|3,164|22|03:42:01|Garmin Edge 820|https://www.strava.com/activities/1530957451
4/24/2018|102.87|03:16:21|1309|0|257|2325|140|65%|0|0|31.4|62.6|89|142|122|196|197|658|2,592|21|03:19:55|Garmin Edge 820|https://www.strava.com/activities/1528507391
4/23/2018|72.88|02:12:30|972|0|231|1675|76|58%|0|0|33|64.4|91|143|115|152|211|731|1,868|19|02:16:00|Garmin Edge 820|https://www.strava.com/activities/1526587857
4/22/2018|38.02|01:12:59|411|0|203|812|32|51%|0|0|31.3|72.4|91|127|109|137|186|611|906|16|01:13:58|Garmin Edge 820|https://www.strava.com/activities/1524004950
4/20/2018|164.3|04:17:47|2838|0|313|3863|269|79%|0|0|38.2|109.4|92|149|148|197|250|1001|4,308|25|04:18:34|Garmin Edge 820|https://www.strava.com/activities/1520166268
4/19/2018|133.19|03:23:49|2101|0|311|3102|214|79%|0|0|39.2|99|94|159|149|199|254|997|3,459|23|03:26:49|Garmin Edge 820|https://www.strava.com/activities/1518315974
4/17/2018|6.76|00:07:43|0|0|28|3|0|7%|0|0|52.6|84.2|84|120|106|128|6|233|3|19|00:07:43|Garmin Edge 820|https://www.strava.com/activities/1513919887
4/15/2018|41.34|01:34:10|534|0|196|954|40|50%|0|0|26.3|63|83|106|100|148|169|676|1,063|15|01:38:24|Garmin Edge 820|https://www.strava.com/activities/1510323386
4/14/2018|62.59|02:18:25|1103|0|266|1735|105|67%|0|0|27.1|59|87|116|132|202|209|663|1,934|9|02:19:44|Garmin Edge 820|https://www.strava.com/activities/1507337417
4/12/2018|117.17|04:01:07|2087|0|252|3054|168|64%|0|0|29.2|63|87|110|123|192|211|653|3,405|13|04:07:20|Garmin Edge 820|https://www.strava.com/activities/1503944449
4/11/2018|32.52|01:01:48|634|0|326|896|71|83%|0|0|31.6|60.5|91|117|145|203|242|685|999|11|01:02:15|Garmin Edge 820|https://www.strava.com/activities/1502625294
4/11/2018|0.03|00:00:00|0|0|248|6|56|63%|0|0|7.1|0.7|95|105|0|0|293|380|6|17|01:25:01|Garmin Edge 820|https://www.strava.com/activities/1501928144
4/9/2018|28.52|01:01:04|362|0|192|638|24|49%|0|0|28|60.5|89|123|107|135|174|611|711|16|01:01:20|Garmin Edge 820|https://www.strava.com/activities/1498290727
4/8/2018|74.81|02:26:44|1418|0|289|1966|131|73%|0|0|30.6|64.4|88|113|137|199|223|832|2,192|8|02:28:13|Garmin Edge 820|https://www.strava.com/activities/1495911070
4/7/2018|116.14|03:48:34|1961|0|250|2947|154|63%|0|0|30.5|72.7|88|113|128|183|215|715|3,286|12|03:52:46|Garmin Edge 820|https://www.strava.com/activities/1494153240
4/6/2018|170.6|05:17:13|2660|0|276|4148|261|70%|0|0|32.3|69.8|88|137|141|206|218|678|4,625|16|05:20:31|Garmin Edge 820|https://www.strava.com/activities/1492511590
4/5/2018|35.11|01:20:27|604|0|199|813|34|50%|0|0|26.2|64.1|78|105|105|155|168|674|906|12|01:21:58|Garmin Edge 820|https://www.strava.com/activities/1490355090
4/4/2018|122.87|04:07:33|1950|0|232|2943|148|59%|0|0|29.8|65.9|86|114|136|191|198|626|3,282|18|04:17:30|Garmin Edge 820|https://www.strava.com/activities/1488811063
4/3/2018|122.64|04:05:43|1846|0|221|2827|134|56%|0|0|29.9|66.2|86|118|135|182|192|645|3,152|14|04:27:30|Garmin Edge 820|https://www.strava.com/activities/1486982557
4/2/2018|98.38|03:09:12|1404|0|247|2474|127|63%|0|0|31.2|68|88|114|136|180|218|480|2,758|13|03:18:28|Garmin Edge 820|https://www.strava.com/activities/1485071518
4/1/2018|69.03|02:19:27|1013|0|218|1635|73|55%|0|0|29.7|60.1|88|116|132|165|195|592|1,822|15|02:25:49|Garmin Edge 820|https://www.strava.com/activities/1483369528
4/18/2018|136.38|03:26:00|2536|0|330|3377|241|84%|0|0|39.7|92.9|95|163|157|200|273|916|3,766|22|03:26:22|Garmin Edge 820|https://www.strava.com/activities/1516138769
4/17/2018|142.32|03:52:31|2707|0|291|3369|213|74%|0|0|36.7|93.6|91|158|146|206|241|1026|3,757|20|03:55:15|Garmin Edge 820|https://www.strava.com/activities/1513920312
4/16/2018|129.09|03:23:20|2324|0|298|3142|201|75%|0|0|38.1|93.2|95|149|158|205|258|984|3,503|21|03:34:24|Garmin Edge 820|https://www.strava.com/activities/1511952860
5/25/2018|145.8|04:19:11|3629|0|319|4364|284|81%|0|0|33.8|82.1|89|145|0|0|281|994|4,866|23|04:27:45|Garmin Edge 820|https://www.strava.com/activities/1595745812
5/24/2018|200.51|05:16:45|2176|0|258|3691|224|65%|0|0|38|94.7|88|126|0|0|194|941|4,115|28|05:17:51|Garmin Edge 820|https://www.strava.com/activities/1593576439
5/23/2018|150.53|03:27:20|2011|0|306|3314|219|77%|0|0|43.6|85.3|96|160|154|194|266|1068|3,696|22|03:40:39|Garmin Edge 820|https://www.strava.com/activities/1591138650
5/22/2018|33.89|00:42:04|226|0|386|970|67|98%|0|0|48.3|77.8|100|127|179|194|384|774|1,082|16|00:42:04|Garmin Edge 820|https://www.strava.com/activities/1588978946
5/22/2018|0.01|00:00:00|0|0|245|0|15|62%|0|0|0|0.4|0|116|0|170|0|696|0|0|00:24:07|Garmin Edge 820|https://www.strava.com/activities/1588663877
5/22/2018|21.19|00:33:54|77|0|217|417|17|55%|0|0|37.5|61.6|95|113|125|158|205|420|465|14|00:33:54|Garmin Edge 820|https://www.strava.com/activities/1588208867
5/21/2018|32.09|01:02:21|253|0|162|543|17|41%|0|0|30.9|55.8|88|110|97|126|145|431|606|23|01:04:11|Garmin Edge 820|https://www.strava.com/activities/1586131073
5/20/2018|175.2|04:44:04|3438|0|317|4447|306|80%|0|0|37|87.8|93|138|145|186|261|971|4,958|15|04:46:39|Garmin Edge 820|https://www.strava.com/activities/1584632346
5/19/2018|183.72|05:28:43|4167|0|302|4909|323|76%|0|0|33.5|94.7|89|167|142|193|249|989|5,473|19|05:34:30|Garmin Edge 820|https://www.strava.com/activities/1582543933
5/18/2018|184.03|04:04:07|468|0|235|2679|143|59%|0|0|45.2|88.2|90|136|115|191|183|968|2,987|25|04:05:22|Garmin Edge 820|https://www.strava.com/activities/1579985593
5/17/2018|217.75|04:57:25|655|0|255|3377|208|65%|0|0|43.9|84.6|90|164|116|194|189|947|3,765|19|04:58:34|Garmin Edge 820|https://www.strava.com/activities/1578213098
5/16/2018|160.56|03:38:13|1883|0|294|3149|201|74%|0|0|44.1|85.7|93|151|136|194|241|1018|3,511|18|03:39:06|Garmin Edge 820|https://www.strava.com/activities/1575870575
5/15/2018|243.59|06:11:31|3681|0|301|5501|363|76%|0|0|39.3|89.3|91|174|144|195|247|983|6,133|14|06:16:24|Garmin Edge 820|https://www.strava.com/activities/1573693663
5/14/2018|34|01:12:03|377|0|216|610|38|55%|0|0|28.3|68.4|78|106|100|180|141|787|680|26|01:49:31|Garmin Edge 820|https://www.strava.com/activities/1571161006
5/13/2018|223.88|05:55:54|3991|0|286|5005|315|72%|0|0|37.7|85.3|88|141|137|186|234|835|5,580|22|06:02:55|Garmin Edge 820|https://www.strava.com/activities/1569773564
5/12/2018|11.14|00:21:11|30|0|47|39|0|12%|0|0|31.6|55.4|72|97|111|136|31|470|44|10|00:23:14|Garmin Edge 820|https://www.strava.com/activities/1567606264
5/12/2018|205.38|05:11:56|2431|0|289|4227|282|73%|0|0|39.5|80.6|89|136|138|195|226|934|4,713|22|05:17:37|Garmin Edge 820|https://www.strava.com/activities/1567554406
5/11/2018|159.97|03:53:40|934|0|230|2397|133|58%|0|0|41.1|81.4|86|160|115|194|171|974|2,672|24|03:57:03|Garmin Edge 820|https://www.strava.com/activities/1564862390
5/10/2018|11.14|00:13:38|0|0|50|27|0|13%|0|0|49.1|67.7|86|107|100|127|33|340|30|8|00:15:33|Garmin Edge 820|https://www.strava.com/activities/1562545938
5/10/2018|169.51|04:19:34|3131|0|303|3941|256|77%|0|0|39.2|90.4|92|140|149|197|253|928|4,394|23|04:20:07|Garmin Edge 820|https://www.strava.com/activities/1562546131
5/9/2018|154.24|04:14:42|2031|0|263|2950|191|67%|0|0|36.3|81|87|149|124|200|193|1007|3,289|24|04:17:01|Garmin Edge 820|https://www.strava.com/activities/1560377516
5/8/2018|205.77|05:37:02|3558|0|280|4632|282|71%|0|0|36.6|85.7|89|141|153|203|229|1066|5,165|26|05:37:02|Garmin Edge 820|https://www.strava.com/activities/1558128409
5/7/2018|33.5|01:35:11|1082|0|222|1139|49|56%|0|0|21.1|58.7|77|108|119|159|199|645|1,270|24|01:35:11|Garmin Edge 820|https://www.strava.com/activities/1557168989
5/6/2018|233.6|05:13:00|1780|0|231|3172|177|58%|0|0|44.8|91.8|89|148|122|204|169|984|3,537|27|05:13:58|Garmin Edge 820|https://www.strava.com/activities/1553786592
5/5/2018|177.69|04:09:09|1001|0|245|2773|160|62%|0|0|42.8|74.9|90|141|130|200|185|1021|3,092|27|04:09:45|Garmin Edge 820|https://www.strava.com/activities/1551295390
5/4/2018|9.55|00:12:54|158|0|379|295|19|96%|0|0|44.5|88.2|104|135|198|208|381|871|329|30|00:12:54|Garmin Edge 820|https://www.strava.com/activities/1548935517
5/4/2018|0.02|00:00:00|0|0|227|0|11|57%|0|0|0|0.7|0|139|0|186|0|701|0|0|00:21:50|Garmin Edge 820|https://www.strava.com/activities/1548935420
5/4/2018|20.9|00:39:29|395|0|232|470|22|59%|0|0|31.8|79.2|86|117|131|181|198|664|524|25|00:39:29|Garmin Edge 820|https://www.strava.com/activities/1548935295
5/3/2018|54.29|01:46:14|1034|0|257|1370|75|65%|0|0|30.7|86.8|83|129|139|200|215|907|1,528|35|01:46:34|Garmin Edge 820|https://www.strava.com/activities/1547278250
5/2/2018|101.17|02:55:56|1176|0|0|0|0||277|2921|34.5|89.3|0|0|136|198|0|0|3,257|35|03:09:14|Garmin Edge 820|https://www.strava.com/activities/1544770431
5/1/2018|63.84|02:03:30|772|0|224|1491|67|57%|0|0|31|76.7|84|125|127|171|201|526|1,663|32|02:05:42|Garmin Edge 820|https://www.strava.com/activities/1542575709
6/30/2018|29.2|01:01:25|359|0|189|648|24|48%|0|0|28.5|61.6|88|118|0|0|176|372|647|20|01:06:05|Garmin Edge 820|https://www.strava.com/activities/1673409309
6/29/2018|116.78|03:54:22|1806|0|252|2947|166|64%|0|0|29.9|62.6|89|118|0|0|210|515|2,958|26|04:04:07|Garmin Edge 820|https://www.strava.com/activities/1669478243
6/28/2018|104.19|03:20:11|1340|0|231|2456|120|58%|0|0|31.2|61.2|90|118|0|0|205|596|2,464|24|03:37:41|Garmin Edge 820|https://www.strava.com/activities/1667374520
6/27/2018|70.16|02:19:11|1185|0|270|1952|109|68%|0|0|30.2|61.2|90|121|0|0|234|479|1,961|26|02:21:11|Garmin Edge 820|https://www.strava.com/activities/1665203714
6/26/2018|11.23|00:38:46|295|0|99|143|4|25%|0|0|17.4|40|73|103|0|0|62|339|145|24|01:11:06|Garmin Edge 820|https://www.strava.com/activities/1662836017
6/25/2018|91.43|03:00:06|1148|0|222|2005|96|56%|0|0|30.5|62.3|86|119|0|0|186|630|2,022|27|03:06:38|Garmin Edge 820|https://www.strava.com/activities/1660940384
6/24/2018|75.69|02:21:04|854|0|233|1809|85|59%|0|0|32.2|65.9|90|111|0|0|214|523|1,824|26|02:28:15|Garmin Edge 820|https://www.strava.com/activities/1658608204
6/23/2018|56.95|01:48:15|737|0|244|1360|72|62%|0|0|31.6|66.2|90|112|0|0|209|588|1,374|27|01:55:35|Garmin Edge 820|https://www.strava.com/activities/1657257905
6/23/2018|55.16|01:48:25|789|0|229|1323|62|58%|0|0|30.5|64.1|90|112|0|0|203|495|1,331|20|01:50:50|Garmin Edge 820|https://www.strava.com/activities/2088120339
6/22/2018|43.42|01:27:45|574|0|230|1041|50|58%|0|0|29.7|70.6|89|113|0|0|198|590|1,043|28|01:30:14|Garmin Edge 820|https://www.strava.com/activities/1656379017
6/22/2018|70.64|02:11:56|746|0|227|1657|74|57%|0|0|32.1|59|91|115|0|0|209|474|1,665|27|02:16:06|Garmin Edge 820|https://www.strava.com/activities/1654392492
6/21/2018|32.12|01:02:42|385|0|226|750|34|57%|0|0|30.7|63|89|112|0|0|199|632|753|22|01:03:44|Garmin Edge 820|https://www.strava.com/activities/1652301266
6/20/2018|44.14|01:25:46|364|0|202|971|38|51%|0|0|30.9|54|88|111|0|0|189|472|974|35|01:29:40|Garmin Edge 820|https://www.strava.com/activities/1652214298
6/20/2018|65.98|02:03:31|673|0|213|1486|61|54%|0|0|32.1|62.6|90|115|0|0|200|494|1,493|25|02:07:44|Garmin Edge 820|https://www.strava.com/activities/1650488028
6/19/2018|43.68|01:25:20|419|0|203|943|37|51%|0|0|30.7|57.6|88|115|0|0|184|436|948|32|01:26:06|Garmin Edge 820|https://www.strava.com/activities/1648526865
6/19/2018|44.93|01:34:17|568|0|200|1016|40|51%|0|0|28.6|59.8|88|119|0|0|180|479|1,025|24|01:34:17|Garmin Edge 820|https://www.strava.com/activities/1648273616
6/18/2018|62.69|02:00:06|1374|0|262|1713|87|66%|0|0|31.3|87.8|87|106|0|0|238|392|1,910||02:00:06|Zwift|https://www.strava.com/activities/1646530371
6/18/2018|34.97|01:00:08|277|0|229|785|33|58%|0|0|34.9|64.1|90|103|0|0|217|442|875||01:00:08|Zwift|https://www.strava.com/activities/1645893928
6/17/2018|61.6|02:00:06|1333|0|246|1623|78|62%|0|0|30.8|83.5|86|105|0|0|225|382|1,810||02:01:51|Zwift|https://www.strava.com/activities/1644697260
6/17/2018|35.41|01:00:23|251|0|223|780|31|56%|0|0|35.2|63|85|100|0|0|215|426|870||01:00:23|Zwift|https://www.strava.com/activities/1643468049
6/16/2018|45.12|01:30:48|1106|0|260|1352|65|66%|0|0|29.8|86.8|86|103|0|0|248|444|1,507||01:30:48|Zwift|https://www.strava.com/activities/1642282049
6/8/2018|0.16|00:02:20|0|0|191|26|23|48%|0|0|4.1|1.8|82|104|0|0|182|304|698|22|01:01:01|Garmin Edge 820|https://www.strava.com/activities/1624766566
6/8/2018|0.09|00:00:00|0|0|230|11|16|58%|0|0|6.6|1.1|86|113|0|0|221|424|400|17|00:30:00|Garmin Edge 820|https://www.strava.com/activities/1624537672
6/6/2018|0.12|00:02:30|0|0|211|31|28|53%|0|0|3|1.4|90|130|0|0|207|497|35|22|01:00:01|Garmin Edge 820|https://www.strava.com/activities/1621215075
6/5/2018|0.11|00:03:27|0|0|209|40|14|53%|0|0|2|3.2|84|103|0|0|195|339|45|22|00:30:02|Garmin Edge 820|https://www.strava.com/activities/1619066050
6/4/2018|0.17|00:06:25|0|0|200|79|19|51%|0|0|1.6|3.6|83|116|0|0|205|391|88|23|00:45:05|Garmin Edge 820|https://www.strava.com/activities/1616827643
7/28/2018|191.94|04:30:26|1386|0|283|4270|232|72%|0|0|42.6|72|94|175|0|0|263|1007|4,345|23|04:30:26|Garmin Edge 820|https://www.strava.com/activities/1733478053
7/27/2018|8.82|00:15:19|33|0|183|161|6|46%|0|0|34.6|48.6|89|113|0|0|175|402|179|38|00:21:47|Garmin Edge 820|https://www.strava.com/activities/1730885175
7/26/2018|43.19|01:34:02|653|0|194|973|38|49%|0|0|27.6|64.8|89|121|0|0|172|472|1,085|21|01:36:40|Garmin Edge 820|https://www.strava.com/activities/1729232546
7/23/2018|28.23|01:00:24|471|0|216|661|31|55%|0|0|28.1|60.8|87|117|0|0|182|414|737|23|01:02:52|Garmin Edge 820|https://www.strava.com/activities/1724648737
7/22/2018|118.36|03:49:31|1797|0|232|2782|135|59%|0|0|30.9|67|88|156|0|0|202|796|3,102|20|04:02:46|Garmin Edge 820|https://www.strava.com/activities/1720808296
7/21/2018|84.5|03:13:46|2082|0|257|2407|137|65%|0|0|26.2|66.6|80|116|0|0|207|618|2,684|22|03:15:27|Garmin Edge 820|https://www.strava.com/activities/1716928656
7/20/2018|29.04|01:05:06|383|0|168|587|20|43%|0|0|26.8|66.2|87|113|0|0|150|522|654|27|01:07:53|Garmin Edge 820|https://www.strava.com/activities/1714809704
7/19/2018|139.93|04:56:32|3229|0|273|3740|240|69%|0|0|28.3|62.3|87|113|0|0|210|489|4,170|27|05:05:25|Garmin Edge 820|https://www.strava.com/activities/1712900724
7/18/2018|117.73|04:00:28|2009|0|233|2843|144|59%|0|0|29.4|68.4|88|115|0|0|197|633|3,169|24|04:10:37|Garmin Edge 820|https://www.strava.com/activities/1710407259
7/17/2018|114.71|03:42:08|1914|0|268|2806|172|68%|0|0|31|63|90|116|0|0|211|939|3,129|28|03:44:03|Garmin Edge 820|https://www.strava.com/activities/1708211582
7/16/2018|26.21|00:54:10|248|0|177|532|18|45%|0|0|29|58|89|116|0|0|164|464|534|21|00:55:06|Garmin Edge 820|https://www.strava.com/activities/1705895246
7/15/2018|144.5|04:40:05|2005|0|231|3313|164|58%|0|0|31|69.8|87|112|0|0|197|793|3,330|24|04:55:29|Garmin Edge 820|https://www.strava.com/activities/1703900312
7/14/2018|110.49|03:35:14|1738|0|259|2671|160|66%|0|0|30.8|64.1|88|114|0|0|207|689|2,677|32|03:45:17|Garmin Edge 820|https://www.strava.com/activities/1701627336
7/13/2018|52.73|01:54:26|766|0|224|1171|67|57%|0|0|27.7|71.6|84|121|0|0|171|524|1,181|21|02:10:47|Garmin Edge 820|https://www.strava.com/activities/1699361221
7/12/2018|130.54|04:22:03|2789|0|274|3514|222|69%|0|0|29.9|75.6|86|119|0|0|223|769|3,517|19|04:42:27|Garmin Edge 820|https://www.strava.com/activities/1697506710
7/11/2018|70.11|02:37:32|1448|0|243|1843|108|62%|0|0|26.7|67|86|133|0|0|195|655|1,833|22|02:56:26|Garmin Edge 820|https://www.strava.com/activities/1695272141
7/9/2018|26.64|00:55:40|86|0|155|503|16|39%|0|0|28.7|46.4|89|108|0|0|151|479|525|23|01:03:44|Garmin Edge 820|https://www.strava.com/activities/1690689468
7/8/2018|150.85|05:07:01|3173|0|270|3998|252|68%|0|0|29.5|76.7|87|127|0|0|217|748|3,998|26|05:40:47|Garmin Edge 820|https://www.strava.com/activities/1689385627
7/7/2018|75.48|02:47:39|1481|0|234|1939|108|59%|0|0|27|69.5|84|115|0|0|193|672|1,955|24|03:20:55|Garmin Edge 820|https://www.strava.com/activities/1689492828
7/6/2018|84.28|02:52:37|1707|0|268|2283|139|68%|0|0|29.3|66.6|89|117|0|0|220|480|2,303|23|03:07:06|Garmin Edge 820|https://www.strava.com/activities/1684337533
7/5/2018|17.43|00:42:56|77|0|144|350|11|36%|0|0|24.4|50.8|84|109|0|0|136|418|352|25|21:04:20|Garmin Edge 820|https://www.strava.com/activities/1684003805
7/4/2018|156.65|05:22:19|2573|0|229|3730|189|58%|0|0|29.2|70.2|88|120|0|0|193|710|4,159|28|05:55:52|Garmin Edge 820|https://www.strava.com/activities/1680896958
7/3/2018|122.06|03:57:09|1670|0|225|2802|131|57%|0|0|30.9|59.8|88|110|0|0|197|516|2,814|29|04:19:13|Garmin Edge 820|https://www.strava.com/activities/1677902503
7/2/2018|126.81|03:58:19|1865|0|247|3000|162|63%|0|0|31.9|67|90|121|0|0|210|527|3,011|27|04:08:05|Garmin Edge 820|https://www.strava.com/activities/1675884623
7/31/2018|157.75|03:49:37|2035|0|274|2993|183|69%|0|0|41.2|80.3|92|148|0|0|217|973|3,337|29|03:50:08|Garmin Edge 820|https://www.strava.com/activities/1740177403
7/30/2018|168.26|04:01:40|2275|0|292|3389|221|74%|0|0|41.8|92.9|93|150|0|0|234|1008|3,779|30|04:02:32|Garmin Edge 820|https://www.strava.com/activities/1737936748
7/29/2018|166.71|04:21:22|1931|0|207|1300|77|52%|0|0|38.3|73.8|88|148|0|0|83|888|1,449|28|04:22:04|Garmin Edge 820|https://www.strava.com/activities/1735910002
7/27/2018|44.32|01:22:52|378|0|202|861|37|51%|0|0|32.1|55.4|86|156|0|0|173|563|960|38|01:25:33|Garmin Edge 820|https://www.strava.com/activities/1731025432
7/24/2018|127.65|04:15:13|2104|0|241|2886|165|61%|0|0|30|64.4|85|127|0|0|188|935|3,218|29|05:24:05|Garmin Edge 820|https://www.strava.com/activities/1724453397
7/1/2018|91.76|03:00:58|1124|0|223|2225|100|56%|0|0|30.4|65.2|85|108|0|0|205|453|2,227|31|03:20:12|Garmin Edge 820|https://www.strava.com/activities/1674530057
8/30/2018|143.22|04:56:33|2864|0|267|3594|230|68%|0|0|29|76.7|89|140|0|0|202|973|4,007|21|05:01:29|Garmin Edge 820|https://www.strava.com/activities/1807342212
8/29/2018|115.53|03:55:54|2076|0|261|2833|175|66%|0|0|29.4|66.6|88|125|0|0|200|552|3,159|27|04:01:46|Garmin Edge 820|https://www.strava.com/activities/1805052723
8/28/2018|58.48|01:59:38|713|0|194|1250|49|49%|0|0|29.3|62.3|88|128|0|0|174|474|1,394|30|02:06:07|Garmin Edge 820|https://www.strava.com/activities/1802759505
8/24/2018|29.32|01:04:27|402|0|178|622|22|45%|0|0|27.3|60.1|86|114|0|0|161|563|694|28|01:05:33|Garmin Edge 820|https://www.strava.com/activities/1793950328
8/23/2018|136.43|04:48:44|2978|0|266|3537|221|67%|0|0|28.4|74.5|85|113|0|0|204|604|3,944|24|04:54:04|Garmin Edge 820|https://www.strava.com/activities/1791750446
8/22/2018|113.16|03:40:31|1884|0|258|2663|158|65%|0|0|30.8|87.8|88|133|0|0|201|929|2,969|28|03:44:31|Garmin Edge 820|https://www.strava.com/activities/1789493656
8/21/2018|79.26|02:56:13|909|0|201|1773|78|51%|0|0|27|68.8|79|110|0|0|168|719|1,795|22|03:01:07|Garmin Edge 820|https://www.strava.com/activities/1786970491
8/20/2018|28.97|01:00:55|352|0|184|630|22|47%|0|0|28.5|61.6|85|108|0|0|172|459|631|24|01:02:58|Garmin Edge 820|https://www.strava.com/activities/1784713741
8/18/2018|46.68|01:34:16|52|0|164|889|27|42%|0|0|29.7|37.1|84|113|0|0|157|659|896|24|01:35:05|Garmin Edge 820|https://www.strava.com/activities/1780901315
8/17/2018|113.83|03:38:38|1749|0|260|2816|161|66%|0|0|31.2|67.7|89|118|0|0|215|974|3,139|25|03:42:48|Garmin Edge 820|https://www.strava.com/activities/1778059676
8/16/2018|113.13|03:59:42|1688|0|234|2786|142|59%|0|0|28.3|67.3|84|120|0|0|194|899|3,106|22|04:04:46|Garmin Edge 820|https://www.strava.com/activities/1775862360
8/15/2018|46.54|01:50:19|752|0|187|1091|42|47%|0|0|25.3|72|83|109|0|0|165|469|1,098|32|01:54:27|Garmin Edge 820|https://www.strava.com/activities/1773929753
8/14/2018|108.96|03:30:01|1728|0|255|2611|156|65%|0|0|31.1|73.4|88|119|0|0|207|746|2,911|24|03:45:35|Garmin Edge 820|https://www.strava.com/activities/1771167765
8/13/2018|99.6|03:27:38|1987|0|245|2596|136|62%|0|0|28.8|74.2|87|114|0|0|208|775|2,895|23|03:33:45|Garmin Edge 820|https://www.strava.com/activities/1768939333
8/12/2018|37.97|01:21:53|566|0|198|872|34|50%|0|0|27.8|67|89|129|0|0|178|424|972|29|01:22:28|Garmin Edge 820|https://www.strava.com/activities/1766679878
8/2/2018|76.59|02:46:50|1195|0|230|1718|103|58%|0|0|27.5|67.3|83|123|0|0|172|716|1,915|32|03:52:19|Garmin Edge 820|https://www.strava.com/activities/1744765708
8/26/2018|226.98|05:55:22|2207|0|250|4256|236|63%|0|0|38.3|75.2|90|198|0|0|200|1174|4,747|16|05:56:28|Garmin Edge 820|https://www.strava.com/activities/1801019713
8/25/2018|51.75|01:37:58|502|0|213|1004|49|54%|0|0|31.7|58|83|110|0|0|171|981|1,119|19|01:41:24|Garmin Edge 820|https://www.strava.com/activities/1796358580
8/19/2018|216.89|04:50:30|1198|0|267|3709|222|68%|0|0|44.8|70.9|91|136|0|0|213|1074|3,898|22|04:51:02|Garmin Edge 820|https://www.strava.com/activities/1783126915
8/10/2018|136.66|03:41:24|2480|0|316|3512|236|80%|0|0|37|90.4|90|146|0|0|264|1010|3,916|21|03:41:24|Garmin Edge 820|https://www.strava.com/activities/1763032764
8/9/2018|133.66|03:27:14|2707|0|317|3212|221|80%|0|0|38.7|96.8|89|146|0|0|258|986|3,581|23|03:27:14|Garmin Edge 820|https://www.strava.com/activities/1760988014
8/8/2018|153.61|03:45:47|2189|0|284|3048|195|72%|0|0|40.8|88.6|91|148|0|0|225|1066|3,399|27|03:46:36|Garmin Edge 820|https://www.strava.com/activities/1758455749
8/7/2018|183.7|04:38:04|2263|0|265|3432|208|67%|0|0|39.6|90|89|143|0|0|206|916|3,827|29|04:38:39|Garmin Edge 820|https://www.strava.com/activities/1756278539
8/6/2018|148.11|03:32:33|962|0|226|2318|115|57%|0|0|41.8|76.7|88|134|0|0|182|955|2,584|25|03:33:03|Garmin Edge 820|https://www.strava.com/activities/1754215328
8/5/2018|146.71|03:22:36|810|0|243|2436|129|62%|0|0|43.4|78.1|92|138|0|0|200|1006|2,578|26|03:23:12|Garmin Edge 820|https://www.strava.com/activities/1752347891
8/4/2018|143.79|03:19:08|1377|0|259|2593|144|66%|0|0|43.3|81.7|93|135|0|0|217|991|2,892|29|03:19:43|Garmin Edge 820|https://www.strava.com/activities/1749672347
8/3/2018|48.73|01:38:21|795|0|231|1031|56|58%|0|0|29.7|65.2|82|107|0|0|175|729|1,150|30|01:39:45|Garmin Edge 820|https://www.strava.com/activities/1746616385
9/30/2018|164.65|05:53:18|2394|0|217|3907|182|55%|0|0|28|65.9|79|147|115|168|184|679|3,942|17|06:29:40|Garmin Edge 820|https://www.strava.com/activities/1875215801
9/29/2018|50.87|01:37:13|343|0|196|1012|40|50%|0|0|31.4|59.8|85|112|0|0|173|422|1,020|23|01:39:02|Garmin Edge 820|https://www.strava.com/activities/1873118886
9/28/2018|131.51|04:18:55|1908|0|251|3207|182|64%|0|0|30.5|65.9|88|114|0|0|206|646|3,227|24|04:38:14|Garmin Edge 820|https://www.strava.com/activities/1870893163
9/26/2018|47.76|01:50:52|1480|0|266|1400|86|67%|0|0|25.8|72.4|84|111|0|0|210|707|1,416|14|02:25:27|Garmin Edge 820|https://www.strava.com/activities/1868464824
9/22/2018|198.31|05:10:07|2656|0|290|4456|280|73%|0|0|38.4|79.6|92|158|0|0|239|1037|4,623|28|05:15:44|Garmin Edge 820|https://www.strava.com/activities/1858391079
9/21/2018|59.02|02:19:58|1090|0|209|1405|68|53%|0|0|25.3|60.8|78|132|0|0|167|536|1,412|24|02:44:09|Garmin Edge 820|https://www.strava.com/activities/1855954225
9/20/2018|194.69|04:49:01|2102|0|258|3551|207|65%|0|0|40.4|101.2|89|135|0|0|205|959|3,687|31|04:54:01|Garmin Edge 820|https://www.strava.com/activities/1854386328
9/19/2018|207.82|05:30:39|2390|0|261|3991|242|66%|0|0|37.7|83.9|90|144|0|0|201|1024|4,165|28|05:36:39|Garmin Edge 820|https://www.strava.com/activities/1852226028
9/18/2018|34.67|01:29:08|895|0|231|982|51|58%|0|0|23.3|62.6|79|108|0|0|184|811|984|27|01:31:01|Garmin Edge 820|https://www.strava.com/activities/1849890708
9/17/2018|82.32|02:55:24|1740|0|269|2231|138|68%|0|0|28.2|68.8|87|116|128|196|212|630|2,237|22|02:59:55|Garmin Edge 820|https://www.strava.com/activities/1847376928
9/16/2018|29|01:03:16|353|0|176|611|21|45%|0|0|27.5|63|85|109|107|137|161|415|615|29|01:05:07|Garmin Edge 820|https://www.strava.com/activities/1845804594
9/15/2018|165.72|05:37:47|2933|0|268|4252|264|68%|0|0|29.4|69.5|89|123|132|207|210|579|4,275|21|05:43:21|Garmin Edge 820|https://www.strava.com/activities/1842837668
9/14/2018|130.46|04:03:30|1804|0|265|3128|183|67%|0|0|32.1|74.9|89|146|138|203|214|705|3,148|24|04:05:28|Garmin Edge 820|https://www.strava.com/activities/1840772547
9/12/2018|86.52|02:59:31|1411|0|222|2037|95|56%|0|0|28.9|69.8|89|113|0|0|189|544|2,271|17|03:02:16|Garmin Edge 820|https://www.strava.com/activities/1836090890
9/11/2018|52.6|01:52:45|707|0|188|1181|47|48%|0|0|28|61.6|89|114|0|0|175|497|1,317|26|02:17:25|Garmin Edge 820|https://www.strava.com/activities/1834016174
9/5/2018|100.81|02:58:52|619|0|246|2015|118|62%|0|0|33.8|79.2|86|119|0|0|188|969|3,916|19|03:04:44|Garmin Edge 510|https://www.strava.com/activities/1828678349
9/2/2018|102.99|04:02:16|3344|0|0|0|0||213|3093|25.5|76.7|0|0|0|0|0|0|4,709|20|04:37:55|Garmin Edge 820|https://www.strava.com/activities/1814131595
9/1/2018|43.72|01:58:31|1193|0|0|0|0||148|1054|22.1|64.8|0|0|0|0|0|0|1,850|24|02:38:26|Garmin Edge 820|https://www.strava.com/activities/1811956656
9/25/2018|52.63|02:08:55|655|0|161|1007|36|41%|0|0|24.5|58.3|77|106|0|0|130|731|1,025|20|02:12:39|Garmin Edge 820|https://www.strava.com/activities/1864375540
9/23/2018|193.92|04:48:01|2556|0|295|4032|271|75%|0|0|40.4|79.9|92|136|0|0|233|1001|4,114|27|04:53:08|Garmin Edge 820|https://www.strava.com/activities/1860758128
9/13/2018|98.08|03:15:48|1131|0|216|2046|101|55%|0|0|30.1|67.3|83|129|0|0|174|756|2,062|28|04:00:44|Garmin Edge 820|https://www.strava.com/activities/1838762475
9/9/2018|197.47|05:18:28|4123|0|304|4636|315|77%|0|0|37.2|86.4|94|175|0|0|243|1065|8,321|15|05:19:36|Garmin Edge 510|https://www.strava.com/activities/1831136705
10/30/2018|81.87|02:52:34|1062|0|228|2006|105|58%|0|0|28.5|81|84|124|0|0|194|955|2,009|22|03:12:06|Garmin Edge 820|https://www.strava.com/activities/1935095623
10/28/2018|23.58|00:47:46|209|0|179|274|11|45%|0|0|29.6|50|88|105|0|0|96|586|685|19|00:59:03|Garmin Edge 820|https://www.strava.com/activities/1933318966
10/13/2018|164.54|03:55:41|1590|0|280|3162|198|71%|0|0|41.9|84.2|93|155|151|204|224|1058|3,275|20|03:57:05|Garmin Edge 820|https://www.strava.com/activities/1920020464
10/11/2018|36.28|01:28:52|807|0|228|1013|50|58%|0|0|24.5|71.6|79|108|0|0|190|679|1,015|11|01:30:03|Garmin Edge 820|https://www.strava.com/activities/1897759341
10/10/2018|32.24|01:32:50|751|0|205|850|45|52%|0|0|20.8|64.8|72|99|0|0|153|556|855|17|02:03:39|Garmin Edge 820|https://www.strava.com/activities/1896064793
10/9/2018|149.95|03:46:52|1944|0|282|3048|193|71%|0|0|39.7|81|93|128|151|208|224|988|3,162|21|03:48:51|Garmin Edge 820|https://www.strava.com/activities/1896064788
10/8/2018|47.8|01:40:12|667|0|205|1025|46|52%|0|0|28.6|66.2|81|107|0|0|171|565|1,032|19|02:04:45|Garmin Edge 820|https://www.strava.com/activities/1891818382
10/5/2018|34.09|01:02:38|69|0|201|650|28|51%|0|0|32.7|45.4|85|106|108|149|173|785|659|21|01:22:35|Garmin Edge 820|https://www.strava.com/activities/1887872964
10/3/2018|25.86|01:00:45|233|0|163|531|19|41%|0|0|25.5|61.6|82|111|95|134|146|454|544|24|01:26:19|Garmin Edge 820|https://www.strava.com/activities/1881269483
10/2/2018|88.99|03:19:31|1697|0|271|2427|167|69%|0|0|26.8|72|84|179|125|193|203|772|2,427|17|03:58:18|Garmin Edge 820|https://www.strava.com/activities/1879221919
10/1/2018|69.27|02:28:19|1580|0|293|1912|138|74%|0|0|28|70.9|86|113|128|199|215|719|1,918|17|02:31:38|Garmin Edge 820|https://www.strava.com/activities/1877202519
10/29/2018|41.44|01:25:45|254|0|0|0|0||149|767|29|54.7|0|0|0|0|0|0|1,434|20|02:39:45|Garmin Edge 820|https://www.strava.com/activities/1933412628
10/6/2018|195.82|04:59:56|2362|0|278|3820|248|70%|0|0|39.2|74.9|90|136|140|203|212|994|4,005|14|06:12:12|Garmin Edge 820|https://www.strava.com/activities/1887875536
10/4/2018|106.9|03:27:04|1446|0|272|2462|177|69%|0|0|31|69.8|84|146|125|204|198|946|2,463|22|04:10:51|Garmin Edge 820|https://www.strava.com/activities/1883649895
11/30/2018|89.29|03:01:51|1260|0|252|2442|128|64%|0|0|29.5|80.3|84|122|131|175|224|1048|2,441|22|03:09:18|Garmin Edge 820|https://www.strava.com/activities/1992127320
11/29/2018|123.91|04:00:37|1725|0|262|3263|184|66%|0|0|30.9|85|91|123|136|185|226|827|3,277|22|04:12:24|Garmin Edge 820|https://www.strava.com/activities/1990454448
11/28/2018|50.18|01:47:56|422|0|171|1002|36|43%|0|0|27.9|47.5|86|129|97|129|155|528|1,000|23|04:15:57|Garmin Edge 820|https://www.strava.com/activities/1988964116
11/27/2018|125.16|03:58:56|1314|0|231|3079|140|58%|0|0|31.4|68.4|91|139|130|174|215|752|3,100|24|04:23:08|Garmin Edge 820|https://www.strava.com/activities/1987065381
11/26/2018|111|03:34:51|1386|0|253|2978|152|64%|0|0|31|84.6|90|130|136|193|231|783|2,990|23|03:42:51|Garmin Edge 820|https://www.strava.com/activities/1985595523
11/25/2018|46.47|01:49:46|1088|0|273|1414|93|69%|0|0|25.4|61.9|86|125|132|180|215|551|1,412|14|01:57:06|Garmin Edge 820|https://www.strava.com/activities/1982886487
11/24/2018|106.95|03:09:03|1056|0|266|2467|158|67%|0|0|33.9|79.9|87|135|139|201|217|866|2,476|17|03:39:11|Garmin Edge 820|https://www.strava.com/activities/1981353260
11/22/2018|46.92|01:47:55|519|0|190|1070|46|48%|0|0|26.1|73.8|81|110|112|163|165|700|1,076|17|02:00:58|Garmin Edge 820|https://www.strava.com/activities/1978156711
11/21/2018|103.03|03:27:19|1465|0|255|2788|151|65%|0|0|29.8|86.4|89|123|135|184|224|904|2,795|17|03:36:03|Garmin Edge 820|https://www.strava.com/activities/1976416116
11/20/2018|120.17|03:59:11|1585|0|245|3222|161|62%|0|0|30.1|75.6|89|125|134|185|225|887|3,225|21|04:11:11|Garmin Edge 820|https://www.strava.com/activities/1974741630
11/19/2018|32.24|01:11:39|377|0|199|810|30|50%|0|0|27|58|89|110|108|147|188|659|814|19|01:13:26|Garmin Edge 820|https://www.strava.com/activities/1973325533
11/18/2018|72.85|02:33:40|1562|0|271|2085|126|69%|0|0|28.4|77.8|87|122|0|0|226|773|2,082|20|03:07:11|Garmin Edge 820|https://www.strava.com/activities/1971044312
11/17/2018|87.19|02:47:56|1419|0|259|2221|126|66%|0|0|31.2|75.2|89|120|0|0|220|789|2,222|17|02:58:11|Garmin Edge 820|https://www.strava.com/activities/1969187709
11/17/2018|25.07|00:50:11|289|0|224|655|29|57%|0|0|30|66.2|89|113|0|0|218|563|657|19|00:54:47|Garmin Edge 820|https://www.strava.com/activities/1969187205
11/16/2018|2.36|00:06:27|53|0|248|96|4|63%|0|0|21.9|35.3|80|104|0|0|247|692|96|25|00:06:27|Garmin Edge 820|https://www.strava.com/activities/2120168443
11/16/2018|31.64|01:04:13|374|0|189|633|26|48%|0|0|29.6|71.6|89|124|0|0|164|670|739|24|01:09:35|Garmin Edge 820|https://www.strava.com/activities/1969187170
11/15/2018|38.41|01:20:08|354|0|189|792|34|48%|0|0|28.8|63.4|84|110|0|0|165|738|793|17|01:57:17|Garmin Edge 820|https://www.strava.com/activities/1973324440
11/10/2018|121.74|04:02:02|1839|0|245|3107|165|62%|0|0|30.2|81.7|90|122|0|0|214|878|3,464|25|04:22:23|Garmin Edge 820|https://www.strava.com/activities/1955715889
11/9/2018|29.6|01:00:03|232|0|183|624|22|46%|0|0|29.6|59|88|108|0|0|173|635|624|25|01:28:55|Garmin Edge 820|https://www.strava.com/activities/1954143247
11/8/2018|117.62|03:31:58|862|0|230|2729|121|58%|0|0|33.3|67.3|89|130|0|0|215|971|2,725|25|03:35:16|Garmin Edge 820|https://www.strava.com/activities/1952419328
11/7/2018|90.52|03:05:56|1102|0|236|2292|119|60%|0|0|29.2|88.2|85|143|0|0|205|979|2,298|15|03:25:51|Garmin Edge 820|https://www.strava.com/activities/1950533637
11/6/2018|124.89|04:06:46|1665|0|230|3062|141|58%|0|0|30.4|78.8|89|116|0|0|207|880|3,067|16|04:11:09|Garmin Edge 820|https://www.strava.com/activities/1948666378
11/4/2018|107.73|03:37:42|1365|0|222|2603|117|56%|0|0|29.7|80.6|89|121|0|0|199|760|2,624|20|03:44:28|Garmin Edge 820|https://www.strava.com/activities/1944514043
11/3/2018|92.75|03:05:35|1128|0|225|2254|104|57%|0|0|30|87.5|90|123|0|0|202|759|2,270|28|03:12:57|Garmin Edge 820|https://www.strava.com/activities/1942393099
11/2/2018|97.59|03:11:10|1101|0|220|2340|103|56%|0|0|30.6|81|90|127|0|0|204|813|2,357|19|03:18:38|Garmin Edge 820|https://www.strava.com/activities/1940613045
11/1/2018|22.28|00:46:11|355|0|238|589|28|60%|0|0|28.9|56.2|89|112|0|0|213|587|602|22|00:46:30|Garmin Edge 820|https://www.strava.com/activities/1938868291
11/14/2018|133.39|04:33:57|2004|0|247|3262|188|63%|0|0|29.2|81|83|131|0|0|198|817|3,265|23|05:00:33|Garmin Edge 820|https://www.strava.com/activities/1963952509
11/13/2018|118.76|04:02:02|1790|0|261|3099|185|66%|0|0|29.4|79.9|87|120|0|0|213|943|3,116|19|04:24:47|Garmin Edge 820|https://www.strava.com/activities/1962397751
11/11/2018|43.41|01:31:55|339|0|214|943|47|54%|0|0|28.3|53.6|84|112|0|0|171|880|950|22|01:37:12|Garmin Edge 820|https://www.strava.com/activities/1957759405
12/31/2018|3.31|00:08:02|81|0|230|99|4|58%|0|0|24.7|49.7|83|111|132|159|206|521|100|28|00:08:02|Garmin Edge 820|https://www.strava.com/activities/2045660521
12/31/2018|89.14|03:00:29|1218|0|256|2417|132|65%|0|0|29.6|79.6|88|113|129|184|223|604|2,424|30|03:09:58|Garmin Edge 820|https://www.strava.com/activities/2045660582
12/30/2018|97.03|02:57:58|800|0|265|2429|138|67%|0|0|32.7|64.4|89|115|129|190|227|842|2,431|24|03:05:21|Garmin Edge 820|https://www.strava.com/activities/2043347556
12/28/2018|178.15|06:02:29|3052|0|266|5098|280|67%|0|0|29.5|78.5|88|117|132|195|234|992|5,107|22|06:13:25|Garmin Edge 820|https://www.strava.com/activities/2039504515
12/27/2018|96.13|02:50:07|830|0|263|2387|131|67%|0|0|33.9|65.2|90|117|136|188|234|672|2,392|22|02:56:14|Garmin Edge 820|https://www.strava.com/activities/2037538831
12/26/2018|116.4|04:02:22|1868|0|262|3262|183|66%|0|0|28.8|85.3|89|121|132|194|224|908|3,274|25|04:11:09|Garmin Edge 820|https://www.strava.com/activities/2035588917
12/24/2018|119.21|04:01:41|1810|0|270|3305|193|68%|0|0|29.6|82.1|89|120|128|192|228|830|3,323|27|04:10:14|Garmin Edge 820|https://www.strava.com/activities/2032552928
12/22/2018|40.58|01:26:57|228|0|156|763|23|39%|0|0|28|55.4|85|110|96|128|146|685|768|29|01:51:31|Garmin Edge 820|https://www.strava.com/activities/2028807913
12/21/2018|91.3|03:03:43|1260|0|262|2373|140|66%|0|0|29.8|86.8|85|132|129|196|215|755|2,371|26|03:11:59|Garmin Edge 820|https://www.strava.com/activities/2027540551
12/20/2018|160.95|05:31:20|2630|0|253|4360|233|64%|0|0|29.1|87.8|88|126|137|192|219|1194|4,378|28|05:42:28|Garmin Edge 820|https://www.strava.com/activities/2026082205
12/19/2018|103.69|03:08:34|1003|0|256|2767|137|65%|0|0|33|67|91|121|131|173|245|552|2,772|20|03:28:55|Garmin Edge 820|https://www.strava.com/activities/2024420812
12/18/2018|38.57|01:23:17|384|0|177|863|30|45%|0|0|27.8|64.8|91|111|97|135|173|415|867|20|02:08:06|Garmin Edge 820|https://www.strava.com/activities/2022901948
12/17/2018|131.2|04:06:35|1597|0|242|3453|158|61%|0|0|31.9|64.8|90|113|124|165|233|687|3,454|15|04:36:06|Garmin Edge 820|https://www.strava.com/activities/2021116082
12/16/2018|14.75|00:29:26|104|0|193|322|11|49%|0|0|30.1|46.8|85|110|134|162|182|490|322|27|00:29:26|Garmin Edge 820|https://www.strava.com/activities/2019296863
12/16/2018|38.97|00:50:30|316|0|382|1157|78|97%|0|0|46.3|73.8|99|121|191|203|382|780|1,159|21|00:50:30|Garmin Edge 820|https://www.strava.com/activities/2019296838
12/16/2018|0.01|00:00:00|0|0|270|0|13|68%|0|0|0|0.4|0|105|0|180|0|500|239|0|00:17:29|Garmin Edge 820|https://www.strava.com/activities/2019296795
12/15/2018|88.58|03:00:54|1285|0|251|2403|123|64%|0|0|29.4|65.5|90|116|121|187|221|751|2,424|22|03:02:43|Garmin Edge 820|https://www.strava.com/activities/2017500836
12/14/2018|45.9|01:34:28|336|0|177|962|31|45%|0|0|29.2|57.6|90|108|106|140|170|694|968|36|01:35:09|Garmin Edge 820|https://www.strava.com/activities/2016194639
12/13/2018|180.66|05:57:55|2627|0|244|4671|239|62%|0|0|30.3|86.8|88|125|138|192|218|1137|4,672|29|06:24:22|Garmin Edge 820|https://www.strava.com/activities/2014683160
12/11/2018|86.47|03:00:38|1273|0|256|2345|127|65%|0|0|28.7|64.4|89|113|120|192|216|771|2,355|19|03:01:48|Garmin Edge 820|https://www.strava.com/activities/2011065687
12/10/2018|37.55|01:20:11|216|0|168|792|26|43%|0|0|28.1|55.1|89|108|98|129|165|486|798|27|01:43:12|Garmin Edge 820|https://www.strava.com/activities/2009499271
12/9/2018|173.19|05:54:08|2689|0|244|4640|233|62%|0|0|29.3|82.1|87|118|137|195|218|1112|4,650|29|06:05:34|Garmin Edge 820|https://www.strava.com/activities/2007575310
12/8/2018|94.85|02:51:41|738|0|251|2309|120|64%|0|0|33.1|69.1|92|122|125|192|224|755|2,310|23|02:57:48|Garmin Edge 820|https://www.strava.com/activities/2005715808
12/7/2018|124.99|04:00:43|1713|0|268|3304|190|68%|0|0|31.2|80.6|90|130|0|0|229|807|3,298|21|04:07:19|Garmin Edge 820|https://www.strava.com/activities/2004253997
12/6/2018|42.91|01:45:13|325|0|145|833|25|37%|0|0|24.5|47.9|80|123|85|121|132|552|837|18|02:54:30|Garmin Edge 820|https://www.strava.com/activities/2002574006
12/4/2018|92.22|03:01:49|1292|0|246|2374|122|62%|0|0|30.4|81.7|84|117|121|167|218|807|2,383|19|03:10:49|Garmin Edge 820|https://www.strava.com/activities/1999063855
12/3/2018|127.82|03:58:40|1234|0|246|3171|159|62%|0|0|32.1|70.6|89|117|0|0|221|795|3,185|32|04:14:37|Garmin Edge 820|https://www.strava.com/activities/1997479973
12/2/2018|43.91|01:32:49|353|0|179|944|32|45%|0|0|28.4|62.3|88|107|100|139|170|681|951|24|01:34:28|Garmin Edge 820|https://www.strava.com/activities/1995375966
12/1/2018|184.68|06:02:53|2710|0|248|4821|246|63%|0|0|30.5|79.2|89|125|132|182|221|822|4,816|18|06:14:07|Garmin Edge 820|https://www.strava.com/activities/1993674035
12/12/2018|91.87|03:01:43|1216|0|251|2375|128|64%|0|0|30.3|78.8|82|117|129|180|218|888|2,375|22|03:10:12|Garmin Edge 820|https://www.strava.com/activities/2012899228
12/5/2018|146.84|05:05:18|2478|0|251|4064|218|64%|0|0|28.9|79.6|87|116|134|192|222|705|4,077|24|05:26:10|Garmin Edge 820|https://www.strava.com/activities/2000945511
loaded urls in 6.09:23:38.0650836
