date|distance|mov_time|elevation|relativeEffort|avg_power_weig|work_total|training_load|intensity|estAvgPower|energyOutput|avg_speed|max_speed|avg_cadence|max_cadence|avg_heartRate|max_heartRate|avg_power|max_power|avg_calories|avg_temperature|avg_elap_time|bicycle_model|url
1/23/2018|180.39|05:33:56|414|0|0|0|0||0|0|32.4|52.9|0|0|0|0|0|0|4,175|6|05:58:32|Garmin Edge 810|https://www.strava.com/activities/1371366300
1/18/2018|112.27|03:43:57|2042|0|0|0|0||0|0|30.1|73.4|79|175|0|0|0|0|3,124|9|03:59:30|Garmin Edge 810|https://www.strava.com/activities/1370801206
2/21/2018|146.13|04:32:58|1577|0|0|0|0||0|0|32.1|73.1|90|177|0|0|0|0||2|04:52:36|Garmin Edge 1030|https://www.strava.com/activities/1420010160
2/9/2018|193.67|06:31:03|3287|0|0|0|0||0|0|29.7|74.9|88|202|0|0|0|0|6,320|9|07:23:11|Garmin Edge 810|https://www.strava.com/activities/1399341529
2/2/2018|204.26|06:46:36|735|0|0|0|0||0|0|30.1|55.1|90|192|0|0|0|0|5,862|2|07:20:28|Garmin Edge 1000|https://www.strava.com/activities/1389941362
3/20/2018|133.9|04:01:10|673|0|0|0|0||0|0|33.3|57.6|94|152|0|0|0|0||6|04:50:47|Garmin Edge 1030|https://www.strava.com/activities/1462453048
3/7/2018|18.09|00:26:22|406|0|0|0|0||0|0|41.2|82.4|90|124|0|0|0|0||6|00:26:55|Garmin Edge 1030|https://www.strava.com/activities/1441192910
3/25/2018|254.31|06:06:10|1835|0|0|0|0||0|0|41.7|87.5|84|191|0|0|0|0||10|06:09:01|Garmin Edge 1030|https://www.strava.com/activities/1474876083
3/17/2018|299.99|07:35:46|1941|0|0|0|0||0|0|39.5|75.6|83|176|0|0|0|0||8|07:41:18|Garmin Edge 1030|https://www.strava.com/activities/1459584622
4/30/2018|143.93|05:01:09|3304|0|0|0|0||0|0|28.7|72|83|202|0|0|0|0|5,422|7|05:52:56|Garmin Edge 1030|https://www.strava.com/activities/1541165552
4/29/2018|156.37|05:00:55|2615|0|0|0|0||0|0|31.2|71.6|94|175|0|0|0|0|5,234|14|05:10:44|Garmin Edge 1030|https://www.strava.com/activities/1539066021
4/28/2018|139.14|04:32:05|2527|0|0|0|0||0|0|30.7|68.8|88|167|0|0|0|0|4,790|12|05:08:32|Garmin Edge 1030|https://www.strava.com/activities/1536622702
4/25/2018|174.51|05:33:10|481|0|0|0|0||0|0|31.4|50|95|169|0|0|0|0|5,058|10|05:53:57|Garmin Edge 1030|https://www.strava.com/activities/1531128601
4/24/2018|133.46|04:00:36|363|0|0|0|0||0|0|33.3|46.1|96|165|0|0|0|0|3,576|9|04:13:32|Garmin Edge 1030|https://www.strava.com/activities/1528996611
4/4/2018|164.75|04:59:42|468|0|0|0|0||0|0|33|50.8|92|123|0|0|0|0||10|05:29:44|Garmin Edge 1030|https://www.strava.com/activities/1489167596
4/8/2018|266.48|06:17:18|1685|0|0|0|0||0|0|42.4|70.6|81|225|0|0|0|0||20|06:21:00|Garmin Edge 1030|https://www.strava.com/activities/1498638970
5/30/2018|140.24|04:00:36|450|0|0|0|0||0|0|35|54|89|172|0|0|0|0|3,966|22|04:44:42|Garmin Edge 1030|https://www.strava.com/activities/1605997854
5/24/2018|119.69|04:01:34|2978|0|0|0|0||0|0|29.7|74.9|82|140|0|0|0|0|4,219|15|04:35:43|Garmin Edge 1030|https://www.strava.com/activities/1593040891
5/20/2018|208.26|07:00:27|4258|0|0|0|0||0|0|29.7|78.8|78|175|0|0|0|0|5,823|15|07:45:28|Garmin Edge 1030|https://www.strava.com/activities/1585115939
5/15/2018|148.94|05:34:38|4012|0|0|0|0||0|0|26.7|79.9|82|141|0|0|0|0|5,053|18|06:18:57|Garmin Edge 1030|https://www.strava.com/activities/1573707495
5/14/2018|140.46|04:57:52|3662|0|0|0|0||0|0|28.3|79.2|85|141|0|0|0|0|4,798|22|05:29:05|Garmin Edge 1030|https://www.strava.com/activities/1571771102
5/12/2018|143.15|04:00:51|261|0|0|0|0||0|0|35.7|57.6|92|176|0|0|0|0|4,243|17|04:20:01|Garmin Edge 1030|https://www.strava.com/activities/1566792017
5/11/2018|166.67|05:01:18|756|0|0|0|0||0|0|33.2|59.4|91|163|0|0|0|0|4,780|13|05:40:01|Garmin Edge 1030|https://www.strava.com/activities/1565458821
5/9/2018|113.91|03:04:40|213|0|0|0|0||0|0|37|53.6|88|141|0|0|0|0|3,042|19|03:36:42|Garmin Edge 1030|https://www.strava.com/activities/1559817697
6/30/2018|59.66|02:01:15|360|0|0|0|0||0|0|29.5|57.2|83|154|0|0|0|0|1,394|24|02:45:17|Garmin Edge 1030|https://www.strava.com/activities/1671342659
6/29/2018|180.76|06:05:59|1197|0|0|0|0||0|0|29.6|60.1|89|189|0|0|0|0|4,522|26|06:53:35|Garmin Edge 1030|https://www.strava.com/activities/1669901791
6/27/2018|53.03|01:02:55|160|0|0|0|0||0|0|50.6|58.3|93|116|0|0|0|0|1,490|22|01:03:24|Garmin Edge 1030|https://www.strava.com/activities/1671368632
6/23/2018|158.88|06:04:48|4147|0|0|0|0||0|0|26.1|77.8|83|202|0|0|0|0|4,915|17|07:04:20|Garmin Edge 1030|https://www.strava.com/activities/1657096842
6/20/2018|148.43|05:11:58|3498|0|0|0|0||0|0|28.5|179.3|82|166|0|0|0|0|4,450|25|06:20:34|Garmin Edge 1030|https://www.strava.com/activities/1650768196
6/17/2018|139.64|03:58:54|854|0|0|0|0||0|0|35.1|59.4|90|192|0|0|0|0|3,832|14|04:03:18|Garmin Edge 1030|https://www.strava.com/activities/1644076355
6/15/2018|133.23|03:33:16|348|0|0|0|0||0|0|37.5|54.7|88|167|0|0|0|0|3,546|18|03:54:02|Garmin Edge 1030|https://www.strava.com/activities/1639967906
6/13/2018|107.67|03:11:55|316|0|0|0|0||0|0|33.7|65.2|90|163|0|0|0|0|2,639|11|03:45:38|Garmin Edge 1030|https://www.strava.com/activities/1636061492
6/3/2018|6.55|00:07:40|40|0|0|0|0||0|0|51.3|63|90|103|0|0|0|0|238|26|00:08:26|Garmin Edge 1030|https://www.strava.com/activities/1615318275
6/16/2018|57.04|01:52:51|160|0|0|0|0||0|0|30.3|58|86|189|0|0|0|0|1,369|15|01:56:11|Garmin Edge 1030|https://www.strava.com/activities/1641991245
7/29/2018|194.08|06:20:13|3661|0|0|0|0||0|0|30.6|77.4|85|219|0|0|0|0|5,628|25|07:04:57|Garmin Edge 1030|https://www.strava.com/activities/1736030056
7/27/2018|212.53|07:11:03|4691|0|0|0|0||0|0|29.6|78.1|82|192|0|0|0|0|6,444|27|08:25:33|Garmin Edge 1030|https://www.strava.com/activities/1731469414
7/24/2018|180.9|06:15:59|4628|0|0|0|0||0|0|28.9|83.2|83|202|0|0|0|0|5,332|24|06:42:59|Garmin Edge 1030|https://www.strava.com/activities/1724586961
7/23/2018|159.52|05:32:46|4162|0|0|0|0||0|0|28.8|74.9|83|214|0|0|0|0|4,964|22|06:12:44|Garmin Edge 1030|https://www.strava.com/activities/1722516860
7/6/2018|160.34|04:41:22|308|0|0|0|0||0|0|34.2|49.3|88|167|0|0|0|0|4,294|20|06:23:22|Garmin Edge 1030|https://www.strava.com/activities/1684639374
7/4/2018|135.25|04:01:02|499|0|0|0|0||0|0|33.7|56.2|90|170|0|0|0|0|3,178|24|04:50:24|Garmin Edge 1030|https://www.strava.com/activities/1680390922
8/10/2018|158.68|04:59:42|1521|0|0|0|0||0|0|31.8|63|91|125|0|0|0|0|4,108|13|05:19:29|Garmin Edge 1030|https://www.strava.com/activities/1762923335
8/4/2018|135.35|03:34:02|346|0|0|0|0||0|0|37.9|56.9|89|145|0|0|0|0|3,326|26|04:07:06|Garmin Edge 1030|https://www.strava.com/activities/1748993663
8/1/2018|137.35|04:03:23|470|0|0|0|0||0|0|33.9|57.6|92|160|0|0|0|0|3,261|22|04:34:29|Garmin Edge 1030|https://www.strava.com/activities/1743257449
10/31/2018|70.88|03:02:56|1862|0|0|0|0||0|0|23.2|70.6|0|0|135|160|0|0|2,161|11|03:15:37|Garmin Edge 1030|https://www.strava.com/activities/1938010807
10/30/2018|109.95|04:18:05|2227|0|0|0|0||0|0|25.6|67|84|171|0|0|0|0|2,310|10|05:12:11|Garmin Edge 1030|https://www.strava.com/activities/1936174334
11/28/2018|136.56|05:00:43|2820|0|0|0|0||0|0|27.2|63.4|84|135|0|0|0|0|4,031|10|05:27:02|Garmin Edge 520|https://www.strava.com/activities/1989413873
11/26/2018|110.28|04:05:11|2094|0|0|0|0||0|0|27|64.4|82|126|121|155|0|0|3,190|10|05:36:51|Garmin Edge 520|https://www.strava.com/activities/1986083306
11/23/2018|107.6|04:20:21|1308|0|0|0|0||0|0|24.8|70.9|83|119|132|160|0|0|3,643|6|04:26:03|Garmin Edge 520|https://www.strava.com/activities/1980830986
11/19/2018|121.24|04:38:54|2578|0|0|0|0||0|0|26.1|63.7|83|122|124|169|0|0|3,826|8|05:30:07|Garmin Edge 520|https://www.strava.com/activities/1973904673
11/15/2018|107.9|04:15:07|2462|0|0|0|0||0|0|25.4|74.5|81|138|119|158|0|0|3,248|11|04:54:56|Garmin Edge 520|https://www.strava.com/activities/1967362584
11/12/2018|127.93|05:12:25|2992|0|0|0|0||0|0|24.6|76|77|127|123|167|0|0|3,925|13|05:45:41|Garmin Edge 520|https://www.strava.com/activities/1960840845
11/10/2018|101.92|03:56:18|2056|0|0|0|0||0|0|25.9|70.2|84|118|130|161|0|0|3,245|12|04:18:28|Garmin Edge 520|https://www.strava.com/activities/1956967581
11/7/2018|114.43|04:46:49|2654|0|0|0|0||0|0|23.9|71.6|0|0|128|169|0|0|2,924|12|05:49:23|Garmin Edge 1030|https://www.strava.com/activities/1954552075
11/4/2018|96.5|03:28:34|1653|0|0|0|0||0|0|27.8|64.1|0|0|124|157|0|0|2,100|13|03:36:15|Garmin Edge 1030|https://www.strava.com/activities/1947754999
11/3/2018|109.32|04:08:52|2120|0|0|0|0||0|0|26.4|64.1|0|0|133|184|0|0|2,712|18|05:07:46|Garmin Edge 1030|https://www.strava.com/activities/1947755573
12/26/2018|139.34|05:31:19|824|0|0|0|0||0|0|25.2|83.9|83|201|123|150|0|0|4,571|1|06:21:54|Garmin Edge 520|https://www.strava.com/activities/2037038697
12/21/2018|140.53|05:42:00|3226|0|0|0|0||0|0|24.7|60.8|78|118|111|157|0|0|4,428|7|07:00:54|Garmin Edge 1030|https://www.strava.com/activities/2028475264
12/8/2018|55.29|01:51:14|548|0|0|0|0||0|0|29.8|56.5|85|117|107|138|0|0|1,381|14|02:32:37|Garmin Edge 520|https://www.strava.com/activities/2007032735
12/5/2018|130.38|05:00:46|2874|0|0|0|0||0|0|26|87.5|69|117|118|170|0|0|4,012|12|06:11:56|Garmin Edge 520|https://www.strava.com/activities/2001661038
12/2/2018|162.94|05:45:08|2449|0|0|0|0||0|0|28.3|73.4|77|143|124|163|0|0|4,687|9|06:37:50|Garmin Edge 520|https://www.strava.com/activities/1996794693
12/1/2018|103.96|03:58:40|2175|0|0|0|0||0|0|26.1|63.7|82|130|0|0|0|0|3,176|9|04:40:38|Garmin Edge 520|https://www.strava.com/activities/1994551081
12/27/2018|146.6|05:07:58|555|0|0|0|0||0|0|28.6|45.7|84|167|137|173|0|0|4,700|0|05:44:23|Garmin Edge 1030|https://www.strava.com/activities/2038690633
loaded urls in 4.13:43:18.5128213
