8/8/2018|84.64|03:12:53|1341|0|0|0|0||0|0|26.3|77.8|79|109|115|175|0|0|2,296|21|04:11:40|Garmin Edge 810|https://www.strava.com/activities/1761273685
9/28/2018|179.09|04:25:38|2908|0|0|0|0||0|0|40.5|110.2|85|150|0|0|0|0|26|21|04:26:19|Garmin Edge 810|https://www.strava.com/activities/1877139511
11/28/2018|117.89|04:48:47|638|0|0|0|0||0|0|24.5|46.4|0|0|0|0|0|0|1,319|-1|05:10:46|Garmin Edge 810|https://www.strava.com/activities/2018974481
11/27/2018|63.99|02:32:28|203|0|0|0|0||0|0|25.2|51.5|0|0|114|144|0|0|865|0|02:40:23|Garmin Edge 810|https://www.strava.com/activities/2018974333
11/25/2018|94.82|03:19:12|177|0|0|0|0||0|0|28.6|61.6|0|0|0|0|0|0|2,909|0|03:22:16|Garmin Edge 810|https://www.strava.com/activities/2018974378
11/24/2018|110.81|03:47:55|716|0|0|0|0||0|0|29.2|58.7|0|0|0|0|0|0|3,827|4|04:31:16|Garmin Edge 810|https://www.strava.com/activities/2018974393
11/23/2018|25.07|01:29:27|420|0|0|0|0||0|0|16.8|50.8|0|0|0|0|0|0|864|1|04:18:13|Garmin Edge 810|https://www.strava.com/activities/2018974334
12/31/2018|80.54|02:49:20|270|0|0|0|0||0|0|28.5|61.2|83|104|125|152|0|0|2,270|0|03:12:06|Garmin Edge 810|https://www.strava.com/activities/2046471440
12/21/2018|117.69|03:46:44|710|0|0|0|0||0|0|31.1|67.3|87|118|0|0|0|0|2,985|1|04:13:38|Garmin Edge 810|https://www.strava.com/activities/2046001544
12/20/2018|163.83|05:21:00|1233|0|0|0|0||0|0|30.6|62.3|88|116|0|0|0|0|4,572|5|05:51:40|Garmin Edge 810|https://www.strava.com/activities/2026691810
12/19/2018|44.28|01:32:29|157|0|0|0|0||0|0|28.7|48.2|89|105|0|0|0|0|1,088|3|01:39:44|Garmin Edge 810|https://www.strava.com/activities/2025048962
12/18/2018|179.93|06:05:52|1428|0|0|0|0||0|0|29.5|64.8|86|114|0|0|0|0|5,321|2|07:09:24|Garmin Edge 810|https://www.strava.com/activities/2023451894
12/17/2018|27.63|00:59:56|131|0|0|0|0||0|0|27.7|44.3|88|103|0|0|0|0|677|3|01:01:46|Garmin Edge 810|https://www.strava.com/activities/2021517581
12/5/2018|118.07|04:06:03|605|0|0|0|0||0|0|28.8|50.4|0|0|116|142|0|0|1,113|2|04:11:38|Garmin Edge 810|https://www.strava.com/activities/2018974453
12/4/2018|103.59|04:01:41|294|0|0|0|0||0|0|25.7|52.6|0|0|113|135|0|0|1,078|4|04:28:42|Garmin Edge 810|https://www.strava.com/activities/2018974538
12/3/2018|84.16|03:19:12|459|0|0|0|0||0|0|25.4|66.6|0|0|115|142|0|0|968|9|04:00:05|Garmin Edge 810|https://www.strava.com/activities/2018974424
12/16/2018|184.7|05:57:42|1419|0|255|5318|0||0|0|31|71.3|86|112|0|0|248|1130|5,318|0|06:54:48|Garmin Edge 810|https://www.strava.com/activities/2020361331
12/14/2018|114.4|04:45:30|2060|0|0|0|0||0|0|24|62.3|80|108|0|0|0|0|3,630|2|05:24:12|Garmin Edge 810|https://www.strava.com/activities/2018974543
12/12/2018|107.79|04:12:31|1754|0|0|0|0||0|0|25.6|73.4|74|137|112|157|0|0|2,727|7|04:42:49|Garmin Edge 810|https://www.strava.com/activities/2018974494
12/11/2018|154.52|05:32:50|1909|0|0|0|0||0|0|27.9|62.6|81|175|112|150|0|0|3,073|8|06:08:55|Garmin Edge 810|https://www.strava.com/activities/2018974734
12/10/2018|113.34|03:55:29|1582|0|228|2552|0||0|0|28.9|68|81|114|0|0|181|911|2,544|11|04:14:47|Garmin Edge 810|https://www.strava.com/activities/2018974641
12/9/2018|112.03|03:48:19|1093|0|0|0|0||0|0|29.4|72|83|118|115|148|0|0|2,063|14|04:00:18|Garmin Edge 810|https://www.strava.com/activities/2018974512
loaded urls in 17:32:30.7587818
