date|distance|mov_time|elevation|relativeEffort|avg_power_weig|work_total|training_load|intensity|estAvgPower|energyOutput|avg_speed|max_speed|avg_cadence|max_cadence|avg_heartRate|max_heartRate|avg_power|max_power|avg_calories|avg_temperature|avg_elap_time|bicycle_model|url
30.01.2018|36,6|01:57:07|558|0|0|0|0||124|872|188|497|0|0|0|0|0|0|972||01:58:45||https://www.strava.com/activities/1382874841
18.01.2018|26,99|01:02:19|293|0|152|454|15|38%|0|0|260|562|78|107|0|0|121|826|506|14|02:22:00|Garmin Edge 520|https://www.strava.com/activities/1362904973
10.01.2018|88,79|02:58:12|803|0|241|2,209|109|60%|0|0|299|576|76|135|0|0|207|1,219|2,463|7|03:02:09|Garmin Edge 520|https://www.strava.com/activities/1350145359
04.01.2018|2,26|00:20:32|0|0|0|0|0||0|0|0|0|0|0|0|0|0|0|||00:00:00||https://www.strava.com/activities/1340537601
03.01.2018|47,22|02:29:15|711|0|0|0|0||103|919|190|515|0|0|0|0|0|0|1,025|6|03:26:30|Garmin Edge 520|https://www.strava.com/activities/1338722174
02.01.2018|90,48|02:55:14|925|0|262|2,279|128|66%|0|0|310|623|85|142|0|0|217|1,434|2,542|7|03:00:41|Garmin Edge 520|https://www.strava.com/activities/1337183328
31.01.2018|126,34|04:05:49|1,347|0|282|3,631|211|71%|0|0|308|648|86|238|0|0|246|1,394|4,048|7|04:19:37|Garmin Edge 520|https://www.strava.com/activities/1384440259
28.01.2018|157,77|04:44:54|1,702|0|268|3,376|227|67%|0|0|332|670|83|182|0|0|198|1,122|3,765|8|05:08:58|Garmin Edge 520|https://www.strava.com/activities/1379731447
27.01.2018|100,89|03:14:51|1,499|0|298|2,417|186|75%|0|0|311|619|79|127|0|0|207|1,536|2,695|4|03:23:15|Garmin Edge 520|https://www.strava.com/activities/1377448044
20.01.2018|122,09|04:00:49|2,481|0|264|2,868|181|66%|0|0|304|706|79|119|0|0|199|1,54|3,198|13|04:27:49|Garmin Edge 520|https://www.strava.com/activities/1366146244
19.01.2018|121,29|04:04:30|2,192|0|258|2,92|181|65%|0|0|298|713|79|198|0|0|199|1,217|3,256|10|04:39:38|Garmin Edge 520|https://www.strava.com/activities/1364553924
17.01.2018|140,02|04:28:50|2,82|0|259|3,41|194|65%|0|0|313|659|79|159|0|0|211|1,56|3,802|15|04:36:41|Garmin Edge 520|https://www.strava.com/activities/1361494270
16.01.2018|98,19|03:00:55|1,347|0|239|2,021|115|60%|0|0|326|605|82|219|0|0|186|1,27|2,253|16|03:15:16|Garmin Edge 520|https://www.strava.com/activities/1360010087
15.01.2018|56,54|01:50:11|1,231|0|263|1,377|87|66%|0|0|308|871|81|115|0|0|208|1,319|1,535|9|02:00:36|Garmin Edge 520|https://www.strava.com/activities/1358310190
13.01.2018|161,73|04:47:27|1,813|0|281|3,725|240|70%|0|0|338|716|86|121|0|0|216|1,581|4,153|2|04:59:27|Garmin Edge 520|https://www.strava.com/activities/1354889114
07.01.2018|76,84|02:29:07|766|0|176|1,022|49|44%|0|0|309|713|83|121|0|0|114|1,455|1,140|2|02:31:58|Garmin Edge 520|https://www.strava.com/activities/1345022821
06.01.2018|126,59|03:45:58|1,434|0|183|1,703|81|46%|0|0|336|788|84|151|0|0|126|1,424|1,899|4|03:52:03|Garmin Edge 520|https://www.strava.com/activities/1343738790
28.02.2018|74,5|02:33:31|738|0|296|2,124|142|74%|0|0|291|598|83|137|0|0|231|1,455|2,368|-1|02:36:27|Garmin Edge 520|https://www.strava.com/activities/1430023285
27.02.2018|44,29|01:23:35|396|0|0|0|0||190|955|318|605|0|0|0|0|0|0|1,065||01:23:35||https://www.strava.com/activities/1428468063
26.02.2018|14,75|00:29:15|192|0|159|209|7|40%|0|0|303|634|81|104|0|0|119|578|233|2|00:29:15|Garmin Edge 520|https://www.strava.com/activities/1427028770
24.02.2018|25,72|00:55:51|275|0|0|0|0||144|484|276|572|0|0|0|0|0|0|539|0|00:56:53|Garmin Edge 520|https://www.strava.com/activities/1423049092
21.02.2018|99,7|03:22:00|1,361|0|279|3,01|171|70%|0|0|296|662|86|135|0|0|248|1,201|3,356|5|03:31:01|Garmin Edge 520|https://www.strava.com/activities/1418838661
17.02.2018|45,45|01:37:47|93|0|216|1,098|47|54%|0|0|279|472|86|144|0|0|187|1,241|1,225|4|01:38:12|Garmin Edge 520|https://www.strava.com/activities/1411370214
07.02.2018|42,58|01:05:28|333|0|319|1,036|70|80%|0|0|390|670|91|109|0|0|264|1,372|1,155|3|01:08:59|Garmin Edge 520|https://www.strava.com/activities/1580306798
03.02.2018|26,15|01:00:04|321|0|215|618|29|54%|0|0|261|533|79|99|0|0|172|558|689|1|01:00:04|Garmin Edge 520|https://www.strava.com/activities/1388830519
27.02.2018|100,21|03:31:58|1,127|0|267|3,063|164|67%|0|0|284|598|82|143|0|0|241|1,017|3,415|-1|03:47:08|Garmin Edge 520|https://www.strava.com/activities/1428370904
25.02.2018|87,94|02:12:01|1,024|0|335|2,208|157|84%|0|0|400|727|87|135|0|0|279|1,679|2,462|2|02:13:54|Garmin Edge 520|https://www.strava.com/activities/1425759041
18.02.2018|143,26|03:10:37|184|0|70|357|10|18%|0|0|451|587|91|243|0|0|31|1,015|398|6|03:10:37|Garmin Edge 520|https://www.strava.com/activities/1414132291
11.02.2018|144,98|03:25:02|245|0|283|1,234|89|71%|0|0|424|641|93|123|0|0|100|1,367|1,376|4|03:25:39|Garmin Edge 520|https://www.strava.com/activities/1402910090
10.02.2018|62,82|02:08:24|242|0|188|1,161|50|47%|0|0|294|518|84|214|0|0|151|1,633|1,294|5|02:18:25|Garmin Edge 520|https://www.strava.com/activities/1400357097
04.02.2018|125,07|04:00:31|1,284|0|251|3,042|161|63%|0|0|312|662|81|117|0|0|211|1,298|3,392|2|04:04:55|Garmin Edge 520|https://www.strava.com/activities/1391133341
31.03.2018|43,14|01:26:03|374|0|0|0|0||155|801|301|572|87|106|0|0|0|0|893|5|01:35:03|Garmin Edge 520|https://www.strava.com/activities/1481694066
30.03.2018|60,59|01:49:45|687|0|310|1,803|111|78%|0|0|331|616|88|116|0|0|274|1,413|2,010|6|01:50:35|Garmin Edge 520|https://www.strava.com/activities/1480229010
27.03.2018|37,64|01:15:37|391|0|0|0|0||165|750|299|605|87|108|0|0|0|0|836|11|01:16:12|Garmin Edge 520|https://www.strava.com/activities/1474670784
25.03.2018|5,4|00:07:13|33|0|0|0|0||463|200|449|612|101|113|0|0|0|0|223|6|00:07:35|Garmin Edge 520|https://www.strava.com/activities/1470418137
25.03.2018|9,05|00:19:41|64|0|0|0|0||123|146|276|443|89|106|0|0|0|0|162|4|00:19:41|Garmin Edge 520|https://www.strava.com/activities/1470417929
21.03.2018|93,68|03:08:14|899|0|248|2,259|124|62%|0|0|299|608|84|176|0|0|200|1,568|2,519|7|03:16:03|Garmin Edge 520|https://www.strava.com/activities/1464106899
20.03.2018|32,88|01:01:48|309|0|324|966|68|81%|0|0|319|554|91|111|0|0|261|1,415|1,077|2|01:02:14|Garmin Edge 520|https://www.strava.com/activities/1462747216
20.03.2018|43,26|01:22:37|350|0|0|0|0||173|856|314|533|0|0|0|0|0|0|955|0|01:22:37|Garmin Edge 520|https://www.strava.com/activities/1462000554
18.03.2018|72,28|02:23:59|549|0|263|1,827|104|66%|0|0|301|587|88|115|0|0|211|1,31|2,037|2|02:24:53|Garmin Edge 520|https://www.strava.com/activities/1458790211
17.03.2018|124,03|03:58:27|1,605|0|282|3,593|200|71%|0|0|312|691|84|111|0|0|251|835|4,006|3|04:00:36|Garmin Edge 520|https://www.strava.com/activities/1457193109
08.03.2018|59,09|02:01:27|549|0|239|1,509|75|60%|0|0|292|562|92|172|0|0|207|1,079|1,683|6|02:08:58|Garmin Edge 520|https://www.strava.com/activities/1442591999
07.03.2018|44,36|01:07:14|436|0|329|1,205|77|82%|0|0|396|702|89|248|0|0|299|1,701|1,343|6|01:08:39|Garmin Edge 520|https://www.strava.com/activities/1580307840
06.03.2018|63,38|02:00:53|528|0|0|0|0||169|1,226|315|594|0|0|0|0|0|0|1,367|4|02:01:45|Garmin Edge 520|https://www.strava.com/activities/1438958348
05.03.2018|6,74|00:14:57|46|0|233|197|8|58%|0|0|271|544|90|109|0|0|219|693|219|10|00:14:57|Garmin Edge 520|https://www.strava.com/activities/1437439954
28.03.2018|126,22|03:03:02|1,427|0|348|3,32|230|87%|0|0|414|756|91|212|0|0|302|1,59|3,702|8|03:03:02|Garmin Edge 520|https://www.strava.com/activities/1476400856
25.03.2018|117,34|02:49:22|1,046|0|293|2,407|150|73%|0|0|416|713|91|140|0|0|237|1,635|2,684|7|02:49:22|Garmin Edge 520|https://www.strava.com/activities/1471550570
24.03.2018|134,93|03:01:47|1,073|0|306|2,665|178|77%|0|0|445|778|92|137|0|0|244|1,784|2,971|7|03:01:47|Garmin Edge 520|https://www.strava.com/activities/1469323741
11.03.2018|171,89|04:00:36|1,58|0|235|2,588|139|59%|0|0|429|824|88|179|0|0|179|1,394|2,886|13|04:00:36|Garmin Edge 520|https://www.strava.com/activities/1447813130
10.03.2018|27,56|00:58:46|270|0|354|662|78|89%|0|0|281|637|84|121|0|0|188|1,464|738|15|01:00:02|Garmin Edge 520|https://www.strava.com/activities/1445703125
04.03.2018|85,15|02:48:42|727|0|246|2,15|107|62%|0|0|303|583|85|170|0|0|212|1,396|2,397|5|02:48:42|Garmin Edge 520|https://www.strava.com/activities/1435468516
03.03.2018|140,22|03:23:57|1,029|0|228|2,398|110|57%|0|0|413|803|88|134|0|0|196|1,224|2,674|8|03:28:04|Garmin Edge 520|https://www.strava.com/activities/1580307792
30.04.2018|152,78|03:39:22|1,03|0|0|0|0||379|4,989|418|796|89|132|0|0|0|0|5,563|6|03:39:22|Garmin Edge 520|https://www.strava.com/activities/1540973898
29.04.2018|155,62|04:04:01|1,506|0|0|0|0||318|4,663|383|835|90|129|0|0|0|0|5,199|10|04:04:39|Garmin Edge 520|https://www.strava.com/activities/1539391596
29.04.2018|4,98|00:10:01|48|0|0|0|0||183|110|298|432|89|117|0|0|0|0|123|10|00:10:01|Garmin Edge 520|https://www.strava.com/activities/1539390892
28.04.2018|162,75|03:47:47|1,706|0|0|0|0||431|5,885|429|781|91|128|0|0|0|0|6,562|13|03:47:47|Garmin Edge 520|https://www.strava.com/activities/1536799308
28.04.2018|7,92|00:13:44|67|0|0|0|0||250|206|346|439|94|119|0|0|0|0|230|16|00:13:44|Garmin Edge 520|https://www.strava.com/activities/1536798603
27.04.2018|180,92|04:29:17|1,914|0|0|0|0||352|5,694|403|864|89|129|0|0|0|0|6,349|7|04:29:33|Garmin Edge 520|https://www.strava.com/activities/1534878364
27.04.2018|10,01|00:18:13|101|0|0|0|0||229|250|330|608|91|118|0|0|0|0|279|11|00:18:13|Garmin Edge 520|https://www.strava.com/activities/1534877617
25.04.2018|160,41|03:40:56|997|0|0|0|0||402|5,325|436|727|0|0|0|0|0|0|5,937|16|03:41:19|Garmin Edge 520|https://www.strava.com/activities/1531027303
24.04.2018|29,88|01:00:59|314|0|0|0|0||170|622|294|662|0|0|0|0|0|0|693||01:01:00||https://www.strava.com/activities/1528502027
22.04.2018|93,12|03:03:18|986|0|0|0|0||176|1,935|305|684|88|115|0|0|0|0|2,157|15|03:07:12|Garmin Edge 520|https://www.strava.com/activities/1524192319
18.04.2018|65,9|02:19:40|595|0|223|1,607|72|56%|0|0|283|554|78|110|0|0|192|2,402|1,792|13|02:19:40|Garmin Edge 520|https://www.strava.com/activities/1515503021
14.04.2018|178,18|03:54:54|172|0|283|3,409|201|71%|0|0|455|619|89|128|0|0|242|1,542|3,801|13|04:00:18|Garmin Edge 520|https://www.strava.com/activities/1508037252
14.04.2018|10,06|00:21:17|9|0|140|168|4|35%|0|0|284|360|89|108|0|0|131|687|187|13|00:21:17|Garmin Edge 520|https://www.strava.com/activities/1507261128
13.04.2018|61,6|01:49:20|82|0|241|1,285|70|60%|0|0|338|515|89|115|0|0|196|1,207|1,433|10|01:57:22|Garmin Edge 520|https://www.strava.com/activities/1505642117
10.04.2018|58,76|01:52:25|555|0|297|1,609|102|74%|0|0|314|623|88|116|0|0|239|1,456|1,794|11|01:52:25|Garmin Edge 520|https://www.strava.com/activities/1500516506
08.04.2018|146,12|03:34:34|1,757|0|325|3,506|240|81%|0|0|409|706|88|119|0|0|272|1,477|3,910|6|03:40:23|Garmin Edge 520|https://www.strava.com/activities/1497064672
07.04.2018|168,1|03:49:40|911|0|331|3,523|266|83%|0|0|439|695|89|147|0|0|256|1,601|3,928|9|03:57:56|Garmin Edge 520|https://www.strava.com/activities/1494805866
05.04.2018|90,01|02:47:55|797|0|293|2,595|149|73%|0|0|322|601|90|149|0|0|258|1,091|2,894|9|02:48:14|Garmin Edge 520|https://www.strava.com/activities/1491321583
04.04.2018|136,18|04:28:18|1,206|0|275|3,706|213|69%|0|0|305|706|79|140|0|0|230|1,509|4,132|9|04:30:21|Garmin Edge 520|https://www.strava.com/activities/1489072910
02.04.2018|136,4|03:24:24|1,75|0|323|3,48|222|81%|0|0|400|803|92|151|0|0|284|1,524|3,880|7|03:24:24|Garmin Edge 520|https://www.strava.com/activities/1485993713
02.04.2018|5,98|00:08:32|75|0|0|0|0||445|228|421|655|99|122|0|0|0|0|254|7|00:08:32|Garmin Edge 520|https://www.strava.com/activities/1484841732
01.04.2018|34,06|01:11:37|333|0|0|0|0||146|626|285|551|89|177|0|0|0|0|698|5|01:20:33|Garmin Edge 520|https://www.strava.com/activities/1483071341
19.05.2018|14,51|00:32:51|144|0|201|331|13|50%|0|0|265|551|88|106|0|0|168|624|369|14|00:32:51|Garmin Edge 520|https://www.strava.com/activities/1581247852
19.05.2018|17,93|00:40:14|197|0|176|378|13|44%|0|0|267|569|90|106|0|0|156|531|421|9|00:44:02|Garmin Edge 520|https://www.strava.com/activities/1581247678
16.05.2018|122,94|04:01:26|1,269|0|249|2,98|160|62%|0|0|306|641|88|228|0|0|206|903|3,322|15|04:09:03|Garmin Edge 520|https://www.strava.com/activities/1575686323
15.05.2018|59,56|01:54:28|552|0|287|1,5|100|72%|0|0|312|644|93|114|0|0|218|1,44|1,672|15|01:57:13|Garmin Edge 520|https://www.strava.com/activities/1573737146
12.05.2018|25,54|00:54:23|218|0|209|581|24|52%|0|0|282|482|93|149|0|0|178|1,186|647|8|00:54:51|Garmin Edge 520|https://www.strava.com/activities/1566375852
11.05.2018|54,07|01:41:28|506|0|271|1,374|78|68%|0|0|320|587|92|116|0|0|226|1,157|1,532|13|01:42:05|Garmin Edge 520|https://www.strava.com/activities/1563988704
09.05.2018|33,51|00:56:54|241|0|310|948|57|78%|0|0|353|616|95|122|0|0|278|977|1,057|12|00:56:54|Garmin Edge 520|https://www.strava.com/activities/1560243717
09.05.2018|72,1|02:25:12|683|0|279|1,832|120|70%|0|0|298|713|81|135|0|0|210|1,295|2,043|10|02:27:37|Garmin Edge 520|https://www.strava.com/activities/1559616875
08.05.2018|29,58|01:00:01|209|0|238|713|37|60%|0|0|296|486|84|116|0|0|198|985|795|10|01:03:12|Garmin Edge 520|https://www.strava.com/activities/1557294439
07.05.2018|46,04|01:30:46|414|0|0|0|0||166|906|304|630|87|132|0|0|0|0|1,010|18|01:39:36|Garmin Edge 520|https://www.strava.com/activities/1555313749
06.05.2018|21,47|00:48:13|254|0|0|0|0||135|392|267|565|84|106|0|0|0|0|437|16|00:52:24|Garmin Edge 520|https://www.strava.com/activities/1552846453
03.05.2018|31,44|01:05:15|374|0|0|0|0||161|632|289|587|84|113|0|0|0|0|704|11|01:09:17|Garmin Edge 520|https://www.strava.com/activities/1547427852
02.05.2018|24,21|00:56:07|229|0|0|0|0||121|407|259|616|84|108|0|0|0|0|454|10|00:58:20|Garmin Edge 520|https://www.strava.com/activities/1545443006
21.05.2018|196,53|04:49:02|1,649|0|272|3,226|222|68%|0|0|408|1170|93|132|0|0|186|1,239|3,597|20|07:24:05|Garmin Edge 520|https://www.strava.com/activities/1596292893
20.05.2018|37,54|01:14:48|332|0|226|847|41|57%|0|0|301|727|91|125|0|0|189|1,14|944|17|01:16:43|Garmin Edge 520|https://www.strava.com/activities/1584444628
13.05.2018|112,17|02:42:40|1,138|0|340|2,764|195|85%|0|0|414|767|92|140|0|0|283|1,568|3,082|12|02:42:40|Garmin Edge 520|https://www.strava.com/activities/1569817408
01.05.2018|144,08|03:30:21|1,368|0|0|0|0||388|4,901|411|792|90|129|0|0|0|0|5,465|12|03:30:38|Garmin Edge 520|https://www.strava.com/activities/1543190222
31.07.2018|127,84|03:39:02|1,194|0|301|3,152|208|75%|0|0|350|778|87|169|0|0|240|1,259|3,153|18|04:11:55|Garmin Edge 520|https://www.strava.com/activities/1739833876
30.07.2018|49,75|01:42:19|462|0|226|1,158|54|57%|0|0|292|533|88|112|0|0|189|956|1,158|18|01:42:19|Garmin Edge 520|https://www.strava.com/activities/1737388800
28.07.2018|44,56|01:32:13|342|0|211|1,001|44|53%|0|0|290|598|87|105|0|0|181|908|1,001|18|01:52:29|Garmin Edge 520|https://www.strava.com/activities/1733521145
27.07.2018|23,79|00:49:36|159|0|165|440|14|41%|0|0|288|522|93|117|0|0|148|593|440|20|00:50:59|Garmin Edge 520|https://www.strava.com/activities/1731533010
26.07.2018|33,73|01:07:59|172|0|0|0|0||164|668|298|623|87|104|0|0|0|0|1,231|15|01:08:22|Garmin Edge 520|https://www.strava.com/activities/1729440132
25.07.2018|7,15|00:16:36|111|0|219|193|10|55%|0|0|259|500|83|114|0|0|194|729|190|21|00:20:11|Garmin Edge 520|https://www.strava.com/activities/1727851042
25.07.2018|21,95|00:48:29|163|0|0|0|0||124|361|272|547|88|105|0|0|0|0|840|18|00:59:45|Garmin Edge 520|https://www.strava.com/activities/1726430788
24.07.2018|50,69|01:40:17|466|0|0|0|0||172|1,033|303|644|87|105|0|0|0|0|2,049|22|01:40:17|Garmin Edge 520|https://www.strava.com/activities/1724516343
23.07.2018|112,62|03:43:25|1,465|0|258|2,91|159|65%|0|0|302|637|78|107|0|0|217|1,201|2,912|18|03:48:39|Garmin Edge 520|https://www.strava.com/activities/1721950514
21.07.2018|32,49|01:04:46|274|0|0|0|0||166|646|301|562|93|110|0|0|0|0|1,299|17|01:04:46|Garmin Edge 520|https://www.strava.com/activities/1716925292
20.07.2018|41,32|01:23:55|407|0|0|0|0||162|818|295|630|89|106|0|0|0|0|1,664|16|01:57:44|Garmin Edge 520|https://www.strava.com/activities/1714843096
18.07.2018|164,93|05:31:13|1,814|0|252|4,2|224|63%|0|0|299|601|89|113|0|0|211|1,309|4,198|20|05:40:06|Garmin Edge 520|https://www.strava.com/activities/1710903512
17.07.2018|75,79|02:32:33|987|0|301|2,016|146|75%|0|0|298|598|89|114|0|0|220|1,812|2,017|17|02:59:58|Garmin Edge 520|https://www.strava.com/activities/1708078553
16.07.2018|33,74|01:06:57|257|0|0|0|0||161|648|302|652|92|108|0|0|0|0|1,361|20|01:09:34|Garmin Edge 520|https://www.strava.com/activities/1705961846
15.07.2018|132,9|04:26:50|1,51|0|241|3,281|162|60%|0|0|299|659|78|116|0|0|205|955|3,286|17|04:31:11|Garmin Edge 520|https://www.strava.com/activities/1703811098
14.07.2018|88,9|02:59:10|880|0|225|2,099|98|56%|0|0|298|612|87|109|0|0|195|942|2,122|23|03:09:51|Garmin Edge 520|https://www.strava.com/activities/1701668048
13.07.2018|69,99|02:16:57|694|0|267|1,685|103|67%|0|0|307|745|89|170|0|0|205|1,301|1,685|21|02:18:32|Garmin Edge 520|https://www.strava.com/activities/1699607821
12.07.2018|128,77|04:14:48|1,106|0|238|3,104|157|60%|0|0|303|608|87|109|0|0|203|1,288|3,108|19|04:26:36|Garmin Edge 520|https://www.strava.com/activities/1697473996
11.07.2018|115,27|03:55:36|1,084|0|236|2,64|139|59%|0|0|294|623|81|116|0|0|187|1,301|2,643|21|04:08:07|Garmin Edge 520|https://www.strava.com/activities/1695580327
29.07.2018|101,87|02:32:12|1,234|0|359|2,876|204|90%|0|0|402|666|92|121|0|0|315|1,539|2,882|14|02:32:12|Garmin Edge 520|https://www.strava.com/activities/1736307318
27.07.2018|87,16|02:03:02|567|0|354|2,464|161|89%|0|0|425|594|95|130|0|0|334|1,508|2,464|16|02:03:02|Garmin Edge 520|https://www.strava.com/activities/1731891273
25.07.2018|79,7|01:59:33|1,044|0|368|2,12|169|92%|0|0|400|713|88|248|0|0|296|1,629|2,125|18|01:59:48|Garmin Edge 520|https://www.strava.com/activities/1727851576
22.07.2018|104,02|02:27:00|768|0|277|2,16|117|69%|0|0|425|695|94|244|0|0|245|1,621|2,161|22|02:27:00|Garmin Edge 520|https://www.strava.com/activities/1720584737
19.07.2018|85,86|01:58:32|196|0|329|2,137|133|82%|0|0|435|630|90|140|0|0|301|1,573|2,143|16|01:58:32|Garmin Edge 520|https://www.strava.com/activities/1713934330
31.08.2018|27,23|01:01:25|225|0|172|576|19|43%|0|0|266|576|90|108|0|0|156|504|576|11|01:03:31|Garmin Edge 520|https://www.strava.com/activities/1809124608
30.08.2018|94,11|03:11:11|917|0|245|2,25|119|61%|0|0|295|630|87|108|0|0|196|1,3|2,248|11|03:11:57|Garmin Edge 520|https://www.strava.com/activities/1807087488
29.08.2018|107,04|03:27:42|1,315|0|261|2,873|147|65%|0|0|309|648|89|228|0|0|231|1,416|2,874|12|03:28:43|Garmin Edge 520|https://www.strava.com/activities/1804911890
28.08.2018|129,85|04:08:01|1,448|0|266|3,418|185|67%|0|0|314|644|80|138|0|0|230|1,284|3,415|13|04:10:18|Garmin Edge 520|https://www.strava.com/activities/1802586663
25.08.2018|10,26|00:23:01|88|0|0|0|0||133|183|267|652|0|0|0|0|0|0|204||00:23:01||https://www.strava.com/activities/1795734772
22.08.2018|6,28|00:13:22|32|0|0|0|0||81|65|282|454|82|98|0|0|0|0|113|18|00:15:56|Garmin Edge 520|https://www.strava.com/activities/1790077724
22.08.2018|27,7|00:40:16|375|0|0|0|0||391|945|413|662|101|134|0|0|0|0|261|18|00:40:16|Garmin Edge 520|https://www.strava.com/activities/1790077778
22.08.2018|3,57|00:09:40|24|0|0|0|0||89|51|222|356|88|101|0|0|0|0|77|20|00:09:40|Garmin Edge 520|https://www.strava.com/activities/1790077419
22.08.2018|4,04|00:09:54|24|0|128|68|1|32%|0|0|245|349|92|104|0|0|114|328|75|22|00:11:36|Garmin Edge 520|https://www.strava.com/activities/1790077389
20.08.2018|53,46|01:51:04|377|0|201|1,165|49|50%|0|0|289|626|88|115|0|0|175|1,041|1,165|16|02:26:30|Garmin Edge 520|https://www.strava.com/activities/1784866717
19.08.2018|1,24|00:03:21|15|0|0|0|0||118|24|223|342|80|97|0|0|0|0|30|19|00:05:46|Garmin Edge 520|https://www.strava.com/activities/1782187276
19.08.2018|8,44|00:11:11|49|0|0|0|0||377|253|453|691|98|113|0|0|0|0|115|16|00:11:32|Garmin Edge 520|https://www.strava.com/activities/1782187243
19.08.2018|10,53|00:22:13|81|0|0|0|0||143|191|284|464|84|98|0|0|0|0|407|11|00:22:48|Garmin Edge 520|https://www.strava.com/activities/1782186937
18.08.2018|2,4|00:08:45|27|0|7|1|0|2%|0|0|165|302|74|112|0|0|1|127|1|22|00:10:04|Garmin Edge 520|https://www.strava.com/activities/1780890554
17.08.2018|33,38|01:10:04|308|0|0|0|0||160|674|286|655|0|0|0|0|0|0|751||01:10:26||https://www.strava.com/activities/1777887532
15.08.2018|77,46|02:36:45|855|0|259|1,972|112|65%|0|0|297|619|87|116|0|0|210|1,233|1,970|16|02:40:19|Garmin Edge 520|https://www.strava.com/activities/1773475462
14.08.2018|69,45|01:44:02|698|0|0|0|0||366|2,286|401|954|94|137|0|0|0|0|1,319|19|01:59:45|Garmin Edge 520|https://www.strava.com/activities/1771931215
13.08.2018|75,96|02:29:30|680|0|247|1,869|96|62%|0|0|305|554|89|179|0|0|208|1,208|1,869|16|02:31:06|Garmin Edge 520|https://www.strava.com/activities/1768948967
12.08.2018|50,65|01:43:56|433|0|262|1,214|75|66%|0|0|292|605|88|104|0|0|195|1,217|1,215|16|01:45:15|Garmin Edge 520|https://www.strava.com/activities/1766817457
11.08.2018|68,55|01:55:25|653|0|0|0|0||282|1,952|356|716|89|119|0|0|0|0|1,368|20|02:01:24|Garmin Edge 520|https://www.strava.com/activities/1764886330
10.08.2018|30,77|01:06:27|284|0|209|712|30|52%|0|0|278|644|87|107|0|0|178|672|712|14|01:06:27|Garmin Edge 520|https://www.strava.com/activities/1762182048
08.08.2018|27,06|00:56:59|174|0|214|662|27|54%|0|0|285|490|90|157|0|0|194|1,085|662|15|00:57:22|Garmin Edge 520|https://www.strava.com/activities/1757789874
06.08.2018|22,94|00:46:24|290|0|253|620|31|63%|0|0|297|641|89|111|0|0|223|713|620|29|00:47:29|Garmin Edge 520|https://www.strava.com/activities/1756318088
02.08.2018|31,06|01:07:56|292|0|207|702|30|52%|0|0|274|601|88|110|0|0|172|832|699|16|01:07:56|Garmin Edge 520|https://www.strava.com/activities/1744261996
01.08.2018|47,21|01:38:07|424|0|0|0|0||149|876|289|565|84|104|0|0|0|0|1,927|13|01:38:59|Garmin Edge 520|https://www.strava.com/activities/1741871913
24.08.2018|138,41|03:27:30|1,809|0|343|3,661|255|86%|0|0|400|835|91|127|0|0|294|1,509|3,662|16|03:27:30|Garmin Edge 520|https://www.strava.com/activities/1794352245
24.08.2018|7,05|00:16:08|132|0|252|216|10|63%|0|0|262|464|96|117|0|0|223|610|216|18|00:16:25|Garmin Edge 520|https://www.strava.com/activities/1793887152
23.08.2018|41,41|01:28:37|269|0|135|389|17|34%|0|0|280|662|79|221|0|0|73|1,087|387|15|01:29:37|Garmin Edge 520|https://www.strava.com/activities/1791677079
22.08.2018|14,19|00:40:12|156|0|0|0|0||114|275|212|443|0|0|0|0|0|0|307||00:45:37||https://www.strava.com/activities/1789267626
21.08.2018|63,42|02:03:56|786|0|0|0|0||195|1,45|307|720|85|110|0|0|0|0|2,736|21|02:17:05|Garmin Edge 520|https://www.strava.com/activities/1787495500
19.08.2018|96,3|02:21:55|1,527|0|355|2,316|187|89%|0|0|407|893|88|243|0|0|272|1,244|2,320|21|02:22:17|Garmin Edge 520|https://www.strava.com/activities/1783227378
18.08.2018|133,86|03:00:25|1,135|0|326|3,114|205|82%|0|0|445|907|95|128|0|0|288|1,443|3,121|19|03:23:09|Garmin Edge 520|https://www.strava.com/activities/1780891905
09.08.2018|181,79|04:13:41|1,793|0|339|4,633|304|85%|0|0|430|709|94|146|0|0|304|1,571|4,639|17|04:13:41|Garmin Edge 520|https://www.strava.com/activities/1760668007
05.08.2018|75,13|01:56:38|929|0|314|1,796|120|79%|0|0|387|734|87|114|0|0|257|1,236|1,797|27|01:56:38|Garmin Edge 520|https://www.strava.com/activities/1751783168
04.08.2018|137,56|03:27:36|1,885|0|330|3,443|236|83%|0|0|398|878|90|126|0|0|276|1,318|3,446|23|03:27:36|Garmin Edge 520|https://www.strava.com/activities/1749372299
30.09.2018|34,36|00:45:10|295|0|0|0|0||426|1,154|456|648|95|118|193|201|0|0|850|11|00:45:40|Garmin Edge 520|https://www.strava.com/activities/1875766915
30.09.2018|27,69|01:00:00|188|0|189|626|22|47%|0|0|277|490|88|107|0|0|174|559|626|6|01:00:32|Garmin Edge 520|https://www.strava.com/activities/1874518232
27.09.2018|38,9|01:14:37|312|0|0|0|0||167|747|313|594|87|110|0|0|0|0|1,645|11|01:17:15|Garmin Edge 520|https://www.strava.com/activities/1868484668
26.09.2018|116,81|03:42:40|551|0|259|3,123|159|65%|0|0|315|580|86|162|0|0|234|888|3,118|8|03:47:18|Garmin Edge 520|https://www.strava.com/activities/1866479871
24.09.2018|62,34|02:01:06|292|0|268|1,676|91|67%|0|0|309|612|80|118|0|0|231|1,305|1,675|15|02:02:47|Garmin Edge 520|https://www.strava.com/activities/1862918471
20.09.2018|59,09|01:57:28|266|0|222|1,443|61|56%|0|0|302|533|87|115|0|0|205|1,001|1,434|18|01:59:18|Garmin Edge 520|https://www.strava.com/activities/1854071396
19.09.2018|88,71|02:45:35|373|0|277|2,394|133|69%|0|0|321|518|85|138|146|191|241|1,045|2,387|18|02:47:16|Garmin Edge 520|https://www.strava.com/activities/1852508944
18.09.2018|86,74|02:42:38|796|0|310|2,317|168|78%|0|0|320|587|88|239|149|197|237|967|2,304|15|02:46:58|Garmin Edge 520|https://www.strava.com/activities/1849358437
15.09.2018|27|01:01:11|187|0|191|601|23|48%|0|0|265|482|86|103|0|0|164|1,11|593|15|01:02:44|Garmin Edge 520|https://www.strava.com/activities/1842394840
14.09.2018|53,12|01:47:10|263|0|248|1,349|74|62%|0|0|297|652|86|109|0|0|210|1,206|1,345|18|01:55:56|Garmin Edge 520|https://www.strava.com/activities/1841092051
13.09.2018|125,92|03:52:59|877|0|271|3,263|187|68%|0|0|324|540|86|181|0|0|233|954|3,252|13|04:04:30|Garmin Edge 520|https://www.strava.com/activities/1838407941
12.09.2018|67,56|02:00:28|362|0|278|1,772|103|70%|0|0|336|580|86|109|0|0|245|1,213|1,764|19|02:07:55|Garmin Edge 520|https://www.strava.com/activities/1836964176
12.09.2018|63,62|02:04:48|287|0|220|1,489|64|55%|0|0|306|486|66|101|0|0|199|746|1,488|11|02:08:40|Garmin Edge 520|https://www.strava.com/activities/1836085454
05.09.2018|92,59|02:56:50|418|0|247|2,38|119|62%|0|0|314|544|87|184|0|0|224|1,08|2,376|17|03:08:24|Garmin Edge 520|https://www.strava.com/activities/1821781513
04.09.2018|50,38|01:31:03|187|0|304|1,307|92|76%|0|0|332|598|91|113|0|0|239|1,388|1,306|20|01:36:14|Garmin Edge 520|https://www.strava.com/activities/1819307723
04.09.2018|33,78|00:56:52|227|0|0|0|0||257|877|357|558|90|110|0|0|0|0|838|20|00:56:52|Garmin Edge 520|https://www.strava.com/activities/1818447559
02.09.2018|52,96|01:47:54|261|0|209|1,252|53|52%|0|0|294|479|87|114|0|0|193|986|1,253|16|01:59:21|Garmin Edge 520|https://www.strava.com/activities/1813611683
29.09.2018|182,48|04:09:27|1,908|0|340|4,249|300|85%|0|0|439|889|92|127|175|207|284|2,474|4,251|17|04:09:45|Garmin Edge 520|https://www.strava.com/activities/1873123352
29.09.2018|13,76|00:26:54|38|0|156|172|7|39%|0|0|307|601|80|123|124|177|107|995|172|16|00:29:47|Garmin Edge 520|https://www.strava.com/activities/1873121597
28.09.2018|31,4|01:00:08|253|0|0|0|0||185|667|313|619|0|0|0|0|0|0|1,008|24|01:01:44|Garmin Edge 520|https://www.strava.com/activities/1871288338
22.09.2018|175,04|04:11:05|1,289|0|299|3,435|234|75%|0|0|418|727|91|126|166|209|228|1,564|3,444|16|04:11:23|Garmin Edge 520|https://www.strava.com/activities/1858550131
22.09.2018|10,87|00:23:42|32|0|151|147|5|38%|0|0|275|439|81|118|118|170|103|1,162|147|19|00:24:03|Garmin Edge 520|https://www.strava.com/activities/1858548163
16.09.2018|145,15|03:13:39|980|0|299|2,85|181|75%|0|0|450|731|93|129|0|0|245|1,443|2,858|18|03:13:58|Garmin Edge 520|https://www.strava.com/activities/1845749741
09.09.2018|155,82|03:50:04|1,655|0|326|3,589|257|82%|0|0|406|850|89|195|0|0|260|1,734|3,597|22|03:50:55|Garmin Edge 520|https://www.strava.com/activities/1830130584
08.09.2018|23,24|00:33:29|333|0|0|0|0||415|833|417|716|98|122|0|0|0|0|635|15|00:33:57|Garmin Edge 520|https://www.strava.com/activities/1827647522
08.09.2018|84,52|01:55:53|617|0|338|1,879|138|85%|0|0|438|803|93|126|0|0|270|1,503|1,886|11|01:55:53|Garmin Edge 520|https://www.strava.com/activities/1826836321
07.09.2018|39,87|01:27:24|503|0|221|971|46|55%|0|0|274|598|86|112|0|0|185|999|972|15|01:40:17|Garmin Edge 520|https://www.strava.com/activities/1825468361
01.09.2018|90,69|02:10:37|968|0|361|2,621|177|90%|0|0|417|742|96|124|0|0|334|2,061|2,624|25|02:10:58|Garmin Edge 520|https://www.strava.com/activities/1812202154
07.10.2018|5,57|00:11:24|54|0|0|0|0||197|135|294|439|0|0|131|164|0|0|119|14|00:11:24|Garmin Edge 520|https://www.strava.com/activities/1948737600
06.10.2018|30,48|01:02:00|160|0|0|0|0||151|560|295|461|0|0|0|0|0|0|1,182|14|01:04:09|Garmin Edge 520|https://www.strava.com/activities/1887044876
04.10.2018|97,13|03:06:08|262|0|0|0|0||164|1,831|313|576|0|0|142|189|0|0|1,681|20|03:12:53|Garmin Edge 520|https://www.strava.com/activities/1883741866
02.10.2018|96,65|03:01:06|415|0|0|0|0||180|1,955|320|526|0|0|0|0|0|0|3,915|10|03:03:18|Garmin Edge 520|https://www.strava.com/activities/1879042085
07.10.2018|37,83|00:52:31|205|0|0|0|0||393|1,239|432|1148|0|0|157|197|0|0|747|14|00:55:26|Garmin Edge 520|https://www.strava.com/activities/1948737800
29.11.2018|90,19|03:01:22|786|0|242|2,127|112|61%|0|0|298|673|86|177|156|193|195|972|2,126|9|03:05:06|Garmin Edge 520|https://www.strava.com/activities/1990773613
24.11.2018|45,21|02:20:43|637|0|0|0|0||103|871|193|526|0|0|154|191|0|0|1,576|2|02:36:23|Garmin Edge 520|https://www.strava.com/activities/1981804607
23.11.2018|97,82|03:20:10|221|0|0|0|0||151|1,811|293|544|0|0|149|182|0|0|2,004|2|03:28:51|Garmin Edge 520|https://www.strava.com/activities/1980686270
22.11.2018|100,05|03:19:40|572|0|0|0|0||171|2,053|301|486|0|0|156|183|0|0|2,485|0|04:30:41|Garmin Edge 520|https://www.strava.com/activities/1978558844
18.11.2018|79,82|02:40:13|280|0|0|0|0||147|1,418|299|475|0|0|0|0|0|0|3,090|2|02:46:08|Garmin Edge 520|https://www.strava.com/activities/1971331941
17.11.2018|93,12|03:07:48|578|0|0|0|0||153|1,728|298|529|0|0|149|185|0|0|1,956|4|03:19:27|Garmin Edge 520|https://www.strava.com/activities/1969356465
16.11.2018|11,95|01:09:28|0|0|0|0|0||0|0|0|0|0|0|0|0|0|0|||00:00:00|Garmin Edge 520|https://www.strava.com/activities/1967433791
15.11.2018|78,79|02:29:43|452|0|0|0|0||173|1,557|316|526|0|0|149|178|0|0|1,510|9|02:33:46|Garmin Edge 520|https://www.strava.com/activities/1965782442
14.11.2018|76,91|02:33:11|326|0|0|0|0||149|1,369|301|508|0|0|151|182|0|0|1,617|6|02:34:14|Garmin Edge 520|https://www.strava.com/activities/1963897958
08.11.2018|28,95|01:43:16|598|0|0|0|0||102|635|168|583|0|0|162|195|0|0|1,303|5|02:24:24|Garmin Edge 520|https://www.strava.com/activities/1952722940
06.11.2018|10,67|00:58:37|0|0|0|0|0||0|0|0|0|0|0|0|0|0|0|||00:00:00|Garmin Edge 520|https://www.strava.com/activities/1948847745
09.11.2018|70,27|02:26:31|604|0|0|0|0||143|1,253|288|572|0|0|144|183|0|0|1,415|7|02:45:54|Garmin Edge 520|https://www.strava.com/activities/1954504646
25.12.2018|42,1|02:05:22|719|0|0|0|0||120|905|201|544|0|0|0|0|0|0|1,720|4|02:07:27|Garmin Edge 520|https://www.strava.com/activities/2035027599
11.12.2018|15,77|00:34:50|167|0|243|417|22|61%|0|0|272|529|87|101|0|0|200|637|414|22|00:36:38|Garmin Edge 520|https://www.strava.com/activities/2011455641
11.12.2018|32,07|01:10:35|415|0|261|891|52|65%|0|0|273|673|86|112|0|0|210|1,044|888|19|01:15:37|Garmin Edge 520|https://www.strava.com/activities/2011450573
05.12.2018|23,51|00:52:54|341|0|225|589|32|56%|0|0|267|724|86|109|0|0|186|1,288|585|14|01:05:42|Garmin Edge 520|https://www.strava.com/activities/2001717439
29.12.2018|146,44|04:15:50|1,605|0|271|3,536|201|68%|0|0|343|684|92|136|156|194|230|908|3,534|6|04:22:59|Garmin Edge 520|https://www.strava.com/activities/2042076346
28.12.2018|130,18|04:02:22|1,273|0|266|3,373|184|67%|0|0|322|580|90|115|160|202|232|835|3,367|3|04:23:32|Garmin Edge 520|https://www.strava.com/activities/2039968287
26.12.2018|105,34|03:30:07|814|0|224|2,485|111|56%|0|0|301|558|87|115|0|0|197|999|2,479|0|03:34:31|Garmin Edge 520|https://www.strava.com/activities/2036149511
24.12.2018|131,27|04:15:53|1,234|0|235|3,175|152|59%|0|0|308|594|81|126|150|186|207|1,005|3,171|9|04:24:36|Garmin Edge 520|https://www.strava.com/activities/2033121473
23.12.2018|121,81|04:10:12|1,164|0|230|2,994|143|58%|0|0|292|583|87|111|0|0|199|1,153|2,993|9|04:17:33|Garmin Edge 520|https://www.strava.com/activities/2031270932
22.12.2018|130,5|03:54:39|1,453|0|276|3,222|191|69%|0|0|334|806|87|150|146|184|229|1,502|3,224|8|04:02:20|Garmin Edge 520|https://www.strava.com/activities/2029551656
19.12.2018|88,3|03:00:16|362|0|209|2,094|84|52%|0|0|294|439|79|124|0|0|194|821|2,083|7|03:06:52|Garmin Edge 520|https://www.strava.com/activities/2025136503
15.12.2018|81,46|02:28:14|1,143|0|287|2,206|132|72%|0|0|330|803|86|143|147|173|248|942|2,207|2|02:33:25|Garmin Edge 520|https://www.strava.com/activities/2018184514
12.12.2018|130,39|04:28:03|2,405|0|270|3,716|213|68%|0|0|292|839|85|180|0|0|231|880|3,693|20|04:57:52|Garmin Edge 520|https://www.strava.com/activities/2013523178
10.12.2018|111,55|03:37:57|1,449|0|269|3,081|170|67%|0|0|307|670|85|175|155|199|236|997|3,079|21|03:52:50|Garmin Edge 520|https://www.strava.com/activities/2009952373
08.12.2018|76,55|02:26:44|838|0|231|1,597|86|58%|0|0|313|619|89|120|0|0|181|1,533|1,596|16|02:35:34|Garmin Edge 520|https://www.strava.com/activities/2006244046
07.12.2018|118,06|03:45:55|1,653|0|253|2,856|158|63%|0|0|314|666|89|125|148|190|211|1,018|2,838|14|03:58:22|Garmin Edge 520|https://www.strava.com/activities/2004730850
06.12.2018|121,05|03:45:03|1,354|0|242|2,541|145|61%|0|0|323|738|88|136|0|0|188|1,167|2,546|16|03:56:55|Garmin Edge 520|https://www.strava.com/activities/2003152277
02.12.2018|112,85|03:47:01|1,178|0|239|2,721|140|60%|0|0|298|677|84|213|0|0|200|1,603|2,749|10|04:00:24|Garmin Edge 520|https://www.strava.com/activities/1996016400
01.12.2018|98,58|03:04:26|1,316|0|288|2,731|160|72%|0|0|321|688|82|227|156|193|247|1,028|2,734|8|03:05:43|Garmin Edge 520|https://www.strava.com/activities/1994801861
loaded urls in 7.16:24:57.8324230
