date|distance|mov_time|elevation|relativeEffort|avg_power_weig|work_total|training_load|intensity|estAvgPower|energyOutput|avg_speed|max_speed|avg_cadence|max_cadence|avg_heartRate|max_heartRate|avg_power|max_power|avg_calories|avg_temperature|avg_elap_time|bicycle_model|url
1/26/2018|12.64|00:30:21|50|0|0|0|0||0|0|25|36.7|67|121|0|0|0|0||4|00:32:02|Garmin Edge 1000|https://www.strava.com/activities/1376724494
1/25/2018|12.14|00:28:41|60|0|0|0|0||0|0|25.4|57.2|68|129|0|0|0|0||6|00:35:59|Garmin Edge 1000|https://www.strava.com/activities/1374492708
1/25/2018|12.68|00:25:49|66|0|0|0|0||0|0|29.5|45|72|112|0|0|0|0||4|00:27:26|Garmin Edge 1000|https://www.strava.com/activities/1374489661
1/24/2018|12.65|00:29:59|57|0|0|0|0||0|0|25.3|37.4|67|195|0|0|0|0|329|6|00:35:06|Garmin Edge 1000|https://www.strava.com/activities/1373169813
1/24/2018|12.64|00:27:00|63|0|0|0|0||0|0|28.1|47.5|66|142|0|0|0|0||5|00:31:06|Garmin Edge 1000|https://www.strava.com/activities/1373169562
1/23/2018|12.64|00:34:32|53|0|0|0|0||0|0|22|32.8|67|195|0|0|0|0||8|00:54:26|Garmin Edge 1000|https://www.strava.com/activities/1371648771
1/23/2018|12.65|00:26:39|67|0|0|0|0||0|0|28.5|48.2|70|114|0|0|0|0||9|00:30:30|Garmin Edge 1000|https://www.strava.com/activities/1371648616
1/22/2018|12.73|00:30:28|48|0|0|0|0||0|0|25.1|40|70|133|0|0|0|0||7|00:35:00|Garmin Edge 1000|https://www.strava.com/activities/1369740099
1/22/2018|12.64|00:28:54|61|0|0|0|0||0|0|26.2|43.9|69|120|0|0|0|0|331|6|00:31:34|Garmin Edge 1000|https://www.strava.com/activities/1369740045
1/15/2018|0.09|00:00:00|1|0|0|0|0||0|0|10.4|18|28|50|112|117|0|0||14|00:00:32|Garmin Edge 1000|https://www.strava.com/activities/1358514842
1/12/2018|12.64|00:30:48|54|0|0|0|0||0|0|24.6|38.9|66|149|0|0|0|0|298|5|00:38:11|Garmin Edge 1000|https://www.strava.com/activities/1357150296
1/12/2018|12.67|00:28:09|66|0|0|0|0||0|0|27|41.8|73|110|0|0|0|0||5|00:29:25|Garmin Edge 1000|https://www.strava.com/activities/1357150117
1/10/2018|104.8|03:28:15|1465|0|0|0|0||0|0|30.2|69.1|81|177|0|0|0|0|3,283|3|03:38:48|Garmin Edge 1000|https://www.strava.com/activities/1350334068
1/10/2018|0.54|00:02:11|10|0|0|0|0||0|0|15|33.5|4|4|0|0|0|0|15|13|00:11:56|Garmin Edge 1000|https://www.strava.com/activities/1350333130
1/8/2018|12.65|00:29:00|70|0|0|0|0||0|0|26.2|43.6|71|117|0|0|0|0||3|00:33:42|Garmin Edge 1000|https://www.strava.com/activities/1350332948
1/4/2018|12.34|00:29:05|50|0|0|0|0||0|0|25.5|38.9|67|165|0|0|0|0|272|4|00:33:20|Garmin Edge 1000|https://www.strava.com/activities/1342383192
1/4/2018|13|00:26:32|65|0|0|0|0||0|0|29.4|60.5|73|116|0|0|0|0|296|6|00:40:51|Garmin Edge 1000|https://www.strava.com/activities/1342383114
1/3/2018|25.73|01:04:23|267|0|0|0|0||0|0|24|51.8|68|133|0|0|0|0|585|7|02:46:10|Garmin Edge 1000|https://www.strava.com/activities/1339089766
1/29/2018|54.76|01:54:11|419|0|0|0|0||0|0|28.8|59.4|77|108|130|151|0|0|1,506|5|02:07:03|Garmin Edge 1000|https://www.strava.com/activities/1387820829
1/26/2018|12.74|00:27:50|60|0|0|0|0||0|0|27.5|44.3|73|134|0|0|0|0|313|1|00:30:22|Garmin Edge 1000|https://www.strava.com/activities/1376724375
1/13/2018|35.96|01:23:36|302|0|0|0|0||0|0|25.8|65.2|77|123|0|0|0|0|866|5|01:59:26|Garmin Edge 1000|https://www.strava.com/activities/1357150618
1/11/2018|125.38|04:05:07|1527|0|0|0|0||0|0|30.7|68.4|77|125|0|0|0|0|3,991|1|04:12:11|Garmin Edge 1000|https://www.strava.com/activities/1351792427
1/8/2018|12.6|00:30:50|53|0|0|0|0||0|0|24.5|37.8|64|114|0|0|0|0|247|2|00:34:16|Garmin Edge 1000|https://www.strava.com/activities/1350333175
1/7/2018|108.09|03:44:16|1429|0|0|0|0||0|0|28.9|72.4|73|209|0|0|0|0|2,796|0|04:14:12|Garmin Edge 1000|https://www.strava.com/activities/1346298784
1/5/2018|37.29|01:23:49|296|0|0|0|0||0|0|26.7|53.6|77|205|0|0|0|0|902|4|02:19:13|Garmin Edge 1000|https://www.strava.com/activities/1342383434
1/2/2018|62.23|02:23:03|754|0|0|0|0||0|0|26.1|58.7|71|181|0|0|0|0|1,592|3|02:28:42|Garmin Edge 1000|https://www.strava.com/activities/1339089837
1/1/2018|79.41|03:02:21|955|0|0|0|0||0|0|26.1|82.1|73|144|0|0|0|0|2,084|3|03:17:15|Garmin Edge 1000|https://www.strava.com/activities/1336120713
2/28/2018|7.95|00:19:17|27|0|0|0|0||0|0|24.7|31.3|75|111|0|0|0|0||-3|00:19:33|Garmin Edge 1000|https://www.strava.com/activities/1431097652
2/28/2018|0|00:00:00|0|0|0|0|0||0|0|4|2.2|62|179|0|0|0|0||-2|01:26:25|Garmin Edge 1000|https://www.strava.com/activities/1431097599
2/28/2018|7.9|00:19:41|12|0|0|0|0||0|0|24.1|32.4|77|113|0|0|0|0|196|-3|00:22:41|Garmin Edge 1000|https://www.strava.com/activities/1431097565
2/27/2018|0|00:00:00|0|0|0|0|0||0|0|1.1|1.1|0|99|0|0|0|0|0|18|00:23:06|Garmin Edge 1000|https://www.strava.com/activities/1428164805
2/26/2018|15.92|00:38:26|32|0|0|0|0||0|0|24.9|41.4|73|181|0|0|0|0||1|01:38:12|Garmin Edge 1000|https://www.strava.com/activities/1426816156
2/25/2018|16.2|00:37:46|35|0|0|0|0||0|0|25.7|36|76|112|0|0|0|0|352|3|03:31:31|Garmin Edge 1000|https://www.strava.com/activities/1425416827
2/24/2018|8.07|00:20:40|18|0|0|0|0||0|0|23.5|31|63|173|0|0|0|0|168|3|00:20:40|Garmin Edge 1000|https://www.strava.com/activities/1424870982
2/24/2018|8.01|00:19:43|5|0|0|0|0||0|0|24.4|33.5|68|121|0|0|0|0|160|4|00:22:03|Garmin Edge 1000|https://www.strava.com/activities/1423896317
2/23/2018|28.61|00:56:31|148|0|0|0|0||0|0|30.4|46.4|78|114|0|0|0|0|592|1|00:57:56|Garmin Edge 1000|https://www.strava.com/activities/1423074895
2/22/2018|12.73|00:26:19|66|0|0|0|0||0|0|29|45|79|133|0|0|0|0|341|3|00:27:12|Garmin Edge 1000|https://www.strava.com/activities/1423074990
2/21/2018|13.8|00:29:02|58|0|0|0|0||0|0|28.5|46.1|75|112|0|0|0|0|336|6|00:33:27|Garmin Edge 1000|https://www.strava.com/activities/1423074957
2/21/2018|9.77|00:21:31|59|0|0|0|0||0|0|27.3|41.8|80|124|0|0|0|0|288|6|00:31:25|Garmin Edge 1000|https://www.strava.com/activities/1423074893
2/19/2018|13.78|00:28:51|55|0|0|0|0||0|0|28.7|45.7|75|175|0|0|0|0|344|8|00:31:55|Garmin Edge 1000|https://www.strava.com/activities/1423074745
2/19/2018|12.76|00:26:01|64|0|0|0|0||0|0|29.4|49.3|76|122|0|0|0|0|348|7|00:27:14|Garmin Edge 1000|https://www.strava.com/activities/1423074601
2/17/2018|87.83|03:25:11|1182|0|0|0|0||0|0|25.7|65.9|73|129|0|0|0|0|2,526|4|04:30:12|Garmin Edge 1000|https://www.strava.com/activities/1412041592
2/16/2018|12.65|00:30:04|51|0|0|0|0||0|0|25.3|41|68|105|0|0|0|0|300|5|00:34:47|Garmin Edge 1000|https://www.strava.com/activities/1410616447
2/16/2018|12.75|00:25:00|67|0|0|0|0||0|0|30.6|49|75|208|0|0|0|0|323|7|00:26:18|Garmin Edge 1000|https://www.strava.com/activities/1410565301
2/15/2018|23.26|00:59:24|134|0|0|0|0||0|0|23.5|50.8|75|129|0|0|0|0|583|6|01:07:13|Garmin Edge 1000|https://www.strava.com/activities/1408785749
2/13/2018|12.9|00:30:34|56|0|0|0|0||0|0|25.3|42.1|68|115|0|0|0|0|279|3|00:36:00|Garmin Edge 1000|https://www.strava.com/activities/1407833921
2/13/2018|12.66|00:28:35|69|0|0|0|0||0|0|26.6|57.2|77|134|0|0|0|0|335|2|00:31:44|Garmin Edge 1000|https://www.strava.com/activities/1407833821
2/8/2018|107.75|03:27:23|1157|0|0|0|0||0|0|31.2|67.3|79|139|135|186|0|0|2,675|7|03:43:11|Garmin Edge 1000|https://www.strava.com/activities/1397474364
2/7/2018|129.18|04:17:55|721|0|0|0|0||0|0|30.1|64.1|75|240|133|191|0|0|2,826|5|04:40:41|Garmin Edge 1000|https://www.strava.com/activities/1395978068
2/5/2018|5.69|00:10:27|39|0|0|0|0||0|0|32.7|55.4|0|0|122|139|0|0|140|8|00:10:27|Garmin Edge 1000|https://www.strava.com/activities/1392662651
2/5/2018|1.76|00:03:31|0|0|0|0|0||0|0|30.1|36|0|0|123|132|0|0|37|10|00:03:31|Garmin Edge 1000|https://www.strava.com/activities/1392662584
2/2/2018|51.07|01:59:09|772|0|0|0|0||0|0|25.7|75.6|69|134|128|158|0|0|1,396|6|02:02:12|Garmin Edge 1000|https://www.strava.com/activities/1388382924
2/1/2018|13.56|00:31:37|71|0|0|0|0||0|0|25.7|43.6|72|115|0|0|0|0|366|4|00:34:01|Garmin Edge 1000|https://www.strava.com/activities/1387820687
2/27/2018|9.38|00:20:17|31|0|0|0|0||0|0|27.8|42.8|75|175|0|0|0|0|178|1|00:20:37|Garmin Edge 1000|https://www.strava.com/activities/1428521012
2/27/2018|7.99|00:19:33|8|0|0|0|0||0|0|24.5|32.4|68|109|0|0|0|0|139|2|00:20:22|Garmin Edge 1000|https://www.strava.com/activities/1428520940
2/12/2018|58.98|01:58:00|496|0|0|0|0||0|0|30|61.2|83|126|143|182|0|0|1,633|3|02:04:37|Garmin Edge 1000|https://www.strava.com/activities/1404087952
2/5/2018|38.24|01:16:16|137|0|0|0|0||0|0|30.1|52.2|0|0|130|181|0|0|872|12|01:31:54|Garmin Edge 1000|https://www.strava.com/activities/1392662809
2/4/2018|156.57|05:00:00|1531|0|0|0|0||0|0|31.3|69.1|76|142|134|191|0|0|3,597|11|05:21:27|Garmin Edge 1000|https://www.strava.com/activities/1391368549
2/3/2018|128.77|03:59:10|910|0|0|0|0||0|0|32.3|70.2|79|168|140|190|0|0|3,306|9|04:17:31|Garmin Edge 1000|https://www.strava.com/activities/1389314793
3/31/2018|20.76|00:46:46|204|0|0|0|0||0|0|26.6|57.6|71|216|0|0|0|0||21|03:19:52|Wahoo ELEMNT BOLT|https://www.strava.com/activities/1481222524
3/31/2018|36.36|01:19:57|288|0|0|0|0||0|0|27.3|53.3|76|193|0|0|0|0||29|01:27:03|Wahoo ELEMNT BOLT|https://www.strava.com/activities/1480743567
3/30/2018|22.31|00:48:50|236|0|0|0|0||0|0|27.4|53.3|72|117|0|0|0|0||23|03:23:55|Wahoo ELEMNT BOLT|https://www.strava.com/activities/1479246528
3/23/2018|12.69|00:26:28|44|0|0|0|0||0|0|28.8|47.2|68|205|0|0|0|0|270|8|00:30:43|Wahoo ELEMNT BOLT|https://www.strava.com/activities/1467760922
3/23/2018|12.67|00:24:19|65|0|0|0|0||0|0|31.3|51.1|80|156|0|0|0|0|316|9|00:26:32|Wahoo ELEMNT BOLT|https://www.strava.com/activities/1467257157
3/22/2018|13.42|00:34:34|49|0|0|0|0||0|0|23.3|37.1|74|150|0|0|0|0|357|7|00:37:44|Wahoo ELEMNT BOLT|https://www.strava.com/activities/1465976197
3/22/2018|12.67|00:25:18|61|0|0|0|0||0|0|30.1|46.1|82|172|0|0|0|0|355|8|00:27:32|Wahoo ELEMNT BOLT|https://www.strava.com/activities/1465578222
3/15/2018|17.27|00:28:33|0|0|0|0|0||0|0|36.3|65.5|77|145|0|0|0|0|366|-5|00:28:33|Garmin Edge 1000|https://www.strava.com/activities/1457523773
3/9/2018|79.24|02:43:15|1225|0|0|0|0||0|0|29.1|75.6|80|205|0|0|0|0|2,499|5|02:48:51|Garmin Edge 1000|https://www.strava.com/activities/1443894496
3/8/2018|52.86|02:06:33|644|0|0|0|0||0|0|25.1|60.1|72|154|0|0|0|0|1,423|4|02:13:10|Garmin Edge 1000|https://www.strava.com/activities/1442444657
3/7/2018|12.73|00:31:49|56|0|0|0|0||0|0|24|42.8|66|109|0|0|0|0|308|5|00:36:05|Garmin Edge 1000|https://www.strava.com/activities/1441128219
3/7/2018|0|00:00:00|0|0|0|0|0||0|0|23|3.2|56|149|130|197|0|0|0|17|00:30:13|Garmin Edge 1000|https://www.strava.com/activities/1440591493
3/7/2018|12.73|00:26:19|67|0|0|0|0||0|0|29|46.8|72|153|140|173|0|0|289|5|00:30:17|Garmin Edge 1000|https://www.strava.com/activities/1440511633
3/6/2018|17.16|00:39:55|64|0|0|0|0||0|0|25.8|39.2|73|118|0|0|0|0|453|7|00:43:50|Garmin Edge 1000|https://www.strava.com/activities/1440356278
3/4/2018|38.06|01:29:38|281|0|0|0|0||0|0|25.5|47.9|71|114|0|0|0|0||4|02:31:14|Garmin Edge 1000|https://www.strava.com/activities/1435530821
3/2/2018|8.07|00:19:43|23|0|0|0|0||0|0|24.6|33.1|71|107|0|0|0|0|175|1|00:20:27|Garmin Edge 1000|https://www.strava.com/activities/1432911435
3/2/2018|8.09|00:17:40|13|0|0|0|0||0|0|27.5|38.2|79|127|0|0|0|0||1|00:20:29|Garmin Edge 1000|https://www.strava.com/activities/1432911408
3/1/2018|8.14|00:19:19|26|0|0|0|0||0|0|25.3|39.2|72|119|0|0|0|0||-1|00:20:53|Garmin Edge 1000|https://www.strava.com/activities/1432691981
3/1/2018|8.17|00:19:55|7|0|0|0|0||0|0|24.6|30.6|74|154|0|0|0|0||0|00:21:52|Garmin Edge 1000|https://www.strava.com/activities/1432691929
3/30/2018|27.05|00:56:11|165|0|0|0|0||0|0|28.9|59.8|74|149|0|0|0|0|530|29|01:21:47|Wahoo ELEMNT BOLT|https://www.strava.com/activities/1478969753
3/29/2018|35.65|01:15:21|335|0|0|0|0||0|0|28.4|54.7|77|254|0|0|0|0|830|26|02:00:46|Wahoo ELEMNT BOLT|https://www.strava.com/activities/1477370905
3/27/2018|47.26|01:51:18|881|0|0|0|0||0|0|25.5|70.6|75|227|134|174|0|0|1,211|25|03:12:48|Wahoo ELEMNT BOLT|https://www.strava.com/activities/1474175141
3/15/2018|88.22|03:00:24|0|0|0|0|0||0|0|29.3|75.2|78|186|0|0|0|0|2,402|-5|03:09:51|Garmin Edge 1000|https://www.strava.com/activities/1454394224
3/14/2018|85.21|03:08:58|0|0|0|0|0||0|0|27.1|76|76|185|0|0|0|0|2,464|23|03:16:36|Garmin Edge 1000|https://www.strava.com/activities/1452727209
3/13/2018|124.28|04:18:30|0|0|0|0|0||0|0|28.8|80.6|77|224|147|190|0|0|3,796|23|04:50:21|Garmin Edge 1000|https://www.strava.com/activities/1450942456
3/11/2018|150.53|05:12:13|1946|0|0|0|0||0|0|28.9|63.7|74|208|137|226|0|0|4,167|12|05:40:52|Garmin Edge 1000|https://www.strava.com/activities/1448039611
3/10/2018|122.81|03:57:29|1458|0|0|0|0||0|0|31|70.2|80|218|138|238|0|0|2,996|16|04:11:38|Garmin Edge 1000|https://www.strava.com/activities/1445644732
3/31/2018|20.76|00:46:46|204|0|0|0|0||0|0|26.6|57.6|71|216|0|0|0|0||21|03:19:52|Wahoo ELEMNT BOLT|https://www.strava.com/activities/1481222524
3/31/2018|36.36|01:19:57|288|0|0|0|0||0|0|27.3|53.3|76|193|0|0|0|0||29|01:27:03|Wahoo ELEMNT BOLT|https://www.strava.com/activities/1480743567
3/30/2018|22.31|00:48:50|236|0|0|0|0||0|0|27.4|53.3|72|117|0|0|0|0||23|03:23:55|Wahoo ELEMNT BOLT|https://www.strava.com/activities/1479246528
3/23/2018|12.69|00:26:28|44|0|0|0|0||0|0|28.8|47.2|68|205|0|0|0|0|270|8|00:30:43|Wahoo ELEMNT BOLT|https://www.strava.com/activities/1467760922
3/23/2018|12.67|00:24:19|65|0|0|0|0||0|0|31.3|51.1|80|156|0|0|0|0|316|9|00:26:32|Wahoo ELEMNT BOLT|https://www.strava.com/activities/1467257157
3/22/2018|13.42|00:34:34|49|0|0|0|0||0|0|23.3|37.1|74|150|0|0|0|0|357|7|00:37:44|Wahoo ELEMNT BOLT|https://www.strava.com/activities/1465976197
3/22/2018|12.67|00:25:18|61|0|0|0|0||0|0|30.1|46.1|82|172|0|0|0|0|355|8|00:27:32|Wahoo ELEMNT BOLT|https://www.strava.com/activities/1465578222
3/15/2018|17.27|00:28:33|0|0|0|0|0||0|0|36.3|65.5|77|145|0|0|0|0|366|-5|00:28:33|Garmin Edge 1000|https://www.strava.com/activities/1457523773
3/9/2018|79.24|02:43:15|1225|0|0|0|0||0|0|29.1|75.6|80|205|0|0|0|0|2,499|5|02:48:51|Garmin Edge 1000|https://www.strava.com/activities/1443894496
3/8/2018|52.86|02:06:33|644|0|0|0|0||0|0|25.1|60.1|72|154|0|0|0|0|1,423|4|02:13:10|Garmin Edge 1000|https://www.strava.com/activities/1442444657
3/7/2018|12.73|00:31:49|56|0|0|0|0||0|0|24|42.8|66|109|0|0|0|0|308|5|00:36:05|Garmin Edge 1000|https://www.strava.com/activities/1441128219
3/7/2018|0|00:00:00|0|0|0|0|0||0|0|23|3.2|56|149|130|197|0|0|0|17|00:30:13|Garmin Edge 1000|https://www.strava.com/activities/1440591493
3/7/2018|12.73|00:26:19|67|0|0|0|0||0|0|29|46.8|72|153|140|173|0|0|289|5|00:30:17|Garmin Edge 1000|https://www.strava.com/activities/1440511633
3/6/2018|17.16|00:39:55|64|0|0|0|0||0|0|25.8|39.2|73|118|0|0|0|0|453|7|00:43:50|Garmin Edge 1000|https://www.strava.com/activities/1440356278
3/4/2018|38.06|01:29:38|281|0|0|0|0||0|0|25.5|47.9|71|114|0|0|0|0||4|02:31:14|Garmin Edge 1000|https://www.strava.com/activities/1435530821
3/2/2018|8.07|00:19:43|23|0|0|0|0||0|0|24.6|33.1|71|107|0|0|0|0|175|1|00:20:27|Garmin Edge 1000|https://www.strava.com/activities/1432911435
3/2/2018|8.09|00:17:40|13|0|0|0|0||0|0|27.5|38.2|79|127|0|0|0|0||1|00:20:29|Garmin Edge 1000|https://www.strava.com/activities/1432911408
3/1/2018|8.14|00:19:19|26|0|0|0|0||0|0|25.3|39.2|72|119|0|0|0|0||-1|00:20:53|Garmin Edge 1000|https://www.strava.com/activities/1432691981
3/1/2018|8.17|00:19:55|7|0|0|0|0||0|0|24.6|30.6|74|154|0|0|0|0||0|00:21:52|Garmin Edge 1000|https://www.strava.com/activities/1432691929
3/30/2018|27.05|00:56:11|165|0|0|0|0||0|0|28.9|59.8|74|149|0|0|0|0|530|29|01:21:47|Wahoo ELEMNT BOLT|https://www.strava.com/activities/1478969753
3/29/2018|35.65|01:15:21|335|0|0|0|0||0|0|28.4|54.7|77|254|0|0|0|0|830|26|02:00:46|Wahoo ELEMNT BOLT|https://www.strava.com/activities/1477370905
3/27/2018|47.26|01:51:18|881|0|0|0|0||0|0|25.5|70.6|75|227|134|174|0|0|1,211|25|03:12:48|Wahoo ELEMNT BOLT|https://www.strava.com/activities/1474175141
3/15/2018|88.22|03:00:24|0|0|0|0|0||0|0|29.3|75.2|78|186|0|0|0|0|2,402|-5|03:09:51|Garmin Edge 1000|https://www.strava.com/activities/1454394224
3/14/2018|85.21|03:08:58|0|0|0|0|0||0|0|27.1|76|76|185|0|0|0|0|2,464|23|03:16:36|Garmin Edge 1000|https://www.strava.com/activities/1452727209
3/13/2018|124.28|04:18:30|0|0|0|0|0||0|0|28.8|80.6|77|224|147|190|0|0|3,796|23|04:50:21|Garmin Edge 1000|https://www.strava.com/activities/1450942456
3/11/2018|150.53|05:12:13|1946|0|0|0|0||0|0|28.9|63.7|74|208|137|226|0|0|4,167|12|05:40:52|Garmin Edge 1000|https://www.strava.com/activities/1448039611
3/10/2018|122.81|03:57:29|1458|0|0|0|0||0|0|31|70.2|80|218|138|238|0|0|2,996|16|04:11:38|Garmin Edge 1000|https://www.strava.com/activities/1445644732
5/31/2018|1.32|00:01:34|7|0|0|0|0||0|0|50.7|57.2|104|119|0|0|0|0|47|26|00:01:34|Wahoo ELEMNT BOLT|https://www.strava.com/activities/1610118547
5/29/2018|6.09|00:14:42|5|0|123|98|1|25%|0|0|24.9|38.9|77|90|0|0|111|208|109|24|00:14:42|Wahoo ELEMNT BOLT|https://www.strava.com/activities/1606068901
5/20/2018|1.82|00:09:24|23|0|75|37|0|15%|0|0|11.7|59.4|59|88|0|0|66|209|41|23|00:09:24|Wahoo ELEMNT BOLT|https://www.strava.com/activities/1584884454
5/10/2018|0|00:00:00|0|0|0|0|0||0|0|0|0|0|112|0|97|0|0|0|0|00:00:08|Wahoo ELEMNT BOLT|https://www.strava.com/activities/1562306249
5/5/2018|121.54|04:01:42|1778|0|0|0|0||0|0|30.2|102.6|79|147|146|175|0|0|3,620|19|04:19:32|Wahoo ELEMNT BOLT|https://www.strava.com/activities/1551624646
5/3/2018|35.21|01:23:41|463|0|0|0|0||0|0|25.3|61.9|69|254|120|150|0|0|858|17|02:10:52|Wahoo ELEMNT BOLT|https://www.strava.com/activities/1549809859
5/31/2018|26.22|00:55:59|398|0|221|597|18|44%|0|0|28.1|69.5|78|251|0|0|178|665|666|26|00:58:28|Wahoo ELEMNT BOLT|https://www.strava.com/activities/1608020183
5/30/2018|18.95|00:42:13|271|0|0|0|0||0|0|26.9|73.8|67|246|0|0|0|0|411|20|00:42:13|Wahoo ELEMNT BOLT|https://www.strava.com/activities/1606180010
5/27/2018|91.26|02:59:05|919|0|258|2159|83|52%|0|0|30.6|76.3|80|254|0|0|201|1423|2,408|29|03:08:21|Wahoo ELEMNT BOLT|https://www.strava.com/activities/1599099366
5/26/2018|13.65|00:33:05|28|0|107|202|3|21%|0|0|24.8|37.1|72|129|0|0|102|259|225|31|01:59:24|Wahoo ELEMNT BOLT|https://www.strava.com/activities/1596980462
5/25/2018|151.16|04:53:23|1564|0|237|3616|116|47%|0|0|30.9|76.3|75|254|0|0|205|911|4,032|28|05:17:21|Wahoo ELEMNT BOLT|https://www.strava.com/activities/1595162725
5/24/2018|127.32|04:02:07|1227|0|230|2920|88|46%|0|0|31.6|112|76|142|0|0|201|1088|3,256|26|04:12:33|Wahoo ELEMNT BOLT|https://www.strava.com/activities/1592912667
5/23/2018|140.01|04:54:17|1874|0|0|0|0||0|0|28.5|75.2|76|254|137|167|0|0|3,810|22|06:37:45|Wahoo ELEMNT BOLT|https://www.strava.com/activities/1591080573
5/22/2018|20.74|00:40:49|49|0|0|0|0||0|0|30.5|47.2|75|125|0|0|0|0|447|16|00:41:04|Wahoo ELEMNT BOLT|https://www.strava.com/activities/1588950782
5/20/2018|190.46|04:34:03|1586|0|0|0|0||0|0|41.7|79.6|84|254|136|193|0|0|3,572|23|04:40:19|Wahoo ELEMNT BOLT|https://www.strava.com/activities/1584895516
5/19/2018|194.16|04:34:06|1613|0|300|4185|164|60%|0|0|42.5|78.1|86|254|0|0|254|1344|4,667|15|04:34:52|Wahoo ELEMNT BOLT|https://www.strava.com/activities/1582126651
5/18/2018|125.24|02:54:17|1104|0|272|2408|85|54%|0|0|43.1|78.8|86|202|0|0|230|1092|2,685|19|02:54:32|Wahoo ELEMNT BOLT|https://www.strava.com/activities/1580144263
5/18/2018|10.26|00:22:43|76|0|210|228|8|42%|0|0|27.1|49.7|76|133|0|0|167|1443|255|20|00:28:08|Wahoo ELEMNT BOLT|https://www.strava.com/activities/1580144460
5/17/2018|37.24|01:23:07|485|0|174|785|18|35%|0|0|26.9|62.6|68|250|0|0|157|686|876|16|01:38:12|Wahoo ELEMNT BOLT|https://www.strava.com/activities/1577548208
5/16/2018|38.67|01:27:37|452|0|152|678|13|30%|0|0|26.5|57.6|64|238|0|0|129|920|756|15|02:51:10|Wahoo ELEMNT BOLT|https://www.strava.com/activities/1575781076
5/15/2018|28.79|01:08:39|256|0|0|0|0||0|0|25.2|54.7|63|108|0|0|0|0|553|22|01:08:39|Wahoo ELEMNT BOLT|https://www.strava.com/activities/1574020987
5/14/2018|17.58|00:45:04|148|0|0|0|0||0|0|23.4|45.7|59|128|0|0|0|0|366|14|02:29:54|Wahoo ELEMNT BOLT|https://www.strava.com/activities/1571498555
5/13/2018|153.31|03:23:39|1405|0|0|0|0||0|0|45.2|69.5|84|219|143|180|0|0|3,227|10|03:24:43|Wahoo ELEMNT BOLT|https://www.strava.com/activities/1569954657
5/12/2018|13.24|00:25:39|90|0|0|0|0||0|0|31|52.2|61|195|123|154|0|0|198|27|00:25:39|Wahoo ELEMNT BOLT|https://www.strava.com/activities/1567304060
5/12/2018|145.77|03:18:36|1673|0|0|0|0||0|0|44|76.7|85|254|149|193|0|0|3,040|24|03:18:36|Wahoo ELEMNT BOLT|https://www.strava.com/activities/1567192982
5/12/2018|13.28|00:27:35|79|0|0|0|0||0|0|28.9|52.6|64|113|106|138|0|0|205|20|00:28:39|Wahoo ELEMNT BOLT|https://www.strava.com/activities/1566455691
5/10/2018|11.23|00:26:55|39|0|0|0|0||0|0|25|42.8|66|177|118|141|0|0|221|16|00:30:02|Wahoo ELEMNT BOLT|https://www.strava.com/activities/1566380755
5/10/2018|149.87|03:35:21|1928|0|0|0|0||0|0|41.8|108.7|87|254|152|197|0|0|3,374|15|03:35:56|Wahoo ELEMNT BOLT|https://www.strava.com/activities/1562306484
5/9/2018|79.22|01:45:15|868|0|0|0|0||0|0|45.2|76.7|89|185|166|198|0|0|1,651|22|01:46:03|Wahoo ELEMNT BOLT|https://www.strava.com/activities/1560948955
5/9/2018|9.65|00:21:31|107|0|0|0|0||0|0|26.9|50.8|68|118|114|159|0|0|173|27|00:25:47|Wahoo ELEMNT BOLT|https://www.strava.com/activities/1560268552
5/8/2018|54.3|01:56:07|461|0|0|0|0||0|0|28.1|53.3|71|254|121|160|0|0|1,165|24|02:06:44|Wahoo ELEMNT BOLT|https://www.strava.com/activities/1557411622
5/6/2018|92.5|03:14:03|1125|0|0|0|0||0|0|28.6|65.9|73|254|138|170|0|0|2,577|20|03:37:18|Wahoo ELEMNT BOLT|https://www.strava.com/activities/1554302612
5/1/2018|65.62|02:24:22|826|0|0|0|0||0|0|27.3|67.3|73|254|0|0|0|0|1,754|8|02:36:21|Wahoo ELEMNT BOLT|https://www.strava.com/activities/1543844923
6/30/2018|38.3|01:14:40|339|0|0|0|0||178|795|30.8|62.3|0|0|0|0|0|0|887|19|01:48:58|Wahoo ELEMNT BOLT|https://www.strava.com/activities/1671351612
6/29/2018|84.32|02:51:24|1134|0|0|0|0||176|1815|29.5|62.3|0|0|0|0|0|0|2,023|24|02:56:56|Wahoo ELEMNT BOLT|https://www.strava.com/activities/1669486656
6/28/2018|39.28|01:17:35|431|0|0|0|0||189|882|30.4|75.6|0|0|0|0|0|0|983|27|01:20:09|Wahoo ELEMNT BOLT|https://www.strava.com/activities/1667948760
6/28/2018|28.77|00:37:58|216|0|348|764|30|70%|0|0|45.5|68.4|97|142|0|0|336|831|852|23|00:37:58|Wahoo ELEMNT BOLT|https://www.strava.com/activities/1667853635
6/27/2018|27.31|00:42:25|223|0|130|0|5|26%|0|0|38.6|70.6|88|108|0|0|0|1055|0|20|00:52:16|Wahoo ELEMNT BOLT|https://www.strava.com/activities/1665334185
6/26/2018|51.65|01:42:12|416|0|0|0|0||176|1081|30.3|67|0|0|0|0|0|0|1,205|19|01:47:39|Wahoo ELEMNT BOLT|https://www.strava.com/activities/1663054640
6/25/2018|67.88|02:20:47|622|0|0|0|0||162|1371|28.9|72.7|0|0|0|0|0|0|1,529|25|02:32:46|Wahoo ELEMNT BOLT|https://www.strava.com/activities/1665135540
6/24/2018|164.51|04:12:43|2456|0|279|3382|131|56%|0|0|39.1|82.8|88|254|0|0|223|1270|3,771|25|04:13:08|Wahoo ELEMNT BOLT|https://www.strava.com/activities/1659757561
6/24/2018|11.21|00:31:20|193|0|159|247|6|32%|0|0|21.5|57.6|66|112|0|0|132|589|276|24|02:06:28|Wahoo ELEMNT BOLT|https://www.strava.com/activities/1659756876
6/23/2018|8.11|00:15:05|140|0|174|131|3|35%|0|0|32.3|72|75|163|0|0|144|441|146|14|00:15:05|Wahoo ELEMNT BOLT|https://www.strava.com/activities/1657326825
6/23/2018|131.28|03:19:13|2019|0|306|3127|123|61%|0|0|39.5|85.3|93|237|0|0|262|1301|3,486|15|03:19:13|Wahoo ELEMNT BOLT|https://www.strava.com/activities/1657333123
6/23/2018|16.26|00:42:23|274|0|169|363|10|34%|0|0|23|60.1|71|137|0|0|143|454|405|18|02:24:05|Wahoo ELEMNT BOLT|https://www.strava.com/activities/1657333841
6/21/2018|48.59|02:06:19|876|0|189|1025|35|38%|0|0|23.1|65.5|71|254|0|0|135|814|1,143|17|02:39:19|Wahoo ELEMNT BOLT|https://www.strava.com/activities/1652579901
6/20/2018|56.3|02:15:12|665|0|165|1165|25|33%|0|0|25|57.6|72|240|0|0|144|631|1,299|19|02:21:59|Wahoo ELEMNT BOLT|https://www.strava.com/activities/1650506790
6/19/2018|138.11|04:39:17|2018|0|240|3682|111|48%|0|0|29.7|101.2|80|197|0|0|220|1753|4,106|20|04:53:15|Wahoo ELEMNT BOLT|https://www.strava.com/activities/1648515554
6/15/2018|12.91|00:28:19|43|0|159|250|5|32%|0|0|27.4|43.6|67|248|0|0|147|536|279|16|00:31:05|Wahoo ELEMNT BOLT|https://www.strava.com/activities/1640309646
6/15/2018|12.62|00:25:04|60|0|215|292|8|43%|0|0|30.2|54|75|204|0|0|194|583|325|14|00:27:50|Wahoo ELEMNT BOLT|https://www.strava.com/activities/1639577179
6/14/2018|66.31|01:54:18|378|0|259|1612|54|52%|0|0|34.8|65.5|84|139|0|0|235|693|1,797|16|02:01:19|Wahoo ELEMNT BOLT|https://www.strava.com/activities/1638493972
6/13/2018|51.46|01:48:14|365|0|173|1017|24|35%|0|0|28.5|69.5|70|254|0|0|157|1037|1,134|19|02:10:15|Wahoo ELEMNT BOLT|https://www.strava.com/activities/1636369251
6/12/2018|13.84|00:36:12|40|0|111|230|3|22%|0|0|22.9|38.2|61|135|0|0|106|480|257|18|00:43:12|Wahoo ELEMNT BOLT|https://www.strava.com/activities/1634181472
6/12/2018|12.6|00:26:30|67|0|202|297|7|40%|0|0|28.5|47.2|72|176|0|0|187|1050|331|18|00:28:23|Wahoo ELEMNT BOLT|https://www.strava.com/activities/1633605721
6/11/2018|12.36|00:30:34|45|0|0|0|0||105|192|24.3|44.6|0|0|0|0|0|0|214|21|00:33:08|Wahoo ELEMNT BOLT|https://www.strava.com/activities/1632077399
6/11/2018|12.62|00:27:20|53|0|0|0|0||149|245|27.7|46.8|0|0|0|0|0|0|273|22|00:30:22|Wahoo ELEMNT BOLT|https://www.strava.com/activities/1632038628
6/10/2018|178.7|04:02:00|1497|0|278|3332|126|56%|0|0|44.3|153.4|86|201|0|0|229|1337|3,715|20|04:03:37|Wahoo ELEMNT BOLT|https://www.strava.com/activities/1629772610
6/10/2018|4.95|00:13:16|10|0|63|37|0|13%|0|0|22.4|28.1|61|151|0|0|47|348|42|23|00:13:16|Wahoo ELEMNT BOLT|https://www.strava.com/activities/1629772332
6/9/2018|179.41|04:03:26|1370|0|265|3016|114|53%|0|0|44.2|167.4|85|240|0|0|206|1245|3,363|22|04:05:30|Wahoo ELEMNT BOLT|https://www.strava.com/activities/1627584754
6/8/2018|220.76|05:24:29|2220|0|258|3997|145|52%|0|0|40.8|84.2|84|246|0|0|205|1330|4,457|23|05:26:00|Wahoo ELEMNT BOLT|https://www.strava.com/activities/1625636596
6/7/2018|131.39|03:00:21|1170|0|0|0|0||0|0|43.7|77.8|88|254|0|0|0|0|2,603|26|03:01:19|Wahoo ELEMNT BOLT|https://www.strava.com/activities/1623467759
6/6/2018|48.42|01:43:27|418|0|0|0|0||0|0|28.1|61.9|74|254|0|0|0|0|976|17|01:45:29|Wahoo ELEMNT BOLT|https://www.strava.com/activities/1623468231
6/5/2018|17.07|00:44:01|124|0|0|0|0||0|0|23.3|45.7|70|166|0|0|0|0|336|25|01:16:07|Wahoo ELEMNT BOLT|https://www.strava.com/activities/1623469080
6/4/2018|16.21|00:44:36|196|0|155|348|7|31%|0|0|21.8|55.4|66|230|0|0|130|1730|388|24|00:49:23|Wahoo ELEMNT BOLT|https://www.strava.com/activities/1616982223
6/3/2018|155.91|03:55:23|2416|0|289|3339|131|58%|0|0|39.7|126.7|91|239|0|0|236|945|3,723|19|03:55:51|Wahoo ELEMNT BOLT|https://www.strava.com/activities/1614467997
6/2/2018|149.69|04:16:26|2976|0|282|3544|135|56%|0|0|35|85|88|179|0|0|230|794|3,951|25|04:17:50|Wahoo ELEMNT BOLT|https://www.strava.com/activities/1612523942
6/1/2018|135.02|03:28:26|1962|0|284|2811|112|57%|0|0|38.9|88.6|88|228|0|0|225|1436|3,134|28|03:28:53|Wahoo ELEMNT BOLT|https://www.strava.com/activities/1610118650
7/31/2018|4.5|00:14:57|41|0|0|0|0||0|0|18.1|31|59|133|0|0|0|0|91|18|00:21:43|Wahoo ELEMNT BOLT|https://www.strava.com/activities/1845748959
7/30/2018|16.01|00:36:29|81|0|173|336|8|35%|0|0|26.3|47.2|73|120|0|0|154|673|375|19|00:40:31|Wahoo ELEMNT BOLT|https://www.strava.com/activities/1739565107
7/28/2018|83.4|03:02:45|1021|0|0|0|0||0|0|27.4|75.2|73|169|0|0|0|0|2,097|16|04:19:33|Wahoo ELEMNT BOLT|https://www.strava.com/activities/1733251123
7/27/2018|14.11|00:32:26|60|0|0|0|0||0|0|26.1|40.3|70|103|0|0|0|0|319|21|00:33:45|Wahoo ELEMNT BOLT|https://www.strava.com/activities/1731749000
7/27/2018|12.51|00:24:50|70|0|217|282|8|43%|0|0|30.2|49.7|75|104|0|0|189|637|314|26|00:26:48|Wahoo ELEMNT BOLT|https://www.strava.com/activities/1731749259
7/25/2018|11.38|00:27:35|59|0|0|0|0||0|0|24.8|36.7|68|143|0|0|0|0|224|24|00:31:02|Wahoo ELEMNT BOLT|https://www.strava.com/activities/1729394424
7/25/2018|13.13|00:27:52|76|0|0|0|0||0|0|28.3|48.6|71|171|0|0|0|0|327|17|00:32:29|Wahoo ELEMNT BOLT|https://www.strava.com/activities/1726359811
7/23/2018|13.27|00:30:50|60|0|0|0|0||0|0|25.8|40.3|71|102|0|0|0|0|259|22|00:32:44|Wahoo ELEMNT BOLT|https://www.strava.com/activities/1722920646
7/23/2018|12.44|00:26:06|67|0|0|0|0||0|0|28.6|51.1|73|112|0|0|0|0|276|26|00:29:36|Wahoo ELEMNT BOLT|https://www.strava.com/activities/1722146955
7/21/2018|78.75|03:06:38|1254|0|0|0|0||0|0|25.3|74.5|75|254|0|0|0|0|2,026|17|03:44:29|Wahoo ELEMNT BOLT|https://www.strava.com/activities/1717296948
7/20/2018|13.43|00:33:58|45|0|0|0|0||0|0|23.7|36.7|71|175|0|0|0|0|266|14|00:37:30|Wahoo ELEMNT BOLT|https://www.strava.com/activities/1716794288
7/19/2018|12.81|00:25:45|55|0|0|0|0||0|0|29.8|50.8|76|117|0|0|0|0|333|23|00:35:47|Wahoo ELEMNT BOLT|https://www.strava.com/activities/1713524632
7/19/2018|32.32|01:07:37|154|0|0|0|0||0|0|28.7|60.8|77|131|0|0|0|0|700|22|01:25:51|Wahoo ELEMNT BOLT|https://www.strava.com/activities/1712798256
7/18/2018|25.15|00:58:17|106|0|0|0|0||0|0|25.9|56.9|71|147|0|0|0|0|486|21|02:52:21|Wahoo ELEMNT BOLT|https://www.strava.com/activities/1710626824
7/17/2018|12.65|00:27:56|58|0|0|0|0||0|0|27.2|48.6|73|158|0|0|0|0|274|15|00:30:20|Wahoo ELEMNT BOLT|https://www.strava.com/activities/1707966976
7/16/2018|12.59|00:26:33|50|0|0|0|0||0|0|28.5|61.2|67|240|0|0|0|0|304|19|00:30:23|Wahoo ELEMNT BOLT|https://www.strava.com/activities/1706776230
7/16/2018|12.67|00:26:24|68|0|0|0|0||0|0|28.8|46.1|76|186|0|0|0|0|308|23|00:29:12|Wahoo ELEMNT BOLT|https://www.strava.com/activities/1706775321
7/15/2018|16.1|00:37:41|96|0|0|0|0||0|0|25.6|47.2|80|147|0|0|0|0|314|26|02:12:03|Wahoo ELEMNT BOLT|https://www.strava.com/activities/1704239851
7/14/2018|89.4|03:15:44|922|0|0|0|0||0|0|27.4|78.5|75|161|0|0|0|0|2,078|23|03:58:27|Wahoo ELEMNT BOLT|https://www.strava.com/activities/1701778057
7/13/2018|24.99|00:52:34|90|0|0|0|0||0|0|28.5|45.7|72|114|0|0|0|0|593|18|00:56:32|Wahoo ELEMNT BOLT|https://www.strava.com/activities/1699686950
7/13/2018|12.41|00:27:14|58|0|0|0|0||0|0|27.4|51.5|70|154|0|0|0|0|262|14|00:30:58|Wahoo ELEMNT BOLT|https://www.strava.com/activities/1699687232
7/12/2018|15.23|00:38:16|56|0|88|129|2|18%|0|0|23.9|45.4|69|155|0|0|56|453|144|21|02:41:46|Wahoo ELEMNT BOLT|https://www.strava.com/activities/1697555881
7/11/2018|12.45|00:28:16|46|0|130|203|3|26%|0|0|26.4|43.2|63|116|0|0|120|510|227|22|00:31:36|Wahoo ELEMNT BOLT|https://www.strava.com/activities/1695897655
7/11/2018|12.68|00:27:16|60|0|171|263|6|34%|0|0|27.9|42.8|74|109|0|0|161|810|293|20|00:30:58|Wahoo ELEMNT BOLT|https://www.strava.com/activities/1695897129
7/8/2018|0.04|00:00:00|0|0|0|0|0||62|0|46.9|3.2|0|0|0|0|0|0|0|24|01:06:31|Wahoo ELEMNT BOLT|https://www.strava.com/activities/1693320847
7/8/2018|0.45|00:03:39|0|0|0|0|0||49|11|7.4|35.6|0|0|0|0|0|0|12|24|02:56:09|Wahoo ELEMNT BOLT|https://www.strava.com/activities/1693320234
7/7/2018|0.3|00:01:27|0|0|0|0|0||57|5|12.4|14.8|0|0|0|0|0|0|6|25|08:56:36|Wahoo ELEMNT BOLT|https://www.strava.com/activities/1693321531
7/6/2018|0.05|00:02:16|0|0|0|0|0||24|3|1.4|7.6|0|0|0|0|0|0|4|27|01:21:36|Wahoo ELEMNT BOLT|https://www.strava.com/activities/1684837602
7/6/2018|26.59|00:58:44|48|0|0|0|0||122|429|27.2|40.7|0|0|0|0|0|0|478|25|00:58:44|Wahoo ELEMNT BOLT|https://www.strava.com/activities/1684218366
7/4/2018|13.2|00:33:29|42|0|117|228|3|23%|0|0|23.7|40.7|66|109|0|0|113|445|254|25|00:39:23|Wahoo ELEMNT BOLT|https://www.strava.com/activities/1680863566
7/4/2018|12.64|00:26:51|52|0|195|270|7|39%|0|0|28.3|47.2|72|122|0|0|168|881|301|23|00:28:48|Wahoo ELEMNT BOLT|https://www.strava.com/activities/1680864319
7/3/2018|51.21|01:54:15|744|0|214|1297|38|43%|0|0|26.9|63.4|77|168|0|0|189|1078|1,446|25|02:08:59|Wahoo ELEMNT BOLT|https://www.strava.com/activities/1678273602
7/2/2018|12.72|00:27:40|53|0|158|233|5|32%|0|0|27.6|50.8|64|184|0|0|140|779|260|25|00:31:06|Wahoo ELEMNT BOLT|https://www.strava.com/activities/1676423241
7/2/2018|12.97|00:29:27|70|0|181|282|7|36%|0|0|26.4|43.2|76|114|0|0|159|825|314|28|00:32:51|Wahoo ELEMNT BOLT|https://www.strava.com/activities/1676421910
7/31/2018|9.33|00:29:34|77|0|0|0|0||0|0|18.9|41.4|65|99|0|0|0|0|192|18|00:56:04|Wahoo ELEMNT BOLT|https://www.strava.com/activities/1739664238
7/26/2018|44.34|01:34:59|312|0|0|0|0||0|0|28|66.6|74|119|0|0|0|0|817|25|01:48:12|Wahoo ELEMNT BOLT|https://www.strava.com/activities/1729394185
7/24/2018|45.76|01:40:25|265|0|0|0|0||0|0|27.3|55.1|71|141|0|0|0|0|983|20|03:48:40|Wahoo ELEMNT BOLT|https://www.strava.com/activities/1724670198
7/17/2018|13.5|00:32:30|48|0|0|0|0||0|0|24.9|38.5|67|119|0|0|0|0|266|18|00:37:26|Wahoo ELEMNT BOLT|https://www.strava.com/activities/1708819772
7/10/2018|113.86|04:00:41|1756|0|221|2764|81|44%|0|0|28.4|76.3|79|228|0|0|191|1038|3,082|22|04:16:17|Wahoo ELEMNT BOLT|https://www.strava.com/activities/1693321409
7/1/2018|163.28|04:02:24|1928|0|274|3408|121|55%|0|0|40.4|73.1|89|254|0|0|234|1097|3,800|24|04:02:48|Wahoo ELEMNT BOLT|https://www.strava.com/activities/1674955429
8/31/2018|46.61|01:40:17|261|0|0|0|0||0|0|27.9|70.2|78|106|0|0|0|0|305|19|04:36:42|Wahoo ELEMNT BOLT|https://www.strava.com/activities/1810046627
8/30/2018|76.65|02:45:27|1134|0|0|0|0||0|0|27.8|70.2|80|114|0|0|0|0|2,189|14|04:14:02|Wahoo ELEMNT BOLT|https://www.strava.com/activities/1808417710
8/30/2018|11.87|00:23:57|63|0|0|0|0||0|0|29.8|51.8|75|106|0|0|0|0|281|11|00:26:46|Wahoo ELEMNT BOLT|https://www.strava.com/activities/1806903885
8/29/2018|12.98|00:28:56|60|0|0|0|0||0|0|26.9|49.3|70|140|0|0|0|0|268|17|00:34:13|Wahoo ELEMNT BOLT|https://www.strava.com/activities/1805380490
8/29/2018|12.63|00:27:09|57|0|0|0|0||0|0|27.9|47.9|0|0|0|0|0|0|269|10|00:30:07|Wahoo ELEMNT BOLT|https://www.strava.com/activities/1804841228
8/28/2018|78.95|03:13:00|1330|0|0|0|0||0|0|24.5|86.8|0|0|0|0|0|0|1,944|15|03:53:24|Wahoo ELEMNT BOLT|https://www.strava.com/activities/1802870639
8/23/2018|27.81|01:03:30|114|0|0|0|0||0|0|26.3|67.7|71|132|0|0|0|0|526|27|02:37:41|Wahoo ELEMNT BOLT|https://www.strava.com/activities/1792241591
8/22/2018|45.95|01:50:23|481|0|0|0|0||0|0|25|54.7|74|113|0|0|0|0|1,046|29|03:03:03|Wahoo ELEMNT BOLT|https://www.strava.com/activities/1794528581
8/21/2018|47.59|01:50:54|1311|0|0|0|0||0|0|25.8|68.8|81|164|0|0|0|0|1,534|25|01:54:30|Wahoo ELEMNT BOLT|https://www.strava.com/activities/1787131263
8/20/2018|98.64|04:20:53|2701|0|0|0|0||0|0|22.7|70.9|71|118|0|0|0|0|3,607|27|04:39:56|Wahoo ELEMNT BOLT|https://www.strava.com/activities/1785202539
8/19/2018|64.73|02:48:43|1869|0|0|0|0||0|0|23|74.2|75|162|0|0|0|0|2,229|22|03:06:47|Wahoo ELEMNT BOLT|https://www.strava.com/activities/1782582829
8/17/2018|116.09|04:03:48|1820|0|0|0|0||0|0|28.6|77|79|171|0|0|0|0|3,373|14|04:17:44|Wahoo ELEMNT BOLT|https://www.strava.com/activities/1778555681
8/16/2018|122.64|04:21:44|2272|0|0|0|0||0|0|28.1|76|80|175|0|0|0|0|3,860|16|05:18:13|Wahoo ELEMNT BOLT|https://www.strava.com/activities/1776260302
8/15/2018|56.91|02:01:32|327|0|0|0|0||0|0|28.1|61.6|74|160|0|0|0|0|1,470|20|05:27:50|Wahoo ELEMNT BOLT|https://www.strava.com/activities/1774305206
8/14/2018|121.75|04:03:54|2044|0|0|0|0||0|0|30|67.7|81|145|0|0|0|0|3,613|17|04:45:07|Wahoo ELEMNT BOLT|https://www.strava.com/activities/1771699039
8/10/2018|14.28|00:35:41|67|0|0|0|0||0|0|24|40|62|96|0|0|0|0|300|15|00:37:42|Wahoo ELEMNT BOLT|https://www.strava.com/activities/1763041582
8/10/2018|56.01|02:07:13|701|0|0|0|0||0|0|26.4|74.2|70|144|0|0|0|0|1,468|12|03:13:12|Wahoo ELEMNT BOLT|https://www.strava.com/activities/1763041179
8/9/2018|19.92|00:56:24|120|0|0|0|0||0|0|21.2|51.8|64|164|0|0|0|0|379|17|01:49:20|Wahoo ELEMNT BOLT|https://www.strava.com/activities/1760384186
8/6/2018|5.1|00:17:26|46|0|0|0|0||0|0|17.6|31|59|102|0|0|0|0|121|18|00:22:36|Wahoo ELEMNT BOLT|https://www.strava.com/activities/1766420046
8/6/2018|5.07|00:15:12|15|0|0|0|0||0|0|20|36|62|105|0|0|0|0|83|15|00:18:30|Wahoo ELEMNT BOLT|https://www.strava.com/activities/1753400897
8/5/2018|16.91|00:58:04|104|0|0|0|0||0|0|17.5|38.9|64|197|0|0|0|0|315|19|01:49:59|Wahoo ELEMNT BOLT|https://www.strava.com/activities/1751394746
8/4/2018|5.09|00:14:47|20|0|0|0|0||0|0|20.7|37.8|59|104|0|0|0|0|86|18|00:19:09|Wahoo ELEMNT BOLT|https://www.strava.com/activities/1751394684
8/3/2018|5.27|00:14:28|14|0|0|0|0||0|0|21.9|35.3|61|125|0|0|0|0|75|19|00:20:05|Wahoo ELEMNT BOLT|https://www.strava.com/activities/1751394758
8/2/2018|5.46|00:19:50|40|0|0|0|0||0|0|16.5|32|56|143|0|0|0|0|100|17|00:21:28|Wahoo ELEMNT BOLT|https://www.strava.com/activities/1751395367
8/2/2018|5.16|00:15:47|18|0|0|0|0||0|0|19.6|33.5|60|111|0|0|0|0|86|17|00:19:04|Wahoo ELEMNT BOLT|https://www.strava.com/activities/1751396276
8/1/2018|5.33|00:16:23|46|0|0|0|0||0|0|19.5|33.1|64|105|0|0|0|0|115|15|00:20:49|Wahoo ELEMNT BOLT|https://www.strava.com/activities/1751396569
8/24/2018|25.9|01:11:11|570|0|0|0|0||0|0|21.8|61.2|74|149|0|0|0|0|675|23|01:21:58|Wahoo ELEMNT BOLT|https://www.strava.com/activities/1793936823
8/18/2018|19.12|01:02:43|341|0|0|0|0||0|0|18.3|57.6|65|116|0|0|0|0|458|26|01:07:44|Wahoo ELEMNT BOLT|https://www.strava.com/activities/1782076485
8/12/2018|111.41|04:09:38|1709|0|0|0|0||0|0|26.8|75.6|75|164|0|0|0|0|3,299|16|04:42:55|Wahoo ELEMNT BOLT|https://www.strava.com/activities/1767236862
8/11/2018|94.82|03:17:47|1147|0|0|0|0||0|0|28.8|60.8|76|177|0|0|0|0|2,447|19|03:43:26|Wahoo ELEMNT BOLT|https://www.strava.com/activities/1766416258
8/3/2018|5.34|00:15:51|50|0|0|0|0||0|0|20.2|38.2|61|174|0|0|0|0|122|16|00:18:46|Wahoo ELEMNT BOLT|https://www.strava.com/activities/1751394709
8/1/2018|5.51|00:15:54|19|0|0|0|0||0|0|20.8|37.4|67|103|0|0|0|0|104|17|00:21:52|Wahoo ELEMNT BOLT|https://www.strava.com/activities/1751396669
9/28/2018|179.23|04:24:54|3091|0|0|0|0||0|0|40.6|95.4|94|141|0|0|0|0|4,438|21|04:25:21|Wahoo ELEMNT BOLT|https://www.strava.com/activities/1871218254
9/27/2018|44.14|01:35:08|671|0|0|0|0||0|0|27.8|72.4|78|131|0|0|0|0|1,102|14|01:39:01|Wahoo ELEMNT BOLT|https://www.strava.com/activities/1868564055
9/26/2018|34.41|01:25:44|869|0|0|0|0||0|0|24.1|76.7|76|113|0|0|0|0|1,063|14|01:34:35|Wahoo ELEMNT BOLT|https://www.strava.com/activities/1866652570
9/25/2018|84.84|02:49:15|1499|0|0|0|0||0|0|30.1|77.4|77|123|0|0|0|0|2,364|10|03:13:26|Wahoo ELEMNT BOLT|https://www.strava.com/activities/1864521729
9/24/2018|27.63|00:33:35|261|0|0|0|0||0|0|49.4|81.7|97|115|0|0|0|0|764|12|00:33:35|Wahoo ELEMNT BOLT|https://www.strava.com/activities/1862874837
9/23/2018|26.14|00:44:29|250|0|0|0|0||0|0|35.3|70.9|85|151|0|0|0|0|551|13|00:44:29|Wahoo ELEMNT BOLT|https://www.strava.com/activities/1861641610
9/22/2018|54.44|01:45:34|346|0|0|0|0||0|0|30.9|70.6|66|109|0|0|0|0|983|21|01:49:15|Wahoo ELEMNT BOLT|https://www.strava.com/activities/1858259726
9/21/2018|27.49|00:59:56|42|0|0|0|0||0|0|27.5|44.6|0|0|0|0|0|0|993|27|01:21:16|Wahoo ELEMNT BOLT|https://www.strava.com/activities/1856014086
9/20/2018|194.4|04:41:52|2305|0|0|0|0||0|0|41.4|99.4|83|127|0|0|0|0|4,010|31|04:41:52|Wahoo ELEMNT BOLT|https://www.strava.com/activities/1856015642
9/19/2018|6.63|00:15:56|33|0|0|0|0||0|0|25|34.2|62|91|0|0|0|0|119|28|00:15:56|Wahoo ELEMNT BOLT|https://www.strava.com/activities/1852306743
9/19/2018|196.72|05:25:27|2612|0|0|0|0||0|0|36.3|78.8|86|150|0|0|0|0|4,697|28|05:47:03|Wahoo ELEMNT BOLT|https://www.strava.com/activities/1852308068
9/18/2018|33.97|01:16:06|693|0|0|0|0||0|0|26.8|63.4|79|150|0|0|0|0|835|27|01:24:31|Wahoo ELEMNT BOLT|https://www.strava.com/activities/1849475577
9/16/2018|191.07|04:30:19|2058|0|0|0|0||0|0|42.4|82.8|93|132|0|0|0|0|4,177|24|04:32:19|Wahoo ELEMNT BOLT|https://www.strava.com/activities/1845746904
9/15/2018|174.75|04:33:59|2898|0|0|0|0||0|0|38.3|83.9|92|159|0|0|0|0|4,272|24|04:34:43|Wahoo ELEMNT BOLT|https://www.strava.com/activities/1843152488
9/14/2018|48.59|01:39:23|573|0|0|0|0||0|0|29.3|73.8|77|120|0|0|0|0|962|25|01:42:54|Wahoo ELEMNT BOLT|https://www.strava.com/activities/1843153667
9/12/2018|45.25|01:38:17|237|0|0|0|0||0|0|27.6|60.8|71|120|0|0|0|0|1,031|14|07:32:23|Wahoo ELEMNT BOLT|https://www.strava.com/activities/1836995302
9/11/2018|55.66|01:59:13|758|0|0|0|0||0|0|28|72.7|74|137|0|0|0|0|1,376|19|02:12:57|Wahoo ELEMNT BOLT|https://www.strava.com/activities/1834076881
9/10/2018|17.46|00:56:24|296|0|0|0|0||0|0|18.6|53.3|62|108|0|0|0|0|376|21|02:10:29|Wahoo ELEMNT BOLT|https://www.strava.com/activities/1833841876
9/9/2018|74.29|01:39:09|451|0|0|0|0||0|0|45|71.6|91|170|0|0|0|0|1,816|21|01:39:09|Wahoo ELEMNT BOLT|https://www.strava.com/activities/1830524797
9/8/2018|227.29|05:19:13|2173|0|0|0|0||0|0|42.7|81.7|86|199|0|0|0|0|4,796|13|05:21:14|Wahoo ELEMNT BOLT|https://www.strava.com/activities/1827850948
9/7/2018|178.21|04:20:03|2702|0|0|0|0||0|0|41.1|90.7|0|0|0|0|0|0|7,271|13|04:20:45|Wahoo ELEMNT BOLT|https://www.strava.com/activities/1825448797
9/6/2018|13.97|00:21:28|354|0|0|0|0||0|0|39|76.3|97|130|0|0|0|0|527|13|00:22:13|Wahoo ELEMNT BOLT|https://www.strava.com/activities/1823184884
9/6/2018|0|00:00:00|0|0|0|0|0||0|0|0|0|0|111|0|0|0|0|0|0|00:00:05|Wahoo ELEMNT BOLT|https://www.strava.com/activities/1823184797
9/5/2018|190.34|04:37:39|2165|0|0|0|0||0|0|41.1|90.7|85|175|0|0|0|0|3,700|17|04:39:11|Wahoo ELEMNT BOLT|https://www.strava.com/activities/1821919108
9/4/2018|133.58|03:01:57|1665|0|0|0|0||0|0|44|90.7|92|198|0|0|0|0|2,857|14|03:01:57|Wahoo ELEMNT BOLT|https://www.strava.com/activities/1818952658
9/3/2018|181.89|04:31:20|2787|0|0|0|0||0|0|40.2|83.5|88|193|0|0|0|0|3,915|19|04:33:01|Wahoo ELEMNT BOLT|https://www.strava.com/activities/1816639902
9/2/2018|181.39|04:15:22|1765|0|0|0|0||0|0|42.6|76.7|78|127|0|0|0|0|1,254|22|04:15:56|Wahoo ELEMNT BOLT|https://www.strava.com/activities/1815189348
9/1/2018|29.39|01:03:40|375|0|0|0|0||0|0|27.7|64.4|80|138|0|0|0|0|671|18|01:05:26|Wahoo ELEMNT BOLT|https://www.strava.com/activities/1813386469
10/30/2018|12.92|00:26:18|71|0|0|0|0||0|0|29.5|83.9|74|108|0|0|0|0||7|00:30:25|Wahoo ELEMNT BOLT|https://www.strava.com/activities/1936381760
10/29/2018|141.14|04:55:45|2129|0|0|0|0||0|0|28.6|77.4|77|196|0|0|0|0|3,907|3|05:21:43|Garmin Edge 1000|https://www.strava.com/activities/1935496915
10/27/2018|84.12|03:01:26|458|0|0|0|0||0|0|27.8|72.4|74|186|0|0|0|0|2,310|2|03:10:09|Garmin Edge 1000|https://www.strava.com/activities/1935496676
10/26/2018|26.45|00:53:46|128|0|0|0|0||0|0|29.5|49.7|67|185|0|0|0|0|553|7|04:21:04|Garmin Edge 1000|https://www.strava.com/activities/1928967200
10/26/2018|0|01:21:33|0|0|0|0|0||0|0|0|0|83|102|0|0|0|0|1,254|12|01:21:33|Garmin Edge 1000|https://www.strava.com/activities/1928967140
10/23/2018|87.76|02:52:56|481|0|0|0|0||0|0|30.5|61.9|75|219|0|0|0|0|2,062|9|06:30:57|Garmin Edge 1000|https://www.strava.com/activities/1924546662
10/22/2018|107.98|03:37:27|1461|0|0|0|0||0|0|29.8|69.1|77|121|0|0|0|0|2,883|8|04:06:17|Garmin Edge 1000|https://www.strava.com/activities/1920979167
10/15/2018|93.37|02:56:05|978|0|0|0|0||0|0|31.8|72.4|79|176|0|0|0|0|2,583|9|05:24:30|Wahoo ELEMNT BOLT|https://www.strava.com/activities/1906572282
10/14/2018|0.13|00:01:52|0|0|0|0|0||0|0|4.3|8.6|0|0|0|0|0|0|19|21|00:14:03|Wahoo ELEMNT BOLT|https://www.strava.com/activities/1905491784
10/14/2018|0|00:00:00|0|0|0|0|0||0|0|9.9|1.1|0|0|0|0|0|0|1|28|00:17:22|Wahoo ELEMNT BOLT|https://www.strava.com/activities/1905454786
10/14/2018|0.41|00:06:52|0|0|0|0|0||0|0|3.6|21.2|0|0|0|0|0|0|33|26|00:39:11|Wahoo ELEMNT BOLT|https://www.strava.com/activities/1905434563
10/14/2018|73.3|02:48:22|843|0|0|0|0||0|0|26.1|56.2|67|122|0|0|0|0|1,885|6|03:19:04|Wahoo ELEMNT BOLT|https://www.strava.com/activities/1904212016
10/30/2018|13.51|00:31:06|63|0|0|0|0||0|0|26.1|40.3|57|94|0|0|0|0||4|00:35:12|Wahoo ELEMNT BOLT|https://www.strava.com/activities/1936381975
10/25/2018|114.93|03:49:08|907|0|0|0|0||0|0|30.1|71.3|73|184|0|0|0|0|2,612|8|03:59:58|Garmin Edge 1000|https://www.strava.com/activities/1928967505
10/21/2018|122.65|03:57:12|1355|0|0|0|0||0|0|31|87.1|77|180|0|0|0|0|3,055|12|04:13:01|Garmin Edge 1000|https://www.strava.com/activities/1920978693
10/18/2018|135.57|04:50:55|2453|0|0|0|0||0|0|28|76|0|0|0|0|0|0|8,552||05:34:05||https://www.strava.com/activities/1912417547
10/12/2018|85.78|03:00:02|1161|0|0|0|0||0|0|28.6|64.8|76|129|0|0|0|0|2,143|14|03:16:36|Wahoo ELEMNT BOLT|https://www.strava.com/activities/1900175717
11/30/2018|13.49|00:32:27|69|0|0|0|0||0|0|25|39.6|65|102|0|0|0|0||6|00:39:27|Wahoo ELEMNT BOLT|https://www.strava.com/activities/1993006629
11/30/2018|12.71|00:27:06|82|0|0|0|0||0|0|28.1|52.2|68|100|0|0|0|0||8|00:29:56|Wahoo ELEMNT BOLT|https://www.strava.com/activities/1993006839
11/30/2018|0.07|00:00:00|0|0|0|0|0||0|0|7.6|11.2|83|124|0|0|0|0||12|01:06:14|Wahoo ELEMNT BOLT|https://www.strava.com/activities/1992484627
11/28/2018|72.42|02:50:34|1538|0|0|0|0||0|0|25.5|80.3|77|151|0|0|0|0||9|03:02:13|Wahoo ELEMNT BOLT|https://www.strava.com/activities/1989524124
11/27/2018|12.68|00:30:45|63|0|0|0|0||0|0|24.8|39.6|70|133|0|0|0|0||4|00:34:41|Wahoo ELEMNT BOLT|https://www.strava.com/activities/1987815755
11/27/2018|54.03|01:46:27|611|0|0|0|0||0|0|30.5|68.8|82|124|0|0|0|0||2|02:08:42|Wahoo ELEMNT BOLT|https://www.strava.com/activities/1987566589
11/26/2018|79.42|02:50:43|1305|0|0|0|0||0|0|27.9|74.9|77|113|0|0|0|0||4|03:04:22|Wahoo ELEMNT BOLT|https://www.strava.com/activities/1986031879
11/25/2018|38.53|01:18:10|334|0|0|0|0||0|0|29.6|50.8|77|118|0|0|0|0||6|02:25:17|Wahoo ELEMNT BOLT|https://www.strava.com/activities/1984417285
11/19/2018|13.43|00:33:40|60|0|0|0|0||0|0|23.9|43.9|55|117|0|0|0|0||4|00:34:44|Wahoo ELEMNT BOLT|https://www.strava.com/activities/1974101638
11/19/2018|15.82|00:30:12|109|0|0|0|0||0|0|31.4|52.6|74|179|0|0|0|0||7|00:32:57|Wahoo ELEMNT BOLT|https://www.strava.com/activities/1974101814
11/16/2018|78.19|02:52:44|1224|0|0|0|0||0|0|27.2|67|79|174|0|0|0|0||9|03:12:31|Wahoo ELEMNT BOLT|https://www.strava.com/activities/1967924257
11/14/2018|32.92|01:10:40|173|0|0|0|0||0|0|28|58|74|117|0|0|0|0||10|01:34:34|Wahoo ELEMNT BOLT|https://www.strava.com/activities/1964312995
11/14/2018|12.66|00:24:25|75|0|0|0|0||0|0|31.1|51.1|71|125|0|0|0|0||11|00:27:11|Wahoo ELEMNT BOLT|https://www.strava.com/activities/1964313870
11/13/2018|58.66|02:02:49|964|0|0|0|0||0|0|28.7|70.2|81|144|0|0|0|0||9|02:10:46|Wahoo ELEMNT BOLT|https://www.strava.com/activities/1962320723
11/12/2018|22.93|00:53:32|139|0|0|0|0||0|0|25.7|45|74|148|0|0|0|0||6|00:59:54|Wahoo ELEMNT BOLT|https://www.strava.com/activities/1960792416
11/11/2018|0.07|00:00:00|0|0|0|0|0||0|0|6.4|9.7|109|128|179|189|0|0|892|14|01:03:57|Wahoo ELEMNT BOLT|https://www.strava.com/activities/1958847831
11/10/2018|0.04|00:00:00|0|0|0|0|0||0|0|15.6|7.6|78|98|126|162|0|0|375|17|00:30:00|Wahoo ELEMNT BOLT|https://www.strava.com/activities/1956898956
11/9/2018|0|00:00:00|0|0|0|0|0||0|0|0|0|0|98|0|143|0|0|158|0|00:16:00|Wahoo ELEMNT BOLT|https://www.strava.com/activities/1956828977
11/3/2018|31.06|01:03:39|244|0|0|0|0||0|0|29.3|54.7|76|147|0|0|0|0||9|01:08:18|Wahoo ELEMNT BOLT|https://www.strava.com/activities/1943385205
11/2/2018|12.64|00:27:53|63|0|0|0|0||0|0|27.2|43.9|68|165|0|0|0|0||8|00:29:18|Wahoo ELEMNT BOLT|https://www.strava.com/activities/1941717066
11/2/2018|12.54|00:25:37|70|0|0|0|0||0|0|29.4|50.8|68|101|0|0|0|0||7|00:28:27|Wahoo ELEMNT BOLT|https://www.strava.com/activities/1941717267
11/1/2018|29.3|01:05:34|187|0|0|0|0||0|0|26.8|65.9|69|112|0|0|0|0||8|01:46:16|Wahoo ELEMNT BOLT|https://www.strava.com/activities/1939467579
11/17/2018|83.25|02:54:56|1439|0|0|0|0||0|0|28.6|74.2|79|166|0|0|0|0||6|03:10:31|Wahoo ELEMNT BOLT|https://www.strava.com/activities/1969578585
11/15/2018|87.45|03:03:56|812|0|0|0|0||0|0|28.5|62.3|75|183|0|0|0|0||10|03:49:27|Wahoo ELEMNT BOLT|https://www.strava.com/activities/1966031578
12/31/2018|13.45|00:34:30|78|0|0|0|0||0|0|23.4|38.5|71|112|0|0|0|0||8|00:35:07|Wahoo ELEMNT BOLT|https://www.strava.com/activities/2046903837
12/31/2018|12.94|00:26:12|85|0|0|0|0||0|0|29.6|51.5|78|111|0|0|0|0||7|00:27:00|Wahoo ELEMNT BOLT|https://www.strava.com/activities/2046904668
12/28/2018|60.66|02:00:48|392|0|0|0|0||0|0|30.1|51.5|79|121|0|0|0|0||7|04:29:23|Wahoo ELEMNT BOLT|https://www.strava.com/activities/2040275083
12/27/2018|11.87|00:28:32|67|0|0|0|0||0|0|25|40|66|98|0|0|0|0||8|00:32:14|Wahoo ELEMNT BOLT|https://www.strava.com/activities/2038754518
12/21/2018|13.55|00:36:28|58|0|0|0|0||0|0|22.3|37.1|64|152|0|0|0|0||6|00:41:06|Wahoo ELEMNT BOLT|https://www.strava.com/activities/2031591590
12/21/2018|12.89|00:27:54|85|0|0|0|0||0|0|27.7|44.6|66|96|0|0|0|0||6|00:30:01|Wahoo ELEMNT BOLT|https://www.strava.com/activities/2031592105
12/17/2018|40.9|01:41:12|795|0|0|0|0||0|0|24.3|73.1|70|131|0|0|0|0||10|01:47:24|Wahoo ELEMNT BOLT|https://www.strava.com/activities/2021610154
12/11/2018|0.93|00:03:44|9|0|0|0|0||0|0|15|26.3|55|88|0|0|0|0||14|00:04:03|Wahoo ELEMNT BOLT|https://www.strava.com/activities/2013202843
12/11/2018|1.06|00:02:44|8|0|0|0|0||0|0|23.3|37.8|59|111|0|0|0|0||16|00:03:13|Wahoo ELEMNT BOLT|https://www.strava.com/activities/2013201894
12/9/2018|124.34|04:01:08|1927|0|0|0|0||0|0|30.9|77.8|82|145|0|0|0|0||4|04:18:10|Wahoo ELEMNT BOLT|https://www.strava.com/activities/2008599797
12/7/2018|11.68|00:27:17|56|0|0|0|0||0|0|25.7|43.9|68|117|0|0|0|0||5|00:28:39|Wahoo ELEMNT BOLT|https://www.strava.com/activities/2005093536
12/7/2018|13.01|00:24:30|102|0|0|0|0||0|0|31.9|50.4|73|113|0|0|0|0||7|00:26:59|Wahoo ELEMNT BOLT|https://www.strava.com/activities/2005093855
12/6/2018|13.58|00:31:51|61|0|0|0|0||0|0|25.6|43.6|68|117|0|0|0|0||11|00:34:57|Wahoo ELEMNT BOLT|https://www.strava.com/activities/2003636005
12/6/2018|0.47|00:03:24|0|0|0|0|0||0|0|8.4|34.2|71|135|0|0|0|0||23|00:41:09|Wahoo ELEMNT BOLT|https://www.strava.com/activities/2003069180
12/6/2018|12.63|00:26:10|67|0|0|0|0||0|0|29|52.2|67|119|0|0|0|0||10|00:28:40|Wahoo ELEMNT BOLT|https://www.strava.com/activities/2002997334
12/3/2018|13.3|00:26:56|65|0|0|0|0||0|0|29.6|45.7|62|152|0|0|0|0||4|00:29:37|Wahoo ELEMNT BOLT|https://www.strava.com/activities/1998392917
12/3/2018|53.67|01:46:38|435|0|0|0|0||0|0|30.2|57.6|78|154|0|0|0|0||6|02:10:40|Wahoo ELEMNT BOLT|https://www.strava.com/activities/1998393492
12/2/2018|115.07|03:48:54|1876|0|0|0|0||0|0|30.2|74.2|82|145|0|0|0|0||8|04:03:09|Wahoo ELEMNT BOLT|https://www.strava.com/activities/1996409433
12/1/2018|103.83|03:33:44|1671|0|0|0|0||0|0|29.1|68.4|80|137|0|0|0|0||7|03:46:18|Wahoo ELEMNT BOLT|https://www.strava.com/activities/1994573552
12/30/2018|121.94|04:02:29|1851|0|0|0|0||0|0|30.2|79.2|82|153|0|0|0|0||6|04:26:15|Wahoo ELEMNT BOLT|https://www.strava.com/activities/2044341456
12/26/2018|96.72|03:17:57|1598|0|0|0|0||0|0|29.3|72|79|126|0|0|0|0||5|04:09:42|Wahoo ELEMNT BOLT|https://www.strava.com/activities/2036617905
12/24/2018|97.44|03:10:37|1155|0|0|0|0||0|0|30.7|89.6|83|142|0|0|0|0||4|03:47:00|Wahoo ELEMNT BOLT|https://www.strava.com/activities/2033307824
12/23/2018|126.65|04:13:07|1927|0|0|0|0||0|0|30|88.9|81|166|0|0|0|0||8|05:05:10|Wahoo ELEMNT BOLT|https://www.strava.com/activities/2031590717
12/19/2018|177.94|06:06:36|3330|0|0|0|0||0|0|29.1|65.5|76|239|0|0|0|0||8|07:41:22|Wahoo ELEMNT BOLT|https://www.strava.com/activities/2025296484
12/18/2018|110.66|03:55:40|2038|0|0|0|0||0|0|28.2|64.1|78|181|0|0|0|0||8|04:21:35|Wahoo ELEMNT BOLT|https://www.strava.com/activities/2023325665
12/16/2018|164.27|04:52:42|1803|0|0|0|0||0|0|33.7|74.5|82|146|0|0|0|0||13|05:46:33|Wahoo ELEMNT BOLT|https://www.strava.com/activities/2020285825
12/15/2018|141.98|04:45:51|2311|0|0|0|0||0|0|29.8|78.8|74|234|0|0|0|0||12|05:00:23|Wahoo ELEMNT BOLT|https://www.strava.com/activities/2018325686
12/10/2018|57.1|01:59:40|413|0|0|0|0||0|0|28.6|54.7|73|157|0|0|0|0||5|02:29:07|Wahoo ELEMNT BOLT|https://www.strava.com/activities/2013202221
12/7/2018|55.89|01:53:38|1055|0|0|0|0||0|0|29.5|69.5|84|119|0|0|0|0||4|02:00:45|Wahoo ELEMNT BOLT|https://www.strava.com/activities/2004651329
12/5/2018|83.29|03:10:29|1410|0|0|0|0||0|0|26.2|64.1|74|152|0|0|0|0||3|03:15:22|Wahoo ELEMNT BOLT|https://www.strava.com/activities/2001549220
loaded urls in 4.16:55:23.1230371
