date|distance|mov_time|elevation|relativeEffort|avg_power_weig|work_total|training_load|intensity|estAvgPower|energyOutput|avg_speed|max_speed|avg_cadence|max_cadence|avg_heartRate|max_heartRate|avg_power|max_power|avg_calories|avg_temperature|avg_elap_time|bicycle_model|url
31.01.2018|132,78|04:49:00|2,114|0|0|0|0||0|0|276|738|77|118|0|0|0|0||16|06:11:37|Garmin Edge 1030|https://www.strava.com/activities/1385651796
30.01.2018|138,8|04:22:51|1,677|0|0|0|0||0|0|317|1753|75|131|0|0|0|0||14|06:55:07|Garmin Edge 1030|https://www.strava.com/activities/1385651941
28.01.2018|149,13|03:52:23|1,262|0|0|0|0||0|0|385|756|83|134|0|0|0|0||37|03:55:38|Garmin Edge 820|https://www.strava.com/activities/1378787577
27.01.2018|46,48|01:35:24|339|0|0|0|0||0|0|292|662|78|128|0|0|0|0||22|02:31:06|Garmin Edge 820|https://www.strava.com/activities/1376857353
26.01.2018|35,87|01:22:23|541|0|0|0|0||0|0|261|734|69|110|0|0|0|0||19|02:36:08|Garmin Edge 1030|https://www.strava.com/activities/1375349384
25.01.2018|83,91|03:05:49|1,111|0|0|0|0||0|0|271|695|72|131|0|0|0|0||22|04:22:42|Garmin Edge 1030|https://www.strava.com/activities/1373903715
24.01.2018|46,04|01:44:17|351|0|0|0|0||0|0|265|490|73|104|0|0|0|0||21|03:26:55|Garmin Edge 1030|https://www.strava.com/activities/1372251482
23.01.2018|135,21|04:45:53|2,054|0|221|2,675|154|54%|0|0|284|1300|73|136|0|0|156|892|2,982|22|06:59:19|Garmin Edge 1030|https://www.strava.com/activities/1370654321
21.01.2018|97,62|02:28:16|687|0|218|1,575|76|53%|0|0|395|752|84|129|0|0|177|922|1,756|36|02:59:18|Garmin Edge 820|https://www.strava.com/activities/1367290941
21.01.2018|12,41|00:32:02|46|0|99|178|3|24%|0|0|232|403|75|101|0|0|92|601|198|28|01:41:08|Garmin Edge 820|https://www.strava.com/activities/1367195252
20.01.2018|153,04|03:44:27|1,506|0|253|2,596|144|62%|0|0|409|929|85|150|0|0|193|894|2,895|30|03:44:59|Garmin Edge 820|https://www.strava.com/activities/1365489249
19.01.2018|16,82|00:34:42|101|0|136|200|7|33%|0|0|291|637|68|103|0|0|96|334|224|42|00:43:40|Garmin Edge 820|https://www.strava.com/activities/1364109930
19.01.2018|129,41|03:23:03|1,697|0|238|2,316|114|58%|0|0|382|900|84|150|0|0|190|914|2,582|41|03:23:54|Garmin Edge 820|https://www.strava.com/activities/1364086111
19.01.2018|7,83|00:18:59|46|0|90|78|1|22%|0|0|248|407|70|93|0|0|69|347|87|45|00:19:35|Garmin Edge 820|https://www.strava.com/activities/1364085730
18.01.2018|128,04|03:19:52|1,1|0|200|1,783|80|49%|0|0|384|803|81|129|0|0|149|909|1,988|40|03:20:18|Garmin Edge 820|https://www.strava.com/activities/1362587699
17.01.2018|18,77|00:40:00|113|0|136|192|8|33%|0|0|282|634|65|101|0|0|80|614|215|37|00:58:50|Garmin Edge 820|https://www.strava.com/activities/1361104650
17.01.2018|160,97|04:33:30|2,307|0|217|2,701|129|53%|0|0|353|835|80|148|0|0|165|833|3,012|36|04:35:01|Garmin Edge 820|https://www.strava.com/activities/1361076289
16.01.2018|148,54|03:54:58|1,388|0|192|2,086|87|47%|0|0|379|864|81|124|0|0|148|882|2,326|32|03:56:04|Garmin Edge 820|https://www.strava.com/activities/1359453210
15.01.2018|44,66|01:35:25|731|0|0|0|0||0|0|281|734|76|119|0|0|0|0||21|01:56:10|Garmin Edge 820|https://www.strava.com/activities/1357896851
14.01.2018|60,34|01:32:31|393|0|0|0|0||0|0|391|680|83|130|0|0|0|0||20|02:04:59|Garmin Edge 1030|https://www.strava.com/activities/1356203997
14.01.2018|54,47|01:45:00|120|0|0|0|0||0|0|311|432|79|104|0|0|0|0||23|02:20:23|Garmin Edge 1030|https://www.strava.com/activities/1355846126
12.01.2018|56,05|01:54:27|132|0|0|0|0||0|0|294|504|79|108|0|0|0|0||21|02:09:10|Garmin Edge 1030|https://www.strava.com/activities/1352760822
11.01.2018|102,26|03:18:34|1,329|0|0|0|0||0|0|309|760|78|140|0|0|0|0||32|03:45:19|Garmin Edge 1030|https://www.strava.com/activities/1351115505
10.01.2018|158,1|04:49:31|2,096|0|0|0|0||0|0|328|788|78|138|0|0|0|0||21|05:28:32|Garmin Edge 1030|https://www.strava.com/activities/1349511233
09.01.2018|116,77|03:47:28|1,617|0|0|0|0||0|0|308|767|80|126|0|0|0|0||23|04:11:07|Garmin Edge 1030|https://www.strava.com/activities/1347837015
07.01.2018|184,55|04:54:40|3,132|0|0|0|0||0|0|376|875|84|146|0|0|0|0||25|04:54:40|Garmin Edge 1030|https://www.strava.com/activities/1344604064
06.01.2018|61,67|02:16:05|432|0|0|0|0||0|0|272|634|75|120|0|0|0|0||31|03:33:53|Garmin Edge 1030|https://www.strava.com/activities/1342698008
05.01.2018|52,43|01:25:29|616|0|0|0|0||0|0|368|788|91|115|0|0|0|0||35|02:29:04|Garmin Edge 1030|https://www.strava.com/activities/1342697690
05.01.2018|4,2|00:09:01|1|0|0|0|0||0|0|280|328|93|107|0|0|0|0||28|00:09:01|Garmin Edge 820|https://www.strava.com/activities/1357787292
05.01.2018|1,82|00:05:03|1|0|0|0|0||0|0|217|302|89|108|0|0|0|0||28|00:05:03|Garmin Edge 820|https://www.strava.com/activities/1357787263
04.01.2018|41,62|01:09:48|556|0|0|0|0||0|0|358|702|84|118|0|0|0|0||26|01:10:49|Garmin Edge 1030|https://www.strava.com/activities/1340038479
03.01.2018|43,54|01:34:39|838|0|0|0|0||0|0|276|652|74|114|0|0|0|0||14|01:40:32|Garmin Edge 1030|https://www.strava.com/activities/1340038354
02.01.2018|135,44|04:20:50|2,087|0|0|0|0||0|0|312|760|77|128|0|0|0|0||20|05:29:03|Garmin Edge 1030|https://www.strava.com/activities/1336919715
01.01.2018|139,23|03:52:45|2,079|0|0|0|0||0|0|359|842|82|133|0|0|0|0||23|05:22:01|Garmin Edge 1030|https://www.strava.com/activities/1335467566
23.02.2018|102,76|04:21:42|2,82|0|0|0|0||0|0|236|760|73|113|0|0|0|0||5|04:34:58|Garmin Edge 1030|https://www.strava.com/activities/1421768046
22.02.2018|139,75|06:03:29|3,632|0|0|0|0||0|0|231|706|75|125|0|0|0|0||4|06:36:22|Garmin Edge 1030|https://www.strava.com/activities/1420496419
21.02.2018|91,23|03:31:33|2,46|0|0|0|0||0|0|259|1328|78|115|0|0|0|0||4|03:48:05|Garmin Edge 1030|https://www.strava.com/activities/1418573415
18.02.2018|2,85|00:06:43|2|0|0|0|0||0|0|255|468|55|94|0|0|0|0||15|00:07:34|Garmin Edge 820|https://www.strava.com/activities/1414517692
16.02.2018|19,61|00:26:35|196|0|0|0|0||0|0|443|666|95|125|0|0|0|0||13|00:26:35|Garmin Edge 820|https://www.strava.com/activities/1411473947
16.02.2018|40,7|01:24:58|448|0|0|0|0||0|0|287|590|77|136|0|0|0|0||13|01:30:17|Garmin Edge 820|https://www.strava.com/activities/1410001052
12.02.2018|24,11|00:51:42|222|0|0|0|0||0|0|280|511|73|104|0|0|0|0||15|06:23:42|Garmin Edge 820|https://www.strava.com/activities/1405421589
10.02.2018|130,11|04:55:09|3,17|0|0|0|0||0|0|265|691|77|118|0|0|0|0||8|06:14:06|Garmin Edge 1030|https://www.strava.com/activities/1400662727
01.02.2018|18,96|01:21:04|662|0|0|0|0||0|0|140|439|0|0|0|0|0|0||19|03:31:38|Garmin Edge 1030|https://www.strava.com/activities/1385651723
20.02.2018|62,74|02:16:17|737|0|0|0|0||0|0|276|569|78|108|0|0|0|0||8|02:30:19|Garmin Edge 1030|https://www.strava.com/activities/1417139582
18.02.2018|171,49|04:23:20|2,749|0|0|0|0||0|0|391|1073|88|141|0|0|0|0||15|04:38:37|Garmin Edge 820|https://www.strava.com/activities/1414517928
17.02.2018|196,17|04:41:53|1,811|0|0|0|0||0|0|418|864|87|152|0|0|0|0||16|04:57:00|Garmin Edge 820|https://www.strava.com/activities/1412220746
15.02.2018|177,89|04:38:59|3,113|0|0|0|0||0|0|383|1980|86|159|0|0|0|0||16|05:11:54|Garmin Edge 820|https://www.strava.com/activities/1408883353
14.02.2018|192,92|04:53:34|1,927|0|0|0|0||0|0|394|806|86|131|0|0|0|0||14|05:19:06|Garmin Edge 820|https://www.strava.com/activities/1407407155
13.02.2018|42,77|01:45:03|1,002|0|0|0|0||0|0|244|529|80|108|0|0|0|0||9|01:45:58|Garmin Edge 820|https://www.strava.com/activities/1405421817
11.02.2018|130,36|05:13:43|3,188|0|0|0|0||0|0|249|612|75|108|0|0|0|0||4|06:36:20|Garmin Edge 1030|https://www.strava.com/activities/1417140727
09.02.2018|87,46|03:30:35|2,113|0|0|0|0||0|0|249|896|73|120|0|0|0|0||8|04:12:08|Garmin Edge 1030|https://www.strava.com/activities/1398933031
08.02.2018|70|03:08:54|1,63|0|0|0|0||0|0|222|677|69|105|0|0|0|0||6|05:01:39|Garmin Edge 1030|https://www.strava.com/activities/1397539618
06.02.2018|134,84|04:25:15|2,142|0|0|0|0||0|0|305|752|80|125|0|0|0|0||18|04:59:05|Garmin Edge 1030|https://www.strava.com/activities/1393662709
05.02.2018|129,21|04:06:04|2,077|0|0|0|0||0|0|315|752|83|121|0|0|0|0||20|05:15:32|Garmin Edge 1030|https://www.strava.com/activities/1392322041
03.02.2018|133,94|04:27:26|2,085|0|0|0|0||0|0|301|745|78|125|0|0|0|0||18|05:46:28|Garmin Edge 1030|https://www.strava.com/activities/1390479320
02.02.2018|135,14|04:17:34|1,861|0|0|0|0||0|0|315|1660|78|133|0|0|0|0||18|05:14:47|Garmin Edge 1030|https://www.strava.com/activities/1387207689
31.03.2018|72,66|02:44:34|2,058|0|0|0|0||0|0|265|569|84|146|0|0|0|0||9|02:51:58|Garmin Edge 1030|https://www.strava.com/activities/1481340840
30.03.2018|66,88|02:42:19|1,785|0|0|0|0||0|0|247|551|80|136|0|0|0|0||12|03:30:46|Garmin Edge 1030|https://www.strava.com/activities/1479631616
29.03.2018|72,65|02:58:17|1,848|0|0|0|0||0|0|245|594|75|115|0|0|0|0||9|03:58:43|Garmin Edge 1030|https://www.strava.com/activities/1477749121
27.03.2018|152,85|06:03:01|4,024|0|0|0|0||0|0|253|598|80|120|0|0|0|0||11|06:28:25|Garmin Edge 1030|https://www.strava.com/activities/1474532373
26.03.2018|113,44|04:24:33|3,115|0|0|0|0||0|0|257|619|80|123|0|0|0|0||11|05:05:06|Garmin Edge 1030|https://www.strava.com/activities/1472849601
25.03.2018|39,33|01:42:43|819|0|0|0|0||0|0|230|583|74|126|0|0|0|0||11|02:50:29|Garmin Edge 1030|https://www.strava.com/activities/1470631946
23.03.2018|154,41|06:10:24|3,448|0|0|0|0||0|0|250|605|74|133|0|0|0|0||13|06:49:13|Garmin Edge 1030|https://www.strava.com/activities/1467405175
20.03.2018|132,2|05:15:00|3,17|0|0|0|0||0|0|252|634|78|122|0|0|0|0||9|05:57:36|Garmin Edge 1030|https://www.strava.com/activities/1462423648
19.03.2018|110,15|04:37:15|2,745|0|0|0|0||0|0|238|623|75|133|0|0|0|0||9|05:36:29|Garmin Edge 1030|https://www.strava.com/activities/1460949848
18.03.2018|80,28|03:06:09|1,315|0|0|0|0||0|0|259|522|81|110|0|0|0|0||5|03:22:04|Garmin Edge 1030|https://www.strava.com/activities/1459003348
17.03.2018|96|04:03:39|2,219|0|0|0|0||0|0|236|580|73|108|0|0|0|0||6|04:10:55|Garmin Edge 1030|https://www.strava.com/activities/1457486840
13.03.2018|87,63|03:57:30|1,896|0|0|0|0||0|0|221|1102|73|123|0|0|0|0||13|05:03:44|Garmin Edge 1030|https://www.strava.com/activities/1451378694
09.03.2018|66,32|03:08:52|1,646|0|0|0|0||0|0|211|742|74|128|0|0|0|0||10|04:08:08|Garmin Edge 1030|https://www.strava.com/activities/1443763394
08.03.2018|34,57|01:26:57|695|0|0|0|0||0|0|239|551|78|104|0|0|0|0||9|01:29:55|Garmin Edge 1030|https://www.strava.com/activities/1443761673
07.03.2018|21,62|00:55:54|284|0|0|0|0||0|0|232|562|73|106|0|0|0|0||11|01:55:09|Garmin Edge 1030|https://www.strava.com/activities/1440419781
06.03.2018|17,79|00:42:07|428|0|0|0|0||0|0|254|1134|72|103|0|0|0|0||10|00:52:21|Garmin Edge 1030|https://www.strava.com/activities/1438870665
28.03.2018|89,4|03:46:24|2,252|0|0|0|0||0|0|237|558|75|119|0|0|0|0||12|05:06:57|Garmin Edge 1030|https://www.strava.com/activities/1476232907
24.03.2018|123,83|05:25:53|3,329|0|0|0|0||0|0|228|634|73|128|0|0|0|0||8|06:26:52|Garmin Edge 1030|https://www.strava.com/activities/1469061214
22.03.2018|110,78|04:27:13|3,002|0|0|0|0||0|0|249|608|77|134|0|0|0|0||9|05:07:36|Garmin Edge 1030|https://www.strava.com/activities/1465709151
29.04.2018|2,17|00:11:17|112|0|0|0|0||0|0|116|302|55|132|0|0|0|0||24|00:47:29|Garmin Edge 1030|https://www.strava.com/activities/1548843365
28.04.2018|6,17|00:11:09|17|0|0|0|0||0|0|332|421|75|113|0|0|0|0||32|00:11:09|Garmin Edge 1030|https://www.strava.com/activities/1537044135
28.04.2018|1,93|00:07:38|24|0|0|0|0||0|0|152|256|59|83|0|0|0|0||21|00:10:00|Garmin Edge 1030|https://www.strava.com/activities/1537043981
27.04.2018|9,9|00:26:48|751|0|0|0|0||0|0|222|410|88|110|0|0|0|0||18|00:32:06|Garmin Edge 820|https://www.strava.com/activities/1601958575
27.04.2018|0,01|00:00:00|0|0|0|0|0||0|0|18|14|0|116|0|0|0|0||18|00:25:24|Garmin Edge 820|https://www.strava.com/activities/1601953232
27.04.2018|10,45|00:44:52|787|0|0|0|0||0|0|140|392|69|102|0|0|0|0||17|00:44:52|Garmin Edge 820|https://www.strava.com/activities/1601949480
26.04.2018|1,22|00:04:14|8|0|0|0|0||0|0|174|270|66|92|0|0|0|0||19|00:05:08|Garmin Edge 1030|https://www.strava.com/activities/1533065854
24.04.2018|3,97|00:05:45|86|0|0|0|0||0|0|414|745|94|121|0|0|0|0||21|00:06:16|Garmin Edge 1030|https://www.strava.com/activities/1528949941
24.04.2018|23,66|00:50:04|478|0|0|0|0||0|0|284|821|75|115|0|0|0|0||21|00:58:10|Garmin Edge 1030|https://www.strava.com/activities/1528949879
23.04.2018|1,34|00:03:47|3|0|0|0|0||0|0|214|284|69|86|0|0|0|0||21|00:04:32|Garmin Edge 1030|https://www.strava.com/activities/1526553370
22.04.2018|143,29|05:30:13|3,505|0|0|0|0||0|0|260|605|74|116|0|0|0|0||22|05:36:43|Garmin Edge 1030|https://www.strava.com/activities/1524647324
20.04.2018|154,27|06:06:17|4,009|0|0|0|0||0|0|253|630|76|114|0|0|0|0||22|06:55:18|Garmin Edge 1030|https://www.strava.com/activities/1520324150
19.04.2018|118,91|04:46:42|3,119|0|0|0|0||0|0|249|652|74|114|0|0|0|0||21|05:44:50|Garmin Edge 1030|https://www.strava.com/activities/1520322917
16.04.2018|155,62|06:00:39|3,89|0|0|0|0||0|0|259|626|78|112|0|0|0|0||17|07:00:24|Garmin Edge 1030|https://www.strava.com/activities/1518015157
15.04.2018|71,68|02:47:49|2,003|0|0|0|0||0|0|256|605|79|111|0|0|0|0||17|02:49:10|Garmin Edge 1030|https://www.strava.com/activities/1510402520
11.04.2018|99,85|04:16:09|3,01|0|0|0|0||0|0|234|515|81|120|0|0|0|0||5|04:18:23|Garmin Edge 1030|https://www.strava.com/activities/1502123597
09.04.2018|112,24|04:27:40|3,012|0|0|0|0||0|0|252|594|80|120|0|0|0|0||8|05:27:04|Garmin Edge 1030|https://www.strava.com/activities/1498480032
08.04.2018|32,12|01:16:41|600|0|0|0|0||0|0|251|598|76|120|0|0|0|0||7|01:31:29|Garmin Edge 820|https://www.strava.com/activities/1495967365
07.04.2018|36,56|01:20:26|260|0|0|0|0||0|0|273|788|79|174|0|0|0|0||9|01:42:07|Garmin Edge 820|https://www.strava.com/activities/1494378405
05.04.2018|24,79|00:41:30|62|0|0|0|0||0|0|358|680|86|125|0|0|0|0||16|00:45:07|Garmin Edge 820|https://www.strava.com/activities/1490717328
05.04.2018|20,64|00:39:17|64|0|0|0|0||0|0|315|551|78|96|0|0|0|0||14|00:39:17|Garmin Edge 820|https://www.strava.com/activities/1490474123
30.04.2018|46,58|02:24:43|1,079|0|0|0|0||0|0|193|547|61|110|0|0|0|0||17|03:40:05|Garmin Edge 1030|https://www.strava.com/activities/1548846808
29.04.2018|181,09|04:10:32|2,093|0|0|0|0||0|0|434|806|87|128|0|0|0|0||18|04:11:29|Garmin Edge 1030|https://www.strava.com/activities/1548845376
28.04.2018|146,82|04:19:53|3,511|0|0|0|0||0|0|339|900|84|162|0|0|0|0||23|04:19:53|Garmin Edge 1030|https://www.strava.com/activities/1537045888
26.04.2018|174,05|04:09:22|2,283|0|0|0|0||0|0|419|911|87|138|0|0|0|0||13|04:10:00|Garmin Edge 1030|https://www.strava.com/activities/1533066047
25.04.2018|172,47|04:19:59|2,477|0|0|0|0||0|0|398|925|85|148|0|0|0|0||21|04:22:45|Garmin Edge 1030|https://www.strava.com/activities/1531086393
24.04.2018|32,17|01:05:06|381|0|0|0|0||0|0|297|659|84|118|0|0|0|0||15|01:06:55|Garmin Edge 1030|https://www.strava.com/activities/1528949718
23.04.2018|44,13|01:31:25|603|0|0|0|0||0|0|290|698|77|109|0|0|0|0||19|01:40:56|Garmin Edge 1030|https://www.strava.com/activities/1526553397
21.04.2018|119,6|04:41:12|3,173|0|0|0|0||0|0|255|587|72|120|0|0|0|0||21|04:45:56|Garmin Edge 1030|https://www.strava.com/activities/1522020665
18.04.2018|80,57|02:35:32|360|0|0|0|0||0|0|311|490|85|131|0|0|0|0||22|02:40:27|Garmin Edge 1030|https://www.strava.com/activities/1520174915
14.04.2018|200,81|05:06:22|2,879|0|0|0|0||0|0|393|868|87|140|0|0|0|0||17|05:33:32|Garmin Edge 1030|https://www.strava.com/activities/1508184749
13.04.2018|84,65|02:46:23|1,407|0|0|0|0||0|0|305|684|83|127|0|0|0|0||8|02:52:41|Garmin Edge 1030|https://www.strava.com/activities/1508181238
06.04.2018|177,93|04:09:32|1,991|0|0|0|0||0|0|428|1760|85|141|0|0|0|0||20|04:43:30|Garmin Edge 820|https://www.strava.com/activities/1492734833
04.04.2018|94,98|02:46:28|1,575|0|0|0|0||0|0|342|756|85|134|0|0|0|0||22|02:52:46|Garmin Edge 820|https://www.strava.com/activities/1490377108
03.04.2018|166,81|04:30:32|2,729|0|0|0|0||0|0|370|835|87|167|0|0|0|0||17|04:35:03|Garmin Edge 820|https://www.strava.com/activities/1487328989
02.04.2018|167,93|04:50:48|2,656|0|0|0|0||0|0|347|882|85|145|0|0|0|0||21|04:57:53|Garmin Edge 820|https://www.strava.com/activities/1485740502
01.04.2018|69,15|02:36:04|1,026|0|0|0|0||0|0|266|655|80|121|0|0|0|0||14|03:12:09|Garmin Edge 820|https://www.strava.com/activities/1483407404
31.05.2018|22,83|01:06:37|530|0|0|0|0||0|0|206|500|67|108|0|0|0|0||17|02:07:56|Garmin Edge 1030|https://www.strava.com/activities/1607500552
30.05.2018|77|03:32:30|2|0|0|0|0||0|0|217|569|74|121|0|0|0|0||22|04:21:48|Garmin Edge 1030|https://www.strava.com/activities/1605487135
29.05.2018|159,06|06:22:28|4,39|0|0|0|0||0|0|250|673|77|119|0|0|0|0||18|06:37:18|Garmin Edge 1030|https://www.strava.com/activities/1603448043
28.05.2018|111,51|04:33:50|3,077|0|0|0|0||0|0|244|601|74|117|0|0|0|0||15|04:39:27|Garmin Edge 1030|https://www.strava.com/activities/1601302139
27.05.2018|159,02|06:43:31|4,28|0|0|0|0||0|0|236|644|76|129|0|0|0|0||23|07:46:08|Garmin Edge 1030|https://www.strava.com/activities/1599592751
25.05.2018|156,29|05:59:52|4,254|0|0|0|0||0|0|261|623|79|112|0|0|0|0||22|06:08:12|Garmin Edge 1030|https://www.strava.com/activities/1594932086
24.05.2018|105,02|03:58:05|2,686|0|0|0|0||0|0|265|684|76|109|0|0|0|0||18|04:16:08|Garmin Edge 1030|https://www.strava.com/activities/1592763751
23.05.2018|176,84|06:34:52|4,671|0|0|0|0||0|0|269|623|79|174|0|0|0|0||16|06:54:42|Garmin Edge 1030|https://www.strava.com/activities/1590857070
21.05.2018|39,79|01:55:25|881|0|0|0|0||0|0|207|522|67|106|0|0|0|0||19|03:16:58|Garmin Edge 1030|https://www.strava.com/activities/1588248138
20.05.2018|118,32|04:37:37|3,048|0|0|0|0||0|0|256|634|74|111|0|0|0|0||20|04:55:15|Garmin Edge 1030|https://www.strava.com/activities/1584058974
19.05.2018|157,94|05:47:35|4,031|0|0|0|0||0|0|273|616|79|115|0|0|0|0||20|05:57:29|Garmin Edge 1030|https://www.strava.com/activities/1581720543
18.05.2018|71,82|03:05:33|2,341|0|0|0|0||0|0|232|594|73|106|0|0|0|0||19|03:14:56|Garmin Edge 1030|https://www.strava.com/activities/1579601480
17.05.2018|167,66|07:00:38|5,327|0|0|0|0||0|0|239|619|74|117|0|0|0|0||13|07:52:40|Garmin Edge 1030|https://www.strava.com/activities/1577933476
16.05.2018|116,75|04:32:44|3,703|0|0|0|0||0|0|257|648|73|131|0|0|0|0||12|04:47:21|Garmin Edge 1030|https://www.strava.com/activities/1575555643
15.05.2018|159,67|05:54:40|4,209|0|0|0|0||0|0|270|634|78|152|0|0|0|0||11|06:27:52|Garmin Edge 1030|https://www.strava.com/activities/1573453324
13.05.2018|29,76|01:13:03|613|0|0|0|0||0|0|244|518|74|119|0|0|0|0||17|02:19:51|Garmin Edge 1030|https://www.strava.com/activities/1568955799
11.05.2018|93,14|03:35:01|2,348|0|0|0|0||0|0|260|652|74|109|0|0|0|0||18|03:55:14|Garmin Edge 1030|https://www.strava.com/activities/1564610655
09.05.2018|105,34|04:07:53|2,765|0|0|0|0||0|0|255|626|76|126|0|0|0|0||13|04:20:42|Garmin Edge 1030|https://www.strava.com/activities/1559769585
08.05.2018|188,31|07:59:34|5,204|0|0|0|0||0|0|236|720|73|181|0|0|0|0||18|08:38:45|Garmin Edge 1030|https://www.strava.com/activities/1557918360
02.05.2018|5,64|00:20:02|329|0|0|0|0||0|0|169|306|77|102|0|0|0|0||14|00:20:02|Garmin Edge 1030|https://www.strava.com/activities/1548847000
01.05.2018|39,39|01:57:27|743|0|0|0|0||0|0|201|461|60|90|0|0|0|0||11|03:13:23|Garmin Edge 1030|https://www.strava.com/activities/1548846942
26.05.2018|68,37|02:54:29|1,726|0|0|0|0||0|0|235|590|72|111|0|0|0|0||23|03:40:21|Garmin Edge 1030|https://www.strava.com/activities/1596661997
12.05.2018|227,94|09:50:40|6,257|0|0|0|0||0|0|232|688|71|133|0|0|0|0||14|10:45:33|Garmin Edge 1030|https://www.strava.com/activities/1567527333
10.05.2018|159,57|06:26:59|4,024|0|0|0|0||0|0|247|619|74|128|0|0|0|0||19|07:24:49|Garmin Edge 1030|https://www.strava.com/activities/1562297126
06.05.2018|106,41|04:03:45|2,641|0|0|0|0||0|0|262|709|77|129|0|0|0|0||15|04:30:04|Garmin Edge 1030|https://www.strava.com/activities/1553504510
05.05.2018|93,15|04:16:33|3,393|0|0|0|0||0|0|218|648|76|127|0|0|0|0||6|04:26:58|Garmin Edge 1030|https://www.strava.com/activities/1550981238
04.05.2018|92,39|03:29:26|2,343|0|0|0|0||0|0|265|662|78|122|0|0|0|0||4|03:41:18|Garmin Edge 1030|https://www.strava.com/activities/1548847643
30.06.2018|187,17|07:26:58|5,018|0|0|0|0||0|0|251|662|78|128|0|0|0|0|4,752|23|07:38:30|Garmin Edge 1030|https://www.strava.com/activities/1671599329
29.06.2018|86,95|03:30:58|2,407|0|0|0|0||0|0|247|616|79|169|0|0|0|0|2,205|24|04:32:04|Garmin Edge 1030|https://www.strava.com/activities/1669411523
26.06.2018|20,52|00:49:24|786|0|0|0|0||0|0|249|418|79|109|0|0|0|0|696|24|00:50:33|Garmin Edge 1030|https://www.strava.com/activities/1663110579
26.06.2018|11,43|00:21:42|18|0|0|0|0||0|0|316|508|76|101|0|0|0|0|99|24|00:22:34|Garmin Edge 1030|https://www.strava.com/activities/1663110192
22.06.2018|103,9|04:20:00|2,67|0|0|0|0||0|0|240|583|75|119|0|0|0|0|2,507|22|04:28:40|Garmin Edge 1030|https://www.strava.com/activities/1654480737
21.06.2018|163,88|06:18:45|4,34|0|0|0|0||0|0|260|583|80|117|0|0|0|0|4,029|25|06:48:05|Garmin Edge 1030|https://www.strava.com/activities/1652757248
20.06.2018|80,07|03:22:32|1,858|0|0|0|0||0|0|237|630|75|115|0|0|0|0|1,889|25|06:12:15|Garmin Edge 1030|https://www.strava.com/activities/1652755448
19.06.2018|103,73|04:19:17|2,656|0|0|0|0||0|0|240|598|75|116|0|0|0|0|2,510|26|04:36:55|Garmin Edge 1030|https://www.strava.com/activities/1648221996
17.06.2018|34,08|00:43:00|265|0|0|0|0||0|0|476|662|95|134|0|0|0|0|830|27|00:47:16|Garmin Edge 1030|https://www.strava.com/activities/1645886419
17.06.2018|38,88|01:11:08|302|0|0|0|0||0|0|328|612|80|200|0|0|0|0|593|27|01:15:24|Garmin Edge 1030|https://www.strava.com/activities/1645886284
15.06.2018|7,3|00:12:13|50|0|0|0|0||0|0|359|655|82|127|0|0|0|0|61|20|00:12:13|Garmin Edge 1030|https://www.strava.com/activities/1640280897
14.06.2018|2,03|00:07:51|132|0|0|0|0||0|0|155|220|69|93|0|0|0|0|101|31|00:08:22|Garmin Edge 1030|https://www.strava.com/activities/1638324716
12.06.2018|1,14|00:04:30|4|0|0|0|0||0|0|153|277|64|84|0|0|0|0|12|19|00:06:31|Garmin Edge 1030|https://www.strava.com/activities/1633365346
11.06.2018|3,54|00:07:17|18|0|0|0|0||0|0|292|414|75|128|0|0|0|0|35|26|00:07:17|Garmin Edge 1030|https://www.strava.com/activities/1632268258
11.06.2018|0,84|00:04:00|8|0|0|0|0||0|0|127|263|59|71|0|0|0|0|11|21|00:06:59|Garmin Edge 1030|https://www.strava.com/activities/1632268141
04.06.2018|112,89|04:11:51|3,003|0|0|0|0||0|0|269|601|81|121|0|0|0|0||14|2.01:51:02|Garmin Edge 1030|https://www.strava.com/activities/1620467685
05.06.2018|155,51|05:56:09|4,931|0|0|0|0||0|0|262|626|0|0|0|0|0|0|||06:03:58||https://www.strava.com/activities/1618325364
03.06.2018|162,2|05:52:57|4,508|0|0|0|0||0|0|276|702|82|126|0|0|0|0||23|06:10:18|Garmin Edge 1030|https://www.strava.com/activities/1614444915
01.06.2018|155,36|06:01:25|4,416|0|0|0|0||0|0|258|670|80|148|0|0|0|0||18|06:12:14|Garmin Edge 1030|https://www.strava.com/activities/1609746004
28.06.2018|91,85|03:42:43|3,013|0|0|0|0||0|0|247|781|80|117|0|0|0|0|2,702|20|03:57:18|Garmin Edge 1030|https://www.strava.com/activities/1667389521
27.06.2018|126,01|04:33:32|3,209|0|0|0|0||0|0|276|724|80|122|0|0|0|0|3,001|25|04:58:41|Garmin Edge 1030|https://www.strava.com/activities/1665650692
26.06.2018|82,35|02:13:35|878|0|0|0|0||0|0|370|882|83|133|0|0|0|0|1,365|17|02:25:46|Garmin Edge 1030|https://www.strava.com/activities/1663110366
25.06.2018|42,07|01:38:57|770|0|0|0|0||0|0|255|684|72|116|0|0|0|0|760|23|02:27:48|Garmin Edge 1030|https://www.strava.com/activities/1660926911
24.06.2018|173,38|06:45:46|5,155|0|0|0|0||0|0|256|756|80|119|0|0|0|0|4,723|20|07:08:33|Garmin Edge 1030|https://www.strava.com/activities/1659471739
23.06.2018|133,41|04:38:03|3,22|0|0|0|0||0|0|288|688|80|130|0|0|0|0|3,030|20|04:56:51|Garmin Edge 1030|https://www.strava.com/activities/1656671060
18.06.2018|44,94|01:50:56|982|0|0|0|0||0|0|243|547|73|120|0|0|0|0|965|23|02:47:57|Garmin Edge 1030|https://www.strava.com/activities/1646125459
15.06.2018|167,4|04:01:23|2,768|0|0|0|0||0|0|416|814|94|161|0|0|0|0|3,510|22|04:02:18|Garmin Edge 1030|https://www.strava.com/activities/1640282261
14.06.2018|184,7|05:00:52|3,318|0|0|0|0||0|0|368|821|87|144|0|0|0|0|3,844|20|05:01:57|Garmin Edge 1030|https://www.strava.com/activities/1638331540
13.06.2018|154,82|03:39:35|2,579|0|0|0|0||0|0|423|864|92|142|0|0|0|0|3,193|15|03:40:37|Garmin Edge 1030|https://www.strava.com/activities/1636123966
12.06.2018|189,28|04:38:25|2,097|0|0|0|0||0|0|408|850|91|138|0|0|0|0|3,677|14|04:40:07|Garmin Edge 1030|https://www.strava.com/activities/1633908082
11.06.2018|181,3|04:41:43|1,036|0|0|0|0||0|0|386|749|86|137|0|0|0|0|3,183|17|04:43:06|Garmin Edge 1030|https://www.strava.com/activities/1632270309
10.06.2018|157,16|03:59:24|1,743|0|0|0|0||0|0|394|893|88|143|0|0|0|0|2,552|29|04:35:22|Garmin Edge 1030|https://www.strava.com/activities/1629942965
09.06.2018|18,11|00:20:33|179|0|0|0|0||0|0|529|857|101|140|0|0|0|0|419|28|00:20:33|Garmin Edge 1030|https://www.strava.com/activities/1627355020
09.06.2018|36,59|00:55:51|358|0|0|0|0||0|0|393|853|89|132|0|0|0|0|668|26|01:01:47|Garmin Edge 1030|https://www.strava.com/activities/1626781173
08.06.2018|41,43|01:20:21|345|0|0|0|0||0|0|309|601|83|117|0|0|0|0||24|02:15:38|Garmin Edge 1030|https://www.strava.com/activities/1624801807
07.06.2018|101,57|02:55:51|1,055|0|0|0|0||0|0|347|792|84|123|0|0|0|0||22|04:11:57|Garmin Edge 1030|https://www.strava.com/activities/1622943462
15.07.2018|6,85|00:16:02|33|0|0|0|0||0|0|257|443|75|122|0|0|0|0|108|33|00:56:56|Garmin Edge 1030|https://www.strava.com/activities/1705852945
14.07.2018|6,46|00:17:17|15|0|0|0|0||0|0|224|374|73|105|0|0|0|0|60|33|00:51:05|Garmin Edge 1030|https://www.strava.com/activities/1701982363
13.07.2018|7,81|00:17:34|113|0|0|0|0||0|0|267|572|69|123|0|0|0|0|138|26|00:58:47|Garmin Edge 1030|https://www.strava.com/activities/1699969495
12.07.2018|2,43|00:04:41|0|0|0|0|0||0|0|312|630|77|96|0|0|0|0|3|25|00:04:41|Garmin Edge 1030|https://www.strava.com/activities/1697847715
12.07.2018|9,59|00:25:06|131|0|0|0|0||0|0|229|500|69|139|0|0|0|0|178|28|00:59:19|Garmin Edge 1030|https://www.strava.com/activities/1697823755
11.07.2018|10,98|00:26:18|103|0|0|0|0||0|0|251|500|75|130|0|0|0|0|168|24|00:55:11|Garmin Edge 1030|https://www.strava.com/activities/1695863480
10.07.2018|9,55|00:22:15|22|0|0|0|0||0|0|258|367|71|108|0|0|0|0|87|33|00:42:06|Garmin Edge 1030|https://www.strava.com/activities/1693527095
09.07.2018|36,91|00:56:07|355|0|0|0|0||0|0|395|828|86|117|0|0|0|0|631|28|01:36:02|Garmin Edge 1030|https://www.strava.com/activities/1691561324
08.07.2018|4,17|00:08:33|53|0|0|0|0||0|0|293|558|71|108|0|0|0|0|51|34|00:08:33|Garmin Edge 1030|https://www.strava.com/activities/1689266008
07.07.2018|4,67|00:10:21|2|0|0|0|0||0|0|271|367|84|126|0|0|0|0|45|31|00:21:45|Garmin Edge 1030|https://www.strava.com/activities/1686617812
03.07.2018|123,86|04:42:35|3,353|0|0|0|0||0|0|263|626|79|138|0|0|0|0|3,241|23|04:50:58|Garmin Edge 1030|https://www.strava.com/activities/1677829434
14.07.2018|180,78|04:27:19|1,367|0|0|0|0||0|0|406|745|86|133|0|0|0|0|2,642|29|04:28:14|Garmin Edge 1030|https://www.strava.com/activities/1701984252
13.07.2018|230,97|05:46:13|2,428|0|0|0|0||0|0|400|799|87|138|0|0|0|0|3,568|26|05:48:36|Garmin Edge 1030|https://www.strava.com/activities/1699972846
12.07.2018|179,67|04:15:05|2,005|0|0|0|0||0|0|423|821|89|142|0|0|0|0|3,135|26|04:16:04|Garmin Edge 1030|https://www.strava.com/activities/1697848010
11.07.2018|201,92|04:47:18|2,806|0|0|0|0||0|0|422|860|91|145|0|0|0|0|3,781|26|04:48:23|Garmin Edge 1030|https://www.strava.com/activities/1695866430
10.07.2018|193,64|04:26:35|1,277|0|0|0|0||0|0|436|695|90|129|0|0|0|0|2,912|30|04:27:48|Garmin Edge 1030|https://www.strava.com/activities/1693528794
09.07.2018|34,83|00:39:17|323|0|0|0|0||0|0|532|875|99|131|0|0|0|0|750|30|00:41:56|Garmin Edge 1030|https://www.strava.com/activities/1691561603
08.07.2018|180,59|04:06:14|1,486|0|0|0|0||0|0|440|742|90|136|0|0|0|0|2,729|33|04:07:14|Garmin Edge 1030|https://www.strava.com/activities/1689266839
07.07.2018|197,86|04:23:38|516|0|0|0|0||0|0|450|666|91|130|0|0|0|0|2,586|31|04:24:47|Garmin Edge 1030|https://www.strava.com/activities/1686618939
06.07.2018|51,73|01:39:10|279|0|0|0|0||0|0|313|558|85|115|0|0|0|0|739|22|01:58:22|Garmin Edge 1030|https://www.strava.com/activities/1684281332
05.07.2018|81,67|02:23:06|582|0|0|0|0||0|0|342|547|86|115|0|0|0|0|1,286|21|02:27:50|Garmin Edge 1030|https://www.strava.com/activities/1682253596
04.07.2018|72,22|01:59:55|681|0|0|0|0||0|0|361|796|83|123|0|0|0|0|1,232|24|02:16:13|Garmin Edge 1030|https://www.strava.com/activities/1680054680
02.07.2018|79,84|03:27:09|2,009|0|0|0|0||0|0|231|616|73|107|0|0|0|0|1,841|25|04:07:29|Garmin Edge 1030|https://www.strava.com/activities/1675756844
01.07.2018|120,28|04:30:56|3,145|0|0|0|0||0|0|266|652|79|131|0|0|0|0|3,024|22|04:36:14|Garmin Edge 1030|https://www.strava.com/activities/1673664897
31.08.2018|194,41|05:01:42|2,594|0|0|0|0||0|0|387|911|85|138|0|0|0|0|3,222|35|05:32:14|Garmin Edge 1030|https://www.strava.com/activities/1809817086
25.08.2018|8,22|00:10:47|62|0|0|0|0||0|0|457|702|99|133|0|0|0|0|231|29|00:10:47|Garmin Edge 1030|https://www.strava.com/activities/1797839847
25.08.2018|18,15|00:42:31|125|0|0|0|0||0|0|256|619|73|104|0|0|0|0|292|32|00:47:11|Garmin Edge 1030|https://www.strava.com/activities/1797839827
24.08.2018|57,69|01:42:37|612|0|0|0|0||0|0|337|904|80|106|0|0|0|0|1,442|28|02:04:16|Garmin Edge 1030|https://www.strava.com/activities/1797839818
23.08.2018|26,81|01:14:31|542|0|0|0|0||0|0|216|626|74|108|0|0|0|0|532|27|02:12:19|Garmin Edge 1030|https://www.strava.com/activities/1797836730
22.08.2018|62,77|02:42:27|1,626|0|0|0|0||0|0|232|580|75|115|0|0|0|0|1,573|23|02:43:35|Garmin Edge 1030|https://www.strava.com/activities/1789218465
21.08.2018|156,76|05:54:25|4,162|0|0|0|0||0|0|265|666|81|119|0|0|0|0|4,309|22|06:02:28|Garmin Edge 1030|https://www.strava.com/activities/1787143035
20.08.2018|114,15|04:25:05|3,013|0|0|0|0||0|0|258|648|82|142|0|0|0|0|2,904|28|04:38:20|Garmin Edge 1030|https://www.strava.com/activities/1784947143
19.08.2018|155,13|05:54:14|4,065|0|0|0|0||0|0|263|630|82|114|0|0|0|0|4,115|21|06:03:55|Garmin Edge 1030|https://www.strava.com/activities/1782657696
14.08.2018|1,6|00:08:49|68|0|0|0|0||0|0|109|216|63|91|0|0|0|0|67|23|00:12:04|Garmin Edge 1030|https://www.strava.com/activities/1771895319
13.08.2018|29,83|01:17:33|572|0|0|0|0||0|0|231|479|82|111|0|0|0|0|709|18|02:24:36|Garmin Edge 1030|https://www.strava.com/activities/1771895403
11.08.2018|19,3|00:49:29|484|0|0|0|0||0|0|234|529|74|118|0|0|0|0|493|30|01:11:41|Garmin Edge 1030|https://www.strava.com/activities/1766835203
10.08.2018|82,37|03:33:41|2,21|0|0|0|0||0|0|231|605|78|114|0|0|0|0|2,043|25|04:45:33|Garmin Edge 1030|https://www.strava.com/activities/1762387082
09.08.2018|119,58|04:41:28|3,037|0|0|0|0||0|0|255|583|81|131|0|0|0|0|2,982|24|05:34:50|Garmin Edge 1030|https://www.strava.com/activities/1760492878
08.08.2018|159,21|06:00:47|4,072|0|0|0|0||0|0|265|659|82|120|0|0|0|0|4,118|21|06:14:25|Garmin Edge 1030|https://www.strava.com/activities/1758094266
07.08.2018|120|04:56:27|3,07|0|0|0|0||0|0|243|648|81|119|0|0|0|0|3,028|25|07:23:43|Garmin Edge 1030|https://www.strava.com/activities/1758093312
06.08.2018|77,39|03:15:07|1,636|0|0|0|0||0|0|238|547|77|114|0|0|0|0|1,647|29|04:01:17|Garmin Edge 1030|https://www.strava.com/activities/1753745545
30.08.2018|156,33|04:22:49|1,567|0|0|0|0||0|0|357|742|87|122|0|0|0|0|3,411|31|04:30:29|Garmin Edge 1030|https://www.strava.com/activities/1807772956
29.08.2018|199,73|05:08:36|3,018|0|0|0|0||0|0|388|929|89|151|0|0|0|0|3,946|32|05:21:11|Garmin Edge 1030|https://www.strava.com/activities/1805391822
28.08.2018|178,21|05:30:51|3,185|0|0|0|0||0|0|323|886|81|147|0|0|0|0|3,375|35|05:54:09|Garmin Edge 1030|https://www.strava.com/activities/1804792623
27.08.2018|184,74|05:16:44|3,032|0|0|0|0||0|0|350|878|85|148|0|0|0|0|3,382|32|05:32:46|Garmin Edge 1030|https://www.strava.com/activities/1802403025
26.08.2018|169,32|04:48:37|2,796|0|0|0|0||0|0|352|871|85|140|0|0|0|0|3,287|35|05:06:22|Garmin Edge 1030|https://www.strava.com/activities/1799122676
18.08.2018|120,82|04:47:47|3,295|0|0|0|0||0|0|252|641|81|127|0|0|0|0|3,173|25|04:57:03|Garmin Edge 1030|https://www.strava.com/activities/1780131665
12.08.2018|106,3|04:04:21|2,519|0|0|0|0||0|0|261|659|80|125|0|0|0|0|2,634|24|04:31:07|Garmin Edge 1030|https://www.strava.com/activities/1766837538
30.09.2018|55,34|02:00:56|678|0|0|0|0||0|0|275|522|78|123|0|0|0|0|1,081|23|03:20:02|Garmin Edge 1030|https://www.strava.com/activities/1877125099
26.09.2018|30,24|01:21:14|570|0|0|0|0||0|0|223|526|75|99|0|0|0|0|687|15|01:23:23|Garmin Edge 1030|https://www.strava.com/activities/1877124611
24.09.2018|1,22|00:05:26|76|0|0|0|0||0|0|135|191|66|171|0|0|0|0|73|20|21:46:10|Garmin Edge 1030|https://www.strava.com/activities/1877124507
24.09.2018|27,96|01:12:19|478|0|0|0|0||0|0|232|540|74|101|0|0|0|0|585|25|02:30:20|Garmin Edge 1030|https://www.strava.com/activities/1877124407
11.09.2018|18,85|00:59:45|634|0|0|0|0||0|0|189|785|89|129|0|0|0|0|949|24|01:12:04|Garmin Edge 1030|https://www.strava.com/activities/1834437445
11.09.2018|29,93|00:58:23|451|0|0|0|0||0|0|308|709|78|113|0|0|0|0|628|20|00:59:15|Garmin Edge 1030|https://www.strava.com/activities/1833963634
10.09.2018|42,75|01:33:24|592|0|0|0|0||0|0|275|756|73|112|0|0|0|0|764|22|02:06:20|Garmin Edge 1030|https://www.strava.com/activities/1831950454
04.09.2018|183,71|04:31:24|1,449|0|0|0|0||0|0|406|763|86|132|0|0|0|0|2,725|28|04:44:42|Garmin Edge 1030|https://www.strava.com/activities/1818904558
03.09.2018|25,39|00:59:21|233|0|0|0|0||0|0|257|515|75|109|0|0|0|0|358|24|01:40:28|Garmin Edge 1030|https://www.strava.com/activities/1818229232
02.09.2018|211,24|06:19:46|4,434|0|0|0|0||0|0|334|889|85|143|0|0|0|0|4,556|33|06:51:11|Garmin Edge 1030|https://www.strava.com/activities/1814827281
01.09.2018|200,15|04:50:09|2,051|0|0|0|0||0|0|414|850|86|144|0|0|0|0|2,712|38|05:01:50|Garmin Edge 1030|https://www.strava.com/activities/1812010204
16.09.2018|110,06|02:56:11|703|0|0|0|0||0|0|375|709|82|131|0|0|0|0|1,490|30|03:31:49|Garmin Edge 1030|https://www.strava.com/activities/1846321425
15.09.2018|108,99|03:48:50|3,235|0|0|0|0||0|0|286|853|79|146|0|0|0|0|3,285|19|03:58:14|Garmin Edge 1030|https://www.strava.com/activities/1843484865
14.09.2018|166,14|04:28:36|2,741|0|0|0|0||0|0|371|925|83|153|0|0|0|0|3,375|26|04:33:52|Garmin Edge 1030|https://www.strava.com/activities/1842516737
13.09.2018|192,82|04:23:25|1,155|0|0|0|0||0|0|439|828|85|141|0|0|0|0|2,453|31|04:43:34|Garmin Edge 1030|https://www.strava.com/activities/1838979171
12.09.2018|179,95|05:26:54|3,581|0|0|0|0||0|0|330|954|81|144|0|0|0|0|3,784|23|06:12:54|Garmin Edge 1030|https://www.strava.com/activities/1836949038
09.09.2018|200,21|06:04:02|4,589|0|0|0|0||0|0|330|824|83|146|0|0|0|0|4,879|20|06:16:21|Garmin Edge 1030|https://www.strava.com/activities/1830600538
08.09.2018|177,8|05:12:45|3,231|0|0|0|0||0|0|341|878|82|146|0|0|0|0|3,731|24|05:25:56|Garmin Edge 1030|https://www.strava.com/activities/1829067179
07.09.2018|183,07|04:50:20|3,156|0|0|0|0||0|0|378|893|87|152|0|0|0|0|3,796|21|05:00:17|Garmin Edge 1030|https://www.strava.com/activities/1825545662
06.09.2018|191,12|05:04:10|3,222|0|0|0|0||0|0|377|871|85|142|0|0|0|0|3,572|15|05:08:09|Garmin Edge 1030|https://www.strava.com/activities/1823408682
05.09.2018|212,02|05:14:30|3,682|0|0|0|0||0|0|404|896|90|153|0|0|0|0|4,182|18|05:14:30|Garmin Edge 1030|https://www.strava.com/activities/1822647230
23.10.2018|31,72|01:08:36|354|0|0|0|0||0|0|277|544|0|0|0|0|0|0|1,270|10|01:10:27|Bontrager Garmin Edge 1030|https://www.strava.com/activities/1961916051
14.10.2018|15,15|00:32:35|151|0|0|0|0||0|0|279|662|73|126|0|0|0|0|360|26|01:06:31|Garmin Edge 1030|https://www.strava.com/activities/1907711934
08.10.2018|13,02|00:45:00|399|0|0|0|0||0|0|174|486|76|140|0|0|0|0|392|20|01:08:19|Garmin Edge 1030|https://www.strava.com/activities/1907711768
16.10.2018|107,75|02:23:13|346|0|0|0|0||0|0|451|709|89|133|0|0|0|0|1,504|27|02:23:13|Garmin Edge 1030|https://www.strava.com/activities/1907712693
03.10.2018|52,66|02:29:49|1,266|0|0|0|0||0|0|211|551|74|122|0|0|0|0|1,342|15|02:34:33|Garmin Edge 1030|https://www.strava.com/activities/1907711748
01.10.2018|54,27|02:13:46|1,301|0|0|0|0||0|0|243|554|78|129|0|0|0|0|1,439|15|02:18:27|Garmin Edge 1030|https://www.strava.com/activities/1877125543
30.11.2018|185,6|06:10:15|2,113|0|0|0|0||0|0|301|709|81|119|0|0|0|0||14|06:28:02|Bontrager Garmin Edge 1030|https://www.strava.com/activities/1992080779
29.11.2018|67,96|02:25:16|776|0|0|0|0||0|0|281|709|79|139|0|0|0|0||11|02:50:35|Bontrager Garmin Edge 1030|https://www.strava.com/activities/1990273164
28.11.2018|134,91|04:23:43|1,857|0|0|0|0||0|0|307|774|81|133|0|0|0|0||13|06:34:05|Bontrager Garmin Edge 1030|https://www.strava.com/activities/1988747383
27.11.2018|89,2|03:12:40|829|0|0|0|0||0|0|278|490|81|124|0|0|0|0||14|04:18:37|Bontrager Garmin Edge 1030|https://www.strava.com/activities/1987021588
26.11.2018|134,65|04:34:00|1,857|0|0|0|0||0|0|295|799|80|121|0|0|0|0||15|06:54:53|Bontrager Garmin Edge 1030|https://www.strava.com/activities/1985341154
25.11.2018|133,67|04:27:34|1,844|0|0|0|0||0|0|300|828|80|135|0|0|0|0||11|05:43:13|Bontrager Garmin Edge 1030|https://www.strava.com/activities/1983218637
24.11.2018|135,53|04:27:07|2,158|0|0|0|0||0|0|304|832|80|153|0|0|0|0|3,265|13|05:23:55|Bontrager Garmin Edge 1030|https://www.strava.com/activities/1981340221
21.11.2018|99,63|03:41:19|1,51|0|0|0|0||0|0|270|727|79|117|0|0|0|0||19|04:44:04|Bontrager Garmin Edge 1030|https://www.strava.com/activities/1976384815
20.11.2018|95,74|03:16:02|1,013|0|0|0|0||0|0|293|670|80|116|0|0|0|0||15|04:25:15|Bontrager Garmin Edge 1030|https://www.strava.com/activities/1974585333
18.11.2018|105,71|03:38:19|1,108|0|0|0|0||0|0|291|716|80|123|0|0|0|0||14|04:53:03|Bontrager Garmin Edge 1030|https://www.strava.com/activities/1970734297
17.11.2018|133,84|04:43:41|1,838|0|0|0|0||0|0|283|778|62|123|0|0|0|0||14|05:50:28|Bontrager Garmin Edge 1030|https://www.strava.com/activities/1968737689
16.11.2018|96,99|03:21:00|1,197|0|0|0|0||0|0|290|612|0|0|0|0|0|0||12|05:15:08|Bontrager Garmin Edge 1030|https://www.strava.com/activities/1967158585
15.11.2018|79,75|02:51:32|1,412|0|0|0|0||0|0|279|648|0|0|0|0|0|0||13|03:13:25|Bontrager Garmin Edge 1030|https://www.strava.com/activities/1965282441
14.11.2018|56,95|02:03:31|824|0|0|0|0||0|0|277|619|0|0|0|0|0|0||15|02:29:16|Bontrager Garmin Edge 1030|https://www.strava.com/activities/1965282250
13.11.2018|102,65|03:21:37|1,432|0|0|0|0||0|0|305|695|0|0|0|0|0|0||15|05:07:08|Bontrager Garmin Edge 1030|https://www.strava.com/activities/1961916560
12.11.2018|65,78|02:22:44|1,019|0|0|0|0||0|0|277|727|0|0|0|0|0|0||16|05:04:11|Bontrager Garmin Edge 1030|https://www.strava.com/activities/1961916514
11.11.2018|85,58|02:55:44|756|0|0|0|0||0|0|292|619|0|0|0|0|0|0|3,286|12|04:15:24|Bontrager Garmin Edge 1030|https://www.strava.com/activities/1961916125
10.11.2018|57,97|01:57:16|545|0|0|0|0||0|0|297|738|0|0|0|0|0|0||13|03:56:25|Bontrager Garmin Edge 1030|https://www.strava.com/activities/1961916143
21.12.2018|51,47|01:50:44|734|0|0|0|0||0|0|279|648|76|118|0|0|0|0||9|02:28:52|Bontrager Garmin Edge 1030|https://www.strava.com/activities/2027262507
04.12.2018|5,13|00:10:18|36|0|0|0|0||0|0|299|590|76|99|0|0|0|0|91|16|00:11:00|Bontrager Garmin Edge 1030|https://www.strava.com/activities/1999060068
31.12.2018|60,73|02:02:43|754|0|0|0|0||0|0|297|659|75|101|0|0|0|0||20|02:57:28|Bontrager Garmin Edge 1030|https://www.strava.com/activities/2045547058
30.12.2018|135,22|04:29:41|3,603|0|0|0|0||0|0|301|763|78|117|0|0|0|0||21|04:47:37|Bontrager Garmin Edge 1030|https://www.strava.com/activities/2045546924
29.12.2018|159,94|04:35:46|2,562|0|0|0|0||0|0|348|799|85|137|0|0|0|0||18|05:31:52|Bontrager Garmin Edge 1030|https://www.strava.com/activities/2041206627
28.12.2018|136,49|04:04:12|2,137|0|0|0|0||0|0|335|763|85|128|0|0|0|0||27|05:31:44|Bontrager Garmin Edge 1030|https://www.strava.com/activities/2039426469
27.12.2018|90,26|03:03:32|955|0|0|0|0||0|0|295|648|79|114|0|0|0|0||19|04:36:57|Bontrager Garmin Edge 1030|https://www.strava.com/activities/2037473716
26.12.2018|90,9|03:19:58|1,865|0|0|0|0||0|0|273|720|79|133|0|0|0|0||18|03:47:47|Bontrager Garmin Edge 1030|https://www.strava.com/activities/2035815053
25.12.2018|135,19|04:26:38|2,146|0|0|0|0||0|0|304|803|78|125|0|0|0|0||15|05:13:50|Bontrager Garmin Edge 1030|https://www.strava.com/activities/2034058236
23.12.2018|137,65|04:18:51|2,185|0|0|0|0||0|0|319|770|84|119|0|0|0|0||15|05:34:50|Bontrager Garmin Edge 1030|https://www.strava.com/activities/2030616584
22.12.2018|215,21|06:18:29|3,183|0|0|0|0||0|0|341|817|87|128|0|0|0|0||15|07:51:50|Bontrager Garmin Edge 1030|https://www.strava.com/activities/2028899600
20.12.2018|138,74|04:07:11|2,194|0|0|0|0||0|0|337|846|83|134|0|0|0|0||16|05:51:35|Bontrager Garmin Edge 1030|https://www.strava.com/activities/2025987839
19.12.2018|156,78|05:20:18|2,505|0|0|0|0||0|0|294|695|82|114|0|0|0|0||13|05:41:53|Bontrager Garmin Edge 1030|https://www.strava.com/activities/2024424234
18.12.2018|137,67|04:13:55|2,196|0|0|0|0||0|0|325|828|81|132|0|0|0|0||12|05:26:11|Bontrager Garmin Edge 1030|https://www.strava.com/activities/2022664891
17.12.2018|134,27|04:11:12|2,118|0|0|0|0||0|0|321|796|82|135|0|0|0|0||19|06:40:13|Bontrager Garmin Edge 1030|https://www.strava.com/activities/2021103998
16.12.2018|103,52|03:19:19|948|0|0|0|0||0|0|312|806|82|127|0|0|0|0||18|05:24:51|Bontrager Garmin Edge 1030|https://www.strava.com/activities/2019186560
14.12.2018|171,22|05:13:47|2,799|0|0|0|0||0|0|327|839|81|132|0|0|0|0||19|06:20:20|Bontrager Garmin Edge 1030|https://www.strava.com/activities/2016123872
13.12.2018|64,9|02:25:22|1,619|0|0|0|0||0|0|268|713|76|106|0|0|0|0||15|02:42:07|Bontrager Garmin Edge 1030|https://www.strava.com/activities/2014361443
12.12.2018|213,96|06:58:39|3,244|0|0|0|0||0|0|307|907|79|141|0|0|0|0||22|08:35:33|Bontrager Garmin Edge 1030|https://www.strava.com/activities/2012939085
11.12.2018|136,59|04:05:54|2,155|0|0|0|0||0|0|333|792|82|121|0|0|0|0||15|05:12:16|Bontrager Garmin Edge 1030|https://www.strava.com/activities/2011023323
10.12.2018|47,08|01:35:55|385|0|0|0|0||0|0|295|500|77|106|0|0|0|0||23|02:20:16|Bontrager Garmin Edge 1030|https://www.strava.com/activities/2009393616
09.12.2018|136,58|04:15:50|2,156|0|0|0|0||0|0|320|821|79|133|0|0|0|0||18|05:45:25|Bontrager Garmin Edge 1030|https://www.strava.com/activities/2007466545
08.12.2018|212,63|06:35:45|2,81|0|0|0|0||0|0|322|724|82|117|0|0|0|0||20|07:49:57|Bontrager Garmin Edge 1030|https://www.strava.com/activities/2005689275
07.12.2018|134,81|04:27:45|2,11|0|0|0|0||0|0|302|749|78|134|0|0|0|0||27|05:34:11|Bontrager Garmin Edge 1030|https://www.strava.com/activities/2004230396
06.12.2018|134,85|03:59:19|2,11|0|0|0|0||0|0|338|871|83|123|0|0|0|0||17|06:43:20|Bontrager Garmin Edge 1030|https://www.strava.com/activities/2002590293
05.12.2018|134,79|04:25:00|2,113|0|0|0|0||0|0|305|716|79|116|0|0|0|0||16|05:31:48|Bontrager Garmin Edge 1030|https://www.strava.com/activities/2000822672
04.12.2018|50,19|01:48:56|797|0|0|0|0||0|0|276|673|76|150|0|0|0|0|1,257|20|02:28:47|Bontrager Garmin Edge 1030|https://www.strava.com/activities/1999060207
02.12.2018|100,46|03:21:28|1,17|0|0|0|0||0|0|299|756|76|125|0|0|0|0||13|04:39:42|Bontrager Garmin Edge 1030|https://www.strava.com/activities/1995370712
01.12.2018|134,96|04:13:42|4,398|0|0|0|0||0|0|319|803|81|141|0|0|0|0||16|05:04:22|Bontrager Garmin Edge 1030|https://www.strava.com/activities/1995370681
loaded urls in 5.09:47:39.7744628
