date|distance|mov_time|elevation|relativeEffort|avg_power_weig|work_total|training_load|intensity|estAvgPower|energyOutput|avg_speed|max_speed|avg_cadence|max_cadence|avg_heartRate|max_heartRate|avg_power|max_power|avg_calories|avg_temperature|avg_elap_time|bicycle_model|url
1/29/2018|30.26|01:08:17|92|0|130|481|13|32%|0|0|26.6|55.4|68|186|0|0|117|692|536|31|01:43:52|Garmin Edge 520|https://www.strava.com/activities/1380758661
1/25/2018|0|00:00:00|0|0|201|0|2|49%|0|0|5.8|5.8|73|93|0|0|145|733|0|27|00:05:11|Garmin Edge 520|https://www.strava.com/activities/1375483278
1/12/2018|39.9|01:19:31|125|0|0|0|0||158|756|30.1|53.3|0|0|0|0|0|0|842|29|02:03:24|Garmin Edge 520|https://www.strava.com/activities/1352596653
1/11/2018|26.03|00:52:28|67|0|0|0|0||151|476|29.8|45.7|0|0|0|0|0|0|531|25|02:06:17|Garmin Edge 520|https://www.strava.com/activities/1351002667
1/8/2018|45.06|01:26:21|176|0|0|0|0||182|945|31.3|60.5|0|0|0|0|0|0|1,053|29|02:17:06|Garmin Edge 520|https://www.strava.com/activities/1346367027
1/31/2018|48.03|01:44:07|436|0|210|1083|46|51%|0|0|27.7|85|74|186|0|0|173|1472|1,208|29|02:33:28|Garmin Edge 520|https://www.strava.com/activities/1384074733
1/30/2018|33.69|01:12:43|255|0|162|665|21|40%|0|0|27.8|55.1|73|101|0|0|153|863|742|21|01:50:18|Garmin Edge 520|https://www.strava.com/activities/1382129340
1/29/2018|23.04|00:50:18|204|0|287|546|46|70%|0|0|27.5|69.5|73|222|0|0|181|960|609|27|01:59:50|Garmin Edge 520|https://www.strava.com/activities/1380691996
1/28/2018|42.16|01:33:38|125|0|139|696|20|34%|0|0|27|48.2|67|98|0|0|124|444|776|28|02:58:17|Garmin Edge 520|https://www.strava.com/activities/1378671428
1/27/2018|104.6|03:08:08|494|0|248|2118|125|61%|0|0|33.4|69.1|77|156|0|0|188|1592|2,362|26|04:18:48|Garmin Edge 520|https://www.strava.com/activities/1376806041
1/26/2018|35.96|01:17:38|89|0|158|607|21|39%|0|0|27.8|57.2|70|128|0|0|130|606|677|30|02:22:10|Garmin Edge 520|https://www.strava.com/activities/1375483429
1/24/2018|73.82|02:16:38|384|0|229|1450|76|56%|0|0|32.4|65.9|78|182|0|0|177|1546|1,617|28|03:21:19|Garmin Edge 520|https://www.strava.com/activities/1372291933
1/22/2018|36.52|01:17:46|139|0|0|0|0||142|664|28.2|56.5|0|0|0|0|0|0|741|27|02:12:42|Garmin Edge 520|https://www.strava.com/activities/1369083513
1/21/2018|101.89|03:15:22|1210|0|0|0|0||217|2544|31.3|78.1|0|0|0|0|0|0|2,837|22|04:38:07|Garmin Edge 520|https://www.strava.com/activities/1367202316
1/20/2018|120.5|03:34:16|917|0|265|2551|161|65%|0|0|33.7|65.9|79|196|0|0|198|1672|2,845|22|05:06:44|Garmin Edge 520|https://www.strava.com/activities/1365358055
1/19/2018|43.56|01:35:09|132|0|150|750|23|37%|0|0|27.5|55.8|72|128|0|0|131|1189|836|28|03:28:53|Garmin Edge 520|https://www.strava.com/activities/1364006937
1/17/2018|51.37|01:43:16|175|0|164|924|31|40%|0|0|29.8|53.3|73|230|0|0|149|758|1,031|24|02:27:28|Garmin Edge 520|https://www.strava.com/activities/1360842379
1/16/2018|16.93|00:37:42|67|0|167|316|12|41%|0|0|27|50|72|114|0|0|140|909|352|25|01:52:06|Garmin Edge 520|https://www.strava.com/activities/1359273112
1/15/2018|40.47|01:25:38|113|0|184|789|31|45%|0|0|28.4|61.6|72|210|0|0|154|1460|880|27|02:46:48|Garmin Edge 520|https://www.strava.com/activities/1357891235
1/14/2018|89.62|03:10:46|989|0|213|2169|94|52%|0|0|28.2|86.8|73|212|0|0|190|1445|2,419|29|05:12:06|Garmin Edge 520|https://www.strava.com/activities/1355889220
1/13/2018|112.24|03:25:35|883|0|257|2491|143|63%|0|0|32.8|80.6|77|137|0|0|202|1425|2,778|25|04:52:07|Garmin Edge 520|https://www.strava.com/activities/1354012717
1/10/2018|88.49|02:52:01|427|0|0|0|0||183|1893|30.9|63|0|0|0|0|0|0|2,111|29|04:31:54|Garmin Edge 520|https://www.strava.com/activities/1349485237
1/9/2018|69.49|02:22:01|885|0|239|1662|87|59%|0|0|29.4|82.8|76|186|0|0|195|1504|1,853|24|03:14:32|Garmin Edge 520|https://www.strava.com/activities/1347755580
1/7/2018|94.12|02:49:25|514|0|0|0|0||223|2264|33.3|69.1|0|0|0|0|0|0|2,524|25|03:33:02|Garmin Edge 520|https://www.strava.com/activities/1344409893
1/6/2018|122.98|03:46:02|768|0|0|0|0||224|3037|32.6|68.8|0|0|0|0|0|0|3,386|24|05:23:08|Garmin Edge 520|https://www.strava.com/activities/1342731538
1/4/2018|95.21|02:42:32|291|0|254|2043|110|62%|0|0|35.1|68|82|121|0|0|210|904|2,278|21|03:57:50|Garmin Edge 520|https://www.strava.com/activities/1339637207
1/3/2018|91.74|02:52:27|675|0|237|2261|103|58%|0|0|31.9|77.8|80|184|0|0|219|1276|2,521|28|04:08:03|Garmin Edge 520|https://www.strava.com/activities/1339636610
1/2/2018|85.49|02:47:45|869|0|245|2243|103|60%|0|0|30.6|78.1|79|196|0|0|223|813|2,501|25|03:31:31|Garmin Edge 520|https://www.strava.com/activities/1336715027
2/22/2018|47.6|01:28:09|193|0|195|983|36|48%|0|0|32.4|57.6|81|241|0|0|186|784|1,096|22|01:51:09|Garmin Edge 520|https://www.strava.com/activities/1419828963
2/19/2018|9.08|00:27:04|69|0|0|0|0||116|188|20.1|50.4|0|0|0|0|0|0|210||00:56:58||https://www.strava.com/activities/1414957522
2/19/2018|3.89|00:11:11|29|0|0|0|0||103|69|20.9|36|0|0|0|0|0|0|77||00:18:19||https://www.strava.com/activities/1414070992
2/18/2018|16.23|00:35:48|71|0|185|352|13|45%|0|0|27.2|54|71|126|0|0|164|796|393|24|01:12:22|Garmin Edge 520|https://www.strava.com/activities/1412762075
2/14/2018|84.91|02:36:56|344|0|218|1889|79|53%|0|0|32.5|78.1|74|114|0|0|201|1622|2,106|24|02:48:18|Garmin Edge 520|https://www.strava.com/activities/1406438953
2/12/2018|27.09|00:55:34|87|0|192|606|22|47%|0|0|29.3|53.3|71|100|0|0|182|572|676|24|01:42:24|Garmin Edge 520|https://www.strava.com/activities/1403418032
2/9/2018|32.49|01:09:48|95|0|0|0|0||140|586|27.9|51.1|0|0|0|0|0|0|653|25|01:21:36|Garmin Edge 520|https://www.strava.com/activities/1398682923
2/7/2018|87.8|03:04:17|955|0|230|2110|105|56%|0|0|28.6|62.3|71|200|0|0|191|1534|2,353|22|04:19:09|Garmin Edge 520|https://www.strava.com/activities/1395319252
2/28/2018|99.39|03:05:45|517|0|254|2322|125|62%|0|0|32.1|67.3|77|123|0|0|208|1629|2,589|23|03:54:55|Garmin Edge 520|https://www.strava.com/activities/1429313611
2/27/2018|86.15|02:53:20|809|0|235|2120|102|58%|0|0|29.8|65.2|74|117|0|0|204|826|2,364|20|04:01:11|Garmin Edge 520|https://www.strava.com/activities/1427779624
2/26/2018|26.03|00:55:11|74|0|164|521|16|40%|0|0|28.3|50.4|72|93|0|0|157|878|581|27|01:38:06|Garmin Edge 520|https://www.strava.com/activities/1426364078
2/25/2018|108.69|03:14:35|756|0|241|2272|124|59%|0|0|33.5|89.6|76|122|0|0|195|1174|2,534|26|04:24:45|Garmin Edge 520|https://www.strava.com/activities/1424493760
2/24/2018|68.9|01:56:01|237|0|302|1682|113|74%|0|0|35.6|61.9|79|120|0|0|242|1394|1,875|19|02:37:16|Garmin Edge 520|https://www.strava.com/activities/1422502922
2/21/2018|53.28|01:52:50|433|0|221|1330|59|54%|0|0|28.3|74.9|73|124|0|0|196|1509|1,483|20|02:22:43|Garmin Edge 520|https://www.strava.com/activities/1418315657
2/20/2018|92.92|03:07:11|1152|0|275|2512|154|67%|0|0|29.8|81.7|76|135|0|0|224|1628|2,801|23|04:37:32|Garmin Edge 520|https://www.strava.com/activities/1416472346
2/18/2018|42.27|00:57:15|76|0|336|1000|66|82%|0|0|44.3|58.3|90|122|0|0|291|1409|1,115|32|00:58:52|Garmin Edge 520|https://www.strava.com/activities/1412999187
2/17/2018|97.97|02:51:27|387|0|259|2078|122|63%|0|0|34.3|79.2|75|127|0|0|202|1476|2,317|23|03:37:37|Garmin Edge 520|https://www.strava.com/activities/1410922529
2/16/2018|16.09|00:39:39|67|0|138|297|8|34%|0|0|24.4|49.7|65|91|0|0|125|640|331|27|01:46:48|Garmin Edge 520|https://www.strava.com/activities/1409466937
2/15/2018|128.54|03:43:49|1066|0|284|3148|193|70%|0|0|34.5|100.4|77|128|0|0|234|1503|3,510|25|04:56:50|Garmin Edge 520|https://www.strava.com/activities/1407910865
2/13/2018|93.94|02:57:19|954|0|267|2458|134|65%|0|0|31.8|84.6|75|132|0|0|231|1526|2,741|23|03:37:34|Garmin Edge 520|https://www.strava.com/activities/1404875721
2/11/2018|144.04|04:29:23|1131|0|0|0|0||224|3620|32.1|73.4|0|0|0|0|0|0|4,037|29|06:30:02|Garmin Edge 520|https://www.strava.com/activities/1401707665
2/10/2018|120.76|03:32:57|917|0|0|0|0||261|3329|34|68.8|0|0|0|0|0|0|3,712|22|05:00:48|Garmin Edge 520|https://www.strava.com/activities/1399843407
2/8/2018|96.94|03:04:01|493|0|209|2048|84|51%|0|0|31.6|69.5|75|137|0|0|185|876|2,283|18|04:42:28|Garmin Edge 520|https://www.strava.com/activities/1396836818
2/6/2018|78.85|02:43:07|1059|0|250|2205|106|61%|0|0|29|95.4|76|224|0|0|225|905|2,458|24|03:19:20|Garmin Edge 520|https://www.strava.com/activities/1393735299
2/5/2018|34.14|01:16:53|150|0|162|633|21|40%|0|0|26.6|49.3|66|192|0|0|137|627|706|27|02:40:33|Garmin Edge 520|https://www.strava.com/activities/1392425136
2/4/2018|31.65|01:07:44|95|0|150|557|16|37%|0|0|28|40.7|64|93|0|0|137|462|621|25|01:38:11|Garmin Edge 520|https://www.strava.com/activities/1390313191
3/12/2018|54.17|01:55:54|547|0|208|1340|54|51%|0|0|28|78.5|72|115|0|0|193|780|1,494|20|02:21:12|Garmin Edge 520|https://www.strava.com/activities/1448676106
3/9/2018|22.4|00:46:07|190|0|223|555|23|55%|0|0|29.1|60.8|72|98|0|0|201|559|619|22|00:46:07|Garmin Edge 520|https://www.strava.com/activities/1443374906
3/2/2018|15.8|00:34:32|72|0|168|297|11|41%|0|0|27.5|57.6|75|186|0|0|144|562|332|24|01:18:40|Garmin Edge 520|https://www.strava.com/activities/1431942217
3/21/2018|188.42|04:25:39|407|0|212|2733|121|52%|0|0|42.6|69.1|76|123|0|0|171|1403|3,048|34|04:32:15|Garmin Edge 520|https://www.strava.com/activities/1463665187
3/20/2018|173.1|04:15:42|122|0|204|2502|106|50%|0|0|40.6|78.5|72|122|0|0|163|1448|2,790|33|04:16:25|Garmin Edge 520|https://www.strava.com/activities/1462023190
3/19/2018|213.02|05:30:00|1853|0|261|3782|225|64%|0|0|38.7|83.2|76|130|0|0|191|1609|4,217|32|05:30:40|Garmin Edge 520|https://www.strava.com/activities/1460557862
3/18/2018|154.47|03:44:15|420|0|207|1995|96|51%|0|0|41.3|70.9|70|119|0|0|148|1518|2,224|36|03:45:44|Garmin Edge 520|https://www.strava.com/activities/1458559296
3/16/2018|66.78|02:05:00|321|0|250|1660|83|61%|0|0|32.1|62.3|78|116|0|0|221|1646|1,851|28|02:19:44|Garmin Edge 520|https://www.strava.com/activities/1455349934
3/15/2018|65.85|01:55:59|359|0|0|0|0||222|1546|34.1|65.5|0|0|0|0|0|0|1,724|31|02:26:41|Garmin Edge 520|https://www.strava.com/activities/1453855183
3/14/2018|45.43|01:32:02|218|0|190|978|34|47%|0|0|29.6|56.9|73|107|0|0|177|648|1,090|33|01:35:56|Garmin Edge 520|https://www.strava.com/activities/1452204857
3/11/2018|149.59|04:32:36|1002|0|270|3785|217|66%|0|0|32.9|71.3|79|115|0|0|231|1507|4,220|20|06:39:15|Garmin Edge 520|https://www.strava.com/activities/1446674037
3/10/2018|126.29|03:53:39|839|0|292|3330|214|72%|0|0|32.4|67|77|116|0|0|238|1405|3,713|19|05:08:52|Garmin Edge 520|https://www.strava.com/activities/1444693705
3/8/2018|157.32|04:30:00|996|0|279|3813|223|68%|0|0|35|411.5|76|123|0|0|235|1091|4,252|17|05:59:35|Garmin Edge 520|https://www.strava.com/activities/1441680479
3/7/2018|115.69|03:37:47|627|0|224|2530|117|55%|0|0|31.9|69.5|73|123|0|0|194|1625|2,821|24|04:48:24|Garmin Edge 520|https://www.strava.com/activities/1440065941
3/6/2018|97.5|03:09:24|792|0|229|2472|102|56%|0|0|30.9|82.1|76|109|0|0|218|774|2,757|22|03:50:48|Garmin Edge 520|https://www.strava.com/activities/1438378189
3/5/2018|17.11|00:39:28|231|0|198|429|17|49%|0|0|26|61.2|69|107|0|0|181|601|479|18|01:19:07|Garmin Edge 520|https://www.strava.com/activities/1436772180
3/4/2018|104.23|02:31:03|482|0|301|2295|144|74%|0|0|41.4|80.6|84|136|0|0|253|1722|2,558|23|03:42:00|Garmin Edge 520|https://www.strava.com/activities/1435033062
3/4/2018|28.79|00:52:32|184|0|270|767|38|66%|0|0|32.9|59|79|124|0|0|243|1602|855|31|00:52:58|Garmin Edge 520|https://www.strava.com/activities/1435033057
3/3/2018|91.88|02:05:26|366|0|327|2228|140|80%|0|0|44|68.8|87|120|0|0|296|1657|2,484|32|02:13:21|Garmin Edge 520|https://www.strava.com/activities/1433408566
3/2/2018|47.93|01:27:08|617|0|326|1323|104|80%|0|0|33|92.5|78|124|0|0|253|1474|1,475|18|01:53:00|Garmin Edge 520|https://www.strava.com/activities/1432314858
3/1/2018|72.38|02:22:16|234|0|186|1515|54|46%|0|0|30.5|58|75|108|0|0|177|866|1,689|27|03:55:47|Garmin Edge 520|https://www.strava.com/activities/1430723202
4/30/2018|19.04|00:51:46|260|0|0|0|0||146|454|22.1|49.3|0|0|0|0|0|0|507||01:31:01||https://www.strava.com/activities/1540227060
4/29/2018|144.33|04:35:50|1065|0|254|3957|191|62%|0|0|31.4|89.6|79|115|0|0|239|1471|4,412|19|05:48:30|Garmin Edge 520|https://www.strava.com/activities/1537894206
4/23/2018|34.64|01:17:42|98|0|150|675|19|37%|0|0|26.8|51.8|74|109|0|0|145|886|753|22|02:09:39|Garmin Edge 520|https://www.strava.com/activities/1526100738
4/17/2018|38.02|01:13:17|405|0|243|449|30|60%|0|0|31.1|67.3|71|120|0|0|102|662|500|17|01:44:11|Garmin Edge 520|https://www.strava.com/activities/1512845158
4/7/2018|42.75|01:30:48|239|0|200|1027|39|49%|0|0|28.3|61.9|69|106|0|0|189|741|1,145|23|02:07:14|Garmin Edge 520|https://www.strava.com/activities/1493414835
4/28/2018|103.01|03:28:49|757|0|225|2535|113|55%|0|0|29.6|79.2|73|126|0|0|202|1370|2,826|19|04:29:15|Garmin Edge 520|https://www.strava.com/activities/1535749797
4/27/2018|35.82|01:17:54|93|0|166|738|23|41%|0|0|27.6|50.4|74|100|0|0|158|617|823|22|01:58:27|Garmin Edge 520|https://www.strava.com/activities/1533926465
4/26/2018|74.25|02:23:53|408|0|233|1773|83|57%|0|0|31|78.5|77|120|0|0|205|864|1,977|16|04:02:08|Garmin Edge 520|https://www.strava.com/activities/1531921892
4/25/2018|136.35|03:54:32|1284|0|291|3390|214|71%|0|0|34.9|79.9|82|129|0|0|241|1610|3,780|23|04:42:07|Garmin Edge 520|https://www.strava.com/activities/1530331660
4/25/2018|14.43|00:32:09|65|0|164|303|10|40%|0|0|26.9|51.8|71|93|0|0|157|679|338|18|01:17:47|Garmin Edge 520|https://www.strava.com/activities/1529781414
4/24/2018|84.06|02:50:43|673|0|235|2041|103|58%|0|0|29.5|84.6|75|129|0|0|199|1652|2,275|20|04:20:44|Garmin Edge 520|https://www.strava.com/activities/1527979933
4/22/2018|140.73|04:05:35|1192|0|274|3362|201|67%|0|0|34.4|77.4|80|124|0|0|228|1480|3,749|21|05:19:57|Garmin Edge 520|https://www.strava.com/activities/1523571111
4/21/2018|130.53|04:00:45|1173|0|278|3223|199|68%|0|0|32.5|79.6|77|122|0|0|223|1722|3,594|17|05:38:09|Garmin Edge 520|https://www.strava.com/activities/1521173456
4/20/2018|61.46|01:55:34|266|0|236|1513|73|58%|0|0|31.9|60.8|77|107|0|0|218|984|1,687|20|03:02:04|Garmin Edge 520|https://www.strava.com/activities/1519267543
4/19/2018|103.88|03:15:38|869|0|265|2913|144|65%|0|0|31.9|76|81|115|0|0|248|574|3,248|20|04:34:24|Garmin Edge 520|https://www.strava.com/activities/1517325934
4/16/2018|43.79|01:25:08|123|0|202|918|38|50%|0|0|30.9|65.5|75|110|0|0|180|788|1,024|25|02:19:18|Garmin Edge 520|https://www.strava.com/activities/1511275940
4/15/2018|88.62|02:51:39|449|0|207|1858|79|51%|0|0|31|96.1|73|142|0|0|180|1198|2,072|20|03:45:04|Garmin Edge 520|https://www.strava.com/activities/1508929133
4/14/2018|92.62|02:45:04|388|0|268|2037|129|66%|0|0|33.7|70.6|76|121|0|0|206|1345|2,271|19|03:58:23|Garmin Edge 520|https://www.strava.com/activities/1506749525
4/12/2018|45.13|01:30:22|231|0|210|1052|41|51%|0|0|30|67.3|77|109|0|0|194|649|1,173|22|02:44:20|Garmin Edge 520|https://www.strava.com/activities/1503413966
4/11/2018|41.25|01:22:21|148|0|210|914|42|51%|0|0|30.1|63.4|74|113|0|0|185|1150|1,020|23|02:04:52|Garmin Edge 520|https://www.strava.com/activities/1501426046
4/2/2018|19.64|00:49:11|77|0|139|357|10|34%|0|0|24|55.8|63|101|0|0|121|605|398|28|01:15:13|Garmin Edge 520|https://www.strava.com/activities/1484565990
5/31/2018|5.08|00:12:23|34|0|274|145|41|67%|0|0|24.7|60.1|69|158|0|0|195|1549|161|17|01:13:40|Garmin Edge 520|https://www.strava.com/activities/1607370140
5/25/2018|30.91|01:11:20|427|0|213|848|34|52%|0|0|26|67.7|69|106|0|0|198|670|945|18|02:05:24|Garmin Edge 520|https://www.strava.com/activities/1594252949
5/24/2018|68.13|02:16:24|288|0|238|1656|83|58%|0|0|30|75.6|76|120|0|0|202|1580|1,846|19|03:21:40|Garmin Edge 520|https://www.strava.com/activities/1592203870
5/23/2018|90.12|03:00:07|951|0|266|2513|133|65%|0|0|30|76|74|121|0|0|233|1468|2,802|19|03:30:55|Garmin Edge 520|https://www.strava.com/activities/1590030726
5/22/2018|91.93|03:03:50|1409|0|278|2658|151|68%|0|0|30|76|79|110|0|0|241|747|2,964|14|04:16:05|Garmin Edge 520|https://www.strava.com/activities/1587805205
5/21/2018|27.56|01:00:36|109|0|176|599|22|43%|0|0|27.3|48.2|69|102|0|0|165|487|668|20|02:53:39|Garmin Edge 520|https://www.strava.com/activities/1585696691
5/14/2018|32.82|01:07:22|180|0|208|797|30|51%|0|0|29.2|65.2|74|103|0|0|197|600|888|21|01:10:02|Garmin Edge 520|https://www.strava.com/activities/1570735187
5/9/2018|97.6|03:06:42|1092|0|283|2765|159|69%|0|0|31.4|68|75|110|0|0|247|1308|3,083|21|04:39:11|Garmin Edge 520|https://www.strava.com/activities/1559233929
5/7/2018|18.92|00:56:53|62|0|0|0|0||66|225|20|44.3|0|0|0|0|0|0|251|19|00:58:54|Garmin Edge 520|https://www.strava.com/activities/1554923983
5/4/2018|22.57|01:12:30|43|0|0|0|0||55|237|18.7|41|0|0|0|0|0|0|265|20|01:17:25|Garmin Edge 520|https://www.strava.com/activities/1548507013
5/31/2018|4.21|00:09:21|12|0|177|86|11|43%|0|0|27.1|45.7|69|126|0|0|153|1526|95|18|00:43:38|Garmin Edge 520|https://www.strava.com/activities/1607058038
5/29/2018|61.61|02:11:16|703|0|228|1477|78|56%|0|0|28.2|74.2|74|118|0|0|188|1648|1,647|24|03:41:59|Garmin Edge 520|https://www.strava.com/activities/1602976999
5/27/2018|125.71|03:15:38|1682|0|329|3465|212|81%|0|0|38.6|71.3|89|122|0|0|295|1330|3,864|19|03:15:38|Garmin Edge 520|https://www.strava.com/activities/1598335186
5/26/2018|82.25|02:26:19|545|0|298|2064|151|73%|0|0|33.7|64.1|80|127|0|0|235|1471|2,301|14|03:43:03|Garmin Edge 520|https://www.strava.com/activities/1595910464
5/20/2018|148.5|04:47:15|1292|0|262|3759|210|64%|0|0|31|90|73|134|0|0|218|1304|4,192|16|06:07:53|Garmin Edge 520|https://www.strava.com/activities/1583132702
5/19/2018|132.64|04:00:04|1228|0|296|3485|223|73%|0|0|33.2|70.6|76|116|0|0|242|973|3,886|14|05:36:22|Garmin Edge 520|https://www.strava.com/activities/1580860065
5/17/2018|100.88|03:02:16|567|0|295|2746|170|72%|0|0|33.2|65.5|79|115|0|0|251|1267|3,062|13|04:36:25|Garmin Edge 520|https://www.strava.com/activities/1576877376
5/16/2018|96.84|03:21:28|1522|0|284|2779|170|70%|0|0|28.8|73.8|72|187|0|0|230|985|3,099|17|04:04:39|Garmin Edge 520|https://www.strava.com/activities/1574994918
5/15/2018|88.12|02:53:25|390|0|231|2197|101|57%|0|0|30.5|66.6|78|121|0|0|211|1593|2,450|17|04:00:50|Garmin Edge 520|https://www.strava.com/activities/1572670554
5/12/2018|225.69|06:37:22|3294|0|295|5765|348|72%|0|0|34.1|91.8|79|129|0|0|242|1580|6,428|8|06:42:06|Garmin Edge 520|https://www.strava.com/activities/1566076726
5/11/2018|25.07|00:51:08|52|0|227|496|28|56%|0|0|29.4|58.7|74|119|0|0|162|1608|553|18|00:55:53|Garmin Edge 520|https://www.strava.com/activities/1563669122
5/10/2018|54.13|01:53:28|238|0|181|1165|39|44%|0|0|28.6|46.1|72|98|0|0|171|622|1,299|20|02:39:35|Garmin Edge 520|https://www.strava.com/activities/1561179260
5/8/2018|75.17|02:33:54|758|0|279|2156|125|68%|0|0|29.3|89.6|77|123|0|0|234|1586|2,404|18|03:09:43|Garmin Edge 520|https://www.strava.com/activities/1557011776
5/6/2018|134.87|04:17:00|646|0|220|3013|131|54%|0|0|31.5|66.2|74|115|0|0|195|1006|3,359|19|05:14:59|Garmin Edge 520|https://www.strava.com/activities/1552347988
5/5/2018|120.99|03:26:40|924|0|308|3313|207|75%|0|0|35.1|80.3|81|128|0|0|267|1462|3,694|17|04:28:17|Garmin Edge 520|https://www.strava.com/activities/1549905543
5/3/2018|59.18|02:09:18|235|0|166|1225|38|41%|0|0|27.5|47.2|73|105|0|0|158|653|1,365|19|02:53:57|Garmin Edge 520|https://www.strava.com/activities/1546195972
5/2/2018|130.4|04:20:21|1920|0|285|3944|223|70%|0|0|30.1|85.7|80|116|0|0|252|689|4,397|18|04:48:48|Garmin Edge 520|https://www.strava.com/activities/1544424714
5/1/2018|118.59|03:49:26|908|0|276|3191|185|68%|0|0|31|73.8|76|121|0|0|232|716|3,558|17|04:59:07|Garmin Edge 520|https://www.strava.com/activities/1541889522
6/30/2018|113.28|03:56:48|1833|0|232|2891|141|57%|0|0|28.7|83.5|72|181|0|0|203|1536|2,900|20|04:42:06|Garmin Edge 520|https://www.strava.com/activities/1671511898
6/28/2018|0|00:00:00|0|0|0|0|0||0|0|0|0|0|0|0|0|0|0|0|0|00:00:44|Garmin Edge 520|https://www.strava.com/activities/1669444948
6/23/2018|82.85|03:15:05|1259|0|205|2061|89|50%|0|0|25.5|70.6|70|143|0|0|176|1043|2,076|19|03:52:05|Garmin Edge 520|https://www.strava.com/activities/1656425752
6/22/2018|67.66|02:24:22|546|0|192|1478|57|47%|0|0|28.1|82.4|69|130|0|0|171|1628|1,505|28|02:36:12|Garmin Edge 520|https://www.strava.com/activities/1654561686
6/21/2018|22.88|00:45:16|152|0|0|0|0||173|470|30.3|56.5|0|0|0|0|0|0|833|19|00:47:19|Garmin Edge 520|https://www.strava.com/activities/1652903972
6/15/2018|31.64|01:04:02|191|0|212|781|31|52%|0|0|29.6|65.9|76|101|0|0|203|519|780|16|01:56:58|Garmin Edge 520|https://www.strava.com/activities/1639090631
6/14/2018|34.15|01:11:17|189|0|198|800|31|49%|0|0|28.7|58.3|73|104|0|0|187|599|793|19|03:10:53|Garmin Edge 520|https://www.strava.com/activities/1637265185
6/13/2018|72.05|02:45:02|863|0|216|1838|85|53%|0|0|26.2|67.3|70|132|0|0|186|570|1,822|18|03:30:46|Garmin Edge 520|https://www.strava.com/activities/1635158171
6/12/2018|123.43|04:05:09|2256|0|323|3958|264|79%|0|0|30.2|77.4|76|114|0|0|269|1124|3,948|17|04:51:27|Garmin Edge 520|https://www.strava.com/activities/1633168941
6/11/2018|26.94|01:00:33|88|0|195|632|27|48%|0|0|26.7|56.2|68|97|0|0|174|768|623|20|01:46:14|Garmin Edge 520|https://www.strava.com/activities/1631014282
6/9/2018|96.86|03:22:27|1172|0|242|2723|122|59%|0|0|28.7|74.5|74|153|0|0|224|790|2,719|15|04:19:50|Garmin Edge 520|https://www.strava.com/activities/1626067926
6/8/2018|6.95|00:15:12|27|0|202|173|8|50%|0|0|27.5|44.6|72|90|0|0|190|603|193|12|01:58:58|Garmin Edge 520|https://www.strava.com/activities/1624156977
6/7/2018|24.22|00:54:08|280|0|219|688|29|54%|0|0|26.8|58.7|72|106|0|0|212|787|767|15|01:01:44|Garmin Edge 520|https://www.strava.com/activities/1624157002
6/7/2018|0|00:00:00|0|0|260|0|74|64%|0|0|3.6|0.7|70|94|0|0|81|465|0|15|01:52:17|Garmin Edge 520|https://www.strava.com/activities/1622240134
6/6/2018|84.15|03:26:35|1324|0|198|2204|93|49%|0|0|24.4|71.3|67|114|0|0|178|837|2,457|11|04:27:47|Garmin Edge 520|https://www.strava.com/activities/1619910184
6/5/2018|23.26|00:59:14|182|0|162|509|17|40%|0|0|23.6|51.1|63|102|0|0|143|581|568|16|01:05:48|Garmin Edge 520|https://www.strava.com/activities/1618125580
6/29/2018|81.93|02:40:06|950|0|0|0|0||199|1910|30.7|92.5|0|0|0|0|0|0|2,993|15|03:16:04|Garmin Edge 520|https://www.strava.com/activities/1669445143
6/28/2018|28.41|00:58:46|121|0|152|482|14|37%|0|0|29|72|71|174|0|0|137|1423|480|10|01:21:48|Garmin Edge 520|https://www.strava.com/activities/1668108276
6/27/2018|76.89|03:02:49|1174|0|197|1859|77|48%|0|0|25.2|88.6|67|240|0|0|169|1314|1,853|16|03:34:59|Garmin Edge 520|https://www.strava.com/activities/1665367881
6/26/2018|24.84|00:55:08|468|0|209|619|25|51%|0|0|27|85|70|136|0|0|187|918|619|16|01:29:46|Garmin Edge 520|https://www.strava.com/activities/1663454242
6/25/2018|25.1|00:53:19|179|0|176|533|19|43%|0|0|28.2|64.1|71|154|0|0|167|868|546|21|02:10:31|Garmin Edge 520|https://www.strava.com/activities/1660837081
6/24/2018|104.94|03:48:53|1480|0|240|2835|140|59%|0|0|27.5|67.7|72|218|0|0|206|2213|2,823|20|04:12:03|Garmin Edge 520|https://www.strava.com/activities/1658848639
6/21/2018|37.16|01:15:09|416|0|0|0|0||180|811|29.7|56.9|0|0|0|0|0|0|1,442|26|01:21:14|Garmin Edge 520|https://www.strava.com/activities/1652904065
6/17/2018|152.25|04:59:49|1419|0|246|4076|187|60%|0|0|30.5|75.2|76|119|0|0|227|1626|4,069|16|06:02:56|Garmin Edge 520|https://www.strava.com/activities/1643501279
6/16/2018|127.55|04:02:11|926|0|271|3439|193|66%|0|0|31.6|73.8|76|122|0|0|237|1694|3,424|15|05:25:16|Garmin Edge 520|https://www.strava.com/activities/1641061395
6/10/2018|48.86|01:45:03|139|0|177|1013|38|43%|0|0|27.9|46.1|67|124|0|0|161|487|1,010|21|03:33:15|Garmin Edge 520|https://www.strava.com/activities/1628379804
6/3/2018|102.13|02:41:50|1262|0|311|2565|156|76%|0|0|37.9|74.5|84|124|0|0|264|1341|2,860|24|02:42:07|Garmin Edge 520|https://www.strava.com/activities/1614379556
6/2/2018|96.53|02:41:57|1562|0|333|2780|187|82%|0|0|35.8|101.9|85|123|0|0|286|1293|3,100|23|02:48:36|Garmin Edge 520|https://www.strava.com/activities/1611266329
6/2/2018|7.61|00:20:41|41|0|122|105|3|30%|0|0|22.1|41|61|89|0|0|85|409|117|28|00:24:08|Garmin Edge 520|https://www.strava.com/activities/1611265752
6/1/2018|74.01|01:56:31|431|0|255|1358|86|63%|0|0|38.1|67|78|123|0|0|194|1517|1,514|27|03:22:28|Garmin Edge 520|https://www.strava.com/activities/1609461819
6/1/2018|18.99|00:40:45|109|0|140|266|8|34%|0|0|28|53.3|70|99|0|0|109|369|297|24|00:45:10|Garmin Edge 520|https://www.strava.com/activities/1609461595
7/10/2018|25.34|00:56:59|448|0|213|645|28|52%|0|0|26.7|90|64|133|0|0|189|1137|639|14|01:16:50|Garmin Edge 520|https://www.strava.com/activities/1692876268
7/9/2018|0|00:00:00|0|0|252|0|31|62%|0|0|0|0|0|115|0|0|0|1019|463|0|00:52:24|Garmin Edge 520|https://www.strava.com/activities/1691192720
7/6/2018|98.94|02:28:28|319|0|230|1658|110|56%|0|0|40|92.9|76|185|0|0|186|1546|2,155|11|04:28:51|Garmin Edge 520|https://www.strava.com/activities/1684342353
6/30/2018|0|00:00:00|0|0|178|0|10|44%|0|0|0|0|0|108|0|0|0|286|320|0|00:33:38|Garmin Edge 520|https://www.strava.com/activities/1671903613
7/30/2018|175.05|03:55:26|378|0|0|0|0||362|5118|44.6|70.9|0|0|0|0|0|0|5,613|34|03:56:40|Garmin Edge 520|https://www.strava.com/activities/1737212214
7/29/2018|237.13|04:49:11|1277|0|215|2222|122|53%|0|0|49.2|92.9|66|212|0|0|128|923|3,178|19|04:50:04|Garmin Edge 520|https://www.strava.com/activities/1734679845
7/28/2018|168.63|04:00:16|1400|0|0|0|0||319|4600|42.1|95|0|0|0|0|0|0|5,817|25|04:05:06|Garmin Edge 520|https://www.strava.com/activities/1732516350
7/27/2018|33.03|00:38:13|10|0|0|0|0||175|401|51.9|84.2|0|0|0|0|0|0|704|18|00:40:23|Garmin Edge 520|https://www.strava.com/activities/1730711777
7/27/2018|56.16|02:08:36|1567|0|0|0|0||278|2146|26.2|76|0|0|0|0|0|0|2,843|18|02:11:58|Garmin Edge 520|https://www.strava.com/activities/1730711713
7/26/2018|234.85|05:50:38|1569|0|226|1423|87|55%|0|0|40.2|91.4|76|206|0|0|68|969|6,968|21|05:54:28|Garmin Edge 520|https://www.strava.com/activities/1728507205
7/25/2018|100.28|03:05:20|1931|0|256|2442|122|63%|0|0|32.5|85|75|214|0|0|220|1000|2,445|22|03:06:02|Garmin Edge 520|https://www.strava.com/activities/1726099854
7/24/2018|132.47|03:29:46|1642|0|230|2355|111|56%|0|0|37.9|81|72|205|0|0|187|1943|2,362|22|03:32:05|Garmin Edge 520|https://www.strava.com/activities/1723749449
7/23/2018|114.57|02:32:23|335|0|0|0|0||347|3168|45.1|71.3|0|0|0|0|0|0|3,620|15|02:35:48|Garmin Edge 520|https://www.strava.com/activities/1721774402
7/22/2018|161.13|03:55:33|1448|0|229|2481|123|56%|0|0|41|77.4|71|192|0|0|176|1393|2,483|27|03:56:08|Garmin Edge 520|https://www.strava.com/activities/1719244266
7/21/2018|42.24|01:15:25|265|0|220|804|38|54%|0|0|33.6|77|70|154|0|0|178|1627|802|25|01:19:35|Garmin Edge 520|https://www.strava.com/activities/1716526320
7/20/2018|37.23|01:10:02|210|0|170|680|22|42%|0|0|31.9|55.4|75|190|0|0|162|2078|677|20|01:44:49|Garmin Edge 520|https://www.strava.com/activities/1714737618
7/19/2018|78.96|02:37:52|746|0|236|1782|94|58%|0|0|30|61.6|65|177|0|0|188|1714|1,771|23|03:41:05|Garmin Edge 520|https://www.strava.com/activities/1712386845
7/18/2018|101.2|03:24:12|1433|0|235|2439|121|58%|0|0|29.7|68.8|69|195|0|0|199|1569|2,433|14|03:51:26|Garmin Edge 520|https://www.strava.com/activities/1710086169
7/17/2018|49.28|01:40:16|215|0|0|0|0||129|777|29.5|59.8|0|0|0|0|0|0|1,704|23|02:50:08|Garmin Edge 520|https://www.strava.com/activities/1707665998
7/16/2018|120.12|03:49:23|1019|0|134|498|21|33%|0|0|31.4|66.6|59|179|0|0|36|842|3,931|25|04:29:20|Garmin Edge 520|https://www.strava.com/activities/1705773416
7/15/2018|132.48|04:13:54|1909|0|0|0|0||203|3086|31.3|78.8|0|0|0|0|0|0|4,951|14|04:45:27|Garmin Edge 520|https://www.strava.com/activities/1703613874
7/14/2018|59.72|01:55:08|441|0|0|0|0||169|1167|31.1|55.4|0|0|0|0|0|0|2,318|19|02:56:11|Garmin Edge 520|https://www.strava.com/activities/1700896777
7/13/2018|46.71|01:26:27|302|0|0|0|0||169|874|32.4|55.4|0|0|0|0|0|0|1,806|21|01:29:42|Garmin Edge 520|https://www.strava.com/activities/1699003769
7/9/2018|106.89|02:48:23|542|0|244|2205|108|60%|0|0|38.1|114.8|76|186|0|0|218|2376|2,237|17|03:15:10|Garmin Edge 520|https://www.strava.com/activities/1690886770
7/8/2018|30.05|00:57:53|119|0|163|456|17|40%|0|0|31.2|78.1|69|151|0|0|131|461|456|16|01:33:24|Garmin Edge 520|https://www.strava.com/activities/1688312236
7/7/2018|105.39|03:54:21|2429|0|278|3198|192|68%|0|0|27|170.6|68|228|0|0|227|1922|3,196|14|04:27:40|Garmin Edge 520|https://www.strava.com/activities/1686315083
7/4/2018|111.39|04:25:40|3178|0|265|3587|200|65%|0|0|25.2|86.8|69|247|0|0|225|1589|3,582|17|05:11:56|Garmin Edge 520|https://www.strava.com/activities/1680173154
7/3/2018|63.51|01:58:27|529|0|195|414|22|48%|0|0|32.2|88.9|22|128|0|0|58|709|1,917|17|02:38:37|Garmin Edge 520|https://www.strava.com/activities/1677817088
7/2/2018|134.47|04:00:03|1548|0|247|3041|167|61%|0|0|33.6|98.3|74|184|0|0|211|1639|3,043|21|05:00:33|Garmin Edge 520|https://www.strava.com/activities/1675930854
8/31/2018|35.98|01:14:25|205|0|192|174|11|47%|0|0|29|62.6|69|100|0|0|39|657|1,286|22|02:50:15|Garmin Edge 520|https://www.strava.com/activities/1808880830
8/28/2018|48.88|01:53:38|502|0|175|1062|39|43%|0|0|25.8|86|63|186|0|0|156|1710|1,061|19|03:31:17|Garmin Edge 520|https://www.strava.com/activities/1804037375
8/27/2018|49.61|01:53:58|560|0|169|1059|36|41%|0|0|26.1|61.6|66|153|0|0|155|797|1,057|18|02:40:36|Garmin Edge 520|https://www.strava.com/activities/1800453022
8/26/2018|112.47|03:22:33|1921|0|267|2634|143|65%|0|0|33.3|81.4|65|197|0|0|217|1143|2,639|16|03:23:01|Garmin Edge 520|https://www.strava.com/activities/1798709419
8/25/2018|81.96|02:59:19|2653|0|323|3130|186|79%|0|0|27.4|84.6|73|191|0|0|291|759|3,130|12|02:59:19|Garmin Edge 520|https://www.strava.com/activities/1796649370
8/24/2018|82.38|02:28:17|1842|0|317|2578|149|78%|0|0|33.3|85.7|78|165|0|0|290|1061|2,585|20|02:35:01|Garmin Edge 520|https://www.strava.com/activities/1794551595
8/23/2018|34.81|01:17:57|1405|0|361|1604|101|88%|0|0|26.8|79.2|79|179|0|0|343|1405|1,603|24|01:18:16|Garmin Edge 520|https://www.strava.com/activities/1792410508
8/23/2018|0.02|00:00:00|0|0|226|1|14|55%|0|0|18.7|18.7|67|114|0|0|130|464|340|31|00:27:44|Garmin Edge 520|https://www.strava.com/activities/1792409685
8/22/2018|185.45|04:14:06|1657|0|289|3078|188|71%|0|0|43.8|77.8|76|244|0|0|202|1367|3,432|29|04:18:47|Garmin Edge 520|https://www.strava.com/activities/1790284038
8/21/2018|147.23|03:14:32|634|0|263|2440|133|64%|0|0|45.4|75.2|74|219|0|0|209|1403|2,458|28|03:24:18|Garmin Edge 520|https://www.strava.com/activities/1787605077
8/20/2018|17.72|00:19:59|37|0|0|0|0||668|801|53.2|64.4|0|0|0|0|0|0|486|23|00:23:19|Garmin Edge 520|https://www.strava.com/activities/1785236282
8/20/2018|18.85|00:40:31|52|0|132|306|7|32%|0|0|27.9|39.6|67|153|0|0|126|761|303|18|00:41:19|Garmin Edge 520|https://www.strava.com/activities/1784655727
8/19/2018|169.27|03:51:20|1260|0|290|3550|195|71%|0|0|43.9|75.6|80|207|0|0|256|1569|3,564|26|03:52:30|Garmin Edge 520|https://www.strava.com/activities/1783153419
8/18/2018|143.65|03:14:28|1048|0|194|170|24|48%|0|0|44.3|76.7|80|123|0|0|15|1039|4,967|23|03:14:28|Garmin Edge 520|https://www.strava.com/activities/1780714427
8/17/2018|136.2|03:16:15|1329|0|0|0|0||387|4553|41.6|75.2|0|0|0|0|0|0|5,033|19|03:16:15|Garmin Edge 520|https://www.strava.com/activities/1778570898
8/16/2018|56.78|01:48:38|401|0|0|0|0||185|1203|31.4|59|0|0|0|0|0|0|2,116|16|01:54:45|Garmin Edge 520|https://www.strava.com/activities/1775732640
8/15/2018|28.9|00:58:51|243|0|0|0|0||174|615|29.5|52.2|0|0|0|0|0|0|1,073|16|00:58:51|Garmin Edge 520|https://www.strava.com/activities/1773376729
8/14/2018|60.63|01:57:33|356|0|0|0|0||173|1221|30.9|70.6|0|0|0|0|0|0|2,190|19|02:03:09|Garmin Edge 520|https://www.strava.com/activities/1771120301
8/13/2018|53.11|01:48:11|166|0|0|0|0||166|1076|29.5|53.3|0|0|0|0|0|0|1,822|14|02:04:33|Garmin Edge 520|https://www.strava.com/activities/1768956772
8/12/2018|91.95|02:28:56|454|0|0|0|0||307|2748|37|60.1|0|0|0|0|0|0|3,282|31|02:32:58|Garmin Edge 520|https://www.strava.com/activities/1767328840
8/11/2018|30.14|01:05:03|406|0|211|694|30|52%|0|0|27.8|59.4|68|154|0|0|178|1532|694|19|01:26:48|Garmin Edge 520|https://www.strava.com/activities/1764072351
8/10/2018|64.23|02:04:22|514|0|232|1542|72|57%|0|0|31|74.2|74|164|0|0|207|1674|1,540|21|02:13:40|Garmin Edge 520|https://www.strava.com/activities/1762244988
8/9/2018|29.57|01:00:13|208|0|178|629|21|44%|0|0|29.5|56.2|76|118|0|0|174|460|625|23|01:35:33|Garmin Edge 520|https://www.strava.com/activities/1762054210
8/8/2018|107.14|03:13:18|542|0|187|675|34|46%|0|0|33.3|72.4|39|145|0|0|58|976|3,259|22|04:07:46|Garmin Edge 520|https://www.strava.com/activities/1758053515
8/7/2018|51.75|01:52:03|699|0|233|1174|63|57%|0|0|27.7|63|68|165|0|0|175|1269|1,174|21|01:57:46|Garmin Edge 520|https://www.strava.com/activities/1755656979
8/6/2018|31.08|01:10:58|429|0|183|702|27|45%|0|0|26.3|61.6|63|195|0|0|165|1404|701|25|01:51:25|Garmin Edge 520|https://www.strava.com/activities/1753462196
8/4/2018|108.28|02:08:10|522|0|0|0|0||497|3823|50.7|71.6|0|0|0|0|0|0|3,256|23|02:10:20|Garmin Edge 520|https://www.strava.com/activities/1748276630
8/3/2018|106.51|02:20:27|392|0|0|0|0||401|3382|45.5|68|0|0|0|0|0|0|3,388|25|02:22:09|Garmin Edge 520|https://www.strava.com/activities/1746186103
8/2/2018|110.81|02:15:09|80|0|0|0|0||472|3826|49.2|64.4|0|0|0|0|0|0|3,208|25|02:15:40|Garmin Edge 520|https://www.strava.com/activities/1743979782
8/1/2018|123.46|02:41:53|340|0|0|0|0||410|3981|45.8|78.1|0|0|0|0|0|0|3,914|31|02:41:53|Garmin Edge 520|https://www.strava.com/activities/1741603492
9/27/2018|19.13|00:44:58|80|0|0|0|0||119|320|25.5|47.5|0|0|0|0|0|0|632|19|01:58:35|Garmin Edge 520|https://www.strava.com/activities/1868084575
9/22/2018|20.73|00:28:11|189|0|372|620|39|91%|0|0|44.1|78.1|93|131|0|0|367|822|619|18|00:28:33|Garmin Edge 520|https://www.strava.com/activities/1857482105
9/14/2018|18.01|00:40:34|74|0|0|0|0||124|301|26.6|45.4|0|0|0|0|0|0|615|20|02:06:55|Garmin Edge 520|https://www.strava.com/activities/1839967296
9/12/2018|39.54|01:14:58|238|0|0|0|0||164|736|31.7|64.8|0|0|0|0|0|0|1,387|22|01:17:43|Garmin Edge 520|https://www.strava.com/activities/1835849963
9/12/2018|79.67|02:46:05|1073|0|257|2205|118|63%|0|0|28.8|79.9|77|148|0|0|221|1515|2,228|20|03:37:07|Garmin Edge 520|https://www.strava.com/activities/1835849984
9/11/2018|44.3|01:29:58|298|0|0|0|0||169|914|29.5|50.8|0|0|0|0|0|0|1,714|20|01:46:54|Garmin Edge 520|https://www.strava.com/activities/1833461519
9/11/2018|49.54|01:27:27|579|0|285|1273|69|70%|0|0|34|88.2|83|148|0|0|243|1414|1,415|20|01:31:51|Garmin Edge 520|https://www.strava.com/activities/1833461509
9/9/2018|51.66|01:37:33|233|0|0|0|0||187|1096|31.8|63|0|0|0|0|0|0|1,948|22|02:20:16|Garmin Edge 520|https://www.strava.com/activities/1828730257
9/4/2018|94.44|03:05:04|616|0|0|0|0||178|1973|30.6|59|0|0|0|0|0|0|3,499|17|04:21:18|Garmin Edge 520|https://www.strava.com/activities/1817847964
9/3/2018|28.95|01:05:37|118|0|0|0|0||131|514|26.5|87.8|0|0|0|0|0|0|1,343|19|02:11:59|Garmin Edge 520|https://www.strava.com/activities/1815660427
9/2/2018|87.35|03:00:44|483|0|0|0|0||155|1684|29|81.7|0|0|0|0|0|0|3,217|16|05:12:13|Garmin Edge 520|https://www.strava.com/activities/1813075546
9/29/2018|65.72|02:20:44|792|0|0|0|0||183|1545|28|88.6|0|0|0|0|0|0|2,868|20|03:09:37|Garmin Edge 520|https://www.strava.com/activities/1871923508
9/26/2018|40.98|01:27:12|148|0|0|0|0||150|784|28.2|51.8|0|0|0|0|0|0|1,606|21|03:50:47|Garmin Edge 520|https://www.strava.com/activities/1866064255
9/23/2018|125.05|02:38:50|765|0|191|195|20|47%|0|0|47.2|78.5|86|120|0|0|20|998|4,009|18|02:39:50|Garmin Edge 520|https://www.strava.com/activities/1859603712
9/20/2018|90.94|01:54:26|150|0|308|1903|107|75%|0|0|47.7|63.7|86|130|0|0|277|1509|1,907|32|01:54:26|Garmin Edge 520|https://www.strava.com/activities/1853633280
9/19/2018|124.96|02:55:14|775|0|256|1642|91|63%|0|0|42.8|76|73|206|0|0|156|1682|2,975|32|02:55:39|Garmin Edge 520|https://www.strava.com/activities/1851444148
9/17/2018|14.37|00:28:03|71|0|277|342|50|68%|0|0|30.7|55.1|69|129|0|0|203|823|555|20|02:05:17|Garmin Edge 520|https://www.strava.com/activities/1847068745
9/16/2018|39.67|01:30:47|347|0|189|765|37|46%|0|0|26.2|69.8|62|187|0|0|140|2100|756|22|02:24:56|Garmin Edge 520|https://www.strava.com/activities/1845137072
9/13/2018|154.12|04:41:37|1069|0|255|3646|195|63%|0|0|32.8|72.7|76|175|0|0|216|1003|3,638|16|06:24:52|Garmin Edge 520|https://www.strava.com/activities/1837935109
9/10/2018|40.35|01:26:04|253|0|0|0|0||146|751|28.1|56.5|0|0|0|0|0|0|1,443|17|02:28:22|Garmin Edge 520|https://www.strava.com/activities/1831351128
9/5/2018|33.03|01:07:20|200|0|0|0|0||164|661|29.4|57.6|0|0|0|0|0|0|1,314|14|01:13:51|Garmin Edge 520|https://www.strava.com/activities/1822354159
9/5/2018|61.41|01:57:37|105|0|101|36|2|25%|0|0|31.3|54|68|155|0|0|5|1463|2,177|11|02:21:06|Garmin Edge 520|https://www.strava.com/activities/1819952421
9/1/2018|98.28|02:51:54|500|0|0|0|0||249|2571|34.3|67.7|0|0|0|0|0|0|3,495|15|03:41:12|Garmin Edge 520|https://www.strava.com/activities/1810604541
10/31/2018|135.76|04:20:16|1473|0|257|3694|183|63%|0|0|31.3|88.9|76|173|0|0|237|1916|3,679|25|05:11:43|Garmin Edge 520|https://www.strava.com/activities/1937010744
10/29/2018|16.72|00:39:53|74|0|166|375|13|41%|0|0|25.2|52.6|60|125|0|0|157|874|372|19|01:15:00|Garmin Edge 520|https://www.strava.com/activities/1933266116
10/27/2018|2.21|00:04:53|50|0|267|76|5|65%|0|0|27.2|60.8|69|101|0|0|260|462|77|29|00:07:23|Garmin Edge 520|https://www.strava.com/activities/1929308830
10/27/2018|2.34|00:07:23|50|0|239|83|4|59%|0|0|19.1|51.8|60|103|0|0|187|513|81|25|00:08:05|Garmin Edge 520|https://www.strava.com/activities/1929308797
10/21/2018|145.87|04:34:40|1151|0|239|3781|168|59%|0|0|31.9|69.5|77|208|0|0|229|855|3,772|20|05:21:24|Garmin Edge 520|https://www.strava.com/activities/1917413654
10/6/2018|0|00:00:00|0|0|288|0|15|71%|0|0|0|0.4|0|130|0|0|0|581|267|0|00:18:44|Garmin Edge 520|https://www.strava.com/activities/1886600015
10/6/2018|6.54|00:09:03|18|0|395|222|13|97%|0|0|43.4|54|95|125|0|0|410|1390|219|17|00:09:03|Garmin Edge 520|https://www.strava.com/activities/1886617560
10/6/2018|0|00:00:00|0|0|221|0|10|54%|0|0|0|0|0|114|0|0|0|612|141|0|00:21:21|Garmin Edge 520|https://www.strava.com/activities/1886617538
10/4/2018|70.37|02:13:05|394|0|217|1642|64|53%|0|0|31.7|54.7|74|184|0|0|206|914|1,645|21|03:23:42|Garmin Edge 520|https://www.strava.com/activities/1883019739
10/3/2018|17.12|00:42:18|84|0|177|374|15|43%|0|0|24.3|47.5|60|185|0|0|148|2464|367|23|01:11:22|Garmin Edge 520|https://www.strava.com/activities/1883019247
10/2/2018|35.9|01:17:36|223|0|177|772|25|43%|0|0|27.8|59.4|71|192|0|0|166|1266|768|18|01:22:58|Garmin Edge 520|https://www.strava.com/activities/1878483758
10/30/2018|95.33|03:02:45|819|0|233|2185|102|57%|0|0|31.3|74.5|70|185|0|0|199|1312|2,183|22|04:34:33|Garmin Edge 520|https://www.strava.com/activities/1935075759
10/28/2018|30.83|00:42:15|185|0|330|742|46|81%|0|0|43.8|65.9|85|135|0|0|293|1214|742|32|00:42:15|Garmin Edge 520|https://www.strava.com/activities/1931158973
10/28/2018|36.72|00:53:12|514|0|331|995|58|81%|0|0|41.4|81.7|95|217|0|0|312|739|1,000|23|00:53:12|Garmin Edge 520|https://www.strava.com/activities/1931158922
10/27/2018|92.09|02:17:38|1184|0|0|0|0||379|3129|40.1|79.6|0|0|0|0|0|0|3,747|30|02:17:38|Garmin Edge 520|https://www.strava.com/activities/1929308929
10/26/2018|26.9|00:59:00|151|0|158|477|16|39%|0|0|27.4|51.5|72|192|0|0|135|527|477|27|02:34:45|Garmin Edge 520|https://www.strava.com/activities/1927577440
10/25/2018|97.01|02:42:25|389|0|275|2218|135|67%|0|0|35.8|70.9|79|214|0|0|228|1523|2,215|19|03:54:33|Garmin Edge 520|https://www.strava.com/activities/1925557805
10/24/2018|124.66|03:54:35|880|0|243|2769|147|60%|0|0|31.9|79.9|73|224|0|0|197|1676|2,764|27|05:15:29|Garmin Edge 520|https://www.strava.com/activities/1923888262
10/23/2018|132.62|03:52:36|964|0|277|3506|191|68%|0|0|34.2|68.4|79|185|0|0|251|987|3,490|22|04:38:46|Garmin Edge 520|https://www.strava.com/activities/1921808747
10/22/2018|33.67|01:11:12|199|0|180|709|25|44%|0|0|28.4|58.3|70|155|0|0|166|2390|706|22|02:42:45|Garmin Edge 520|https://www.strava.com/activities/1919923805
10/20/2018|91.34|02:36:08|403|0|289|2200|138|71%|0|0|35.1|70.6|76|181|0|0|235|1327|2,192|18|03:37:36|Garmin Edge 520|https://www.strava.com/activities/1915118768
10/19/2018|44.94|01:32:48|219|0|180|942|32|44%|0|0|29.1|59.8|71|152|0|0|169|1350|933|22|02:36:18|Garmin Edge 520|https://www.strava.com/activities/1913445968
10/18/2018|54.75|01:41:04|155|0|2|0|0|0%|0|0|32.5|57.6|40|59|0|0|0|71|2,121|21|01:47:25|Garmin Edge 520|https://www.strava.com/activities/1911476886
10/10/2018|84.84|02:40:43|439|0|184|1618|58|45%|0|0|31.7|57.6|72|135|0|0|168|1072|1,617|23|03:54:09|Garmin Edge 520|https://www.strava.com/activities/1895232196
10/9/2018|65.87|02:23:48|725|0|216|1637|73|53%|0|0|27.5|74.9|70|186|0|0|190|856|1,618|23|03:35:54|Garmin Edge 520|https://www.strava.com/activities/1893139201
10/8/2018|36.55|01:25:17|127|0|129|625|16|32%|0|0|25.7|49.7|63|127|0|0|122|946|617|25|04:39:38|Garmin Edge 520|https://www.strava.com/activities/1891245756
10/7/2018|122.09|03:19:14|1049|0|275|2944|150|67%|0|0|36.8|74.5|78|148|0|0|246|1074|2,945|21|03:19:39|Garmin Edge 520|https://www.strava.com/activities/1888928658
10/6/2018|46.89|01:03:54|182|0|334|1192|71|82%|0|0|44|59.8|82|132|0|0|311|1148|1,193|14|01:03:54|Garmin Edge 520|https://www.strava.com/activities/1886869291
10/5/2018|34.43|01:12:22|140|0|216|750|37|53%|0|0|28.6|59|66|167|0|0|173|1562|753|22|02:41:03|Garmin Edge 520|https://www.strava.com/activities/1884745735
10/1/2018|49.43|01:44:54|149|0|0|0|0||142|893|28.3|60.5|0|0|0|0|0|0|1,701|22|03:00:19|Garmin Edge 520|https://www.strava.com/activities/1876778815
11/13/2018|13.23|00:36:12|279|0|0|0|0||168|365|21.9|58.7|0|0|0|0|0|0|577|16|00:36:12|Garmin Edge 520|https://www.strava.com/activities/1961633771
11/7/2018|48.53|01:26:07|91|0|251|1160|56|62%|0|0|33.8|51.8|77|167|0|0|225|2252|1,155|26|01:28:08|Garmin Edge 520|https://www.strava.com/activities/1950600349
11/5/2018|18.9|00:43:09|87|0|164|403|13|40%|0|0|26.3|50.4|64|157|0|0|156|701|399|29|01:13:58|Garmin Edge 520|https://www.strava.com/activities/1947249145
11/3/2018|3.62|00:10:24|56|0|204|101|5|50%|0|0|20.9|38.5|63|88|0|0|161|353|123|26|00:12:17|Garmin Edge 520|https://www.strava.com/activities/1942546138
11/3/2018|14.22|00:31:49|140|0|200|335|14|49%|0|0|26.8|58.7|67|160|0|0|176|1489|334|24|01:18:26|Garmin Edge 520|https://www.strava.com/activities/1942141562
11/2/2018|16.63|00:41:12|116|0|164|373|13|40%|0|0|24.2|49.7|61|129|0|0|151|1254|367|27|01:46:27|Garmin Edge 520|https://www.strava.com/activities/1940442433
11/18/2018|131.66|02:47:43|579|0|257|2200|111|63%|0|0|47.1|72.7|78|179|0|0|219|1510|2,202|19|02:48:08|Garmin Edge 520|https://www.strava.com/activities/1971077723
11/17/2018|130.16|03:19:35|1654|0|291|2954|168|71%|0|0|39.1|70.6|76|194|0|0|247|1182|2,955|15|03:19:35|Garmin Edge 520|https://www.strava.com/activities/1969714801
11/16/2018|93.29|02:10:51|234|0|308|1971|124|75%|0|0|42.8|76.3|78|251|0|0|251|1294|1,989|14|02:11:38|Garmin Edge 520|https://www.strava.com/activities/1967354492
11/15/2018|116.3|02:36:41|164|0|214|1625|71|52%|0|0|44.5|68.8|74|146|0|0|173|1431|1,636|19|02:37:11|Garmin Edge 520|https://www.strava.com/activities/1965689345
11/14/2018|105.77|02:42:35|889|0|392|3441|250|96%|0|0|39|70.6|79|185|0|0|353|1497|3,437|18|02:43:29|Garmin Edge 520|https://www.strava.com/activities/1964078040
11/12/2018|20.36|00:50:28|104|0|0|0|0||101|306|24.2|42.1|0|0|0|0|0|0|657|18|00:51:49|Garmin Edge 520|https://www.strava.com/activities/1960073726
11/12/2018|20.36|00:50:28|104|0|0|0|0||101|306|24.2|42.1|0|0|0|0|0|0|657|18|00:51:49|Garmin Edge 520|https://www.strava.com/activities/1959835115
11/10/2018|106.63|02:45:06|1306|0|240|321|34|59%|0|0|38.8|68.4|89|188|0|0|32|1081|3,927|20|02:45:47|Garmin Edge 520|https://www.strava.com/activities/1956486343
11/9/2018|79.83|01:39:33|184|0|333|1855|111|82%|0|0|48.1|69.8|89|148|0|0|311|1504|1,856|19|01:39:33|Garmin Edge 520|https://www.strava.com/activities/1954204731
11/8/2018|37.95|01:16:52|117|0|174|697|25|43%|0|0|29.6|47.2|70|173|0|0|151|933|690|27|01:32:08|Garmin Edge 520|https://www.strava.com/activities/1952395223
11/3/2018|35.91|00:51:23|42|0|367|1057|69|90%|0|0|41.9|69.1|85|145|0|0|343|1381|1,065|22|00:51:23|Garmin Edge 520|https://www.strava.com/activities/1942546228
11/1/2018|70.54|02:20:08|141|0|182|1366|52|45%|0|0|30.2|56.5|65|169|0|0|162|1019|1,359|17|03:28:57|Garmin Edge 520|https://www.strava.com/activities/1938458067
12/31/2018|45.14|01:28:34|368|0|253|1234|61|62%|0|0|30.6|83.5|75|125|0|0|232|1018|1,376|29|01:39:54|Garmin Edge 520|https://www.strava.com/activities/2045581461
12/28/2018|14.27|00:34:27|144|0|143|287|8|35%|0|0|24.9|53.6|70|124|0|0|139|539|320|29|01:32:06|Garmin Edge 520|https://www.strava.com/activities/2039305502
12/27/2018|41.85|01:30:34|247|0|201|1003|39|49%|0|0|27.7|60.8|68|154|0|0|185|1394|1,118|28|02:29:44|Garmin Edge 520|https://www.strava.com/activities/2037564171
12/26/2018|83.45|03:04:10|1580|0|256|2442|126|63%|0|0|27.2|117.4|68|191|0|0|221|1287|2,722|26|03:14:46|Garmin Edge 520|https://www.strava.com/activities/2035583411
12/24/2018|138.99|04:47:31|1193|0|229|3746|161|56%|0|0|29|87.8|70|156|0|0|217|1952|3,712|25|05:35:08|Garmin Edge 520|https://www.strava.com/activities/2032556858
12/23/2018|116.58|03:47:35|965|0|242|3166|148|59%|0|0|30.7|83.5|79|172|0|0|232|1648|3,159|24|04:59:07|Garmin Edge 520|https://www.strava.com/activities/2030602816
12/21/2018|55.65|01:56:15|553|0|239|1546|71|59%|0|0|28.7|72.7|65|185|0|0|222|1245|1,532|31|03:23:22|Garmin Edge 520|https://www.strava.com/activities/2027506653
12/20/2018|31.61|01:12:29|137|0|170|711|24|42%|0|0|26.2|49.3|70|125|0|0|163|1036|696|29|02:29:23|Garmin Edge 520|https://www.strava.com/activities/2025933211
12/18/2018|60.26|01:57:15|267|0|209|1395|54|51%|0|0|30.8|61.2|75|183|0|0|198|1508|1,389|24|03:14:30|Garmin Edge 520|https://www.strava.com/activities/2022851389
12/11/2018|55.49|01:52:55|247|0|133|171|8|33%|0|0|29.5|57.2|69|175|0|0|25|2171|1,880|27|02:45:33|Garmin Edge 520|https://www.strava.com/activities/2011150232
12/6/2018|60.62|02:06:23|334|0|197|1277|51|48%|0|0|28.8|65.9|79|192|0|0|168|2122|1,510|22|03:22:40|Garmin Edge 520|https://www.strava.com/activities/2002574433
12/30/2018|36.25|01:13:22|224|0|205|810|33|50%|0|0|29.7|59.8|72|190|0|0|184|1068|904|29|02:17:41|Garmin Edge 520|https://www.strava.com/activities/2045581301
12/22/2018|102.06|02:53:36|475|0|266|2301|130|65%|0|0|35.3|65.5|84|151|0|0|221|1893|2,297|22|03:56:28|Garmin Edge 520|https://www.strava.com/activities/2028710172
12/19/2018|98.65|03:03:46|793|0|230|2292|101|56%|0|0|32.2|68.4|85|183|0|0|208|1618|2,305|25|04:07:16|Garmin Edge 520|https://www.strava.com/activities/2024331048
12/17/2018|50.04|01:42:04|218|0|186|1063|38|46%|0|0|29.4|64.8|81|186|0|0|174|2008|1,057|25|03:26:32|Garmin Edge 520|https://www.strava.com/activities/2021098157
12/16/2018|60.85|01:16:01|41|0|0|0|0||505|2304|48|60.8|0|0|0|0|0|0|1,978|21|01:16:50|Garmin Edge 520|https://www.strava.com/activities/2019644751
12/12/2018|102.34|03:12:44|562|0|0|0|0||192|2220|31.9|64.8|0|0|0|0|0|0|3,975|26|04:57:16|Garmin Edge 520|https://www.strava.com/activities/2012868581
12/10/2018|35.69|01:15:58|306|0|13|3|0|3%|0|0|28.2|74.9|71|101|0|0|1|650|1,296|27|01:22:16|Garmin Edge 520|https://www.strava.com/activities/2009399365
12/8/2018|65.23|01:59:00|257|0|9|2|0|2%|0|0|32.9|62.3|24|151|0|0|0|226|2,211|19|03:00:10|Garmin Edge 520|https://www.strava.com/activities/2005450737
12/5/2018|73.37|02:09:31|354|0|245|1577|83|60%|0|0|34|67.7|71|239|0|0|203|1301|1,638|25|03:30:33|Garmin Edge 520|https://www.strava.com/activities/2000759640
12/3/2018|38.8|01:23:01|115|0|154|159|7|38%|0|0|28|59.8|70|94|0|0|32|547|1,326|29|03:18:20|Garmin Edge 520|https://www.strava.com/activities/1997362487
loaded urls in 8.19:27:49.7205963
