date|distance|mov_time|elevation|relativeEffort|avg_power_weig|work_total|training_load|intensity|estAvgPower|energyOutput|avg_speed|max_speed|avg_cadence|max_cadence|avg_heartRate|max_heartRate|avg_power|max_power|avg_calories|avg_temperature|avg_elap_time|bicycle_model|url
22.01.2018|62.99|02:00:13|513|0|0|0|0||196|1411|31.4|55.4|0|0|130|165|0|0|1,573|12|02:02:37|SRM PC8|https://www.strava.com/activities/1372988778
15.01.2018|44.52|01:31:56|309|0|0|0|0||173|954|29.1|48.2|0|0|112|221|0|0|1,064|16|02:08:27|SRM PC8|https://www.strava.com/activities/1358539417
28.01.2018|144.08|03:51:11|2614|0|282|3412|231|77%|0|0|37.4|81.4|92|127|0|0|246|864|3,805|16|03:57:15|SRM PC8|https://www.strava.com/activities/1380892268
24.01.2018|154.47|04:30:59|1101|0|238|3315|197|65%|0|0|34.2|64.8|90|121|135|183|204|944|3,696|14|05:21:20|SRM PC8|https://www.strava.com/activities/1372975642
18.01.2018|70.79|02:09:09|455|0|235|1506|105|64%|0|0|32.9|72|86|117|120|237|194|851|1,679|14|02:42:09|SRM PC8|https://www.strava.com/activities/1362873306
17.01.2018|184.05|06:17:56|3638|0|250|4774|306|68%|0|0|29.2|73.4|83|132|133|250|211|845|5,323|19|06:43:09|SRM PC8|https://www.strava.com/activities/1361731893
16.01.2018|184.24|05:21:46|2428|0|116|454|54|32%|0|0|34.4|66.2|95|137|123|186|24|690|506|21|05:58:48|SRM PC8|https://www.strava.com/activities/1360132166
14.01.2018|146.61|05:03:53|2961|0|256|3629|256|70%|0|0|28.9|87.1|82|132|133|244|199|910|4,046|14|05:17:14|SRM PC8|https://www.strava.com/activities/1357100569
13.01.2018|54.63|01:54:21|381|0|207|940|65|57%|0|0|28.7|54|82|123|112|177|137|1076|1,049|14|02:02:05|SRM PC8|https://www.strava.com/activities/1355185876
13.01.2018|56.45|01:57:35|1076|0|264|1345|115|72%|0|0|28.8|64.1|86|124|127|185|191|746|1,499|11|02:18:01|SRM PC8|https://www.strava.com/activities/1354532160
12.01.2018|141.8|04:23:56|1796|0|234|3114|185|64%|0|0|32.2|66.2|86|128|135|183|197|859|3,473|14|04:32:23|SRM PC8|https://www.strava.com/activities/1353293814
05.01.2018|122.93|04:16:25|1582|0|251|3281|208|69%|0|0|28.8|61.9|89|142|142|213|213|906|3,658|9|04:24:22|SRM PC8|https://www.strava.com/activities/1342028957
25.02.2018|43.74|01:25:12|738|0|0|0|0||255|1301|30.8|49.7|0|0|0|0|0|0|1,451|24|01:27:03|SRM PC8|https://www.strava.com/activities/1426686368
12.02.2018|31.5|01:02:31|119|0|188|551|31|52%|0|0|30.2|51.1|84|137|111|157|147|655|615|31|01:10:56|SRM PC8|https://www.strava.com/activities/1403733521
11.02.2018|63.8|02:19:31|586|0|157|1097|50|43%|0|0|27.4|77.8|80|121|102|142|131|635|1,224|30|02:43:38|SRM PC8|https://www.strava.com/activities/1402655360
05.02.2018|57.48|01:37:26|135|0|203|997|52|56%|0|0|35.4|46.8|88|110|117|165|171|932|1,112|25|01:41:42|SRM PC8|https://www.strava.com/activities/1392786146
01.02.2018|130.61|04:27:06|1437|0|228|3331|176|62%|0|0|29.3|58.3|87|118|133|186|208|517|3,714|8|04:34:11|SRM PC8|https://www.strava.com/activities/1386750548
24.02.2018|192.79|05:21:15|3580|0|274|4451|302|75%|0|0|36|88.6|87|123|0|0|231|959|4,963|8|05:22:21|SRM PC8|https://www.strava.com/activities/1426687841
23.02.2018|38.22|01:23:32|715|0|268|1076|79|73%|0|0|27.5|72|87|120|132|178|215|579|1,199|5|01:28:53|SRM PC8|https://www.strava.com/activities/1426691036
18.02.2018|135.82|03:17:35|997|0|254|2332|161|70%|0|0|41.2|90.7|84|144|0|0|197|903|2,601|35|03:18:53|SRM PC8|https://www.strava.com/activities/1413889947
17.02.2018|163.4|04:01:12|1796|0|245|2859|184|67%|0|0|40.6|91.4|84|137|0|0|198|866|3,188|36|04:07:03|SRM PC8|https://www.strava.com/activities/1411806424
16.02.2018|115.71|03:02:50|1953|0|276|2391|175|76%|0|0|38|95.8|85|145|0|0|218|880|2,666|34|03:03:33|SRM PC8|https://www.strava.com/activities/1410156226
15.02.2018|180.7|04:39:55|1604|0|232|2915|190|64%|0|0|38.7|92.9|83|141|0|0|174|933|3,250|32|04:41:16|SRM PC8|https://www.strava.com/activities/1408607594
14.02.2018|170.02|04:25:27|1523|0|240|2743|193|66%|0|0|38.4|101.5|83|136|0|0|172|882|3,058|31|04:27:16|SRM PC8|https://www.strava.com/activities/1407128089
13.02.2018|179.47|04:31:27|846|0|203|2481|142|56%|0|0|39.7|87.1|83|129|0|0|152|922|2,766|30|04:33:38|SRM PC8|https://www.strava.com/activities/1405652764
10.02.2018|132.15|03:09:36|237|0|214|2096|110|59%|0|0|41.8|73.4|84|129|0|0|184|853|2,337|26|03:11:56|SRM PC8|https://www.strava.com/activities/1402661876
09.02.2018|172.07|03:44:39|1197|0|254|2875|182|70%|0|0|46|93.6|88|146|0|0|213|873|3,205|28|03:45:18|SRM PC8|https://www.strava.com/activities/1399053902
08.02.2018|179.91|03:54:11|899|0|250|2799|183|68%|0|0|46.1|89.3|87|131|0|0|199|961|3,121|28|03:55:59|SRM PC8|https://www.strava.com/activities/1397564519
07.02.2018|190.52|04:37:27|412|0|263|4055|239|72%|0|0|41.2|67|89|113|0|0|244|1067|4,521|24|04:37:27|SRM PC8|https://www.strava.com/activities/1396030965
06.02.2018|174.88|04:11:53|492|0|223|2591|159|61%|0|0|41.7|67.7|87|120|0|0|171|1019|2,889|27|04:20:26|SRM PC8|https://www.strava.com/activities/1394310340
25.02.2018|43.74|01:25:12|738|0|0|0|0||255|1301|30.8|49.7|0|0|0|0|0|0|1,451|24|01:27:03|SRM PC8|https://www.strava.com/activities/1426686368
12.02.2018|31.5|01:02:31|119|0|188|551|31|52%|0|0|30.2|51.1|84|137|111|157|147|655|615|31|01:10:56|SRM PC8|https://www.strava.com/activities/1403733521
11.02.2018|63.8|02:19:31|586|0|157|1097|50|43%|0|0|27.4|77.8|80|121|102|142|131|635|1,224|30|02:43:38|SRM PC8|https://www.strava.com/activities/1402655360
05.02.2018|57.48|01:37:26|135|0|203|997|52|56%|0|0|35.4|46.8|88|110|117|165|171|932|1,112|25|01:41:42|SRM PC8|https://www.strava.com/activities/1392786146
01.02.2018|130.61|04:27:06|1437|0|228|3331|176|62%|0|0|29.3|58.3|87|118|133|186|208|517|3,714|8|04:34:11|SRM PC8|https://www.strava.com/activities/1386750548
24.02.2018|192.79|05:21:15|3580|0|274|4451|302|75%|0|0|36|88.6|87|123|0|0|231|959|4,963|8|05:22:21|SRM PC8|https://www.strava.com/activities/1426687841
23.02.2018|38.22|01:23:32|715|0|268|1076|79|73%|0|0|27.5|72|87|120|132|178|215|579|1,199|5|01:28:53|SRM PC8|https://www.strava.com/activities/1426691036
18.02.2018|135.82|03:17:35|997|0|254|2332|161|70%|0|0|41.2|90.7|84|144|0|0|197|903|2,601|35|03:18:53|SRM PC8|https://www.strava.com/activities/1413889947
17.02.2018|163.4|04:01:12|1796|0|245|2859|184|67%|0|0|40.6|91.4|84|137|0|0|198|866|3,188|36|04:07:03|SRM PC8|https://www.strava.com/activities/1411806424
16.02.2018|115.71|03:02:50|1953|0|276|2391|175|76%|0|0|38|95.8|85|145|0|0|218|880|2,666|34|03:03:33|SRM PC8|https://www.strava.com/activities/1410156226
15.02.2018|180.7|04:39:55|1604|0|232|2915|190|64%|0|0|38.7|92.9|83|141|0|0|174|933|3,250|32|04:41:16|SRM PC8|https://www.strava.com/activities/1408607594
14.02.2018|170.02|04:25:27|1523|0|240|2743|193|66%|0|0|38.4|101.5|83|136|0|0|172|882|3,058|31|04:27:16|SRM PC8|https://www.strava.com/activities/1407128089
13.02.2018|179.47|04:31:27|846|0|203|2481|142|56%|0|0|39.7|87.1|83|129|0|0|152|922|2,766|30|04:33:38|SRM PC8|https://www.strava.com/activities/1405652764
10.02.2018|132.15|03:09:36|237|0|214|2096|110|59%|0|0|41.8|73.4|84|129|0|0|184|853|2,337|26|03:11:56|SRM PC8|https://www.strava.com/activities/1402661876
09.02.2018|172.07|03:44:39|1197|0|254|2875|182|70%|0|0|46|93.6|88|146|0|0|213|873|3,205|28|03:45:18|SRM PC8|https://www.strava.com/activities/1399053902
08.02.2018|179.91|03:54:11|899|0|250|2799|183|68%|0|0|46.1|89.3|87|131|0|0|199|961|3,121|28|03:55:59|SRM PC8|https://www.strava.com/activities/1397564519
07.02.2018|190.52|04:37:27|412|0|263|4055|239|72%|0|0|41.2|67|89|113|0|0|244|1067|4,521|24|04:37:27|SRM PC8|https://www.strava.com/activities/1396030965
06.02.2018|174.88|04:11:53|492|0|223|2591|159|61%|0|0|41.7|67.7|87|120|0|0|171|1019|2,889|27|04:20:26|SRM PC8|https://www.strava.com/activities/1394310340
13.04.2018|43.41|01:26:16|493|0|227|1052|55|62%|0|0|30.2|59|94|126|126|166|203|915|1,173|13|01:26:16|SRM PC8|https://www.strava.com/activities/1505735760
11.04.2018|43.11|01:29:30|373|0|192|955|41|53%|0|0|28.9|44.6|94|118|0|0|178|413|1,065|14|01:30:14|SRM PC8|https://www.strava.com/activities/1505736979
09.04.2018|40.53|01:24:24|331|0|194|925|40|53%|0|0|28.8|52.6|96|144|0|0|183|919|1,031|14|01:25:31|SRM PC8|https://www.strava.com/activities/1499196243
05.04.2018|20.48|00:28:09|82|0|349|541|43|96%|0|0|43.7|66.2|93|111|164|180|320|707|603|21|00:28:09|SRM PC8|https://www.strava.com/activities/1490981486
22.04.2018|257.08|06:35:40|4135|0|266|5218|351|73%|0|0|39|95.8|88|142|0|0|220|889|5,818|28|06:36:13|SRM PC8|https://www.strava.com/activities/1526388760
21.04.2018|48.84|01:51:20|900|0|202|1087|59|55%|0|0|26.3|71.3|82|121|110|163|163|632|1,212|23|01:56:43|SRM PC8|https://www.strava.com/activities/1521864686
20.04.2018|87.12|02:54:58|1545|0|241|1896|129|66%|0|0|29.9|75.6|85|128|120|179|181|807|2,114|27|03:00:41|SRM PC8|https://www.strava.com/activities/1520131966
19.04.2018|39.19|01:21:40|320|0|153|651|25|42%|0|0|28.8|57.6|92|129|95|127|133|366|726|28|01:50:37|SRM PC8|https://www.strava.com/activities/1518405567
18.04.2018|198.42|04:59:55|3162|0|270|3863|286|74%|0|0|39.7|87.8|88|139|0|0|215|1003|4,307|28|05:14:20|SRM PC8|https://www.strava.com/activities/1516162913
17.04.2018|61.19|02:03:08|926|0|211|1236|70|58%|0|0|29.8|64.8|92|124|117|170|167|727|1,378|20|02:13:25|SRM PC8|https://www.strava.com/activities/1513542584
14.04.2018|190.39|04:44:51|2750|0|285|3769|289|78%|0|0|40.1|84.2|88|138|0|0|221|1024|4,203|20|04:45:21|SRM PC8|https://www.strava.com/activities/1508739699
10.04.2018|198.55|04:56:24|1450|0|280|4085|299|77%|0|0|40.2|75.6|88|129|0|0|230|859|4,555|14|05:14:31|SRM PC8|https://www.strava.com/activities/1501787798
06.04.2018|163|04:06:18|2349|0|299|3821|279|82%|0|0|39.7|95|86|136|0|0|259|914|4,260|25|04:09:23|SRM PC8|https://www.strava.com/activities/1492968312
04.04.2018|184.93|04:50:13|2937|0|273|3955|272|75%|0|0|38.2|84.2|85|129|0|0|227|871|4,410|20|04:51:15|SRM PC8|https://www.strava.com/activities/1489346970
03.04.2018|165.36|04:16:54|2948|0|306|3981|302|84%|0|0|38.6|85|86|140|0|0|258|978|4,438|21|04:17:47|SRM PC8|https://www.strava.com/activities/1487673416
02.04.2018|160.97|04:24:35|2666|0|260|3206|223|71%|0|0|36.5|98.6|86|130|0|0|202|859|3,575|24|04:39:32|SRM PC8|https://www.strava.com/activities/1485847203
01.04.2018|34.84|01:24:17|686|0|213|871|50|58%|0|0|24.8|77.8|83|139|110|173|172|904|971|20|01:29:24|SRM PC8|https://www.strava.com/activities/1483638064
29.05.2018|191.13|05:18:02|2148|0|237|4206|228|65%|0|0|36.1|81.7|92|125|0|0|220|617|4,689|22|05:25:08|SRM PC8|https://www.strava.com/activities/1603691764
28.05.2018|145.06|04:00:36|2009|0|248|3167|190|68%|0|0|36.2|85.3|92|129|0|0|219|732|3,532|26|04:11:05|SRM PC8|https://www.strava.com/activities/1601672601
27.05.2018|73.16|02:21:46|947|0|240|1767|108|66%|0|0|31|51.5|90|147|0|0|208|833|1,970|24|02:30:24|SRM PC8|https://www.strava.com/activities/1599307288
25.05.2018|117.98|03:50:29|1265|0|214|2673|134|59%|0|0|30.7|60.5|91|117|0|0|193|503|2,980|23|03:53:14|SRM PC8|https://www.strava.com/activities/1595021917
24.05.2018|64.3|02:00:12|592|0|213|1457|69|58%|0|0|32.1|66.6|92|115|0|0|202|470|1,624|20|02:03:14|SRM PC8|https://www.strava.com/activities/1595026295
23.05.2018|49.84|01:41:38|440|0|200|1152|51|55%|0|0|29.4|52.6|92|114|126|166|189|435|1,285|18|01:43:04|SRM PC8|https://www.strava.com/activities/1590741636
17.05.2018|60.87|01:59:31|444|0|229|1247|79|63%|0|0|30.6|57.6|91|116|126|184|174|728|1,390|22|02:01:47|SRM PC8|https://www.strava.com/activities/1578632882
15.05.2018|60.03|02:00:46|528|0|209|1391|66|57%|0|0|29.8|52.6|91|116|122|165|192|435|1,551|19|02:02:19|SRM PC8|https://www.strava.com/activities/1574224817
13.05.2018|140.83|04:01:26|1159|0|242|3128|179|66%|0|0|35|65.5|93|131|144|183|216|1006|3,488|15|04:06:20|SRM PC8|https://www.strava.com/activities/1570037050
08.05.2018|111.58|04:04:57|1895|0|229|2802|162|63%|0|0|27.3|63.4|86|120|129|180|191|728|3,124|21|04:07:17|SRM PC8|https://www.strava.com/activities/1558200658
07.05.2018|130.66|04:59:02|2948|0|233|3565|207|64%|0|0|26.2|75.6|84|119|137|173|199|510|3,975|19|05:05:15|SRM PC8|https://www.strava.com/activities/1555630910
06.05.2018|25.64|00:58:26|375|0|191|626|27|52%|0|0|26.3|66.2|91|128|0|0|179|490|698|20|00:59:55|SRM PC8|https://www.strava.com/activities/1558203521
05.05.2018|176.42|06:25:28|3079|0|221|4502|242|61%|0|0|27.5|73.4|87|124|128|238|195|613|5,019|19|06:44:39|SRM PC8|https://www.strava.com/activities/1551879055
04.05.2018|133.91|04:53:30|2440|0|237|3617|213|65%|0|0|27.4|79.2|83|115|137|174|205|521|4,033|18|05:09:11|SRM PC8|https://www.strava.com/activities/1549341129
02.05.2018|106.06|04:00:28|1968|0|216|2685|146|59%|0|0|26.5|55.4|87|132|131|167|186|570|2,993|15|04:32:24|SRM PC8|https://www.strava.com/activities/1549343434
01.05.2018|50.47|01:49:03|761|0|228|1357|73|62%|0|0|27.8|56.2|90|126|0|0|207|509|1,513|12|01:54:31|SRM PC8|https://www.strava.com/activities/1549344872
30.05.2018|45.95|01:28:42|464|0|193|935|42|53%|0|0|31.1|55.1|89|121|0|0|176|474|1,042|22|01:34:15|SRM PC8|https://www.strava.com/activities/1610383699
26.05.2018|58.87|01:56:45|671|0|205|1318|61|56%|0|0|30.3|59|89|146|0|0|188|550|1,470|25|01:57:56|SRM PC8|https://www.strava.com/activities/1596832756
20.05.2018|133.42|03:29:55|1340|0|279|3110|210|76%|0|0|38.1|78.5|90|128|0|0|247|836|3,468|14|03:50:40|SRM PC8|https://www.strava.com/activities/1585487642
19.05.2018|152.66|03:59:47|2765|0|290|3596|251|79%|0|0|38.2|91.4|91|145|0|0|250|1036|4,010|25|04:00:42|SRM PC8|https://www.strava.com/activities/1585491630
18.05.2018|158.48|03:54:28|898|0|226|2626|150|62%|0|0|40.6|70.6|88|130|0|0|187|958|2,928|25|03:54:28|SRM PC8|https://www.strava.com/activities/1585493620
16.05.2018|86.26|02:48:56|706|0|217|1995|99|59%|0|0|30.6|55.4|91|114|126|176|197|585|2,224|19|02:50:08|SRM PC8|https://www.strava.com/activities/1575457366
29.06.2018|97.74|02:35:19|957|0|229|1764|106|63%|0|0|37.8|61.2|92|129|0|0|189|836|1,967|25|02:42:52|SRM PC8|https://www.strava.com/activities/1669263927
25.06.2018|31.03|01:09:29|292|0|179|654|28|49%|0|0|26.8|52.6|89|124|0|0|157|565|729|30|01:16:08|SRM PC8|https://www.strava.com/activities/1667463297
24.06.2018|57.83|02:00:30|1472|0|280|1623|121|77%|0|0|28.8|63.7|85|118|0|0|224|533|1,810|21|02:03:37|SRM PC8|https://www.strava.com/activities/1661003844
23.06.2018|108.58|03:59:43|3171|0|248|2868|194|68%|0|0|27.2|76.3|84|122|0|0|199|441|3,198|16|04:12:43|SRM PC8|https://www.strava.com/activities/1657086277
16.06.2018|35.04|01:07:31|416|0|214|786|39|59%|0|0|31.1|55.1|91|112|0|0|194|535|876|19|01:09:04|SRM PC8|https://www.strava.com/activities/1642906877
15.06.2018|61.1|01:57:33|633|0|205|1346|63|56%|0|0|31.2|68.4|90|125|0|0|191|576|1,501|23|02:01:52|SRM PC8|https://www.strava.com/activities/1642912735
06.06.2018|35.33|00:41:33|297|0|328|764|57|90%|0|0|51|76.7|94|131|0|0|306|804|851|25|00:42:34|SRM PC8|https://www.strava.com/activities/1621309314
05.06.2018|4.43|00:08:21|12|0|100|45|1|27%|0|0|31.8|46.8|78|125|0|0|90|654|50|26|00:12:32|SRM PC8|https://www.strava.com/activities/1619484717
03.06.2018|7.29|00:10:56|54|0|354|190|17|97%|0|0|40|60.1|85|110|0|0|289|790|212|30|00:10:56|SRM PC8|https://www.strava.com/activities/1614507574
03.06.2018|15.35|00:29:23|97|0|201|288|15|55%|0|0|31.4|60.5|86|109|0|0|164|451|321|26|00:32:22|SRM PC8|https://www.strava.com/activities/1614497639
02.06.2018|9.38|00:18:42|39|0|0|0|0||153|171|30.1|37.4|0|0|0|0|0|0|191|28|00:19:43|SRM PC8|https://www.strava.com/activities/1611630574
01.06.2018|42.16|01:23:38|266|0|174|826|31|48%|0|0|30.3|54.7|87|111|0|0|165|462|921|16|01:23:38|SRM PC8|https://www.strava.com/activities/1610381331
30.06.2018|57.42|01:49:51|671|0|186|990|50|51%|0|0|31.4|59.4|88|117|0|0|150|606|1,104|28|01:57:05|SRM PC8|https://www.strava.com/activities/1671445382
28.06.2018|89.08|02:52:43|805|0|209|1952|94|57%|0|0|30.9|56.9|90|145|0|0|188|591|2,176|25|02:54:23|SRM PC8|https://www.strava.com/activities/1667461595
22.06.2018|80.89|03:01:00|1925|0|216|1976|107|59%|0|0|26.8|68.4|87|114|0|0|182|435|2,203|15|03:05:30|SRM PC8|https://www.strava.com/activities/1654738696
21.06.2018|27.67|01:13:24|621|0|182|645|30|50%|0|0|22.6|50.4|86|115|0|0|147|466|720|25|01:14:15|SRM PC8|https://www.strava.com/activities/1654743645
20.06.2018|203.08|06:46:27|4476|0|240|4984|306|66%|0|0|30|76.3|87|120|0|0|204|747|5,557|28|07:18:33|SRM PC8|https://www.strava.com/activities/1650799147
19.06.2018|150.93|05:02:06|3245|0|245|3742|235|67%|0|0|30|79.9|85|133|0|0|206|894|4,172|25|05:19:49|SRM PC8|https://www.strava.com/activities/1648535117
18.06.2018|111.85|04:00:42|2703|0|235|2995|172|64%|0|0|27.9|73.1|85|116|0|0|207|739|3,339|20|04:11:02|SRM PC8|https://www.strava.com/activities/1646446323
17.06.2018|87.56|03:01:02|1614|0|219|2094|110|60%|0|0|29|77.8|90|119|0|0|193|524|2,334|18|03:03:30|SRM PC8|https://www.strava.com/activities/1644609613
10.06.2018|143.25|04:07:58|3827|0|289|3676|261|79%|0|0|34.7|90.4|90|132|0|0|247|896|4,098|25|04:10:31|SRM PC8|https://www.strava.com/activities/1633383763
09.06.2018|112.06|03:46:58|3967|0|286|3538|244|78%|0|0|29.6|94.3|87|148|0|0|260|915|3,945|25|04:00:49|SRM PC8|https://www.strava.com/activities/1627459095
08.06.2018|130.32|03:29:44|2713|0|295|3429|237|81%|0|0|37.3|92.2|88|127|0|0|272|902|3,823|24|03:37:51|SRM PC8|https://www.strava.com/activities/1625421275
07.06.2018|185.7|04:39:12|3183|0|282|4100|277|77%|0|0|39.9|89.3|90|132|0|0|245|936|4,571|25|04:40:03|SRM PC8|https://www.strava.com/activities/1623331568
05.06.2018|180.83|04:30:28|2454|0|252|3423|216|69%|0|0|40.1|79.6|91|128|0|0|211|940|3,816|25|04:33:10|SRM PC8|https://www.strava.com/activities/1619486876
04.06.2018|178.45|04:32:06|2478|0|281|4152|277|77%|0|0|39.4|79.9|91|126|0|0|254|940|4,629|20|04:40:23|SRM PC8|https://www.strava.com/activities/1616837497
02.06.2018|63.86|01:47:01|621|0|230|1211|74|63%|0|0|35.8|67|89|117|0|0|189|781|1,350|24|01:54:40|SRM PC8|https://www.strava.com/activities/1611632852
27.07.2018|205.47|06:15:35|4764|0|253|4885|300|69%|0|0|32.8|102.2|85|144|0|0|217|912|5,447|29|06:17:57|SRM PC8|https://www.strava.com/activities/1731902718
26.07.2018|174.98|04:06:06|1473|0|241|2924|180|66%|0|0|42.7|89.3|89|143|0|0|198|872|3,261|35|04:18:25|SRM PC8|https://www.strava.com/activities/1729834570
25.07.2018|73.38|02:47:18|3097|0|307|2739|199|84%|0|0|26.3|90|85|137|0|0|273|876|3,054|27|02:52:58|SRM PC8|https://www.strava.com/activities/1727822818
25.07.2018|46.17|01:14:08|763|0|178|565|40|49%|0|0|37.4|212.8|84|127|0|0|127|416|630|26|05:33:29|SRM PC8|https://www.strava.com/activities/1727846575
24.07.2018|216.76|05:34:10|3363|0|278|5010|325|76%|0|0|38.9|95.4|88|131|0|0|250|952|5,586|29|05:45:42|SRM PC8|https://www.strava.com/activities/1725445876
23.07.2018|45.31|01:32:42|525|0|215|954|56|59%|0|0|29.3|55.4|87|138|0|0|172|661|1,064|30|01:42:25|SRM PC8|https://www.strava.com/activities/1722489602
22.07.2018|181.67|04:44:42|2920|0|265|3598|251|73%|0|0|38.3|85.7|88|135|0|0|211|862|4,011|28|04:44:42|SRM PC8|https://www.strava.com/activities/1721175647
21.07.2018|187.42|04:45:12|3326|0|284|4428|301|78%|0|0|39.4|94.7|90|139|0|0|259|981|4,938|28|04:58:21|SRM PC8|https://www.strava.com/activities/1718271013
20.07.2018|169.31|03:51:55|1234|0|228|2602|149|62%|0|0|43.8|97.9|88|140|0|0|187|901|2,901|32|03:51:55|SRM PC8|https://www.strava.com/activities/1715953227
19.07.2018|175.26|05:48:19|5054|0|274|5146|328|75%|0|0|30.2|99.7|84|140|0|0|246|927|5,738|32|05:50:20|SRM PC8|https://www.strava.com/activities/1713925313
18.07.2018|109.18|03:52:12|3775|0|275|3507|221|75%|0|0|28.2|93.2|85|149|0|0|252|914|3,910|31|03:54:58|SRM PC8|https://www.strava.com/activities/1711647401
17.07.2018|158.72|04:50:17|3857|0|226|1893|184|62%|0|0|32.8|116.3|86|142|0|0|109|836|2,111|28|04:53:21|SRM PC8|https://www.strava.com/activities/1709459996
16.07.2018|40.68|01:28:07|538|0|0|0|0||166|879|27.7|62.3|0|0|0|0|0|0|980|27|01:45:24|SRM PC8|https://www.strava.com/activities/1706480414
15.07.2018|155.2|03:29:40|1003|0|300|3546|238|82%|0|0|44.4|73.4|91|130|0|0|282|979|3,954|33|03:33:27|SRM PC8|https://www.strava.com/activities/1705303304
14.07.2018|180.91|04:30:27|1578|0|220|2769|164|60%|0|0|40.1|77|84|145|0|0|171|857|3,087|31|04:33:14|SRM PC8|https://www.strava.com/activities/1702637469
13.07.2018|230.45|05:44:32|2671|0|226|3627|222|62%|0|0|40.1|78.1|84|129|0|0|175|793|4,044|29|05:48:12|SRM PC8|https://www.strava.com/activities/1700414263
12.07.2018|182.9|04:25:30|2210|0|253|3367|212|69%|0|0|41.3|86|87|132|0|0|211|834|3,754|28|04:27:04|SRM PC8|https://www.strava.com/activities/1698488134
11.07.2018|204.21|05:00:20|3100|0|292|4890|332|80%|0|0|40.8|96.1|91|139|0|0|271|908|5,453|27|05:12:37|SRM PC8|https://www.strava.com/activities/1696279994
10.07.2018|194.78|04:31:26|1416|0|226|3075|176|62%|0|0|43.1|73.4|87|139|0|0|189|794|3,428|32|04:35:05|SRM PC8|https://www.strava.com/activities/1694197433
09.07.2018|37.85|01:01:03|403|0|316|841|70|87%|0|0|37.2|84.6|92|121|0|0|230|859|937|31|01:17:42|SRM PC8|https://www.strava.com/activities/1691875583
08.07.2018|182.27|04:15:19|1664|0|228|2904|165|62%|0|0|42.8|73.4|89|134|0|0|190|796|3,238|35|04:16:55|SRM PC8|https://www.strava.com/activities/1689914101
07.07.2018|198.31|04:24:41|716|0|222|3031|166|61%|0|0|45|71.3|89|124|0|0|191|876|3,380|33|04:29:21|SRM PC8|https://www.strava.com/activities/1687117544
06.07.2018|15.33|00:35:54|154|0|139|259|9|38%|0|0|25.6|55.4|82|114|0|0|120|505|289|26|00:40:37|SRM PC8|https://www.strava.com/activities/1684440442
06.07.2018|32.72|00:52:04|304|0|221|594|36|61%|0|0|37.7|75.2|90|115|0|0|190|682|662|22|01:06:39|SRM PC8|https://www.strava.com/activities/1684442246
05.07.2018|78.3|02:31:53|804|0|170|1329|64|47%|0|0|30.9|55.1|85|123|0|0|146|692|1,482|24|03:00:14|SRM PC8|https://www.strava.com/activities/1683205234
04.07.2018|39.17|01:15:04|397|0|197|826|37|54%|0|0|31.3|55.8|91|120|0|0|183|450|921|23|01:17:25|SRM PC8|https://www.strava.com/activities/1683208880
02.07.2018|48.1|01:34:23|485|0|191|1007|44|52%|0|0|30.6|54.7|88|127|0|0|178|462|1,123|30|01:42:11|SRM PC8|https://www.strava.com/activities/1683210747
01.07.2018|256.8|06:20:21|3037|0|244|4674|284|67%|0|0|40.5|90|88|145|0|0|205|962|5,211|32|06:20:53|SRM PC8|https://www.strava.com/activities/1675619228
24.08.2018|102.57|02:56:04|1046|0|232|2139|122|64%|0|0|35|59.8|91|127|0|0|202|727|2,385|17|03:01:09|SRM PC8|https://www.strava.com/activities/1794551018
31.08.2018|93.59|02:59:08|1256|0|239|2221|127|65%|0|0|31.3|56.9|89|115|0|0|207|540|2,476|22|03:01:09|SRM PC8|https://www.strava.com/activities/1809918128
30.08.2018|79.88|02:30:49|637|0|215|1774|87|59%|0|0|31.8|47.9|89|118|0|0|196|640|1,978|19|02:30:49|SRM PC8|https://www.strava.com/activities/1807425706
26.08.2018|195.84|04:58:20|2485|0|244|3667|223|67%|0|0|39.4|81|86|134|0|0|205|924|4,089|20|04:59:44|SRM PC8|https://www.strava.com/activities/1807429039
23.08.2018|92.38|02:47:58|689|0|223|2106|104|61%|0|0|33|51.5|89|128|0|0|209|630|2,348|21|02:47:58|SRM PC8|https://www.strava.com/activities/1794553463
21.08.2018|65.61|02:11:00|400|0|181|1338|54|50%|0|0|30.1|44.6|87|115|0|0|170|641|1,492|25|02:14:51|SRM PC8|https://www.strava.com/activities/1789413831
18.08.2018|164.62|03:56:57|2412|0|277|3378|229|76%|0|0|41.7|83.5|89|132|0|0|238|966|3,767|29|03:58:19|SRM PC8|https://www.strava.com/activities/1789411976
17.08.2018|192.58|04:48:41|2476|0|281|3925|286|77%|0|0|40|87.1|88|133|0|0|227|951|4,376|23|04:49:44|SRM PC8|https://www.strava.com/activities/1779075991
16.08.2018|179.47|04:38:31|2610|0|245|3291|218|67%|0|0|38.7|87.5|87|126|0|0|197|945|3,670|32|04:51:30|SRM PC8|https://www.strava.com/activities/1776721367
15.08.2018|177.56|04:29:42|2637|0|261|3313|241|72%|0|0|39.5|83.2|90|136|0|0|205|951|3,694|30|04:42:21|SRM PC8|https://www.strava.com/activities/1774843383
24.08.2018|102.57|02:56:04|1046|0|232|2139|122|64%|0|0|35|59.8|91|127|0|0|202|727|2,385|17|03:01:09|SRM PC8|https://www.strava.com/activities/1794551018
31.08.2018|93.59|02:59:08|1256|0|239|2221|127|65%|0|0|31.3|56.9|89|115|0|0|207|540|2,476|22|03:01:09|SRM PC8|https://www.strava.com/activities/1809918128
30.08.2018|79.88|02:30:49|637|0|215|1774|87|59%|0|0|31.8|47.9|89|118|0|0|196|640|1,978|19|02:30:49|SRM PC8|https://www.strava.com/activities/1807425706
26.08.2018|195.84|04:58:20|2485|0|244|3667|223|67%|0|0|39.4|81|86|134|0|0|205|924|4,089|20|04:59:44|SRM PC8|https://www.strava.com/activities/1807429039
23.08.2018|92.38|02:47:58|689|0|223|2106|104|61%|0|0|33|51.5|89|128|0|0|209|630|2,348|21|02:47:58|SRM PC8|https://www.strava.com/activities/1794553463
21.08.2018|65.61|02:11:00|400|0|181|1338|54|50%|0|0|30.1|44.6|87|115|0|0|170|641|1,492|25|02:14:51|SRM PC8|https://www.strava.com/activities/1789413831
18.08.2018|164.62|03:56:57|2412|0|277|3378|229|76%|0|0|41.7|83.5|89|132|0|0|238|966|3,767|29|03:58:19|SRM PC8|https://www.strava.com/activities/1789411976
17.08.2018|192.58|04:48:41|2476|0|281|3925|286|77%|0|0|40|87.1|88|133|0|0|227|951|4,376|23|04:49:44|SRM PC8|https://www.strava.com/activities/1779075991
16.08.2018|179.47|04:38:31|2610|0|245|3291|218|67%|0|0|38.7|87.5|87|126|0|0|197|945|3,670|32|04:51:30|SRM PC8|https://www.strava.com/activities/1776721367
15.08.2018|177.56|04:29:42|2637|0|261|3313|241|72%|0|0|39.5|83.2|90|136|0|0|205|951|3,694|30|04:42:21|SRM PC8|https://www.strava.com/activities/1774843383
06.10.2018|47.95|01:31:06|545|0|219|1078|55|60%|0|0|31.6|55.1|87|111|0|0|197|476|1,202|15|01:33:06|SRM PC8|https://www.strava.com/activities/1887363852
02.10.2018|79.07|02:15:44|921|0|247|1729|107|68%|0|0|35|62.6|89|122|0|0|212|650|1,928|14|02:20:24|SRM PC8|https://www.strava.com/activities/1879284370
01.10.2018|62.32|02:04:35|742|0|213|1405|70|58%|0|0|30|60.8|85|126|0|0|188|908|1,567|15|02:04:35|SRM PC8|https://www.strava.com/activities/1877579083
07.10.2018|215.37|04:54:43|1632|0|278|4290|285|76%|0|0|43.8|69.1|88|124|0|0|243|864|4,784|19|04:55:53|SRM PC8|https://www.strava.com/activities/1890847126
05.10.2018|42.36|01:24:32|507|0|191|875|38|52%|0|0|30.1|47.9|85|113|0|0|172|435|975|17|01:24:59|SRM PC8|https://www.strava.com/activities/1887366234
04.10.2018|190.44|04:28:08|2273|0|268|3677|243|73%|0|0|42.6|79.2|91|132|0|0|229|898|4,100|23|04:38:25|SRM PC8|https://www.strava.com/activities/1884413841
25.11.2018|17.26|01:22:58|429|0|0|0|0||71|356|12.5|32.8|0|0|0|0|0|0|396|8|02:03:19|SRM PC8|https://www.strava.com/activities/1985571474
24.11.2018|101.86|03:16:42|1021|0|212|2350|112|58%|0|0|31.1|55.8|88|113|0|0|199|477|2,621|10|03:20:18|SRM PC8|https://www.strava.com/activities/1982325388
19.11.2018|60.07|02:00:46|544|0|202|1366|63|55%|0|0|29.8|54.4|87|118|0|0|188|687|1,523|13|02:05:25|SRM PC8|https://www.strava.com/activities/1973539294
18.11.2018|19|00:59:03|194|0|0|0|0||101|357|19.3|41|0|0|0|0|0|0|398|10|01:04:40|SRM PC8|https://www.strava.com/activities/1973546724
17.11.2018|52|02:12:13|554|0|0|0|0||124|987|23.6|43.2|0|0|0|0|0|0|1,100|6|02:32:41|SRM PC8|https://www.strava.com/activities/1969635625
12.11.2018|54.78|01:43:56|523|0|219|1285|62|60%|0|0|31.6|53.3|94|130|0|0|206|625|1,433|12|01:43:56|SRM PC8|https://www.strava.com/activities/1960369249
08.11.2018|48.6|01:34:53|492|0|207|1086|51|57%|0|0|30.7|50.4|93|121|0|0|191|547|1,211|12|01:34:53|SRM PC8|https://www.strava.com/activities/1960371469
06.11.2018|38.06|01:18:53|429|0|193|804|36|53%|0|0|29|55.1|91|123|0|0|170|542|896|15|01:18:53|SRM PC8|https://www.strava.com/activities/1960372266
30.11.2018|124.13|04:00:37|1156|0|207|2760|130|57%|0|0|31|49|87|120|0|0|191|604|3,077|13|04:03:06|SRM PC8|https://www.strava.com/activities/1992832006
29.11.2018|127.12|04:00:38|1205|0|208|2681|130|57%|0|0|31.7|59|88|134|0|0|186|735|2,989|13|04:01:28|SRM PC8|https://www.strava.com/activities/1991012345
23.11.2018|100.81|03:16:31|845|0|196|2045|96|54%|0|0|30.8|51.5|88|136|0|0|173|594|2,280|9|03:20:21|SRM PC8|https://www.strava.com/activities/1980533508
18.11.2018|31.43|01:01:51|496|0|189|653|30|52%|0|0|30.5|57.6|87|131|0|0|176|451|728|15|03:35:28|SRM PC8|https://www.strava.com/activities/1973548374
15.11.2018|88.87|02:47:50|695|0|220|2077|101|60%|0|0|31.8|54.4|92|121|0|0|206|796|2,316|13|02:48:10|SRM PC8|https://www.strava.com/activities/1966514270
13.11.2018|82.94|02:41:35|606|0|205|1820|84|56%|0|0|30.8|50|90|121|0|0|188|591|2,029|14|02:41:35|SRM PC8|https://www.strava.com/activities/1962265523
09.11.2018|59.66|02:03:38|661|0|187|1266|54|51%|0|0|29|49.7|90|129|0|0|171|847|1,411|11|02:04:53|SRM PC8|https://www.strava.com/activities/1960370351
25.11.2018|17.26|01:22:58|429|0|0|0|0||71|356|12.5|32.8|0|0|0|0|0|0|396|8|02:03:19|SRM PC8|https://www.strava.com/activities/1985571474
24.11.2018|101.86|03:16:42|1021|0|212|2350|112|58%|0|0|31.1|55.8|88|113|0|0|199|477|2,621|10|03:20:18|SRM PC8|https://www.strava.com/activities/1982325388
19.11.2018|60.07|02:00:46|544|0|202|1366|63|55%|0|0|29.8|54.4|87|118|0|0|188|687|1,523|13|02:05:25|SRM PC8|https://www.strava.com/activities/1973539294
18.11.2018|19|00:59:03|194|0|0|0|0||101|357|19.3|41|0|0|0|0|0|0|398|10|01:04:40|SRM PC8|https://www.strava.com/activities/1973546724
17.11.2018|52|02:12:13|554|0|0|0|0||124|987|23.6|43.2|0|0|0|0|0|0|1,100|6|02:32:41|SRM PC8|https://www.strava.com/activities/1969635625
12.11.2018|54.78|01:43:56|523|0|219|1285|62|60%|0|0|31.6|53.3|94|130|0|0|206|625|1,433|12|01:43:56|SRM PC8|https://www.strava.com/activities/1960369249
08.11.2018|48.6|01:34:53|492|0|207|1086|51|57%|0|0|30.7|50.4|93|121|0|0|191|547|1,211|12|01:34:53|SRM PC8|https://www.strava.com/activities/1960371469
06.11.2018|38.06|01:18:53|429|0|193|804|36|53%|0|0|29|55.1|91|123|0|0|170|542|896|15|01:18:53|SRM PC8|https://www.strava.com/activities/1960372266
30.11.2018|124.13|04:00:37|1156|0|207|2760|130|57%|0|0|31|49|87|120|0|0|191|604|3,077|13|04:03:06|SRM PC8|https://www.strava.com/activities/1992832006
29.11.2018|127.12|04:00:38|1205|0|208|2681|130|57%|0|0|31.7|59|88|134|0|0|186|735|2,989|13|04:01:28|SRM PC8|https://www.strava.com/activities/1991012345
23.11.2018|100.81|03:16:31|845|0|196|2045|96|54%|0|0|30.8|51.5|88|136|0|0|173|594|2,280|9|03:20:21|SRM PC8|https://www.strava.com/activities/1980533508
18.11.2018|31.43|01:01:51|496|0|189|653|30|52%|0|0|30.5|57.6|87|131|0|0|176|451|728|15|03:35:28|SRM PC8|https://www.strava.com/activities/1973548374
15.11.2018|88.87|02:47:50|695|0|220|2077|101|60%|0|0|31.8|54.4|92|121|0|0|206|796|2,316|13|02:48:10|SRM PC8|https://www.strava.com/activities/1966514270
13.11.2018|82.94|02:41:35|606|0|205|1820|84|56%|0|0|30.8|50|90|121|0|0|188|591|2,029|14|02:41:35|SRM PC8|https://www.strava.com/activities/1962265523
09.11.2018|59.66|02:03:38|661|0|187|1266|54|51%|0|0|29|49.7|90|129|0|0|171|847|1,411|11|02:04:53|SRM PC8|https://www.strava.com/activities/1960370351
31.01.2019|61.33|02:14:42|943|0|0|0|0||0|0|27.3|53.6|82|116|0|0|0|0|1,553|17|02:36:34|SRM PC8|https://www.strava.com/activities/2115143004
30.01.2019|55.98|01:56:39|815|0|0|0|0||186|1301|28.8|57.2|0|0|0|0|0|0|1,451|16|02:05:17|SRM PC8|https://www.strava.com/activities/2113543886
26.01.2019|83.5|02:29:16|708|0|0|0|0||0|0|33.6|61.9|90|115|0|0|0|0|1,988|8|02:40:35|SRM PC8|https://www.strava.com/activities/2109131009
24.01.2019|137.93|04:00:55|1462|0|252|3218|194|69%|0|0|34.4|57.2|90|123|0|0|223|977|3,588|5|04:05:09|SRM PC8|https://www.strava.com/activities/2100347067
23.01.2019|46.56|01:29:23|534|0|264|1241|82|72%|0|0|31.3|47.5|90|130|0|0|231|839|1,384|4|01:42:39|SRM PC8|https://www.strava.com/activities/2098053202
07.01.2019|42.66|01:29:37|606|0|208|1049|51|57%|0|0|28.6|54.4|87|111|0|0|195|606|1,170|8|01:35:32|SRM PC8|https://www.strava.com/activities/2062458001
06.01.2019|16.01|00:58:03|64|0|0|0|0||71|246|16.6|34.6|0|0|0|0|0|0|274|7|01:00:27|SRM PC8|https://www.strava.com/activities/2061418754
05.01.2019|81.03|02:28:05|1085|0|256|2057|123|70%|0|0|32.8|64.1|88|116|0|0|232|661|2,294|5|02:31:08|SRM PC8|https://www.strava.com/activities/2057319357
03.01.2019|92.51|03:07:48|1126|0|233|2463|129|64%|0|0|29.6|56.2|87|117|0|0|219|679|2,746|3|03:16:42|SRM PC8|https://www.strava.com/activities/2052894353
28.01.2019|172.25|05:03:50|1519|0|0|0|0||0|0|34|60.8|89|120|0|0|0|0|4,371|8|05:15:01|SRM PC8|https://www.strava.com/activities/2109128325
17.01.2019|116.59|03:29:17|1426|0|229|2389|147|63%|0|0|33.4|67.7|83|124|0|0|190|805|2,663|14|03:45:28|SRM PC8|https://www.strava.com/activities/2084604278
16.01.2019|185.57|06:15:00|4044|0|231|4192|259|63%|0|0|29.7|64.1|83|192|0|0|186|1182|4,674|14|06:38:08|SRM PC8|https://www.strava.com/activities/2083115733
13.01.2019|155.26|05:33:02|3736|0|247|3722|270|68%|0|0|28|78.8|82|126|0|0|186|759|4,150|14|05:56:37|SRM PC8|https://www.strava.com/activities/2076529615
12.01.2019|139.16|04:38:35|2518|0|237|3000|213|65%|0|0|30|64.1|83|160|0|0|179|770|3,345|14|05:13:49|SRM PC8|https://www.strava.com/activities/2073319603
11.01.2019|127.29|04:02:46|1984|0|226|2609|158|62%|0|0|31.5|69.8|81|122|0|0|179|1064|2,910|13|04:10:21|SRM PC8|https://www.strava.com/activities/2071265702
09.01.2019|60.91|02:02:01|576|0|227|1584|80|62%|0|0|30|49.7|88|118|0|0|216|783|1,766|5|04:01:21|SRM PC8|https://www.strava.com/activities/2067532759
12.02.2019|33.17|01:04:19|259|0|0|0|0||0|0|30.9|42.1|92|112|0|0|0|0|877|11|01:11:43|SRM PC8|https://www.strava.com/activities/2144267645
08.02.2019|117.16|04:00:17|1568|0|0|0|0||0|0|29.3|59|85|120|0|0|0|0|3,396|9|04:08:36|SRM PC8|https://www.strava.com/activities/2132536014
07.02.2019|95.77|02:53:38|871|0|0|0|0||0|0|33.1|59|88|111|0|0|0|0|2,452|10|03:06:01|SRM PC8|https://www.strava.com/activities/2130354150
06.02.2019|33.23|01:06:15|340|0|0|0|0||0|0|30.1|50.4|88|117|0|0|0|0|829|11|01:06:15|SRM PC8|https://www.strava.com/activities/2130356796
02.02.2019|176.54|05:09:22|3452|0|0|0|0||0|0|34.2|76.3|84|126|0|0|0|0|4,742|10|05:26:14|SRM PC8|https://www.strava.com/activities/2119657633
21.02.2019|50.13|01:35:21|1060|0|0|0|0||0|0|31.5|71.6|87|124|0|0|0|0|1,404|15|01:39:26|SRM PC8|https://www.strava.com/activities/2165138803
16.02.2019|182.03|04:28:40|2437|0|0|0|0||0|0|40.7|78.5|86|128|0|0|0|0|4,280|19|04:28:40|SRM PC8|https://www.strava.com/activities/2153703057
15.02.2019|191.76|04:54:51|2709|0|0|0|0||0|0|39|81|86|131|0|0|0|0|4,397|18|04:57:12|SRM PC8|https://www.strava.com/activities/2150984059
13.02.2019|74.27|02:01:46|126|0|0|0|0||253|1850|36.6|54|0|0|0|0|0|0|2,063|16|02:03:32|SRM PC8|https://www.strava.com/activities/2144265189
03.02.2019|159.93|03:49:36|1437|0|0|0|0||0|0|41.8|79.2|87|130|0|0|0|0|3,230|13|03:51:54|SRM PC8|https://www.strava.com/activities/2125242774
01.02.2019|172.38|04:45:01|3533|0|0|0|0||0|0|36.3|79.6|88|126|0|0|0|0|5,226|16|04:48:05|SRM PC8|https://www.strava.com/activities/2117455992
26.03.2019|67.43|02:37:35|2037|0|238|1912|111|65%|0|0|25.7|65.9|80|115|0|0|202|688|2,132|6|02:38:23|SRM PC8|https://www.strava.com/activities/2241588541
22.03.2019|62.45|02:01:58|696|0|0|0|0||0|0|30.7|52.9|87|112|0|0|0|0|1,649|15|02:06:35|SRM PC8|https://www.strava.com/activities/2238134012
14.03.2019|26.73|00:39:42|192|0|0|0|0||0|0|40.4|64.4|88|107|0|0|0|0|780|18|00:41:33|SRM PC8|https://www.strava.com/activities/2213035233
08.03.2019|81.53|02:11:46|810|0|0|0|0||0|0|37.1|60.5|90|128|0|0|0|0|1,849|11|02:13:58|SRM PC8|https://www.strava.com/activities/2198974411
25.03.2019|143|05:00:46|3285|0|240|3667|220|66%|0|0|28.5|73.8|83|140|0|0|203|917|4,089|11|05:04:43|SRM PC8|https://www.strava.com/activities/2240430536
24.03.2019|114.45|04:00:38|2427|0|223|2764|151|61%|0|0|28.5|61.2|84|120|0|0|191|604|3,082|15|04:04:23|SRM PC8|https://www.strava.com/activities/2238103238
23.03.2019|91.52|03:11:35|1950|0|0|0|0||0|0|28.7|62.6|86|122|0|0|0|0|2,507|16|03:15:16|SRM PC8|https://www.strava.com/activities/2238122587
21.03.2019|62.44|02:00:42|591|0|0|0|0||0|0|31|49.3|86|124|0|0|0|0|1,586|16|02:00:42|SRM PC8|https://www.strava.com/activities/2229173122
16.03.2019|197.36|05:23:49|3983|0|0|0|0||0|0|36.6|76.3|87|127|0|0|0|0|5,434|20|05:30:32|SRM PC8|https://www.strava.com/activities/2217920371
15.03.2019|180.9|04:29:32|2328|0|0|0|0||0|0|40.3|88.9|87|143|0|0|0|0|4,133|23|04:36:27|SRM PC8|https://www.strava.com/activities/2215307514
13.03.2019|212.11|05:01:18|3320|0|0|0|0||0|0|42.2|91.1|89|139|0|0|0|0|4,875|13|05:16:48|SRM PC8|https://www.strava.com/activities/2211530791
12.03.2019|199.92|05:18:43|1555|0|0|0|0||0|0|37.6|76.7|81|144|0|0|0|0|3,789|17|05:23:40|SRM PC8|https://www.strava.com/activities/2208762765
11.03.2019|165.5|03:31:22|1223|0|0|0|0||0|0|47|79.9|91|118|0|0|0|0|4,136|12|03:32:46|SRM PC8|https://www.strava.com/activities/2206579138
10.03.2019|138.65|03:25:58|1409|0|0|0|0||0|0|40.4|77.8|82|115|0|0|0|0|903|14|03:27:58|SRM PC8|https://www.strava.com/activities/2204603330
09.03.2019|54.62|02:02:56|602|0|0|0|0||0|0|26.7|64.1|83|124|0|0|0|0|1,185|13|02:46:49|SRM PC8|https://www.strava.com/activities/2201393555
27.04.2019|59.48|02:01:55|842|0|0|0|0||0|0|29.3|57.2|87|121|0|0|0|0|1,556|13|02:03:22|SRM PC8|https://www.strava.com/activities/2326559829
08.04.2019|12.25|00:23:52|297|0|0|0|0||0|0|30.8|77.8|85|124|0|0|0|0|473|11|00:50:38|SRM PC8|https://www.strava.com/activities/2274897076
07.04.2019|45.39|01:46:31|761|0|0|0|0||0|0|25.6|60.5|77|112|0|0|0|0|1,020|10|02:00:52|SRM PC8|https://www.strava.com/activities/2272855026
05.04.2019|47.04|01:33:04|575|0|213|1067|57|58%|0|0|30.3|69.8|83|120|0|0|191|974|1,190|13|01:41:23|SRM PC8|https://www.strava.com/activities/2267197796
04.04.2019|56.62|01:48:23|729|0|204|1201|57|56%|0|0|31.3|54.7|87|111|0|0|185|500|1,339|10|01:50:47|SRM PC8|https://www.strava.com/activities/2267201440
28.04.2019|92.78|02:59:59|733|0|0|0|0||0|0|30.9|54.4|89|129|0|0|0|0|2,472|12|03:00:25|SRM PC8|https://www.strava.com/activities/2326558080
13.04.2019|118.89|03:34:09|2853|0|0|0|0||0|0|33.3|104.8|83|134|0|0|0|0|3,412|23|03:35:01|SRM PC8|https://www.strava.com/activities/2287433753
12.04.2019|152.09|03:57:26|3212|0|0|0|0||0|0|38.4|86.4|87|138|0|0|0|0|4,363|18|04:01:20|SRM PC8|https://www.strava.com/activities/2284739943
11.04.2019|174|04:37:53|1389|0|271|3507|260|74%|0|0|37.6|81.7|85|140|0|0|210|887|3,910|10|04:45:29|SRM PC8|https://www.strava.com/activities/2282600097
10.04.2019|191.66|04:50:32|2762|0|0|0|0||0|0|39.6|87.8|86|141|0|0|0|0|4,540|15|04:52:09|SRM PC8|https://www.strava.com/activities/2284750608
09.04.2019|149.06|03:45:19|2119|0|0|0|0||0|0|39.7|81.4|86|130|0|0|0|0|3,364|18|03:45:19|SRM PC8|https://www.strava.com/activities/2277887152
06.04.2019|196.28|05:11:02|3246|0|0|0|0||0|0|37.9|79.9|84|126|0|0|0|0|4,432|15|05:13:27|SRM PC8|https://www.strava.com/activities/2269814113
31.05.2019|150.18|05:15:55|2630|0|239|3844|229|65%|0|0|28.5|64.4|86|117|0|0|203|714|4,286|25|05:35:10|SRM PC8|https://www.strava.com/activities/2431251741
30.05.2019|81.24|02:59:51|1778|0|226|2109|123|62%|0|0|27.1|61.6|84|119|0|0|195|560|2,352|26|03:12:36|SRM PC8|https://www.strava.com/activities/2431248448
27.05.2019|33.11|01:02:04|273|0|0|0|0||206|767|32|54.4|0|0|0|0|0|0|855|24|01:03:21|SRM PC8|https://www.strava.com/activities/2403282129
22.05.2019|53.07|01:34:00|458|0|0|0|0||224|1265|33.9|67.3|0|0|0|0|0|0|1,411|19|01:36:06|SRM PC8|https://www.strava.com/activities/2387695840
20.05.2019|139.12|04:01:35|1396|0|0|0|0||0|0|34.6|71.3|92|122|0|0|0|0|3,230|18|04:13:11|SRM PC8|https://www.strava.com/activities/2382663937
19.05.2019|78.52|02:36:38|1078|0|223|1892|98|61%|0|0|30.1|61.6|89|115|0|0|201|535|2,110|15|02:37:49|SRM PC8|https://www.strava.com/activities/2380112898
16.05.2019|39.72|01:32:46|873|0|203|966|50|56%|0|0|25.7|61.6|86|117|0|0|174|496|1,077|13|01:36:41|SRM PC8|https://www.strava.com/activities/2371706798
15.05.2019|168.02|06:35:13|4208|0|0|0|0||0|0|25.5|67|82|125|0|0|0|0|5,049|24|07:02:08|SRM PC8|https://www.strava.com/activities/2370006809
13.05.2019|52.88|01:59:12|725|0|184|1123|51|50%|0|0|26.6|59|84|121|0|0|157|489|1,252|21|02:16:14|SRM PC8|https://www.strava.com/activities/2363944041
12.05.2019|130.04|05:16:22|3589|0|0|0|0||0|0|24.7|69.5|81|118|0|0|0|0|4,077|19|05:45:47|SRM PC8|https://www.strava.com/activities/2362127401
09.05.2019|29.61|00:58:23|354|0|195|647|30|53%|0|0|30.4|54|89|112|0|0|185|589|722|16|01:03:42|SRM PC8|https://www.strava.com/activities/2357840605
07.05.2019|89.58|02:33:27|986|0|0|0|0||0|0|35|68|89|130|0|0|0|0|2,028|19|02:41:44|SRM PC8|https://www.strava.com/activities/2348822932
06.05.2019|152.5|05:03:24|2166|0|0|0|0||0|0|30.2|64.8|84|125|0|0|0|0|4,195|12|05:14:48|SRM PC8|https://www.strava.com/activities/2346332543
05.05.2019|46.41|01:30:31|324|0|203|1044|48|56%|0|0|30.8|45.7|90|110|0|0|192|468|1,164|9|01:32:48|SRM PC8|https://www.strava.com/activities/2346353592
26.05.2019|135.76|03:38:03|2657|0|0|0|0||0|0|37.4|85|89|133|0|0|0|0|3,450|19|03:53:02|SRM PC8|https://www.strava.com/activities/2400653890
25.05.2019|123.75|03:21:11|2378|0|292|3182|214|80%|0|0|36.9|90.7|92|138|0|0|264|911|3,548|19|03:21:11|SRM PC8|https://www.strava.com/activities/2396827703
24.05.2019|159.5|03:39:42|1453|0|0|0|0||0|0|43.6|75.6|91|181|0|0|0|0|3,040|29|03:40:34|SRM PC8|https://www.strava.com/activities/2393899999
23.05.2019|60.41|02:09:37|1120|0|0|0|0||0|0|28|68.8|85|125|0|0|0|0|1,546|25|02:18:24|SRM PC8|https://www.strava.com/activities/2391198583
21.05.2019|52.41|01:43:46|457|0|0|0|0||181|1128|30.3|59.4|0|0|0|0|0|0|1,258|19|01:55:16|SRM PC8|https://www.strava.com/activities/2387698432
14.05.2019|106.86|04:16:42|3237|0|0|0|0||0|0|25|69.5|83|120|0|0|0|0|3,556|24|04:39:18|SRM PC8|https://www.strava.com/activities/2366843179
11.05.2019|109.77|04:33:29|3647|0|0|0|0||0|0|24.1|65.9|81|116|0|0|0|0|3,754|17|04:44:55|SRM PC8|https://www.strava.com/activities/2359057733
10.05.2019|114.68|04:23:00|2680|0|0|0|0||0|0|26.2|69.8|81|132|0|0|0|0|3,474|21|04:29:48|SRM PC8|https://www.strava.com/activities/2356324366
03.05.2019|148.87|04:42:42|1683|0|0|0|0||0|0|31.6|56.9|90|135|0|0|0|0|4,009|16|04:57:09|SRM PC8|https://www.strava.com/activities/2338649280
02.05.2019|128.68|04:11:26|1441|0|0|0|0||0|0|30.7|54.4|89|122|0|0|0|0|3,481|16|04:17:12|SRM PC8|https://www.strava.com/activities/2336298055
01.05.2019|61.64|02:03:22|541|0|193|1376|61|53%|0|0|30|52.2|89|114|0|0|186|638|1,534|17|02:12:16|SRM PC8|https://www.strava.com/activities/2332960374
28.06.2019|71.07|02:15:05|706|0|212|1555|76|58%|0|0|31.6|58.3|90|113|0|0|192|627|1,734|31|02:16:00|SRM PC8|https://www.strava.com/activities/2486988744
26.06.2019|176.89|05:14:53|1483|0|0|0|0||0|0|33.7|58.3|91|118|0|0|0|0|3,956|33|05:27:25|SRM PC8|https://www.strava.com/activities/2482011451
25.06.2019|123.73|04:16:21|2543|0|0|0|0||0|0|29|74.9|86|121|0|0|0|0|3,357|25|04:19:18|SRM PC8|https://www.strava.com/activities/2479344315
24.06.2019|134.69|04:24:27|1793|0|0|0|0||0|0|30.6|61.6|82|124|0|0|0|0|3,295|25|04:25:16|SRM PC8|https://www.strava.com/activities/2476616423
23.06.2019|45.31|01:27:20|513|0|209|995|48|57%|0|0|31.1|57.6|88|119|0|0|190|622|1,109|29|01:29:00|SRM PC8|https://www.strava.com/activities/2475140872
22.06.2019|90.16|02:58:25|1367|0|222|2056|113|61%|0|0|30.3|64.8|87|130|0|0|192|912|2,292|20|03:07:34|SRM PC8|https://www.strava.com/activities/2475143452
21.06.2019|80.45|02:34:07|897|0|209|1767|85|57%|0|0|31.3|55.1|89|112|0|0|191|618|1,970|23|02:44:30|SRM PC8|https://www.strava.com/activities/2468056733
20.06.2019|62.08|02:02:06|678|0|195|1332|59|53%|0|0|30.5|52.6|90|113|0|0|182|555|1,485|20|02:06:24|SRM PC8|https://www.strava.com/activities/2468059126
12.06.2019|27.96|00:42:24|367|0|0|0|0||0|0|39.6|72.4|90|126|0|0|0|0|862|21|00:51:52|SRM PC8|https://www.strava.com/activities/2445127884
12.06.2019|14.37|00:27:20|0|0|0|0|0||0|0|0|0|0|0|0|0|0|0|||00:00:00||https://www.strava.com/activities/2605714502
04.06.2019|43.09|01:31:28|787|0|210|1030|51|58%|0|0|28.3|60.8|86|119|0|0|188|534|1,149|22|01:33:27|SRM PC8|https://www.strava.com/activities/2431262053
03.06.2019|85|02:56:57|1315|0|0|0|0||0|0|28.8|59|87|118|0|0|0|0|2,221|22|03:01:05|SRM PC8|https://www.strava.com/activities/2431258598
02.06.2019|136.43|05:00:21|2771|0|0|0|0||0|0|27.3|62.3|85|137|0|0|0|0|3,873|25|05:27:33|SRM PC8|https://www.strava.com/activities/2431254188
30.06.2019|253.65|06:00:05|3342|0|276|5028|345|76%|0|0|42.3|79.6|89|143|0|0|233|962|5,606|29|06:00:50|SRM PC8|https://www.strava.com/activities/2497562899
29.06.2019|65.98|02:02:38|518|0|188|1045|57|52%|0|0|32.3|76.3|86|127|0|0|142|843|1,165|33|02:15:43|SRM PC8|https://www.strava.com/activities/2497562837
18.06.2019|49.76|01:35:53|524|0|193|1036|44|53%|0|0|31.1|62.3|89|113|0|0|180|512|1,155|25|01:35:53|SRM PC8|https://www.strava.com/activities/2462322025
16.06.2019|113.86|03:15:38|2809|0|279|2777|189|76%|0|0|34.9|96.1|89|145|0|0|237|883|3,097|26|03:15:38|SRM PC8|https://www.strava.com/activities/2462324140
15.06.2019|132.99|04:06:43|4376|0|0|0|0||0|0|32.3|126|89|141|0|0|0|0|4,394|21|04:06:43|SRM PC8|https://www.strava.com/activities/2452748506
14.06.2019|229.95|06:12:45|2899|0|255|4793|315|70%|0|0|37|89.6|87|146|0|0|214|922|5,345|22|06:27:02|SRM PC8|https://www.strava.com/activities/2450025232
13.06.2019|204.28|05:14:41|2382|0|0|0|0||0|0|39|87.1|87|167|0|0|0|0|4,011|29|05:25:57|SRM PC8|https://www.strava.com/activities/2447277971
11.06.2019|177.11|04:20:04|1132|0|226|2998|173|62%|0|0|40.9|79.6|89|141|0|0|192|927|3,342|13|04:30:23|SRM PC8|https://www.strava.com/activities/2442639668
10.06.2019|179.78|04:16:11|3210|0|0|0|0||0|0|42.1|90|92|142|0|0|0|0|4,464|13|04:29:28|SRM PC8|https://www.strava.com/activities/2439629597
09.06.2019|142.13|03:27:13|2616|0|0|0|0||0|0|41.2|91.8|92|136|0|0|0|0|3,339|17|03:39:23|SRM PC8|https://www.strava.com/activities/2436496042
08.06.2019|70.72|02:31:13|1912|0|238|1790|113|65%|0|0|28.1|77.4|85|126|0|0|197|711|1,996|18|02:46:41|SRM PC8|https://www.strava.com/activities/2432877832
06.06.2019|57.87|01:49:03|781|0|1|0|0|0%|0|0|31.8|52.2|64|64|0|0|0|22|0|25|01:56:33|SRM PC8|https://www.strava.com/activities/2431264432
28.06.2019|71.07|02:15:05|706|0|212|1555|76|58%|0|0|31.6|58.3|90|113|0|0|192|627|1,734|31|02:16:00|SRM PC8|https://www.strava.com/activities/2486988744
26.06.2019|176.89|05:14:53|1483|0|0|0|0||0|0|33.7|58.3|91|118|0|0|0|0|3,956|33|05:27:25|SRM PC8|https://www.strava.com/activities/2482011451
25.06.2019|123.73|04:16:21|2543|0|0|0|0||0|0|29|74.9|86|121|0|0|0|0|3,357|25|04:19:18|SRM PC8|https://www.strava.com/activities/2479344315
24.06.2019|134.69|04:24:27|1793|0|0|0|0||0|0|30.6|61.6|82|124|0|0|0|0|3,295|25|04:25:16|SRM PC8|https://www.strava.com/activities/2476616423
23.06.2019|45.31|01:27:20|513|0|209|995|48|57%|0|0|31.1|57.6|88|119|0|0|190|622|1,109|29|01:29:00|SRM PC8|https://www.strava.com/activities/2475140872
22.06.2019|90.16|02:58:25|1367|0|222|2056|113|61%|0|0|30.3|64.8|87|130|0|0|192|912|2,292|20|03:07:34|SRM PC8|https://www.strava.com/activities/2475143452
21.06.2019|80.45|02:34:07|897|0|209|1767|85|57%|0|0|31.3|55.1|89|112|0|0|191|618|1,970|23|02:44:30|SRM PC8|https://www.strava.com/activities/2468056733
20.06.2019|62.08|02:02:06|678|0|195|1332|59|53%|0|0|30.5|52.6|90|113|0|0|182|555|1,485|20|02:06:24|SRM PC8|https://www.strava.com/activities/2468059126
12.06.2019|27.96|00:42:24|367|0|0|0|0||0|0|39.6|72.4|90|126|0|0|0|0|862|21|00:51:52|SRM PC8|https://www.strava.com/activities/2445127884
12.06.2019|14.37|00:27:20|0|0|0|0|0||0|0|0|0|0|0|0|0|0|0|||00:00:00||https://www.strava.com/activities/2605714502
04.06.2019|43.09|01:31:28|787|0|210|1030|51|58%|0|0|28.3|60.8|86|119|0|0|188|534|1,149|22|01:33:27|SRM PC8|https://www.strava.com/activities/2431262053
03.06.2019|85|02:56:57|1315|0|0|0|0||0|0|28.8|59|87|118|0|0|0|0|2,221|22|03:01:05|SRM PC8|https://www.strava.com/activities/2431258598
02.06.2019|136.43|05:00:21|2771|0|0|0|0||0|0|27.3|62.3|85|137|0|0|0|0|3,873|25|05:27:33|SRM PC8|https://www.strava.com/activities/2431254188
30.06.2019|253.65|06:00:05|3342|0|276|5028|345|76%|0|0|42.3|79.6|89|143|0|0|233|962|5,606|29|06:00:50|SRM PC8|https://www.strava.com/activities/2497562899
29.06.2019|65.98|02:02:38|518|0|188|1045|57|52%|0|0|32.3|76.3|86|127|0|0|142|843|1,165|33|02:15:43|SRM PC8|https://www.strava.com/activities/2497562837
18.06.2019|49.76|01:35:53|524|0|193|1036|44|53%|0|0|31.1|62.3|89|113|0|0|180|512|1,155|25|01:35:53|SRM PC8|https://www.strava.com/activities/2462322025
16.06.2019|113.86|03:15:38|2809|0|279|2777|189|76%|0|0|34.9|96.1|89|145|0|0|237|883|3,097|26|03:15:38|SRM PC8|https://www.strava.com/activities/2462324140
15.06.2019|132.99|04:06:43|4376|0|0|0|0||0|0|32.3|126|89|141|0|0|0|0|4,394|21|04:06:43|SRM PC8|https://www.strava.com/activities/2452748506
14.06.2019|229.95|06:12:45|2899|0|255|4793|315|70%|0|0|37|89.6|87|146|0|0|214|922|5,345|22|06:27:02|SRM PC8|https://www.strava.com/activities/2450025232
13.06.2019|204.28|05:14:41|2382|0|0|0|0||0|0|39|87.1|87|167|0|0|0|0|4,011|29|05:25:57|SRM PC8|https://www.strava.com/activities/2447277971
11.06.2019|177.11|04:20:04|1132|0|226|2998|173|62%|0|0|40.9|79.6|89|141|0|0|192|927|3,342|13|04:30:23|SRM PC8|https://www.strava.com/activities/2442639668
10.06.2019|179.78|04:16:11|3210|0|0|0|0||0|0|42.1|90|92|142|0|0|0|0|4,464|13|04:29:28|SRM PC8|https://www.strava.com/activities/2439629597
09.06.2019|142.13|03:27:13|2616|0|0|0|0||0|0|41.2|91.8|92|136|0|0|0|0|3,339|17|03:39:23|SRM PC8|https://www.strava.com/activities/2436496042
08.06.2019|70.72|02:31:13|1912|0|238|1790|113|65%|0|0|28.1|77.4|85|126|0|0|197|711|1,996|18|02:46:41|SRM PC8|https://www.strava.com/activities/2432877832
06.06.2019|57.87|01:49:03|781|0|1|0|0|0%|0|0|31.8|52.2|64|64|0|0|0|22|0|25|01:56:33|SRM PC8|https://www.strava.com/activities/2431264432
28.06.2019|71.07|02:15:05|706|0|212|1555|76|58%|0|0|31.6|58.3|90|113|0|0|192|627|1,734|31|02:16:00|SRM PC8|https://www.strava.com/activities/2486988744
26.06.2019|176.89|05:14:53|1483|0|0|0|0||0|0|33.7|58.3|91|118|0|0|0|0|3,956|33|05:27:25|SRM PC8|https://www.strava.com/activities/2482011451
25.06.2019|123.73|04:16:21|2543|0|0|0|0||0|0|29|74.9|86|121|0|0|0|0|3,357|25|04:19:18|SRM PC8|https://www.strava.com/activities/2479344315
24.06.2019|134.69|04:24:27|1793|0|0|0|0||0|0|30.6|61.6|82|124|0|0|0|0|3,295|25|04:25:16|SRM PC8|https://www.strava.com/activities/2476616423
23.06.2019|45.31|01:27:20|513|0|209|995|48|57%|0|0|31.1|57.6|88|119|0|0|190|622|1,109|29|01:29:00|SRM PC8|https://www.strava.com/activities/2475140872
22.06.2019|90.16|02:58:25|1367|0|222|2056|113|61%|0|0|30.3|64.8|87|130|0|0|192|912|2,292|20|03:07:34|SRM PC8|https://www.strava.com/activities/2475143452
21.06.2019|80.45|02:34:07|897|0|209|1767|85|57%|0|0|31.3|55.1|89|112|0|0|191|618|1,970|23|02:44:30|SRM PC8|https://www.strava.com/activities/2468056733
20.06.2019|62.08|02:02:06|678|0|195|1332|59|53%|0|0|30.5|52.6|90|113|0|0|182|555|1,485|20|02:06:24|SRM PC8|https://www.strava.com/activities/2468059126
12.06.2019|27.96|00:42:24|367|0|0|0|0||0|0|39.6|72.4|90|126|0|0|0|0|862|21|00:51:52|SRM PC8|https://www.strava.com/activities/2445127884
12.06.2019|14.37|00:27:20|0|0|0|0|0||0|0|0|0|0|0|0|0|0|0|||00:00:00||https://www.strava.com/activities/2605714502
04.06.2019|43.09|01:31:28|787|0|210|1030|51|58%|0|0|28.3|60.8|86|119|0|0|188|534|1,149|22|01:33:27|SRM PC8|https://www.strava.com/activities/2431262053
03.06.2019|85|02:56:57|1315|0|0|0|0||0|0|28.8|59|87|118|0|0|0|0|2,221|22|03:01:05|SRM PC8|https://www.strava.com/activities/2431258598
02.06.2019|136.43|05:00:21|2771|0|0|0|0||0|0|27.3|62.3|85|137|0|0|0|0|3,873|25|05:27:33|SRM PC8|https://www.strava.com/activities/2431254188
30.06.2019|253.65|06:00:05|3342|0|276|5028|345|76%|0|0|42.3|79.6|89|143|0|0|233|962|5,606|29|06:00:50|SRM PC8|https://www.strava.com/activities/2497562899
29.06.2019|65.98|02:02:38|518|0|188|1045|57|52%|0|0|32.3|76.3|86|127|0|0|142|843|1,165|33|02:15:43|SRM PC8|https://www.strava.com/activities/2497562837
18.06.2019|49.76|01:35:53|524|0|193|1036|44|53%|0|0|31.1|62.3|89|113|0|0|180|512|1,155|25|01:35:53|SRM PC8|https://www.strava.com/activities/2462322025
16.06.2019|113.86|03:15:38|2809|0|279|2777|189|76%|0|0|34.9|96.1|89|145|0|0|237|883|3,097|26|03:15:38|SRM PC8|https://www.strava.com/activities/2462324140
15.06.2019|132.99|04:06:43|4376|0|0|0|0||0|0|32.3|126|89|141|0|0|0|0|4,394|21|04:06:43|SRM PC8|https://www.strava.com/activities/2452748506
14.06.2019|229.95|06:12:45|2899|0|255|4793|315|70%|0|0|37|89.6|87|146|0|0|214|922|5,345|22|06:27:02|SRM PC8|https://www.strava.com/activities/2450025232
13.06.2019|204.28|05:14:41|2382|0|0|0|0||0|0|39|87.1|87|167|0|0|0|0|4,011|29|05:25:57|SRM PC8|https://www.strava.com/activities/2447277971
11.06.2019|177.11|04:20:04|1132|0|226|2998|173|62%|0|0|40.9|79.6|89|141|0|0|192|927|3,342|13|04:30:23|SRM PC8|https://www.strava.com/activities/2442639668
10.06.2019|179.78|04:16:11|3210|0|0|0|0||0|0|42.1|90|92|142|0|0|0|0|4,464|13|04:29:28|SRM PC8|https://www.strava.com/activities/2439629597
09.06.2019|142.13|03:27:13|2616|0|0|0|0||0|0|41.2|91.8|92|136|0|0|0|0|3,339|17|03:39:23|SRM PC8|https://www.strava.com/activities/2436496042
08.06.2019|70.72|02:31:13|1912|0|238|1790|113|65%|0|0|28.1|77.4|85|126|0|0|197|711|1,996|18|02:46:41|SRM PC8|https://www.strava.com/activities/2432877832
06.06.2019|57.87|01:49:03|781|0|1|0|0|0%|0|0|31.8|52.2|64|64|0|0|0|22|0|25|01:56:33|SRM PC8|https://www.strava.com/activities/2431264432
03.09.2019|38.72|00:59:14|564|0|0|0|0||0|0|39.2|79.6|92|114|0|0|0|0|1,153|25|01:05:10|SRM PC8|https://www.strava.com/activities/2676872460
02.09.2019|26.34|00:47:35|292|0|213|524|27|58%|0|0|33.2|64.1|85|114|0|0|184|417|584|19|00:49:37|SRM PC8|https://www.strava.com/activities/2674386299
30.09.2019|81.41|02:39:29|774|0|0|0|0||0|0|30.6|53.3|87|115|0|0|0|0|2,048|14|02:40:33|SRM PC8|https://www.strava.com/activities/2757119316
14.09.2019|205.98|05:59:09|4941|0|0|0|0||0|0|34.4|91.1|87|140|0|0|0|0|6,150|17|06:06:43|SRM PC8|https://www.strava.com/activities/2710080697
13.09.2019|173.08|04:09:13|1767|0|0|0|0||0|0|41.7|89.6|86|142|0|0|0|0|3,249|21|04:22:18|SRM PC8|https://www.strava.com/activities/2705694374
12.09.2019|184.01|05:06:08|3772|0|0|0|0||0|0|36.1|88.9|85|150|0|0|0|0|4,554|27|05:06:08|SRM PC8|https://www.strava.com/activities/2703132129
11.09.2019|228.8|05:10:49|2709|0|0|0|0||0|0|44.2|89.3|89|139|0|0|0|0|4,745|25|05:10:49|SRM PC8|https://www.strava.com/activities/2700182114
09.09.2019|173.51|04:57:27|4286|0|0|0|0||0|0|35|99.4|88|146|0|0|0|0|4,394|22|05:01:52|SRM PC8|https://www.strava.com/activities/2694463031
08.09.2019|178.29|05:09:24|3837|0|0|0|0||0|0|34.6|103.3|86|142|0|0|0|0|4,495|25|05:23:01|SRM PC8|https://www.strava.com/activities/2692076142
06.09.2019|179.19|05:00:33|4109|0|0|0|0||0|0|35.8|83.2|88|151|0|0|0|0|4,846|22|05:07:54|SRM PC8|https://www.strava.com/activities/2685584286
05.09.2019|181.47|04:15:14|2519|0|0|0|0||0|0|42.7|89.6|89|139|0|0|0|0|3,818|21|04:24:58|SRM PC8|https://www.strava.com/activities/2682383711
04.09.2019|186.66|05:15:39|3187|0|0|0|0||0|0|35.5|100.1|84|148|0|0|0|0|3,938|28|05:19:14|SRM PC8|https://www.strava.com/activities/2680119960
02.09.2019|30.59|01:08:50|334|0|157|559|22|43%|0|0|26.7|58.7|81|118|0|0|135|419|623|19|01:12:49|SRM PC8|https://www.strava.com/activities/2674384369
01.09.2019|96.8|03:17:44|3042|0|0|0|0||0|0|29.4|84.2|86|141|0|0|0|0|3,601|23|03:23:57|SRM PC8|https://www.strava.com/activities/2671994754
11.10.2019|54.21|02:00:40|719|0|192|1174|60|53%|0|0|27|59|81|118|0|0|162|637|1,309|19|02:09:08|SRM PC8|https://www.strava.com/activities/2780027003
09.10.2019|32.12|01:03:13|168|0|187|665|27|51%|0|0|30.5|49|88|124|0|0|175|614|741|16|01:03:45|SRM PC8|https://www.strava.com/activities/2775229004
07.10.2019|50.31|01:45:36|442|0|190|1060|53|52%|0|0|28.6|51.8|88|143|0|0|167|896|1,182|18|02:05:39|SRM PC8|https://www.strava.com/activities/2769758326
06.10.2019|105.53|03:45:26|2453|0|0|0|0||0|0|28.1|77.4|83|131|0|0|0|0|3,096|17|04:03:36|SRM PC8|https://www.strava.com/activities/2767658716
04.10.2019|0.73|00:20:20|17|0|187|231|26|51%|0|0|2.2|5.8|92|129|0|0|189|370|257|22|01:01:52|SRM PC8|https://www.strava.com/activities/2767673947
03.10.2019|104.22|03:02:06|939|0|0|0|0||0|0|34.3|60.8|91|149|0|0|0|0|2,529|12|03:09:33|SRM PC8|https://www.strava.com/activities/2759418341
01.10.2019|60.91|02:00:28|666|0|0|0|0||0|0|30.3|57.2|90|139|0|0|0|0|1,536|19|02:00:28|SRM PC8|https://www.strava.com/activities/2757113996
12.10.2019|243.35|06:17:01|3804|0|0|0|0||0|0|38.7|90.7|86|149|0|0|0|0|5,978|20|06:19:18|SRM PC8|https://www.strava.com/activities/2784757915
10.10.2019|186.54|04:37:14|2370|0|0|0|0||0|0|40.4|88.9|89|159|0|0|0|0|4,365|20|04:38:20|SRM PC8|https://www.strava.com/activities/2778602898
08.10.2019|173.5|04:12:18|2600|0|0|0|0||0|0|41.3|84.6|90|141|0|0|0|0|3,920|19|04:15:02|SRM PC8|https://www.strava.com/activities/2773189998
02.10.2019|178.9|06:01:51|2347|0|0|0|0||0|0|29.7|63.4|88|131|0|0|0|0|4,637|15|06:07:32|SRM PC8|https://www.strava.com/activities/2757102045
23.12.2019|65.09|02:11:11|623|0|222|1607|81|61%|0|0|29.8|53.6|85|121|0|0|204|557|1,792|11|02:11:54|SRM PC8|https://www.strava.com/activities/2953669450
10.12.2019|134.79|04:59:45|2639|0|211|3370|173|58%|0|0|27|61.9|84|119|0|0|187|723|3,758|19|05:16:20|SRM PC8|https://www.strava.com/activities/2926395665
09.12.2019|59.46|02:03:02|875|0|208|1314|68|57%|0|0|29|54.7|85|138|0|0|178|559|1,465|19|02:06:26|SRM PC8|https://www.strava.com/activities/2926398512
24.12.2019|110.6|03:35:00|1078|0|219|2587|133|60%|0|0|30.9|61.2|85|115|0|0|201|687|2,885|12|03:41:41|SRM PC8|https://www.strava.com/activities/2953664327
22.12.2019|49.51|01:30:55|734|0|0|0|0||234|1277|32.7|58|0|0|0|0|0|0|1,424|18|01:31:17|SRM PC8|https://www.strava.com/activities/2953672311
19.12.2019|184.74|06:09:58|3092|0|0|0|0||0|0|30|74.2|83|119|0|0|0|0|4,984|16|06:30:24|SRM PC8|https://www.strava.com/activities/2943312706
18.12.2019|85.3|02:59:45|1560|0|222|2101|115|61%|0|0|28.5|60.1|82|133|0|0|195|698|2,342|18|03:09:00|SRM PC8|https://www.strava.com/activities/2941025001
17.12.2019|178.51|06:03:07|3562|0|0|0|0||0|0|29.5|83.9|79|128|0|0|0|0|4,572|15|06:23:08|SRM PC8|https://www.strava.com/activities/2939212894
16.12.2019|149.32|05:03:37|2664|0|0|0|0||0|0|29.5|68|77|135|0|0|0|0|3,524|15|05:20:09|SRM PC8|https://www.strava.com/activities/2937061549
15.12.2019|39.77|01:28:40|0|0|0|0|0||0|0|0|0|0|0|0|0|0|0|||00:00:00||https://www.strava.com/activities/2934189298
14.12.2019|167.44|05:34:17|3089|0|0|0|0||0|0|30.1|87.5|79|135|0|0|0|0|4,071|19|05:58:08|SRM PC8|https://www.strava.com/activities/2932570305
13.12.2019|140.5|04:46:15|2269|0|0|0|0||0|0|29.4|70.9|81|131|0|0|0|0|3,508|20|05:04:49|SRM PC8|https://www.strava.com/activities/2930328496
12.12.2019|122.4|04:01:17|1632|0|215|2556|147|59%|0|0|30.4|70.2|83|129|0|0|177|1047|2,850|17|04:18:23|SRM PC8|https://www.strava.com/activities/2928449573
11.12.2019|58.63|02:13:23|1114|0|203|1391|76|56%|0|0|26.4|58.7|80|125|0|0|174|773|1,551|18|02:48:28|SRM PC8|https://www.strava.com/activities/2926389939
31.01.2020|67.73|02:00:46|807|0|0|0|0||0|0|33.7|72.4|89|111|0|0|0|0|1,917|12|02:05:50|SRM PC8|https://www.strava.com/activities/3059038262
25.01.2020|176.93|05:12:11|2229|0|172|1606|115|47%|0|0|34|56.2|84|108|0|0|86|682|1,791|14|05:21:29|SRM PC8|https://www.strava.com/activities/3042446619
24.01.2020|130.96|04:06:50|1215|0|249|3365|194|68%|0|0|31.8|54.4|87|118|0|0|227|619|3,752|4|04:21:16|SRM PC8|https://www.strava.com/activities/3039199677
19.01.2020|111.56|03:28:10|2061|0|0|0|0||0|0|32.2|67|83|117|0|0|0|0|2,909|7|03:35:27|SRM PC8|https://www.strava.com/activities/3024451366
17.01.2020|45.46|01:32:07|214|0|185|965|42|51%|0|0|29.6|47.9|83|103|0|0|175|547|1,076|13|01:39:23|SRM PC8|https://www.strava.com/activities/3019338964
16.01.2020|125.49|04:15:56|2276|0|0|0|0||0|0|29.4|65.5|84|111|0|0|0|0|3,483|13|04:26:59|SRM PC8|https://www.strava.com/activities/3016320306
15.01.2020|136.91|05:02:18|2708|0|0|0|0||0|0|27.2|63|82|111|0|0|0|0|3,952|12|05:19:13|SRM PC8|https://www.strava.com/activities/3013532640
14.01.2020|124.36|04:37:09|2602|0|0|0|0||0|0|26.9|63.4|84|116|0|0|0|0|3,737|14|05:01:11|SRM PC8|https://www.strava.com/activities/3010625150
13.01.2020|80.8|02:50:39|1392|0|239|2156|126|65%|0|0|28.4|67.3|84|110|0|0|211|631|2,404|10|02:59:56|SRM PC8|https://www.strava.com/activities/3008321536
09.01.2020|127.94|04:03:52|1177|0|0|0|0||0|0|31.5|66.6|86|112|0|0|0|0|3,583|12|04:06:01|SRM PC8|https://www.strava.com/activities/2995979663
02.01.2020|77.72|02:36:04|770|0|216|1891|91|59%|0|0|29.9|56.2|86|120|0|0|202|547|2,109|10|02:36:38|SRM PC8|https://www.strava.com/activities/2975405468
29.01.2020|102.59|03:17:17|1077|0|232|2423|141|64%|0|0|31.2|53.6|85|114|0|0|205|949|2,701|10|03:28:19|SRM PC8|https://www.strava.com/activities/3053538175
18.01.2020|166.53|06:15:43|3275|0|218|4217|236|60%|0|0|26.6|69.5|81|111|0|0|187|625|4,702|13|06:43:18|SRM PC8|https://www.strava.com/activities/3022199758
03.01.2020|175.24|05:52:43|1331|0|208|4140|196|57%|0|0|29.8|54|86|113|0|0|196|564|4,616|12|06:04:22|SRM PC8|https://www.strava.com/activities/2978512168
31.01.2020|67.73|02:00:46|807|0|0|0|0||0|0|33.7|72.4|89|111|0|0|0|0|1,917|12|02:05:50|SRM PC8|https://www.strava.com/activities/3059038262
25.01.2020|176.93|05:12:11|2229|0|172|1606|115|47%|0|0|34|56.2|84|108|0|0|86|682|1,791|14|05:21:29|SRM PC8|https://www.strava.com/activities/3042446619
24.01.2020|130.96|04:06:50|1215|0|249|3365|194|68%|0|0|31.8|54.4|87|118|0|0|227|619|3,752|4|04:21:16|SRM PC8|https://www.strava.com/activities/3039199677
19.01.2020|111.56|03:28:10|2061|0|0|0|0||0|0|32.2|67|83|117|0|0|0|0|2,909|7|03:35:27|SRM PC8|https://www.strava.com/activities/3024451366
17.01.2020|45.46|01:32:07|214|0|185|965|42|51%|0|0|29.6|47.9|83|103|0|0|175|547|1,076|13|01:39:23|SRM PC8|https://www.strava.com/activities/3019338964
16.01.2020|125.49|04:15:56|2276|0|0|0|0||0|0|29.4|65.5|84|111|0|0|0|0|3,483|13|04:26:59|SRM PC8|https://www.strava.com/activities/3016320306
15.01.2020|136.91|05:02:18|2708|0|0|0|0||0|0|27.2|63|82|111|0|0|0|0|3,952|12|05:19:13|SRM PC8|https://www.strava.com/activities/3013532640
14.01.2020|124.36|04:37:09|2602|0|0|0|0||0|0|26.9|63.4|84|116|0|0|0|0|3,737|14|05:01:11|SRM PC8|https://www.strava.com/activities/3010625150
13.01.2020|80.8|02:50:39|1392|0|239|2156|126|65%|0|0|28.4|67.3|84|110|0|0|211|631|2,404|10|02:59:56|SRM PC8|https://www.strava.com/activities/3008321536
09.01.2020|127.94|04:03:52|1177|0|0|0|0||0|0|31.5|66.6|86|112|0|0|0|0|3,583|12|04:06:01|SRM PC8|https://www.strava.com/activities/2995979663
02.01.2020|77.72|02:36:04|770|0|216|1891|91|59%|0|0|29.9|56.2|86|120|0|0|202|547|2,109|10|02:36:38|SRM PC8|https://www.strava.com/activities/2975405468
29.01.2020|102.59|03:17:17|1077|0|232|2423|141|64%|0|0|31.2|53.6|85|114|0|0|205|949|2,701|10|03:28:19|SRM PC8|https://www.strava.com/activities/3053538175
18.01.2020|166.53|06:15:43|3275|0|218|4217|236|60%|0|0|26.6|69.5|81|111|0|0|187|625|4,702|13|06:43:18|SRM PC8|https://www.strava.com/activities/3022199758
03.01.2020|175.24|05:52:43|1331|0|208|4140|196|57%|0|0|29.8|54|86|113|0|0|196|564|4,616|12|06:04:22|SRM PC8|https://www.strava.com/activities/2978512168
15.03.2020|47.15|01:31:48|577|0|206|994|48|56%|0|0|30.8|57.6|82|113|0|0|181|511|1,109|18|01:31:48|SRM PC8|https://www.strava.com/activities/3186987854
11.03.2020|15.38|00:21:51|228|0|0|0|0||0|0|42.2|73.1|94|121|0|0|0|0|493|17|00:26:39|SRM PC8|https://www.strava.com/activities/3174628016
04.03.2020|65.41|02:02:59|643|0|0|0|0||206|1518|31.9|69.1|0|0|0|0|0|0|1,692|8|02:12:20|SRM PC8|https://www.strava.com/activities/3156236449
14.03.2020|174.55|05:03:17|3644|0|0|0|0||0|0|34.5|90.4|86|208|0|0|0|0|5,472|19|05:03:17|SRM PC8|https://www.strava.com/activities/3186989673
13.03.2020|169.58|04:23:25|3072|0|0|0|0||0|0|38.6|86.4|90|189|0|0|0|0|4,884|19|04:26:54|SRM PC8|https://www.strava.com/activities/3180395214
12.03.2020|235.6|05:38:48|2888|0|268|4571|305|73%|0|0|41.7|90|87|164|0|0|225|1276|5,097|17|05:43:14|SRM PC8|https://www.strava.com/activities/3178157708
10.03.2020|219.44|06:07:38|1548|0|235|4167|255|64%|0|0|35.8|81|84|148|0|0|189|1146|4,646|12|06:11:23|SRM PC8|https://www.strava.com/activities/3172042894
09.03.2020|175.12|04:11:36|1091|0|186|805|109|51%|0|0|41.8|106.2|87|150|0|0|53|837|898|10|04:27:34|SRM PC8|https://www.strava.com/activities/3169370215
08.03.2020|161.89|03:56:10|1514|0|0|0|0||0|0|41.1|77|89|167|0|0|0|0|4,004|11|03:56:26|SRM PC8|https://www.strava.com/activities/3166226679
07.03.2020|61.31|02:12:32|670|0|0|0|0||0|0|27.8|69.1|82|130|0|0|0|0|1,359|12|02:23:33|SRM PC8|https://www.strava.com/activities/3161927147
06.03.2020|105.62|03:01:21|1110|0|0|0|0||0|0|34.9|60.5|89|117|0|0|0|0|2,733|9|03:07:52|SRM PC8|https://www.strava.com/activities/3159819167
01.03.2020|213.41|05:36:59|2313|0|0|0|0||0|0|38|86.4|84|151|0|0|0|0|5,270|15|05:38:47|SRM PC8|https://www.strava.com/activities/3147197654
31.05.2020|47.59|01:33:03|425|0|197|978|45|54%|0|0|30.7|52.9|83|116|0|0|175|589|1,090|24|01:33:32|SRM PC8|https://www.strava.com/activities/3552075049
29.05.2020|42.04|01:26:08|474|0|191|888|41|52%|0|0|29.3|58.3|80|109|0|0|172|498|990|26|01:41:44|SRM PC8|https://www.strava.com/activities/3552087526
27.05.2020|158.46|05:06:32|2061|0|0|0|0||0|0|31|64.1|82|114|0|0|0|0|3,919|27|05:18:04|SRM PC8|https://www.strava.com/activities/3519932411
24.05.2020|44.97|01:30:22|519|0|201|961|45|55%|0|0|29.9|57.6|82|106|0|0|177|562|1,071|18|01:30:22|SRM PC8|https://www.strava.com/activities/3519956711
22.05.2020|195.12|06:20:27|2183|0|205|4256|205|56%|0|0|30.8|65.2|82|110|0|0|186|544|4,745|23|06:32:24|SRM PC8|https://www.strava.com/activities/3494301941
21.05.2020|164.64|05:16:20|1902|0|0|0|0||0|0|31.2|77|81|118|0|0|0|0|4,002|28|05:18:41|SRM PC8|https://www.strava.com/activities/3488768776
20.05.2020|36.25|01:12:30|306|0|183|726|30|50%|0|0|30|50.8|84|104|0|0|167|425|810|19|01:12:30|SRM PC8|https://www.strava.com/activities/3488783623
19.05.2020|202.12|06:38:26|2291|0|209|4468|221|57%|0|0|30.4|64.8|83|119|0|0|187|562|4,982|23|06:51:05|SRM PC8|https://www.strava.com/activities/3478419110
18.05.2020|128.84|04:11:29|1682|0|0|0|0||0|0|30.7|78.8|83|131|0|0|0|0|3,299|21|04:12:49|SRM PC8|https://www.strava.com/activities/3471265912
17.05.2020|56.15|02:07:37|620|0|0|0|0||152|1165|26.4|67.3|0|0|0|0|0|0|1,298|16|02:14:06|SRM PC8|https://www.strava.com/activities/3471273882
15.05.2020|156.92|04:54:57|2076|0|229|3705|199|63%|0|0|31.9|69.8|84|110|0|0|209|597|4,131|18|05:06:14|SRM PC8|https://www.strava.com/activities/3454849752
14.05.2020|96.62|02:58:05|1158|0|209|2008|99|57%|0|0|32.6|58|85|112|0|0|188|474|2,239|15|03:02:24|SRM PC8|https://www.strava.com/activities/3449488355
13.05.2020|133.53|04:16:21|1593|0|0|0|0||0|0|31.3|58.7|86|117|0|0|0|0|3,576|17|04:26:16|SRM PC8|https://www.strava.com/activities/3444586453
11.05.2020|59.74|01:55:23|643|0|215|1385|67|59%|0|0|31.1|53.3|86|109|0|0|200|563|1,544|14|01:56:20|SRM PC8|https://www.strava.com/activities/3438917812
30.05.2020|50.62|02:06:24|694|0|0|0|0||142|1075|24|49.3|0|0|0|0|0|0|1,199|25|02:13:47|SRM PC8|https://www.strava.com/activities/3552078201
28.05.2020|220.92|07:09:41|2540|0|216|5151|256|59%|0|0|30.8|70.9|82|113|0|0|200|645|5,743|23|07:37:46|SRM PC8|https://www.strava.com/activities/3525584568
26.05.2020|128.71|04:10:47|1461|0|0|0|0||0|0|30.8|65.9|83|127|0|0|0|0|3,181|27|04:11:10|SRM PC8|https://www.strava.com/activities/3519941643
12.05.2020|92.23|02:58:56|1284|0|0|0|0||0|0|30.9|60.5|85|114|0|0|0|0|2,408|13|03:02:55|SRM PC8|https://www.strava.com/activities/3438911563
22.06.2020|173.68|07:05:32|4656|0|211|4738|247|58%|0|0|24.5|106.2|78|131|0|0|186|872|5,282|24|07:56:41|SRM PC8|https://www.strava.com/activities/3655241302
21.06.2020|134.82|05:02:44|3110|0|234|3595|218|64%|0|0|26.7|77|79|120|0|0|198|665|4,008|25|05:29:14|SRM PC8|https://www.strava.com/activities/3648899818
20.06.2020|106.48|04:13:21|3230|0|0|0|0||0|0|25.2|77.4|80|121|0|0|0|0|3,481|24|04:34:51|SRM PC8|https://www.strava.com/activities/3643281133
19.06.2020|37.44|01:36:51|1162|0|217|1106|60|59%|0|0|23.2|86|78|110|0|0|190|516|1,233|16|01:48:43|SRM PC8|https://www.strava.com/activities/3639789817
18.06.2020|139.6|05:35:02|4126|0|237|3974|247|65%|0|0|25|74.9|79|113|0|0|198|614|4,432|14|05:51:12|SRM PC8|https://www.strava.com/activities/3633789323
17.06.2020|120.46|04:33:01|3129|0|237|3326|199|65%|0|0|26.5|66.6|81|122|0|0|203|786|3,709|15|04:43:54|SRM PC8|https://www.strava.com/activities/3628763399
16.06.2020|36.62|01:22:19|815|0|257|1085|73|70%|0|0|26.7|67.7|81|132|0|0|220|775|1,210|13|01:29:15|SRM PC8|https://www.strava.com/activities/3625545960
16.06.2020|48.19|01:39:39|726|0|216|1152|59|59%|0|0|29|62.6|87|119|0|0|193|413|1,284|15|01:54:37|SRM PC8|https://www.strava.com/activities/3625552171
15.06.2020|27.79|01:12:02|796|0|213|776|44|58%|0|0|23.2|76|75|114|0|0|179|427|865|15|01:18:52|SRM PC8|https://www.strava.com/activities/3625563418
12.06.2020|99.04|03:01:26|1173|0|254|2449|147|70%|0|0|32.8|65.2|85|118|0|0|225|620|2,730|18|03:02:08|SRM PC8|https://www.strava.com/activities/3602971049
05.06.2020|61.42|01:58:55|536|0|208|1381|65|57%|0|0|31|54|85|111|0|0|194|716|1,540|17|02:00:04|SRM PC8|https://www.strava.com/activities/3567086595
04.06.2020|124.32|03:58:19|1653|0|0|0|0||0|0|31.3|64.8|84|116|0|0|0|0|3,312|18|04:04:30|SRM PC8|https://www.strava.com/activities/3562838659
03.06.2020|71.42|02:02:35|680|0|221|1477|78|61%|0|0|35|81|87|107|0|0|201|548|1,647|23|02:12:41|SRM PC8|https://www.strava.com/activities/3562859821
02.06.2020|56.17|01:36:18|481|0|213|1148|56|58%|0|0|35|58|86|220|0|0|199|1651|1,280|25|01:39:21|SRM PC8|https://www.strava.com/activities/3552069885
10.06.2020|192.78|06:06:37|2294|0|230|4477|248|63%|0|0|31.6|62.3|83|120|0|0|204|902|4,992|18|06:20:02|SRM PC8|https://www.strava.com/activities/3593259760
31.07.2020|137.56|04:16:39|1501|0|237|3014|184|65%|0|0|32.2|67.3|86|143|0|0|196|833|3,360|34|04:34:55|SRM PC8|https://www.strava.com/activities/3843325565
30.07.2020|112.5|03:04:57|851|0|223|2141|117|61%|0|0|36.5|61.9|88|118|0|0|193|938|2,387|30|03:11:52|SRM PC8|https://www.strava.com/activities/3840266467
28.07.2020|55.64|01:50:11|407|0|191|1139|50|52%|0|0|30.3|58|83|107|0|0|172|570|1,270|19|01:51:32|SRM PC8|https://www.strava.com/activities/3840270613
26.07.2020|170.78|06:20:24|4617|0|229|4523|261|63%|0|0|26.9|87.1|81|173|0|0|198|882|5,043|25|06:53:05|SRM PC8|https://www.strava.com/activities/3815561147
25.07.2020|122.72|04:13:26|2993|0|0|0|0||0|0|29.1|79.6|81|186|0|0|0|0|3,510|23|05:02:22|SRM PC8|https://www.strava.com/activities/3811207802
24.07.2020|23.29|00:58:44|726|0|206|629|33|56%|0|0|23.8|86.4|81|114|0|0|179|403|702|13|01:04:12|SRM PC8|https://www.strava.com/activities/3807943023
23.07.2020|136.18|05:04:29|3686|0|0|0|0||0|0|26.8|83.9|81|152|0|0|0|0|4,028|25|05:59:38|SRM PC8|https://www.strava.com/activities/3805118089
21.07.2020|37.7|01:42:22|1044|0|191|988|48|52%|0|0|22.1|66.6|77|120|0|0|161|732|1,102|28|02:15:01|SRM PC8|https://www.strava.com/activities/3795847354
18.07.2020|105.58|04:02:11|2675|0|221|2936|159|61%|0|0|26.2|81.7|79|177|0|0|202|998|3,274|23|04:26:43|SRM PC8|https://www.strava.com/activities/3780697154
17.07.2020|31.13|01:34:21|1022|0|207|957|53|57%|0|0|19.8|82.8|73|162|0|0|169|723|1,067|19|02:00:06|SRM PC8|https://www.strava.com/activities/3775252115
13.07.2020|91.25|03:20:05|1129|0|210|2344|116|58%|0|0|27.4|63.7|84|125|0|0|195|737|2,614|22|03:30:20|SRM PC8|https://www.strava.com/activities/3757119405
09.07.2020|80.37|02:35:18|1528|0|268|2033|141|73%|0|0|31.1|61.6|83|105|0|0|218|608|2,266|24|02:38:33|SRM PC8|https://www.strava.com/activities/3738359215
08.07.2020|145.18|04:57:00|2770|0|0|0|0||0|0|29.3|70.9|83|114|0|0|0|0|3,858|23|05:04:21|SRM PC8|https://www.strava.com/activities/3733243241
07.07.2020|59.56|02:01:05|828|0|204|1286|64|56%|0|0|29.5|58.3|84|113|0|0|177|493|1,433|19|02:03:58|SRM PC8|https://www.strava.com/activities/3733268368
06.07.2020|43.84|01:32:00|549|0|184|904|39|50%|0|0|28.6|52.6|83|116|0|0|164|512|1,008|19|01:35:00|SRM PC8|https://www.strava.com/activities/3733279563
05.07.2020|60.48|02:07:06|999|0|207|1341|70|57%|0|0|28.6|60.8|81|108|0|0|176|518|1,495|25|02:10:24|SRM PC8|https://www.strava.com/activities/3733286191
03.07.2020|187.17|04:51:49|1355|0|238|3793|212|65%|0|0|38.5|67|88|123|0|0|217|791|4,230|23|05:01:28|SRM PC8|https://www.strava.com/activities/3708925821
22.07.2020|149.29|05:23:54|3698|0|0|0|0||0|0|27.7|93.6|81|200|0|0|0|0|4,532|28|05:54:20|SRM PC8|https://www.strava.com/activities/3801802659
20.07.2020|160.54|05:20:39|3312|0|236|3937|236|65%|0|0|30|84.2|83|162|0|0|205|861|4,390|32|05:49:02|SRM PC8|https://www.strava.com/activities/3791391998
19.07.2020|147.81|05:16:14|3617|0|224|3836|206|61%|0|0|28|75.6|82|178|0|0|202|927|4,277|24|05:46:11|SRM PC8|https://www.strava.com/activities/3785713572
16.07.2020|154.47|05:06:03|2851|0|208|3306|173|57%|0|0|30.3|92.5|83|187|0|0|180|976|3,686|25|05:41:23|SRM PC8|https://www.strava.com/activities/3771241105
15.07.2020|113.14|03:54:20|2316|0|220|2630|146|60%|0|0|29|76|84|133|0|0|187|807|2,932|21|04:03:29|SRM PC8|https://www.strava.com/activities/3766036895
14.07.2020|93.03|02:56:28|1485|0|208|1892|100|57%|0|0|31.6|81|83|156|0|0|179|701|2,110|21|03:08:19|SRM PC8|https://www.strava.com/activities/3761451360
30.08.2020|0.65|00:03:12|4|0|33|8|0|9%|0|0|12.3|18|61|93|0|0|41|265|9|30|00:23:21|SRM PC8|https://www.strava.com/activities/4364660730
24.08.2020|46.37|01:33:17|415|0|183|922|40|50%|0|0|29.8|55.8|84|105|0|0|165|469|1,028|19|01:37:49|SRM PC8|https://www.strava.com/activities/3958475419
21.08.2020|105.89|02:59:04|1001|0|230|2113|122|63%|0|0|35.5|60.1|89|117|0|0|197|847|2,356|26|03:06:48|SRM PC8|https://www.strava.com/activities/3944721038
18.08.2020|42.61|01:37:05|531|0|0|0|0||148|860|26.3|55.8|0|0|0|0|0|0|959|27|01:45:38|SRM PC8|https://www.strava.com/activities/3935530776
11.08.2020|50.91|01:51:52|998|0|226|1222|78|62%|0|0|27.3|79.9|85|126|0|0|182|579|1,363|27|02:15:06|SRM PC8|https://www.strava.com/activities/3896974219
10.08.2020|39.44|01:26:55|320|0|161|714|28|44%|0|0|27.2|59|82|146|0|0|137|460|796|33|01:29:11|SRM PC8|https://www.strava.com/activities/3896983668
07.08.2020|144.74|03:30:28|1659|0|237|2377|148|65%|0|0|41.3|93.2|87|172|0|0|188|911|2,651|36|03:30:46|SRM PC8|https://www.strava.com/activities/3878326964
06.08.2020|54.87|01:38:23|510|0|238|1209|72|65%|0|0|33.5|57.2|88|131|0|0|205|994|1,348|34|01:45:00|SRM PC8|https://www.strava.com/activities/3874880713
05.08.2020|109.53|02:57:10|900|0|231|2146|121|63%|0|0|37.1|63.4|88|113|0|0|202|899|2,393|28|03:03:00|SRM PC8|https://www.strava.com/activities/3867684695
04.08.2020|57.04|01:38:35|481|0|203|1110|51|56%|0|0|34.7|53.3|87|180|0|0|188|820|1,237|21|01:38:35|SRM PC8|https://www.strava.com/activities/3867692121
02.08.2020|127.42|04:02:44|1315|0|213|2768|137|58%|0|0|31.5|59|84|124|0|0|190|981|3,086|23|04:04:08|SRM PC8|https://www.strava.com/activities/3853520193
01.08.2020|57.72|01:41:25|377|0|189|1084|47|52%|0|0|34.2|65.9|85|111|0|0|178|595|1,209|22|02:01:39|SRM PC8|https://www.strava.com/activities/3848559289
30.08.2020|186.37|05:03:34|3488|0|264|4067|263|72%|0|0|36.8|103|90|139|0|0|223|857|4,535|29|05:04:08|SRM PC8|https://www.strava.com/activities/3988583021
28.08.2020|47.85|01:33:08|484|0|204|884|50|56%|0|0|30.8|63.4|85|115|0|0|158|716|986|29|01:44:10|SRM PC8|https://www.strava.com/activities/3976816455
23.08.2020|236.59|05:44:06|3006|0|268|4735|309|73%|0|0|41.3|82.4|89|220|0|0|229|1308|5,280|24|05:58:23|SRM PC8|https://www.strava.com/activities/3958479962
22.08.2020|46.39|01:27:11|210|0|193|868|41|53%|0|0|31.9|54|85|121|0|0|166|841|967|21|01:29:31|SRM PC8|https://www.strava.com/activities/3958483748
20.08.2020|94.79|02:52:08|614|0|212|2013|97|58%|0|0|33|60.5|86|113|0|0|195|553|2,244|29|02:53:26|SRM PC8|https://www.strava.com/activities/3944726211
16.08.2020|166.38|05:12:51|3824|0|257|3826|259|70%|0|0|31.9|89.6|82|189|0|0|204|841|4,266|28|05:15:30|SRM PC8|https://www.strava.com/activities/3935546613
15.08.2020|160.72|04:55:44|4218|0|0|0|0||0|0|32.6|96.8|89|165|0|0|0|0|4,935|30|05:04:07|SRM PC8|https://www.strava.com/activities/3917337230
14.08.2020|161.81|04:25:26|3633|0|0|0|0||0|0|36.6|100.4|90|160|0|0|0|0|4,374|30|04:29:13|SRM PC8|https://www.strava.com/activities/3912633266
13.08.2020|139.28|03:57:43|2842|0|265|3194|210|73%|0|0|35.2|82.1|89|164|0|0|224|894|3,562|34|03:58:32|SRM PC8|https://www.strava.com/activities/3908379230
12.08.2020|229.08|05:48:13|3461|0|0|0|0||0|0|39.5|92.9|91|191|0|0|0|0|5,003|29|05:50:58|SRM PC8|https://www.strava.com/activities/3903400180
09.08.2020|168.2|05:08:41|3425|0|253|3896|247|69%|0|0|32.7|86.4|84|190|0|0|210|946|4,344|34|05:10:09|SRM PC8|https://www.strava.com/activities/3889661079
08.08.2020|143.57|04:19:55|3297|0|258|3467|217|71%|0|0|33.1|83.2|88|178|0|0|222|942|3,866|35|04:19:55|SRM PC8|https://www.strava.com/activities/3884027520
30.09.2020|73.02|02:36:44|1038|0|223|1555|100|61%|0|0|28|60.5|81|133|0|0|165|643|1,734|26|02:42:52|SRM PC8|https://www.strava.com/activities/4133508000
28.09.2020|62.47|02:00:38|556|0|215|1439|69|59%|0|0|31.1|51.5|89|114|0|0|199|639|1,604|17|02:00:38|SRM PC8|https://www.strava.com/activities/4136467218
17.10.2020|35.06|00:51:49|548|0|332|971|71|91%|0|0|40.6|73.8|93|120|0|0|312|663|1,083|16|00:51:49|SRM PC8|https://www.strava.com/activities/4207171505
17.10.2020|16.77|00:37:46|243|0|220|375|23|60%|0|0|26.7|53.6|83|130|0|0|165|416|418|17|00:39:44|SRM PC8|https://www.strava.com/activities/4207181148
12.10.2020|34.58|01:55:53|289|0|168|506|33|46%|0|0|17.9|53.3|81|111|0|0|73|582|564|21|03:08:27|SRM PC8|https://www.strava.com/activities/4185203676
11.10.2020|208.55|05:50:39|4549|0|283|5247|353|78%|0|0|35.7|94.7|89|132|0|0|249|891|5,850|16|05:50:39|SRM PC8|https://www.strava.com/activities/4182996731
03.10.2020|15.54|00:20:08|85|0|324|102|26|89%|0|0|46.3|99.7|99|144|0|0|85|1187|114|39|00:20:31|SRM PC8|https://www.strava.com/activities/4146684987
02.10.2020|56.37|01:39:59|584|0|213|1046|59|58%|0|0|33.8|58.7|88|113|0|0|174|488|1,166|29|01:56:32|SRM PC8|https://www.strava.com/activities/4141423360
01.10.2020|68.79|02:08:42|668|0|237|1405|98|65%|0|0|32.1|61.9|84|124|0|0|182|931|1,567|28|02:22:12|SRM PC8|https://www.strava.com/activities/4136468919
16.10.2020|192.76|04:22:44|1041|0|257|3353|218|70%|0|0|44|110.5|89|174|0|0|213|1002|3,739|18|04:26:10|SRM PC8|https://www.strava.com/activities/4203057859
15.10.2020|203.74|06:05:04|2971|0|271|4997|339|74%|0|0|33.5|88.6|85|179|0|0|228|912|5,572|14|06:22:23|SRM PC8|https://www.strava.com/activities/4203084584
14.10.2020|182.83|04:11:43|1224|0|242|3074|184|66%|0|0|43.6|82.1|89|145|0|0|204|843|3,428|22|04:12:30|SRM PC8|https://www.strava.com/activities/4203516491
13.10.2020|176.75|04:19:52|1863|0|283|3663|262|78%|0|0|40.8|87.8|88|160|0|0|235|926|4,084|17|04:20:21|SRM PC8|https://www.strava.com/activities/4190361580
10.10.2020|202.52|05:07:44|2258|0|243|3750|230|67%|0|0|39.5|81.4|87|137|0|0|203|950|4,181|25|05:09:32|SRM PC8|https://www.strava.com/activities/4183027842
09.10.2020|144.55|02:53:31|514|0|283|2702|175|78%|0|0|50|81.4|92|129|0|0|259|826|3,012|25|02:54:18|SRM PC8|https://www.strava.com/activities/4183111268
08.10.2020|189.25|05:03:01|2651|0|235|3521|208|64%|0|0|37.5|85|87|137|0|0|194|790|3,926|22|05:03:34|SRM PC8|https://www.strava.com/activities/4185217151
07.10.2020|225.91|06:33:41|4681|0|257|5288|323|70%|0|0|34.4|132.5|88|188|0|0|224|1018|5,896|19|06:34:04|SRM PC8|https://www.strava.com/activities/4185220976
30.11.2020|126.68|04:07:46|1249|0|226|3005|160|62%|0|0|30.7|58.7|82|132|0|0|202|960|3,351|5|04:10:54|SRM PC8|https://www.strava.com/activities/4412509273
28.11.2020|63.85|02:06:25|496|0|195|1338|63|53%|0|0|30.3|51.5|87|113|0|0|176|556|1,492|14|02:28:05|SRM PC8|https://www.strava.com/activities/4412518949
27.11.2020|131.16|04:04:34|1345|0|209|2713|137|57%|0|0|32.2|64.1|82|132|0|0|185|660|3,025|11|04:25:08|SRM PC8|https://www.strava.com/activities/4398225970
20.11.2020|94.71|03:02:55|896|0|216|2197|110|59%|0|0|31.1|52.6|87|115|0|0|200|545|2,449|10|03:14:06|SRM PC8|https://www.strava.com/activities/4364667728
16.11.2020|58.22|02:15:46|595|0|0|0|0||115|938|25.7|52.6|0|0|0|0|0|0|1,046|8|02:36:12|Garmin Edge 520|https://www.strava.com/activities/4346349878
14.11.2020|67.03|02:29:15|504|0|0|0|0||123|1105|26.9|81.4|0|0|0|0|0|0|1,233|13|02:33:45|Garmin Edge 520|https://www.strava.com/activities/4340140014
13.11.2020|54.31|02:07:02|494|0|0|0|0||116|882|25.7|47.5|0|0|0|0|0|0|984|11|02:21:02|Garmin Edge 520|https://www.strava.com/activities/4340065327
12.11.2020|46.78|01:53:38|445|0|0|0|0||110|750|24.7|47.2|0|0|0|0|0|0|836|10|02:03:46|Garmin Edge 520|https://www.strava.com/activities/4340056159
26.11.2020|85.37|03:08:34|758|0|0|0|0||125|1410|27.2|50.8|0|0|0|0|0|0|1,572|6|03:12:33|Garmin Edge 520|https://www.strava.com/activities/4398232032
31.12.2020|152.79|05:01:42|1588|0|225|3527|195|62%|0|0|30.4|61.2|85|113|0|0|195|577|3,932|5|05:07:22|SRM PC8|https://www.strava.com/activities/4544469327
11.12.2020|30|00:57:45|243|0|177|594|24|48%|0|0|31.2|44.6|87|139|0|0|172|386|663|9|01:06:28|SRM PC8|https://www.strava.com/activities/4463195215
09.12.2020|52.83|01:59:10|431|0|0|0|0||116|832|26.6|49|0|0|0|0|0|0|1,490|1|02:01:18|Garmin Edge 520|https://www.strava.com/activities/4453932381
08.12.2020|55.03|02:01:50|526|0|0|0|0||125|915|27.1|66.6|0|0|0|0|0|0|1,020|0|02:14:42|Garmin Edge 520|https://www.strava.com/activities/4449167437
13.12.2020|156.78|04:58:19|1664|0|214|3010|177|59%|0|0|31.5|66.6|81|119|0|0|168|666|3,357|13|05:23:40|SRM PC8|https://www.strava.com/activities/4468318613
12.12.2020|134.1|04:13:18|1536|0|216|2652|152|59%|0|0|31.8|88.9|82|125|0|0|175|988|2,957|12|04:23:19|SRM PC8|https://www.strava.com/activities/4463176427
07.12.2020|95.01|03:03:01|843|0|202|1985|94|55%|0|0|31.1|58.7|84|112|0|0|181|758|2,214|6|03:08:44|SRM PC8|https://www.strava.com/activities/4442168236
loaded urls in 05:03:56.7664469
