date|distance|mov_time|elevation|relativeEffort|avg_power_weig|work_total|training_load|intensity|estAvgPower|energyOutput|avg_speed|max_speed|avg_cadence|max_cadence|avg_heartRate|max_heartRate|avg_power|max_power|avg_calories|avg_temperature|avg_elap_time|bicycle_model|url
1/30/2018|77.25|02:35:59|595|0|0|0|0||0|0|29.7|53.3|89|122|0|0|0|0||11|03:52:44|SRM PC8|https://www.strava.com/activities/1382850498
1/29/2018|85.36|03:15:53|742|0|0|0|0||0|0|26.1|54|87|145|0|0|0|0||11|05:11:51|SRM PC8|https://www.strava.com/activities/1381518251
1/26/2018|192.2|05:49:28|1390|0|0|0|0||0|0|33|64.8|87|128|0|0|0|0||8|07:09:18|SRM PC8|https://www.strava.com/activities/1376429620
1/26/2018|93.39|02:15:00|842|0|0|0|0||0|0|41.5|65.9|88|125|0|0|0|0||5|02:33:43|Garmin Edge 510|https://www.strava.com/activities/1541389709
1/23/2018|115.13|03:45:27|661|0|0|0|0||0|0|30.6|54|91|138|0|0|0|0||9|04:12:52|SRM PC8|https://www.strava.com/activities/1371131022
1/19/2018|71.64|02:18:27|416|0|0|0|0||0|0|31.1|49|0|0|0|0|0|0||6|02:23:50|SRM PC8|https://www.strava.com/activities/1371128287
1/15/2018|68.98|02:12:41|527|0|0|0|0||0|0|31.2|54|84|125|0|0|0|0||8|02:21:49|SRM PC8|https://www.strava.com/activities/1362028792
1/14/2018|91.56|02:58:45|524|0|0|0|0||0|0|30.7|56.2|87|126|0|0|0|0||6|03:24:30|SRM PC8|https://www.strava.com/activities/1362028666
1/13/2018|66.59|01:56:10|261|0|0|0|0||0|0|34.4|60.5|91|161|0|0|0|0||12|02:01:38|SRM PC8|https://www.strava.com/activities/1362028401
1/6/2018|90.07|03:07:10|321|0|0|0|0||0|0|28.9|51.8|0|0|0|0|0|0||12|03:35:26|Garmin Edge 500|https://www.strava.com/activities/1350193729
1/6/2018|163.82|05:13:50|1058|0|0|0|0||0|0|31.3|56.9|89|118|0|0|0|0||8|05:26:53|SRM PC8|https://www.strava.com/activities/1343840211
1/24/2018|84.15|01:58:23|846|0|0|0|0||0|0|42.7|67.3|87|119|0|0|0|0||7|02:00:05|Garmin Edge 510|https://www.strava.com/activities/1541389438
1/21/2018|93.82|03:23:11|437|0|0|0|0||0|0|27.7|43.9|88|133|0|0|0|0||9|04:13:10|SRM PC8|https://www.strava.com/activities/1371129637
1/17/2018|93.19|02:14:56|1320|0|0|0|0||0|0|41.4|70.2|88|117|0|0|0|0||5|02:19:39|Garmin Edge 510|https://www.strava.com/activities/1541389345
1/12/2018|136.26|04:22:03|1799|0|0|0|0||0|0|31.2|68.4|87|176|0|0|0|0||14|04:37:28|SRM PC8|https://www.strava.com/activities/1353293786
2/23/2018|33.97|01:09:23|60|0|0|0|0||0|0|29.4|42.5|89|119|0|0|0|0||4|01:24:11|SRM PC8|https://www.strava.com/activities/1477691880
2/22/2018|89.1|02:50:29|1054|0|0|0|0||0|0|31.4|100.1|82|124|0|0|0|0||6|03:01:07|SRM PC8|https://www.strava.com/activities/1477691949
2/12/2018|29.26|00:58:12|98|0|0|0|0||0|0|30.2|50.4|0|0|0|0|0|0||32|01:05:15|SRM PC8|https://www.strava.com/activities/1403821566
2/11/2018|61.77|02:18:01|605|0|0|0|0||0|0|26.9|76.3|0|0|0|0|0|0||30|02:35:07|SRM PC8|https://www.strava.com/activities/1403821723
2/10/2018|139.51|03:33:09|321|0|0|0|0||0|0|39.3|72|0|0|0|0|0|0||27|03:59:44|SRM PC8|https://www.strava.com/activities/1403821924
2/9/2018|178.79|03:59:59|1280|0|0|0|0||0|0|44.7|95.8|0|0|0|0|0|0||28|04:09:50|SRM PC8|https://www.strava.com/activities/1403822100
2/8/2018|185.54|04:08:54|932|0|0|0|0||0|0|44.7|92.2|0|0|0|0|0|0||28|04:10:17|SRM PC8|https://www.strava.com/activities/1403822202
2/7/2018|196.26|04:49:44|418|0|0|0|0||0|0|40.6|69.8|0|0|0|0|0|0||26|04:54:47|SRM PC8|https://www.strava.com/activities/1403822290
2/6/2018|179.81|04:25:32|516|0|0|0|0||0|0|40.6|68.4|0|0|0|0|0|0||27|04:34:02|SRM PC8|https://www.strava.com/activities/1403822401
2/5/2018|56.82|01:37:24|148|0|0|0|0||0|0|35|45.4|0|0|0|0|0|0||26|01:39:37|SRM PC8|https://www.strava.com/activities/1403822485
2/2/2018|61.37|02:14:58|508|0|0|0|0||0|0|27.3|46.1|84|129|0|0|0|0||4|02:27:08|SRM PC8|https://www.strava.com/activities/1403822654
2/1/2018|160.69|04:47:05|1318|0|0|0|0||0|0|33.6|67|87|137|0|0|0|0||6|04:56:44|SRM PC8|https://www.strava.com/activities/1386314379
2/1/2018|64.36|01:28:05|651|0|0|0|0||0|0|43.8|68.4|89|125|0|0|0|0||2|01:28:05|Garmin Edge 510|https://www.strava.com/activities/1541389670
2/25/2018|173.31|04:27:37|1585|0|0|0|0||0|0|38.9|141.8|81|128|0|0|0|0||7|04:38:23|SRM PC8|https://www.strava.com/activities/1477690024
2/24/2018|201.07|05:18:47|1905|0|0|0|0||0|0|37.8|78.5|84|148|0|0|0|0||7|05:27:50|SRM PC8|https://www.strava.com/activities/1477690144
2/21/2018|46.38|01:46:10|358|0|0|0|0||0|0|26.2|58.3|81|107|0|0|0|0||4|01:53:03|SRM PC8|https://www.strava.com/activities/1477691853
2/18/2018|136.45|03:20:24|1010|0|0|0|0||0|0|40.9|101.5|0|0|0|0|0|0||36|03:23:14|SRM PC8|https://www.strava.com/activities/1477692030
2/17/2018|166.1|04:15:56|1840|0|0|0|0||0|0|38.9|91.4|0|0|0|0|0|0||37|04:18:22|SRM PC8|https://www.strava.com/activities/1477692005
2/16/2018|119.3|03:21:15|2049|0|0|0|0||0|0|35.6|97.9|0|0|0|0|0|0||34|03:28:52|SRM PC8|https://www.strava.com/activities/1477691915
2/15/2018|181.9|04:46:36|1648|0|0|0|0||0|0|38.1|98.6|0|0|0|0|0|0||33|04:56:54|SRM PC8|https://www.strava.com/activities/1477692095
2/14/2018|171.87|04:36:32|1565|0|0|0|0||0|0|37.3|100.8|0|0|0|0|0|0||31|04:38:55|SRM PC8|https://www.strava.com/activities/1477691980
2/13/2018|181.31|04:40:18|791|0|0|0|0||0|0|38.8|85.7|0|0|0|0|0|0||30|04:41:43|SRM PC8|https://www.strava.com/activities/1477692021
3/31/2018|31.37|01:13:55|68|0|0|0|0||0|0|25.5|40.3|81|122|0|0|0|0||13|01:45:52|SRM PC8|https://www.strava.com/activities/1502153853
3/30/2018|75.18|02:30:31|1098|0|0|0|0||0|0|30|70.6|77|125|0|0|0|0||15|02:42:34|SRM PC8|https://www.strava.com/activities/1502154353
3/22/2018|113.08|03:50:01|837|0|0|0|0||0|0|29.5|54.7|83|107|0|0|0|0||6|03:51:59|SRM PC8|https://www.strava.com/activities/1477669070
3/21/2018|43.6|01:37:45|370|0|0|0|0||0|0|26.8|56.2|81|115|0|0|0|0||10|01:48:36|SRM PC8|https://www.strava.com/activities/1477669676
3/14/2018|111.11|03:41:13|1204|0|0|0|0||0|0|30.1|76.3|79|116|0|0|0|0||18|04:05:33|SRM PC8|https://www.strava.com/activities/1477675449
3/13/2018|37.65|01:20:18|450|0|0|0|0||0|0|28.1|66.2|77|109|0|0|0|0||19|01:57:20|SRM PC8|https://www.strava.com/activities/1477677662
3/11/2018|0.08|00:01:18|8|0|0|0|0||0|0|3.9|7.2|0|101|0|0|0|0||18|00:42:38|SRM PC8|https://www.strava.com/activities/1477677586
3/7/2018|18.07|00:30:01|408|0|0|0|0||0|0|36.1|77|0|0|0|0|0|0||11|00:41:03|SRM PC8|https://www.strava.com/activities/1477689840
3/28/2018|186.16|04:42:02|518|0|0|0|0||0|0|39.6|84.2|84|135|0|0|0|0||9|04:49:03|SRM PC8|https://www.strava.com/activities/1477663794
3/26/2018|31.61|01:11:19|101|0|0|0|0||0|0|26.6|41|66|111|0|0|0|0||15|02:02:32|SRM PC8|https://www.strava.com/activities/1477665793
3/25/2018|252.65|06:05:43|1681|0|0|0|0||0|0|41.5|95.8|84|136|0|0|0|0||14|06:15:36|SRM PC8|https://www.strava.com/activities/1477666931
3/24/2018|32.32|01:06:31|134|0|0|0|0||0|0|29.2|43.2|76|129|0|0|0|0||16|01:11:16|SRM PC8|https://www.strava.com/activities/1477668496
3/17/2018|298.79|07:52:09|1634|0|0|0|0||0|0|38|79.2|80|128|0|0|0|0||12|08:22:06|SRM PC8|https://www.strava.com/activities/1477670669
3/10/2018|176.68|05:50:06|1380|0|0|0|0||0|0|30.3|73.4|81|121|0|0|0|0||9|05:55:58|SRM PC8|https://www.strava.com/activities/1477677937
3/9/2018|225.39|06:15:25|2871|0|0|0|0||0|0|36|101.5|82|128|0|0|0|0||17|07:58:02|SRM PC8|https://www.strava.com/activities/1477683181
3/8/2018|164.87|04:20:06|2439|0|0|0|0||0|0|38|88.6|81|131|0|0|0|0||15|04:23:28|SRM PC8|https://www.strava.com/activities/1477690091
3/6/2018|212.8|05:45:35|2756|0|0|0|0||0|0|36.9|88.6|82|138|0|0|0|0||14|05:51:47|SRM PC8|https://www.strava.com/activities/1477690107
3/5/2018|187.35|04:58:58|714|0|0|0|0||0|0|37.6|69.1|79|122|0|0|0|0||16|05:04:04|SRM PC8|https://www.strava.com/activities/1477689986
3/4/2018|139.18|03:34:43|599|0|0|0|0||0|0|38.9|85|85|126|0|0|0|0||7|04:16:29|SRM PC8|https://www.strava.com/activities/1477690133
3/3/2018|46.32|01:26:41|433|0|0|0|0||0|0|32.1|63.4|83|118|0|0|0|0||7|01:30:01|SRM PC8|https://www.strava.com/activities/1477689894
3/2/2018|88.28|03:06:55|670|0|0|0|0||0|0|28.3|47.5|82|107|0|0|0|0||9|03:18:30|SRM PC8|https://www.strava.com/activities/1477689910
4/28/2018|61.87|02:10:37|442|0|0|0|0||0|0|28.4|52.6|77|153|0|0|0|0||12|02:13:00|SRM PC8|https://www.strava.com/activities/1536006306
4/25/2018|83.21|02:54:27|503|0|0|0|0||0|0|28.6|57.6|80|120|0|0|0|0||15|03:08:29|SRM PC8|https://www.strava.com/activities/1530598398
4/24/2018|184.93|05:57:34|1248|0|0|0|0||0|0|31|61.2|84|110|0|0|0|0||21|06:11:42|SRM PC8|https://www.strava.com/activities/1528882682
4/23/2018|129.43|04:21:46|1067|0|0|0|0||0|0|29.7|51.1|78|108|0|0|0|0||17|04:25:42|SRM PC8|https://www.strava.com/activities/1528886481
4/15/2018|204.72|05:30:33|1883|0|0|0|0||0|0|37.2|79.9|79|146|0|0|0|0||16|05:33:04|SRM PC8|https://www.strava.com/activities/1528889756
4/13/2018|57.41|01:47:59|365|0|0|0|0||0|0|31.9|90.7|85|109|0|0|0|0||15|02:05:29|SRM PC8|https://www.strava.com/activities/1528888807
4/12/2018|65.83|02:11:34|442|0|0|0|0||0|0|30|51.8|80|106|0|0|0|0||14|02:12:27|SRM PC8|https://www.strava.com/activities/1528888636
4/11/2018|117.87|03:47:33|795|0|0|0|0||0|0|31.1|49.7|80|102|0|0|0|0||16|04:11:09|SRM PC8|https://www.strava.com/activities/1502154239
4/8/2018|263.2|06:32:38|1750|0|0|0|0||0|0|40.2|74.2|81|122|0|0|0|0||23|06:35:57|SRM PC8|https://www.strava.com/activities/1502154685
4/6/2018|42.65|01:17:55|209|0|0|0|0||0|0|32.8|49.7|78|103|0|0|0|0||17|01:24:54|SRM PC8|https://www.strava.com/activities/1502154401
4/5/2018|90.65|03:09:06|312|0|0|0|0||0|0|28.8|41|80|106|0|0|0|0||9|03:19:40|SRM PC8|https://www.strava.com/activities/1502154600
4/4/2018|45.34|01:30:02|283|0|0|0|0||0|0|30.2|47.5|83|114|0|0|0|0||12|01:30:35|SRM PC8|https://www.strava.com/activities/1502153831
4/1/2018|266.18|06:50:18|1104|0|0|0|0||0|0|38.9|82.1|83|126|0|0|0|0||9|06:55:05|SRM PC8|https://www.strava.com/activities/1502155211
4/27/2018|92.85|03:11:19|566|0|0|0|0||0|0|29.1|53.3|80|104|0|0|0|0||14|03:45:30|SRM PC8|https://www.strava.com/activities/1534460441
4/26/2018|163.25|05:26:21|894|0|0|0|0||0|0|30|61.9|82|129|0|0|0|0||14|06:12:47|SRM PC8|https://www.strava.com/activities/1532793262
5/31/2018|200.45|05:26:30|2422|0|0|0|0||0|0|36.8|75.6|87|140|0|0|0|0||28|05:47:53|SRM PC8|https://www.strava.com/activities/1619189002
5/30/2018|17.81|00:51:05|349|0|0|0|0||0|0|20.9|68.4|70|137|0|0|0|0||26|02:04:31|SRM PC8|https://www.strava.com/activities/1619187496
5/30/2018|45.03|01:38:47|662|0|0|0|0||0|0|27.4|60.5|74|107|0|0|0|0||26|01:51:50|SRM PC8|https://www.strava.com/activities/1619187058
5/28/2018|30.1|01:23:48|403|0|0|0|0||0|0|21.6|64.1|71|132|0|0|0|0||23|01:28:49|SRM PC8|https://www.strava.com/activities/1601559625
5/27/2018|170.32|04:03:59|1205|0|0|0|0||0|0|41.9|66.2|85|124|0|0|0|0||30|04:37:38|SRM PC8|https://www.strava.com/activities/1601559513
5/26/2018|147.03|04:07:03|2258|0|0|0|0||0|0|35.7|79.2|83|150|0|0|0|0||32|04:07:29|SRM PC8|https://www.strava.com/activities/1601559233
5/25/2018|32.7|00:57:43|80|0|0|0|0||0|0|34|55.4|88|110|0|0|0|0||26|02:16:32|SRM PC8|https://www.strava.com/activities/1596365083
5/24/2018|152.77|03:32:23|280|0|0|0|0||0|0|43.2|61.9|84|123|0|0|0|0||26|03:52:31|SRM PC8|https://www.strava.com/activities/1594608346
5/23/2018|180.21|04:05:27|476|0|0|0|0||0|0|44.1|64.1|84|138|0|0|0|0||25|04:05:27|SRM PC8|https://www.strava.com/activities/1592549660
5/22/2018|25.69|00:52:51|28|0|0|0|0||0|0|29.2|43.2|0|0|0|0|0|0||27|00:55:12|SRM PC8|https://www.strava.com/activities/1592549394
5/21/2018|76.67|02:20:47|430|0|0|0|0||0|0|32.7|105.8|88|109|0|0|0|0||21|02:28:52|SRM PC8|https://www.strava.com/activities/1586058413
5/19/2018|82.12|02:45:07|489|0|0|0|0||0|0|29.8|49.7|79|118|0|0|0|0||16|02:49:18|SRM PC8|https://www.strava.com/activities/1581311278
5/16/2018|72.95|02:33:43|694|0|0|0|0||0|0|28.5|62.6|88|116|0|0|0|0||20|02:48:53|SRM PC8|https://www.strava.com/activities/1576408392
5/15/2018|71.05|02:28:25|647|0|0|0|0||0|0|28.7|49.7|80|112|0|0|0|0||18|02:48:17|SRM PC8|https://www.strava.com/activities/1576408376
5/13/2018|120.97|03:39:10|626|0|0|0|0||0|0|33.1|64.1|81|120|0|0|0|0||13|03:56:51|SRM PC8|https://www.strava.com/activities/1570182544
5/12/2018|98.67|03:10:22|290|0|0|0|0||0|0|31.1|49|93|125|0|0|0|0||13|03:36:55|SRM PC8|https://www.strava.com/activities/1570181818
5/10/2018|64.26|02:17:29|462|0|0|0|0||0|0|28|50.4|82|112|0|0|0|0||15|02:23:34|SRM PC8|https://www.strava.com/activities/1570181238
5/7/2018|58.3|01:58:19|314|0|0|0|0||0|0|29.6|58.3|81|106|0|0|0|0||24|02:20:00|SRM PC8|https://www.strava.com/activities/1555271046
5/6/2018|121.17|04:06:50|1266|0|0|0|0||0|0|29.5|67.7|82|123|0|0|0|0||17|04:12:06|SRM PC8|https://www.strava.com/activities/1555271016
5/5/2018|85.8|02:50:04|828|0|0|0|0||0|0|30.3|62.6|80|113|0|0|0|0|2,332|15|06:15:55|Garmin Edge 510|https://www.strava.com/activities/1712489554
5/5/2018|82.85|02:45:18|850|0|0|0|0||0|0|30.1|61.9|82|116|0|0|0|0||21|02:51:41|SRM PC8|https://www.strava.com/activities/1555270690
5/3/2018|118.67|04:17:21|1770|0|0|0|0||0|0|27.7|78.1|83|121|0|0|0|0|3,228|14|04:25:30|Garmin Edge 510|https://www.strava.com/activities/1712489637
5/3/2018|114.64|04:16:45|1705|0|0|0|0||0|0|26.8|74.9|84|120|0|0|0|0||20|04:35:48|SRM PC8|https://www.strava.com/activities/1549583260
5/2/2018|52.16|02:14:15|1170|0|0|0|0||0|0|23.3|67|73|125|0|0|0|0||12|02:17:59|Garmin Edge 510|https://www.strava.com/activities/1545583686
5/1/2018|78.51|02:41:12|398|0|0|0|0||0|0|29.2|53.6|84|118|0|0|0|0||9|02:48:08|Garmin Edge 510|https://www.strava.com/activities/1543819481
5/1/2018|75.95|02:40:57|448|0|0|0|0||0|0|28.3|49.7|86|121|0|0|0|0||14|02:47:39|SRM PC8|https://www.strava.com/activities/1542715436
5/18/2018|63.36|02:03:24|395|0|0|0|0||0|0|30.8|61.9|82|115|0|0|0|0||19|02:07:26|SRM PC8|https://www.strava.com/activities/1579585983
5/17/2018|90.7|02:05:04|881|0|0|0|0||0|0|43.5|66.6|88|118|0|0|0|0|2,113|9|02:08:13|Garmin Edge 510|https://www.strava.com/activities/1712489530
6/30/2018|54.24|01:47:15|560|0|0|0|0||0|0|30.3|58.3|74|111|0|0|0|0||28|01:51:59|SRM PC8|https://www.strava.com/activities/1691382313
6/28/2018|37.62|01:31:13|277|0|0|0|0||0|0|24.7|46.8|71|103|0|0|0|0||27|03:09:43|SRM PC8|https://www.strava.com/activities/1691381681
6/27/2018|150.1|04:11:03|1025|0|0|0|0||0|0|35.9|69.1|85|118|0|0|0|0||31|04:41:19|SRM PC8|https://www.strava.com/activities/1666100556
6/26/2018|90.39|02:53:05|570|0|0|0|0||0|0|31.3|50.4|83|122|0|0|0|0||26|03:09:54|SRM PC8|https://www.strava.com/activities/1662969339
6/23/2018|49|01:40:48|306|0|0|0|0||0|0|29.2|51.8|77|110|0|0|0|0||20|02:06:51|SRM PC8|https://www.strava.com/activities/1660042046
6/22/2018|90.71|02:05:35|981|0|0|0|0||0|0|43.3|67.3|89|117|0|0|0|0|2,206|19|02:08:39|Garmin Edge 510|https://www.strava.com/activities/1712489609
6/22/2018|237.51|07:04:25|1762|0|0|0|0||0|0|33.6|67|82|115|0|0|0|0||23|07:37:08|SRM PC8|https://www.strava.com/activities/1654941436
6/19/2018|191.03|04:36:17|1848|0|0|0|0||0|0|41.5|78.5|83|132|0|0|0|0||22|04:38:19|SRM PC8|https://www.strava.com/activities/1654941966
6/18/2018|32.57|01:05:35|98|0|0|0|0||0|0|29.8|48.2|87|116|0|0|0|0||20|01:06:26|SRM PC8|https://www.strava.com/activities/1654942067
6/17/2018|197.33|04:27:39|502|0|0|0|0||0|0|44.2|64.1|84|142|0|0|0|0||20|04:35:35|SRM PC8|https://www.strava.com/activities/1654942790
6/16/2018|32.9|01:15:51|78|0|0|0|0||0|0|26|40.3|74|104|0|0|0|0||22|01:24:19|SRM PC8|https://www.strava.com/activities/1654942975
6/14/2018|172.76|05:21:34|836|0|0|0|0||0|0|32.2|56.2|83|114|0|0|0|0||21|05:30:38|SRM PC8|https://www.strava.com/activities/1638346832
6/13/2018|84.4|02:40:58|458|0|0|0|0||0|0|31.5|58.3|87|120|0|0|0|0||19|02:49:01|SRM PC8|https://www.strava.com/activities/1635648892
6/12/2018|99.01|03:06:18|820|0|0|0|0||0|0|31.9|55.4|83|109|0|0|0|0||19|03:11:57|SRM PC8|https://www.strava.com/activities/1635648679
6/9/2018|103.65|03:19:07|514|0|0|0|0||0|0|31.2|56.2|82|117|0|0|0|0||27|03:29:16|SRM PC8|https://www.strava.com/activities/1635649361
6/8/2018|88.47|02:58:17|924|0|0|0|0||0|0|29.8|53.3|82|114|0|0|0|0||27|03:01:40|SRM PC8|https://www.strava.com/activities/1625034322
6/3/2018|165.13|04:23:04|2347|0|0|0|0||0|0|37.7|90.7|81|129|0|0|0|0||27|04:26:24|SRM PC8|https://www.strava.com/activities/1619180145
6/2/2018|154.94|03:59:27|2646|0|0|0|0||0|0|38.8|88.6|83|133|0|0|0|0||22|04:01:57|SRM PC8|https://www.strava.com/activities/1619181389
6/1/2018|88.49|02:06:47|378|0|0|0|0||0|0|41.9|90.7|90|128|0|0|0|0||20|02:09:48|SRM PC8|https://www.strava.com/activities/1619181945
6/24/2018|68.69|03:00:17|907|0|0|0|0||0|0|22.9|47.9|0|0|0|0|0|0|1,322|15|03:26:52|Garmin Edge 510|https://www.strava.com/activities/1660046317
6/7/2018|123.97|03:59:58|788|0|0|0|0||0|0|31|54.7|80|107|0|0|0|0||20|04:01:25|SRM PC8|https://www.strava.com/activities/1622802766
7/31/2018|41.19|00:59:14|321|0|0|0|0||0|0|41.7|66.6|95|122|0|0|0|0|954|21|01:00:45|Garmin Edge 510|https://www.strava.com/activities/1763424186
7/27/2018|49.8|01:57:23|630|0|0|0|0||0|0|25.5|59.8|76|125|0|0|0|0|1,156|19|02:05:16|Garmin Edge 510|https://www.strava.com/activities/1763424211
7/26/2018|158.38|05:29:42|2659|0|0|0|0||0|0|28.8|68.8|82|130|0|0|0|0|4,432|19|05:38:31|Garmin Edge 510|https://www.strava.com/activities/1729010801
7/25/2018|81.23|02:42:53|1319|0|0|0|0||0|0|29.9|67|84|137|0|0|0|0|2,341|21|02:49:01|Garmin Edge 510|https://www.strava.com/activities/1726792577
7/23/2018|127.25|03:19:07|1303|0|0|0|0||0|0|38.3|77.8|93|142|0|0|0|0||25|03:23:24|SRM PC8|https://www.strava.com/activities/1721968916
7/22/2018|101.98|03:36:43|1427|0|0|0|0||0|0|28.2|57.6|81|116|0|0|0|0|2,736|15|03:47:21|Garmin Edge 510|https://www.strava.com/activities/1719667338
7/21/2018|81.24|02:39:54|1312|0|0|0|0||0|0|30.5|73.4|86|168|0|0|0|0|2,416|18|02:40:32|Garmin Edge 510|https://www.strava.com/activities/1718964996
7/19/2018|88.28|03:01:05|870|0|0|0|0||0|0|29.3|61.2|83|116|0|0|0|0|2,084|21|03:06:53|Garmin Edge 510|https://www.strava.com/activities/1712954757
7/18/2018|115.85|04:10:24|1474|0|0|0|0||0|0|27.8|67.3|72|140|0|0|0|0|2,779|20|04:30:59|Garmin Edge 510|https://www.strava.com/activities/1710750943
7/17/2018|152.98|05:29:51|2418|0|0|0|0||0|0|27.8|76|77|124|0|0|0|0|4,166|22|06:16:22|Garmin Edge 510|https://www.strava.com/activities/1710744975
7/15/2018|150.04|05:12:50|1884|0|0|0|0||0|0|28.8|90|77|112|0|0|0|0||27|05:59:59|SRM PC8|https://www.strava.com/activities/1704370135
7/14/2018|115.57|04:07:41|1654|0|0|0|0||0|0|28|64.1|75|129|0|0|0|0|3,005|21|04:43:38|Garmin Edge 510|https://www.strava.com/activities/1712489973
7/13/2018|73.67|02:19:42|369|0|0|0|0||0|0|31.6|52.9|0|0|0|0|0|0|1,018|23|02:19:58|Garmin Edge 510|https://www.strava.com/activities/1702346710
7/12/2018|44.31|01:42:08|265|0|0|0|0||0|0|26|43.9|73|99|0|0|0|0||24|02:28:48|SRM PC8|https://www.strava.com/activities/1697210251
7/11/2018|171.26|05:13:15|1283|0|0|0|0||0|0|32.8|63.4|85|116|0|0|0|0||20|05:36:43|SRM PC8|https://www.strava.com/activities/1695297035
7/10/2018|77.05|02:34:52|366|0|0|0|0||0|0|29.9|45.7|0|0|0|0|0|0|929|22|02:35:42|Garmin Edge 510|https://www.strava.com/activities/1695571938
7/9/2018|130.53|04:16:32|624|0|0|0|0||0|0|30.5|49|0|0|0|0|0|0||29|04:24:17|SRM PC8|https://www.strava.com/activities/1691384150
7/6/2018|54.29|01:56:58|332|0|0|0|0||0|0|27.9|56.5|0|0|0|0|0|0|680|17|02:17:27|Garmin Edge 510|https://www.strava.com/activities/1691393039
7/5/2018|68.9|02:29:30|349|0|0|0|0||0|0|27.7|49.3|0|0|0|0|0|0|828|23|02:57:20|Garmin Edge 510|https://www.strava.com/activities/1691391531
7/4/2018|58|02:01:01|311|0|0|0|0||0|0|28.8|46.4|0|0|0|0|0|0|700|21|02:16:56|Garmin Edge 510|https://www.strava.com/activities/1691389407
7/1/2018|209.7|05:24:19|2410|0|0|0|0||0|0|38.8|84.2|85|123|0|0|0|0||31|05:51:19|SRM PC8|https://www.strava.com/activities/1691383447
8/24/2018|201.99|04:44:36|1398|0|0|0|0||0|0|42.6|85|88|124|0|0|0|0||21|04:53:34|SRM PC8|https://www.strava.com/activities/2023555592
8/23/2018|41|01:24:01|48|0|0|0|0||0|0|29.3|55.4|79|134|0|0|0|0||24|01:38:30|SRM PC8|https://www.strava.com/activities/2023555190
8/21/2018|56.43|02:05:30|341|0|0|0|0||0|0|27|43.2|77|111|0|0|0|0||30|02:43:01|SRM PC8|https://www.strava.com/activities/2023554970
8/19/2018|147.04|03:35:03|1082|0|0|0|0||0|0|41|79.9|88|122|0|0|0|0||14|03:39:14|SRM PC8|https://www.strava.com/activities/2023554638
8/18/2018|186.44|04:25:30|1977|0|0|0|0||0|0|42.1|82.1|80|144|0|0|0|0||18|05:44:54|SRM PC8|https://www.strava.com/activities/2023554416
8/17/2018|197|04:34:57|2556|0|0|0|0||0|0|43|108.7|84|141|0|0|0|0||20|04:34:57|SRM PC8|https://www.strava.com/activities/2023554355
8/16/2018|184.64|04:00:31|1548|0|0|0|0||0|0|46.1|81.4|88|131|0|0|0|0||19|04:02:53|SRM PC8|https://www.strava.com/activities/2023553992
8/15/2018|44.64|01:35:56|471|0|0|0|0||0|0|27.9|57.6|78|131|0|0|0|0||12|01:58:11|SRM PC8|https://www.strava.com/activities/2023553608
8/13/2018|39.88|01:27:21|183|0|0|0|0||0|0|27.4|47.5|76|99|0|0|0|0||22|01:41:07|SRM PC8|https://www.strava.com/activities/2023553151
8/11/2018|67.22|02:25:06|514|0|0|0|0||0|0|27.8|56.2|79|111|0|0|0|0||23|02:46:34|SRM PC8|https://www.strava.com/activities/2023552877
8/10/2018|170.22|05:11:14|1230|0|0|0|0||0|0|32.8|61.9|84|186|0|0|0|0|4,336|16|05:23:05|Garmin Edge 510|https://www.strava.com/activities/1763425905
8/9/2018|48.6|01:52:04|333|0|0|0|0||0|0|26|50.4|71|104|0|0|0|0||17|01:55:36|SRM PC8|https://www.strava.com/activities/2023552468
8/8/2018|82.93|02:48:25|510|0|0|0|0||0|0|29.5|53.3|84|135|0|0|0|0||25|02:50:07|SRM PC8|https://www.strava.com/activities/2023552140
8/6/2018|26.43|01:00:30|260|0|0|0|0||0|0|26.2|45.4|84|126|0|0|0|0||29|02:27:30|SRM PC8|https://www.strava.com/activities/2023551631
8/5/2018|173.61|04:28:15|2361|0|0|0|0||0|0|38.8|85.7|85|133|0|0|0|0||34|04:28:34|SRM PC8|https://www.strava.com/activities/1753979464
8/4/2018|31.74|01:07:07|250|0|0|0|0||0|0|28.4|59|83|105|0|0|0|0||26|01:09:32|SRM PC8|https://www.strava.com/activities/1753979556
8/3/2018|65.17|02:03:38|510|0|0|0|0||0|0|31.6|51.8|89|120|0|0|0|0||29|02:05:25|SRM PC8|https://www.strava.com/activities/1753979974
8/2/2018|78.06|02:43:06|512|0|0|0|0||0|0|28.7|44.6|84|121|0|0|0|0||26|02:45:05|SRM PC8|https://www.strava.com/activities/1753980319
8/1/2018|41.43|01:38:20|283|0|0|0|0||0|0|25.3|40.3|79|105|0|0|0|0||25|01:42:14|SRM PC8|https://www.strava.com/activities/1753980822
10/16/2018|53.9|01:41:03|246|0|0|0|0||0|0|32|51.1|82|128|0|0|0|0||22|02:02:27|SRM PC8|https://www.strava.com/activities/1908202438
10/15/2018|59.9|02:03:38|426|0|0|0|0||0|0|29.1|56.9|83|120|0|0|0|0||19|02:13:01|SRM PC8|https://www.strava.com/activities/1906071202
10/12/2018|52.74|02:00:04|406|0|0|0|0||0|0|26.4|74.2|75|147|0|0|0|0||26|02:48:01|SRM PC8|https://www.strava.com/activities/1899978355
10/11/2018|50.52|01:44:31|356|0|0|0|0||0|0|29|53.3|79|118|0|0|0|0||21|02:18:43|SRM PC8|https://www.strava.com/activities/1897817681
10/9/2018|80.29|02:46:49|544|0|0|0|0||0|0|28.9|56.2|82|117|0|0|0|0||16|03:11:27|SRM PC8|https://www.strava.com/activities/1893591218
10/8/2018|62.14|02:01:43|352|0|0|0|0||0|0|30.6|59|89|114|0|0|0|0||18|02:03:23|SRM PC8|https://www.strava.com/activities/1891711250
10/10/2018|60.27|02:11:24|543|0|0|0|0||0|0|27.5|56.9|80|107|0|0|0|0||16|02:50:04|SRM PC8|https://www.strava.com/activities/1895696485
12/30/2018|108.33|03:54:10|782|0|0|0|0||0|0|27.8|55.4|83|141|0|0|0|0||6|03:58:15|SRM PC8|https://www.strava.com/activities/2044030666
12/28/2018|130.86|04:26:18|690|0|0|0|0||0|0|29.5|60.5|85|108|0|0|0|0||3|04:44:18|SRM PC8|https://www.strava.com/activities/2040000851
12/27/2018|0|01:00:46|2|0|0|0|0||0|0|0|0|74|113|0|0|0|0||23|01:00:46|SRM PC8|https://www.strava.com/activities/2038469623
12/23/2018|44.77|01:46:20|174|0|0|0|0||0|0|25.3|41.8|77|100|0|0|0|0||13|01:47:08|SRM PC8|https://www.strava.com/activities/2031827883
12/19/2018|168.97|05:18:31|2165|0|0|0|0||0|0|31.8|73.4|81|135|0|0|0|0||17|05:33:34|SRM PC8|https://www.strava.com/activities/2025041045
12/15/2018|140.74|04:35:41|1472|0|0|0|0||0|0|30.6|67.7|79|140|0|0|0|0||17|05:25:38|SRM PC8|https://www.strava.com/activities/2023545401
12/31/2018|117.19|03:59:32|840|0|0|0|0||0|0|29.4|49|81|121|0|0|0|0||8|04:09:08|SRM PC8|https://www.strava.com/activities/2046257965
12/27/2018|96.69|03:22:22|612|0|0|0|0||0|0|28.7|53.3|80|114|0|0|0|0||1|03:27:07|SRM PC8|https://www.strava.com/activities/2038473131
12/26/2018|127.05|04:26:53|963|0|0|0|0||0|0|28.6|49|80|134|0|0|0|0||1|04:32:14|SRM PC8|https://www.strava.com/activities/2036309009
12/24/2018|110.21|03:53:06|376|0|0|0|0||0|0|28.4|46.1|77|104|0|0|0|0||12|03:54:07|SRM PC8|https://www.strava.com/activities/2033477435
12/18/2018|161.08|05:13:03|2109|0|0|0|0||0|0|30.9|69.1|80|149|0|0|0|0||15|05:36:14|SRM PC8|https://www.strava.com/activities/2023536249
12/17/2018|50.28|01:45:48|610|0|0|0|0||0|0|28.5|57.6|74|117|0|0|0|0||18|02:44:01|SRM PC8|https://www.strava.com/activities/2023526399
12/16/2018|151.99|04:44:20|1615|0|0|0|0||0|0|32.1|76.3|78|136|0|0|0|0||18|05:05:04|SRM PC8|https://www.strava.com/activities/2023539712
12/14/2018|138.48|04:30:15|1626|0|0|0|0||0|0|30.7|66.2|79|124|0|0|0|0||15|04:55:26|SRM PC8|https://www.strava.com/activities/2023545538
1/31/2019|139.15|04:23:41|1823|0|0|0|0||0|0|31.7|77.8|85|127|0|0|0|0||18|04:29:28|SRM PC8|https://www.strava.com/activities/2115310949
1/30/2019|35.61|01:01:40|308|0|0|0|0||0|0|34.6|64.4|91|155|0|0|0|0|847||01:02:12|Zwift|https://www.strava.com/activities/2113934127
1/30/2019|128.19|04:15:20|1780|0|0|0|0||0|0|30.1|83.5|81|175|0|0|0|0||14|09:59:50|SRM PC8|https://www.strava.com/activities/2114055266
1/29/2019|18.1|00:31:37|166|0|0|0|0||0|0|34.3|63.4|130|216|0|0|0|0|375||00:32:43|Zwift|https://www.strava.com/activities/2110576973
1/28/2019|58.59|02:03:26|458|0|0|0|0||0|0|28.5|57.6|86|152|0|0|0|0||9|02:17:04|SRM PC8|https://www.strava.com/activities/2108914898
1/27/2019|32.93|01:02:09|253|0|0|0|0||0|0|31.8|42.1|99|123|0|0|0|0|846||01:02:09|Tacx|https://www.strava.com/activities/2106938949
1/25/2019|33.28|00:58:52|317|0|0|0|0||0|0|33.9|65.2|122|187|0|0|0|0|682||00:59:13|Zwift|https://www.strava.com/activities/2102536843
1/22/2019|30.68|01:15:01|753|0|0|0|0||0|0|24.5|35.6|78|114|0|0|0|0|998||01:15:01|Tacx|https://www.strava.com/activities/2095479847
1/21/2019|68.62|02:36:37|512|0|0|0|0||0|0|26.3|58.3|82|114|0|0|0|0||4|02:47:59|SRM PC8|https://www.strava.com/activities/2093729960
1/15/2019|52.08|01:25:58|733|0|0|0|0||0|0|36.4|77.8|0|0|0|0|0|0||16|01:32:03|SRM PC8|https://www.strava.com/activities/2083129371
1/15/2019|73.17|02:36:33|1566|0|0|0|0||0|0|28|63.4|74|136|0|0|0|0||15|02:41:21|SRM PC8|https://www.strava.com/activities/2083127104
1/5/2019|159|05:41:15|1476|0|0|0|0||0|0|28|57.6|82|127|0|0|0|0||5|06:02:14|SRM PC8|https://www.strava.com/activities/2057294938
1/4/2019|91.99|03:28:54|992|0|0|0|0||0|0|26.4|45.4|78|117|0|0|0|0||4|04:00:36|SRM PC8|https://www.strava.com/activities/2059053039
1/3/2019|86.81|03:12:31|710|0|0|0|0||0|0|27.1|56.9|78|119|0|0|0|0||3|03:18:57|SRM PC8|https://www.strava.com/activities/2052387602
1/2/2019|55.75|02:22:32|336|0|0|0|0||0|0|23.5|53.3|74|104|0|0|0|0||8|04:07:30|SRM PC8|https://www.strava.com/activities/2052379832
1/26/2019|61.51|02:22:33|776|0|0|0|0||0|0|25.9|59.8|74|113|0|0|0|0||9|02:35:04|SRM PC8|https://www.strava.com/activities/2103963199
1/23/2019|109.97|04:00:07|1170|0|0|0|0||0|0|27.5|55.4|79|142|0|0|0|0||5|04:20:21|SRM PC8|https://www.strava.com/activities/2097993798
1/17/2019|118.53|03:31:30|1294|0|0|0|0||0|0|33.6|74.2|80|127|0|0|0|0||14|03:55:43|SRM PC8|https://www.strava.com/activities/2086573819
1/16/2019|181.77|06:09:57|3714|0|0|0|0||0|0|29.5|69.1|78|115|0|0|0|0||14|06:43:59|SRM PC8|https://www.strava.com/activities/2083131670
1/14/2019|44.67|01:22:34|514|0|0|0|0||0|0|32.5|65.5|0|0|0|0|0|0||18|02:24:05|SRM PC8|https://www.strava.com/activities/2083124992
1/13/2019|154.67|05:01:27|2318|0|0|0|0||0|0|30.8|72|80|129|0|0|0|0||15|05:27:36|SRM PC8|https://www.strava.com/activities/2083122867
1/12/2019|136.6|04:38:48|2278|0|0|0|0||0|0|29.4|82.1|78|122|0|0|0|0||14|05:01:23|SRM PC8|https://www.strava.com/activities/2073477186
1/11/2019|124|04:05:42|1819|0|0|0|0||0|0|30.3|71.3|78|138|0|0|0|0||13|04:28:30|SRM PC8|https://www.strava.com/activities/2071166309
1/9/2019|75.88|02:53:19|452|0|0|0|0||0|0|26.3|54|81|116|0|0|0|0||5|03:57:52|SRM PC8|https://www.strava.com/activities/2066549263
1/8/2019|54.62|02:05:21|411|0|0|0|0||0|0|26.1|54|75|101|0|0|0|0||9|02:11:01|SRM PC8|https://www.strava.com/activities/2063831458
1/7/2019|57.43|02:02:47|486|0|0|0|0||0|0|28.1|48.2|78|106|0|0|0|0||8|02:10:22|SRM PC8|https://www.strava.com/activities/2061705851
2/26/2019|93.96|03:08:12|749|0|0|0|0||0|0|30|52.6|81|140|0|0|0|0||13|03:11:41|SRM PC8|https://www.strava.com/activities/2176977279
2/25/2019|55.26|01:58:55|392|0|0|0|0||0|0|27.9|52.6|77|104|0|0|0|0||11|02:07:11|SRM PC8|https://www.strava.com/activities/2174629449
2/12/2019|21.72|00:50:12|168|0|0|0|0||0|0|26|41.8|79|102|0|0|0|0||2|01:00:53|SRM PC8|https://www.strava.com/activities/2140570709
2/11/2019|159.39|04:43:50|1458|0|0|0|0||0|0|33.7|74.2|88|124|0|0|0|0||9|05:24:12|SRM PC8|https://www.strava.com/activities/2138934403
2/8/2019|51.25|01:47:35|416|0|0|0|0||0|0|28.6|59|82|117|0|0|0|0||10|02:13:09|SRM PC8|https://www.strava.com/activities/2132207878
2/4/2019|27.08|00:54:55|180|0|0|0|0||0|0|29.6|54|95|116|0|0|0|0||4|01:02:03|SRM PC8|https://www.strava.com/activities/2123425793
2/2/2019|152.13|05:12:57|2494|0|0|0|0||0|0|29.2|70.6|80|127|0|0|0|0||12|05:25:40|SRM PC8|https://www.strava.com/activities/2119255637
2/1/2019|21.61|00:44:18|140|0|0|0|0||0|0|29.3|65.5|0|0|0|0|0|0|377||01:14:31|Zwift|https://www.strava.com/activities/2116943261
2/28/2019|48.47|01:45:54|331|0|0|0|0||0|0|27.5|49|76|110|0|0|0|0||12|01:53:51|SRM PC8|https://www.strava.com/activities/2181336208
2/22/2019|18.37|01:11:16|287|0|0|0|0||0|0|15.5|41.4|0|0|0|0|0|0|381|13|01:18:03|Garmin Edge 510|https://www.strava.com/activities/2168467157
2/21/2019|140.28|03:22:03|1055|0|0|0|0||0|0|41.7|103.7|81|138|0|0|0|0||28|03:23:12|SRM PC8|https://www.strava.com/activities/2164596595
2/20/2019|168.98|04:17:39|1950|0|0|0|0||0|0|39.4|111.6|80|127|0|0|0|0||29|04:19:53|SRM PC8|https://www.strava.com/activities/2162543825
2/19/2019|138.2|03:47:36|2183|0|0|0|0||0|0|36.4|97.2|79|134|0|0|0|0||30|03:48:14|SRM PC8|https://www.strava.com/activities/2159968591
2/18/2019|196.17|05:00:47|2054|0|0|0|0||0|0|39.1|102.2|80|121|0|0|0|0||30|05:23:22|SRM PC8|https://www.strava.com/activities/2157732038
2/17/2019|160.97|04:16:20|1564|0|0|0|0||0|0|37.7|103|80|138|0|0|0|0||32|04:16:54|SRM PC8|https://www.strava.com/activities/2155434391
2/16/2019|143.5|03:06:37|166|0|0|0|0||0|0|46.1|69.1|86|131|0|0|0|0||30|03:06:37|SRM PC8|https://www.strava.com/activities/2152953001
2/15/2019|49.21|01:31:52|170|0|0|0|0||0|0|32.1|49.7|85|111|0|0|0|0||29|01:33:51|SRM PC8|https://www.strava.com/activities/2150459125
2/14/2019|97.5|03:07:24|1174|0|0|0|0||0|0|31.2|95.8|83|128|0|0|0|0||29|03:13:04|SRM PC8|https://www.strava.com/activities/2148206622
2/13/2019|52.16|01:40:28|116|0|0|0|0||0|0|31.2|50.4|86|121|0|0|0|0||25|01:44:14|SRM PC8|https://www.strava.com/activities/2143425438
2/9/2019|121.14|03:53:20|809|0|0|0|0||0|0|31.2|69.8|81|113|0|0|0|0||13|04:15:18|SRM PC8|https://www.strava.com/activities/2134861523
2/6/2019|128.81|04:23:27|618|0|0|0|0||0|0|29.3|54.7|83|145|0|0|0|0||11|04:28:51|SRM PC8|https://www.strava.com/activities/2127987241
2/3/2019|163.4|03:56:45|1291|0|0|0|0||0|0|41.4|82.1|85|128|0|0|0|0||13|04:08:11|SRM PC8|https://www.strava.com/activities/2123241925
3/31/2019|50.69|01:44:01|596|0|0|0|0||0|0|29.2|58.3|79|110|0|0|0|0||11|01:56:35|SRM PC8|https://www.strava.com/activities/2254760076
3/28/2019|47.06|01:40:27|500|0|0|0|0||0|0|28.1|59.8|78|111|0|0|0|0||15|01:52:53|SRM PC8|https://www.strava.com/activities/2247383415
3/26/2019|48.41|02:01:07|430|0|0|0|0||0|0|24|63.4|71|107|0|0|0|0||13|02:35:33|SRM PC8|https://www.strava.com/activities/2241620825
3/9/2019|112.56|03:24:20|670|0|0|0|0||0|0|33.1|67|86|134|0|0|0|0||14|03:32:48|SRM PC8|https://www.strava.com/activities/2201383217
3/8/2019|71.73|02:40:06|320|0|0|0|0||0|0|26.9|47.5|74|100|0|0|0|0||11|03:05:50|SRM PC8|https://www.strava.com/activities/2198996903
3/4/2019|30.58|01:10:48|144|0|0|0|0||0|0|25.9|43.9|73|116|0|0|0|0||11|01:20:58|SRM PC8|https://www.strava.com/activities/2190561715
3/3/2019|205.14|04:56:11|1366|0|0|0|0||0|0|41.6|87.8|85|131|0|0|0|0||13|04:56:51|SRM PC8|https://www.strava.com/activities/2189322889
3/1/2019|61.8|01:44:13|430|0|0|0|0||0|0|35.6|67.7|87|117|0|0|0|0||11|02:01:57|SRM PC8|https://www.strava.com/activities/2189319775
3/29/2019|136.49|03:28:09|1152|0|0|0|0||0|0|39.3|86.4|80|123|0|0|0|0||21|04:09:38|SRM PC8|https://www.strava.com/activities/2252706316
3/27/2019|81.74|02:52:27|504|0|0|0|0||0|0|28.4|56.2|81|104|0|0|0|0||13|02:57:05|SRM PC8|https://www.strava.com/activities/2244127937
3/24/2019|48.11|01:56:20|318|0|0|0|0||0|0|24.8|43.2|0|0|0|0|0|0||12|02:06:30|SRM PC8|https://www.strava.com/activities/2237961936
3/23/2019|297.39|07:00:25|1878|0|0|0|0||0|0|42.4|87.8|81|132|0|0|0|0||22|07:03:52|SRM PC8|https://www.strava.com/activities/2237966322
3/22/2019|42.98|01:22:30|182|0|0|0|0||0|0|31.3|69.8|82|136|0|0|0|0||19|01:32:33|SRM PC8|https://www.strava.com/activities/2237978907
3/21/2019|45.21|01:34:21|130|0|0|0|0||0|0|28.8|65.5|77|132|0|0|0|0||16|01:44:27|SRM PC8|https://www.strava.com/activities/2237980567
3/20/2019|38.81|01:32:37|310|0|0|0|0||0|0|25.1|61.9|74|109|0|0|0|0||15|01:44:37|SRM PC8|https://www.strava.com/activities/2237981945
3/19/2019|15.62|00:32:12|14|0|0|0|0||0|0|29.1|51.8|0|110|0|0|0|0||14|02:20:55|SRM PC8|https://www.strava.com/activities/2237984561
3/18/2019|196.15|04:48:35|2370|0|0|0|0||0|0|40.8|87.8|80|133|0|0|0|0||15|04:50:44|SRM PC8|https://www.strava.com/activities/2222671657
3/17/2019|178.75|05:11:12|3088|0|0|0|0||0|0|34.5|83.5|75|133|0|0|0|0||20|05:16:02|SRM PC8|https://www.strava.com/activities/2222668592
3/16/2019|203.29|05:02:35|2883|0|0|0|0||0|0|40.3|83.5|80|128|0|0|0|0||21|05:29:35|SRM PC8|https://www.strava.com/activities/2218750346
3/15/2019|227.51|05:41:10|2907|0|0|0|0||0|0|40|90|80|135|0|0|0|0||22|05:42:16|SRM PC8|https://www.strava.com/activities/2215343580
3/14/2019|196.7|04:53:01|2201|0|0|0|0||0|0|40.3|83.5|81|135|0|0|0|0||19|04:54:27|SRM PC8|https://www.strava.com/activities/2213273859
3/13/2019|28.12|00:48:27|54|0|0|0|0||0|0|34.8|71.3|101|141|0|0|0|0||14|02:41:13|SRM PC8|https://www.strava.com/activities/2210853720
3/12/2019|21.95|00:43:25|126|0|0|0|0||0|0|30.3|59.8|74|100|0|0|0|0||17|00:48:25|SRM PC8|https://www.strava.com/activities/2208723955
3/11/2019|80.65|02:20:01|192|0|0|0|0||0|0|34.6|64.1|0|0|0|0|0|0||19|02:42:14|SRM PC8|https://www.strava.com/activities/2208721964
3/5/2019|202.4|04:48:03|1695|0|0|0|0||0|0|42.2|77|82|120|0|0|0|0||11|04:48:46|SRM PC8|https://www.strava.com/activities/2194566190
4/29/2019|9.12|00:20:31|49|0|0|0|0||0|0|26.7|48.2|0|0|0|0|0|0|159|16|00:20:31|Garmin Edge 510|https://www.strava.com/activities/2512940634
4/28/2019|101.13|04:39:49|844|0|0|0|0||0|0|21.7|58.7|0|0|0|0|0|0|1,800|6|05:35:55|Garmin Edge 510|https://www.strava.com/activities/2325108087
4/25/2019|189.64|06:23:35|1062|0|0|0|0||0|0|29.7|58.3|83|124|0|0|0|0||15|06:52:00|SRM PC8|https://www.strava.com/activities/2317957783
4/24/2019|141.33|04:46:37|924|0|0|0|0||0|0|29.6|51.8|83|102|0|0|0|0||13|05:23:11|SRM PC8|https://www.strava.com/activities/2315845713
4/13/2019|51.28|01:25:15|230|0|0|0|0||0|0|36.1|74.9|83|119|0|0|0|0||11|01:39:14|SRM PC8|https://www.strava.com/activities/2291077984
4/12/2019|51|01:28:16|238|0|0|0|0||0|0|34.7|67|77|110|0|0|0|0||11|01:29:40|SRM PC8|https://www.strava.com/activities/2284604025
4/11/2019|106.7|03:36:22|582|0|0|0|0||0|0|29.6|59|82|140|0|0|0|0||13|03:53:28|SRM PC8|https://www.strava.com/activities/2284609557
4/10/2019|208.82|04:41:46|534|0|0|0|0||0|0|44.5|76.3|88|129|0|0|0|0||15|04:52:27|SRM PC8|https://www.strava.com/activities/2284606823
4/8/2019|38.72|01:16:14|226|0|0|0|0||0|0|30.5|50.4|88|150|0|0|0|0||18|01:47:19|SRM PC8|https://www.strava.com/activities/2274439643
4/6/2019|40.55|01:20:17|44|0|0|0|0||0|0|30.3|47.5|87|136|0|0|0|0||17|01:26:34|SRM PC8|https://www.strava.com/activities/2274435446
4/4/2019|38.76|01:25:05|240|0|0|0|0||0|0|27.3|42.5|81|103|0|0|0|0||11|02:09:15|SRM PC8|https://www.strava.com/activities/2266214880
4/2/2019|45.39|01:30:58|492|0|0|0|0||0|0|29.9|58.3|80|113|0|0|0|0||13|01:37:35|SRM PC8|https://www.strava.com/activities/2266212476
4/1/2019|53.58|01:51:19|672|0|0|0|0||0|0|28.9|59|77|124|0|0|0|0||12|02:00:14|SRM PC8|https://www.strava.com/activities/2257234288
4/30/2019|53.34|01:54:22|370|0|0|0|0||0|0|28|54|80|120|0|0|0|0||19|02:23:31|SRM PC8|https://www.strava.com/activities/2330114760
4/29/2019|76.49|02:36:08|621|0|0|0|0||0|0|29.4|64.4|42|137|0|0|0|0|1,255|15|04:09:12|Garmin Edge 510|https://www.strava.com/activities/2328768444
4/27/2019|182.17|05:50:35|922|0|0|0|0||0|0|31.2|57.2|0|0|0|0|0|0|6,775|10|05:56:31|Garmin Edge 510|https://www.strava.com/activities/2512940624
4/26/2019|44.05|01:33:09|354|0|0|0|0||0|0|28.4|49.7|78|120|0|0|0|0||14|01:47:13|SRM PC8|https://www.strava.com/activities/2321063940
4/23/2019|96.33|03:13:37|496|0|0|0|0||0|0|29.9|58.3|82|121|0|0|0|0||19|03:30:36|SRM PC8|https://www.strava.com/activities/2313477703
4/14/2019|263.44|06:23:50|1482|0|0|0|0||0|0|41.2|79.9|85|129|0|0|0|0||9|06:24:10|SRM PC8|https://www.strava.com/activities/2291079646
4/7/2019|276.65|06:39:34|2356|0|0|0|0||0|0|41.5|88.6|87|136|0|0|0|0||19|06:43:50|SRM PC8|https://www.strava.com/activities/2274437822
4/3/2019|186.67|04:28:34|1439|0|0|0|0||0|0|41.7|94.3|81|121|0|0|0|0||13|04:33:05|SRM PC8|https://www.strava.com/activities/2266213535
5/31/2019|49.66|01:44:13|280|0|0|0|0||0|0|28.6|55.1|79|166|0|0|0|0|970|14|01:55:20|Garmin Edge 510|https://www.strava.com/activities/2512942047
5/29/2019|85.07|02:53:47|512|0|0|0|0||0|0|29.4|50.4|86|186|0|0|0|0|2,169|12|02:58:27|Garmin Edge 510|https://www.strava.com/activities/2512942008
5/28/2019|61.73|02:00:09|407|0|0|0|0||0|0|30.8|57.2|88|206|0|0|0|0|1,606|11|02:02:48|Garmin Edge 510|https://www.strava.com/activities/2512941722
5/25/2019|60.43|01:50:38|435|0|0|0|0||0|0|32.8|56.5|79|182|0|0|0|0|1,385|12|01:53:43|Garmin Edge 510|https://www.strava.com/activities/2512941542
5/23/2019|66.71|02:26:10|280|0|0|0|0||0|0|27.4|47.9|83|196|0|0|0|0|1,433|16|03:00:43|Garmin Edge 510|https://www.strava.com/activities/2512941275
5/22/2019|44.23|01:20:27|283|0|0|0|0||0|0|33|56.9|0|0|0|0|0|0||24|01:50:08|SRM PC8|https://www.strava.com/activities/2387915354
5/20/2019|32.32|01:09:05|228|0|0|0|0||0|0|28.1|49.7|80|114|0|0|0|0||17|01:11:47|SRM PC8|https://www.strava.com/activities/2382380709
5/19/2019|202.79|04:45:18|340|0|0|0|0||0|0|42.6|64.8|81|121|0|0|0|0||14|04:50:46|SRM PC8|https://www.strava.com/activities/2382211138
5/13/2019|41.57|01:18:10|56|0|0|0|0||0|0|31.9|48.2|86|113|0|0|0|0||18|01:37:22|SRM PC8|https://www.strava.com/activities/2370439521
5/12/2019|87.63|02:32:02|574|0|0|0|0||0|0|34.6|65.5|89|128|0|0|0|0||12|03:06:22|SRM PC8|https://www.strava.com/activities/2360831868
5/11/2019|49.16|01:42:16|334|0|0|0|0||0|0|28.8|49.7|82|109|0|0|0|0||16|01:43:26|SRM PC8|https://www.strava.com/activities/2358363053
5/9/2019|58.51|01:59:01|398|0|0|0|0||0|0|29.5|61.2|82|116|0|0|0|0||14|02:07:00|SRM PC8|https://www.strava.com/activities/2353425569
5/8/2019|38.12|01:58:58|430|0|0|0|0||0|0|19.2|49.7|0|0|0|0|0|0|721|14|02:11:26|Garmin Edge 510|https://www.strava.com/activities/2512940829
5/5/2019|53.93|02:00:48|340|0|0|0|0||0|0|26.8|69.8|83|108|0|0|0|0||11|02:01:49|SRM PC8|https://www.strava.com/activities/2342970112
5/4/2019|106.93|03:40:35|1022|0|0|0|0||0|0|29.1|56.2|81|113|0|0|0|0||10|03:46:14|SRM PC8|https://www.strava.com/activities/2340523879
5/3/2019|113.2|03:59:59|1211|0|0|0|0||0|0|28.3|56.9|77|130|0|0|0|0||16|04:09:43|SRM PC8|https://www.strava.com/activities/2338313258
5/2/2019|61.1|02:13:16|533|0|0|0|0||0|0|27.5|56.2|82|124|0|0|0|0||16|02:21:28|SRM PC8|https://www.strava.com/activities/2336036964
5/24/2019|87.47|02:44:49|430|0|0|0|0||0|0|31.8|65.2|82|201|0|0|0|0|1,924|13|02:57:15|Garmin Edge 510|https://www.strava.com/activities/2512941556
5/18/2019|192.76|05:08:15|2498|0|0|0|0||0|0|37.5|88.6|78|129|0|0|0|0||21|05:14:36|SRM PC8|https://www.strava.com/activities/2378984942
5/17/2019|193.98|05:00:58|2235|0|0|0|0||0|0|38.7|88.6|81|131|0|0|0|0||17|05:01:27|SRM PC8|https://www.strava.com/activities/2375508808
5/16/2019|164.8|03:46:53|1244|0|0|0|0||0|0|43.6|105.1|80|124|0|0|0|0||22|04:22:39|SRM PC8|https://www.strava.com/activities/2375507722
5/15/2019|184.24|04:18:10|1226|0|0|0|0||0|0|42.8|79.2|83|127|0|0|0|0||23|04:22:06|SRM PC8|https://www.strava.com/activities/2370449537
5/14/2019|184.96|04:34:40|912|0|0|0|0||0|0|40.4|85.7|85|133|0|0|0|0||22|04:53:44|SRM PC8|https://www.strava.com/activities/2370444613
5/7/2019|36.96|01:26:58|200|0|0|0|0||0|0|25.5|52.6|78|141|0|0|0|0||16|01:50:51|SRM PC8|https://www.strava.com/activities/2348421664
6/4/2019|75.12|02:16:06|390|0|0|0|0||0|0|33.1|55.8|86|206|0|0|0|0|1,742|17|02:35:42|Garmin Edge 510|https://www.strava.com/activities/2512943234
6/3/2019|62.68|01:28:00|486|0|0|0|0||0|0|42.7|68.8|86|149|0|0|0|0|1,437|14|01:40:08|Garmin Edge 510|https://www.strava.com/activities/2512942954
6/1/2019|103.51|03:26:30|576|0|0|0|0||0|0|30.1|56.2|81|218|0|0|0|0|2,361|20|03:31:55|Garmin Edge 510|https://www.strava.com/activities/2512942642
7/21/2019|157.86|05:42:58|3374|0|0|0|0||0|0|27.6|86.4|80|126|0|0|0|0||26|05:49:36|SRM PC8|https://www.strava.com/activities/2551683832
7/19/2019|96.22|03:36:58|2260|0|0|0|0||0|0|26.6|80.6|0|0|0|0|0|0|1,628|20|03:43:05|Garmin Edge 510|https://www.strava.com/activities/2544992979
7/18/2019|114.45|03:56:47|2220|0|0|0|0||0|0|29|77.8|84|121|0|0|0|0||25|04:03:05|SRM PC8|https://www.strava.com/activities/2543076105
7/17/2019|55.69|02:20:19|1266|0|0|0|0||0|0|23.8|65.5|74|116|0|0|0|0||21|02:23:07|SRM PC8|https://www.strava.com/activities/2540479025
7/15/2019|55.27|02:10:13|868|0|0|0|0||0|0|25.5|67|76|106|0|0|0|0||18|02:15:21|SRM PC8|https://www.strava.com/activities/2533631958
7/14/2019|36.87|02:04:40|862|0|0|0|0||0|0|17.7|57.2|0|0|0|0|0|0|749|17|02:17:58|Garmin Edge 510|https://www.strava.com/activities/2530695713
7/13/2019|136.84|04:49:15|2838|0|0|0|0||0|0|28.4|80.6|78|120|0|0|0|0||25|05:00:47|SRM PC8|https://www.strava.com/activities/2529051700
7/12/2019|113.94|04:20:46|2140|0|0|0|0||0|0|26.2|65.5|81|144|0|0|0|0||25|04:40:47|SRM PC8|https://www.strava.com/activities/2526607930
7/10/2019|100.18|03:56:14|2136|0|0|0|0||0|0|25.4|72.7|73|121|0|0|0|0||21|04:13:29|SRM PC8|https://www.strava.com/activities/2526602163
7/9/2019|46.12|03:13:17|1542|0|0|0|0||0|0|14.3|51.8|0|0|0|0|0|0|1,384|16|03:49:53|Garmin Edge 510|https://www.strava.com/activities/2517318023
7/8/2019|24.57|01:52:21|910|0|0|0|0||0|0|13.1|50.4|0|0|0|0|0|0|879|19|02:15:03|Garmin Edge 510|https://www.strava.com/activities/2514179585
7/4/2019|13.52|01:13:19|81|0|0|0|0||0|0|11.1|27.7|0|0|0|0|0|0|342|27|01:53:46|Garmin Edge 510|https://www.strava.com/activities/2512942943
11/29/2019|66.13|03:54:05|662|0|0|0|0||0|0|17|45.7|0|0|0|0|0|0|1,817|6|04:06:18|Garmin Edge 510|https://www.strava.com/activities/2899244130
11/28/2019|32.34|01:12:24|258|0|0|0|0||0|0|26.8|50.4|80|126|0|0|0|0||12|01:30:20|SRM PC8|https://www.strava.com/activities/2913012057
11/27/2019|60.65|03:28:32|307|0|0|0|0||0|0|17.5|44.6|0|0|0|0|0|0|1,494|7|03:35:20|Garmin Edge 510|https://www.strava.com/activities/2895550091
11/26/2019|78.75|02:45:29|502|0|0|0|0||0|0|28.6|58.3|81|112|0|0|0|0||14|02:58:31|SRM PC8|https://www.strava.com/activities/2913010668
11/26/2019|7.78|00:22:05|81|0|0|0|0||0|0|21.2|37.1|0|0|0|0|0|0|224|8|00:45:15|Garmin Edge 510|https://www.strava.com/activities/2895549823
11/25/2019|47.24|01:34:24|394|0|0|0|0||0|0|30|74.9|82|130|0|0|0|0||12|01:34:49|SRM PC8|https://www.strava.com/activities/2913009309
11/24/2019|51.66|01:52:48|280|0|0|0|0||0|0|27.5|48.2|80|107|0|0|0|0||9|02:24:29|SRM PC8|https://www.strava.com/activities/2913007951
11/23/2019|55.2|01:46:45|384|0|0|0|0||0|0|31|57.6|92|167|0|0|0|0||11|01:48:59|SRM PC8|https://www.strava.com/activities/2913006396
11/21/2019|37.63|02:06:54|171|0|0|0|0||0|0|17.8|40.3|0|0|0|0|0|0|918|0|02:20:50|Garmin Edge 510|https://www.strava.com/activities/2880688942
11/20/2019|60.31|02:04:43|549|0|0|0|0||0|0|29|50.4|0|0|0|0|0|0|1,020|4|02:05:01|Garmin Edge 510|https://www.strava.com/activities/2880312902
11/19/2019|44.69|02:25:12|259|0|0|0|0||0|0|18.5|45|0|0|0|0|0|0|1,163|0|02:36:39|Garmin Edge 510|https://www.strava.com/activities/2875965326
11/22/2019|19.42|00:46:01|236|0|0|0|0||0|0|25.3|46.1|80|112|0|0|0|0||7|00:49:22|SRM PC8|https://www.strava.com/activities/2913005465
12/31/2019|65.02|02:12:36|326|0|0|0|0||0|0|29.4|51.8|87|109|0|0|0|0||1|02:14:31|SRM PC8|https://www.strava.com/activities/2970089593
12/30/2019|89.22|03:08:50|534|0|0|0|0||0|0|28.4|50.4|83|147|0|0|0|0||2|03:18:19|SRM PC8|https://www.strava.com/activities/2967581440
12/28/2019|70.75|02:29:28|488|0|0|0|0||0|0|28.4|56.9|81|116|0|0|0|0||10|03:03:51|SRM PC8|https://www.strava.com/activities/2965006638
12/26/2019|55.18|01:58:57|506|0|0|0|0||0|0|27.8|47.5|80|107|0|0|0|0||9|02:01:11|SRM PC8|https://www.strava.com/activities/2965002497
12/24/2019|44.96|01:23:03|296|0|0|0|0||0|0|32.5|56.2|85|111|0|0|0|0||12|01:31:22|SRM PC8|https://www.strava.com/activities/2964996095
12/22/2019|81.57|02:32:10|1050|0|0|0|0||0|0|32.2|70.6|83|123|0|0|0|0||20|02:47:05|SRM PC8|https://www.strava.com/activities/2948940741
12/21/2019|177.03|06:02:03|3316|0|0|0|0||0|0|29.3|77.8|81|137|0|0|0|0||21|06:34:02|SRM PC8|https://www.strava.com/activities/2947163183
12/20/2019|97.44|03:16:24|1478|0|0|0|0||0|0|29.8|73.8|81|138|0|0|0|0||19|03:24:21|SRM PC8|https://www.strava.com/activities/2945024761
12/14/2019|161.54|05:21:20|3028|0|0|0|0||0|0|30.2|83.5|76|136|0|0|0|0||19|05:45:53|SRM PC8|https://www.strava.com/activities/2932289606
12/13/2019|139.4|04:53:54|2173|0|0|0|0||0|0|28.5|67|76|136|0|0|0|0||19|05:13:38|SRM PC8|https://www.strava.com/activities/2930476247
12/12/2019|122.99|04:06:23|1504|0|0|0|0||0|0|30|77|77|140|0|0|0|0||17|04:22:58|SRM PC8|https://www.strava.com/activities/2928439697
12/10/2019|49.68|01:45:28|710|0|0|0|0||0|0|28.3|74.2|77|132|0|0|0|0||18|01:54:52|SRM PC8|https://www.strava.com/activities/2928437526
12/9/2019|159.81|05:13:27|2824|0|0|0|0||0|0|30.6|76.3|80|121|0|0|0|0||20|05:30:35|SRM PC8|https://www.strava.com/activities/2921889003
12/3/2019|41.42|01:25:25|352|0|0|0|0||0|0|29.1|49|78|99|0|0|0|0||9|01:30:30|SRM PC8|https://www.strava.com/activities/2913003847
12/2/2019|66.48|03:31:22|679|0|0|0|0||0|0|18.9|47.2|0|0|0|0|0|0|1,619|1|03:40:18|Garmin Edge 510|https://www.strava.com/activities/2912987407
12/29/2019|87.44|02:46:36|450|0|0|0|0||0|0|31.5|55.4|83|115|0|0|0|0||3|02:57:21|SRM PC8|https://www.strava.com/activities/2965014791
12/19/2019|71.07|02:38:13|1242|0|0|0|0||0|0|27|55.4|79|123|0|0|0|0||15|02:39:24|SRM PC8|https://www.strava.com/activities/2942972810
12/18/2019|85.19|03:01:15|1470|0|0|0|0||0|0|28.2|64.1|77|121|0|0|0|0||18|03:16:37|SRM PC8|https://www.strava.com/activities/2942550913
12/17/2019|171.37|05:50:40|3407|0|0|0|0||0|0|29.3|87.8|77|133|0|0|0|0||15|06:22:32|SRM PC8|https://www.strava.com/activities/2939200187
12/16/2019|148.59|05:05:37|2174|0|0|0|0||0|0|29.2|59.8|74|126|0|0|0|0||16|05:43:32|SRM PC8|https://www.strava.com/activities/2937052997
12/15/2019|40.76|01:27:04|612|0|0|0|0||0|0|28.1|69.8|74|102|0|0|0|0||17|01:59:18|SRM PC8|https://www.strava.com/activities/2937051113
12/11/2019|35.76|01:22:37|642|0|0|0|0||0|0|26|61.2|72|129|0|0|0|0||17|02:09:02|SRM PC8|https://www.strava.com/activities/2928438450
12/8/2019|122.28|04:05:01|1843|0|0|0|0||0|0|29.9|79.2|82|128|0|0|0|0||17|04:11:39|SRM PC8|https://www.strava.com/activities/2919690226
12/7/2019|46.95|01:44:02|873|0|0|0|0||0|0|27.1|70.6|81|137|0|0|0|0||18|02:11:25|SRM PC8|https://www.strava.com/activities/2916887596
12/6/2019|135.49|04:37:09|2706|0|0|0|0||0|0|29.3|79.2|77|151|0|0|0|0||15|04:48:30|SRM PC8|https://www.strava.com/activities/2915103663
12/5/2019|120.25|03:53:37|1732|0|0|0|0||0|0|30.9|72|82|120|0|0|0|0||16|04:02:51|SRM PC8|https://www.strava.com/activities/2913001967
1/31/2020|169.87|04:49:08|2333|0|0|0|0||0|0|35.3|82.1|0|0|0|0|0|0||37|04:49:49|SRM PC8|https://www.strava.com/activities/3062017827
1/30/2020|50.3|01:37:33|192|0|0|0|0||0|0|30.9|47.5|0|0|0|0|0|0||33|01:39:59|SRM PC8|https://www.strava.com/activities/3062013277
1/29/2020|201.69|04:24:19|996|0|0|0|0||0|0|45.8|79.2|0|0|0|0|0|0||27|04:25:26|SRM PC8|https://www.strava.com/activities/3056413296
1/28/2020|56.27|01:38:53|468|0|0|0|0||0|0|34.1|64.8|0|0|0|0|0|0||36|02:53:52|SRM PC8|https://www.strava.com/activities/3056404441
1/28/2020|30.52|00:58:53|186|0|0|0|0||0|0|31.1|55.4|0|0|0|0|0|0||33|01:27:03|SRM PC8|https://www.strava.com/activities/3056401925
1/27/2020|168.16|03:39:58|252|0|0|0|0||0|0|45.9|74.2|0|0|0|0|0|0||37|03:40:59|SRM PC8|https://www.strava.com/activities/3056395925
1/26/2020|169.73|04:01:46|970|0|0|0|0||0|0|42.1|97.9|0|0|0|0|0|0||38|04:03:24|SRM PC8|https://www.strava.com/activities/3056390203
1/16/2020|175.27|05:05:45|1051|0|0|0|0||0|0|34.4|77.8|89|143|0|0|0|0||12|05:28:04|SRM PC8|https://www.strava.com/activities/3016214828
1/9/2020|73.07|02:27:19|420|0|0|0|0||0|0|29.8|54|88|145|0|0|0|0||12|02:37:01|SRM PC8|https://www.strava.com/activities/2995547089
1/7/2020|52.53|01:45:09|350|0|0|0|0||0|0|30|51.8|86|122|0|0|0|0||9|01:49:24|SRM PC8|https://www.strava.com/activities/2989677225
1/6/2020|199.21|05:24:16|1228|0|0|0|0||0|0|36.9|70.6|90|124|0|0|0|0||7|05:33:03|SRM PC8|https://www.strava.com/activities/2987373132
1/5/2020|89.04|02:54:52|744|0|0|0|0||0|0|30.6|60.5|90|123|0|0|0|0||7|02:56:09|SRM PC8|https://www.strava.com/activities/2984030154
1/4/2020|128.37|03:58:13|720|0|0|0|0||0|0|32.3|61.2|90|128|0|0|0|0||8|04:12:49|SRM PC8|https://www.strava.com/activities/2981186444
1/25/2020|61.92|01:45:18|252|0|0|0|0||0|0|35.3|66.2|88|98|0|0|0|0||38|01:50:26|SRM PC8|https://www.strava.com/activities/3045236356
1/24/2020|35.55|01:12:29|212|0|0|0|0||0|0|29.4|55.4|96|100|0|0|0|0||37|01:15:00|SRM PC8|https://www.strava.com/activities/3045234142
1/23/2020|144.5|04:08:28|486|0|0|0|0||0|0|34.9|78.5|92|128|0|0|0|0||36|04:50:05|SRM PC8|https://www.strava.com/activities/3037192692
1/22/2020|99|03:03:57|730|0|0|0|0||0|0|32.3|85|85|175|0|0|0|0||34|03:46:46|SRM PC8|https://www.strava.com/activities/3037190501
1/21/2020|63.06|02:00:39|272|0|0|0|0||0|0|31.4|64.8|0|0|0|0|0|0||37|02:20:25|SRM PC8|https://www.strava.com/activities/3037188547
1/18/2020|52.85|01:57:37|418|0|0|0|0||0|0|27|44.6|80|112|0|0|0|0||5|02:32:47|SRM PC8|https://www.strava.com/activities/3037186671
1/17/2020|112.74|03:52:57|810|0|0|0|0||0|0|29|51.1|86|140|0|0|0|0||12|03:56:31|SRM PC8|https://www.strava.com/activities/3018985935
1/12/2020|73.81|02:47:59|481|0|0|0|0||0|0|26.4|46.8|82|104|0|0|0|0||7|03:01:56|SRM PC8|https://www.strava.com/activities/3004113913
1/11/2020|182.22|05:55:34|1488|0|0|0|0||0|0|30.7|62.6|85|166|0|0|0|0||9|06:38:37|SRM PC8|https://www.strava.com/activities/3002032109
1/10/2020|131.22|04:22:09|485|0|0|0|0||0|0|30|56.2|0|0|0|0|0|0|4,455|5|04:27:45|Garmin Edge 830|https://www.strava.com/activities/3014349055
1/3/2020|75.09|02:31:36|446|0|0|0|0||0|0|29.7|59|85|110|0|0|0|0||12|02:40:14|SRM PC8|https://www.strava.com/activities/2978198329
1/2/2020|91.03|03:08:31|273|0|0|0|0||0|0|29|56.9|81|117|0|0|0|0||9|03:23:24|SRM PC8|https://www.strava.com/activities/2978194855
1/31/2020|169.87|04:49:08|2333|0|0|0|0||0|0|35.3|82.1|0|0|0|0|0|0||37|04:49:49|SRM PC8|https://www.strava.com/activities/3062017827
1/30/2020|50.3|01:37:33|192|0|0|0|0||0|0|30.9|47.5|0|0|0|0|0|0||33|01:39:59|SRM PC8|https://www.strava.com/activities/3062013277
1/29/2020|201.69|04:24:19|996|0|0|0|0||0|0|45.8|79.2|0|0|0|0|0|0||27|04:25:26|SRM PC8|https://www.strava.com/activities/3056413296
1/28/2020|56.27|01:38:53|468|0|0|0|0||0|0|34.1|64.8|0|0|0|0|0|0||36|02:53:52|SRM PC8|https://www.strava.com/activities/3056404441
1/28/2020|30.52|00:58:53|186|0|0|0|0||0|0|31.1|55.4|0|0|0|0|0|0||33|01:27:03|SRM PC8|https://www.strava.com/activities/3056401925
1/27/2020|168.16|03:39:58|252|0|0|0|0||0|0|45.9|74.2|0|0|0|0|0|0||37|03:40:59|SRM PC8|https://www.strava.com/activities/3056395925
1/26/2020|169.73|04:01:46|970|0|0|0|0||0|0|42.1|97.9|0|0|0|0|0|0||38|04:03:24|SRM PC8|https://www.strava.com/activities/3056390203
1/16/2020|175.27|05:05:45|1051|0|0|0|0||0|0|34.4|77.8|89|143|0|0|0|0||12|05:28:04|SRM PC8|https://www.strava.com/activities/3016214828
1/9/2020|73.07|02:27:19|420|0|0|0|0||0|0|29.8|54|88|145|0|0|0|0||12|02:37:01|SRM PC8|https://www.strava.com/activities/2995547089
1/7/2020|52.53|01:45:09|350|0|0|0|0||0|0|30|51.8|86|122|0|0|0|0||9|01:49:24|SRM PC8|https://www.strava.com/activities/2989677225
1/6/2020|199.21|05:24:16|1228|0|0|0|0||0|0|36.9|70.6|90|124|0|0|0|0||7|05:33:03|SRM PC8|https://www.strava.com/activities/2987373132
1/5/2020|89.04|02:54:52|744|0|0|0|0||0|0|30.6|60.5|90|123|0|0|0|0||7|02:56:09|SRM PC8|https://www.strava.com/activities/2984030154
1/4/2020|128.37|03:58:13|720|0|0|0|0||0|0|32.3|61.2|90|128|0|0|0|0||8|04:12:49|SRM PC8|https://www.strava.com/activities/2981186444
1/25/2020|61.92|01:45:18|252|0|0|0|0||0|0|35.3|66.2|88|98|0|0|0|0||38|01:50:26|SRM PC8|https://www.strava.com/activities/3045236356
1/24/2020|35.55|01:12:29|212|0|0|0|0||0|0|29.4|55.4|96|100|0|0|0|0||37|01:15:00|SRM PC8|https://www.strava.com/activities/3045234142
1/23/2020|144.5|04:08:28|486|0|0|0|0||0|0|34.9|78.5|92|128|0|0|0|0||36|04:50:05|SRM PC8|https://www.strava.com/activities/3037192692
1/22/2020|99|03:03:57|730|0|0|0|0||0|0|32.3|85|85|175|0|0|0|0||34|03:46:46|SRM PC8|https://www.strava.com/activities/3037190501
1/21/2020|63.06|02:00:39|272|0|0|0|0||0|0|31.4|64.8|0|0|0|0|0|0||37|02:20:25|SRM PC8|https://www.strava.com/activities/3037188547
1/18/2020|52.85|01:57:37|418|0|0|0|0||0|0|27|44.6|80|112|0|0|0|0||5|02:32:47|SRM PC8|https://www.strava.com/activities/3037186671
1/17/2020|112.74|03:52:57|810|0|0|0|0||0|0|29|51.1|86|140|0|0|0|0||12|03:56:31|SRM PC8|https://www.strava.com/activities/3018985935
1/12/2020|73.81|02:47:59|481|0|0|0|0||0|0|26.4|46.8|82|104|0|0|0|0||7|03:01:56|SRM PC8|https://www.strava.com/activities/3004113913
1/11/2020|182.22|05:55:34|1488|0|0|0|0||0|0|30.7|62.6|85|166|0|0|0|0||9|06:38:37|SRM PC8|https://www.strava.com/activities/3002032109
1/10/2020|131.22|04:22:09|485|0|0|0|0||0|0|30|56.2|0|0|0|0|0|0|4,455|5|04:27:45|Garmin Edge 830|https://www.strava.com/activities/3014349055
1/3/2020|75.09|02:31:36|446|0|0|0|0||0|0|29.7|59|85|110|0|0|0|0||12|02:40:14|SRM PC8|https://www.strava.com/activities/2978198329
1/2/2020|91.03|03:08:31|273|0|0|0|0||0|0|29|56.9|81|117|0|0|0|0||9|03:23:24|SRM PC8|https://www.strava.com/activities/2978194855
3/28/2020|57.24|01:33:43|758|0|0|0|0||0|0|36.7|74.9|112|208|0|0|0|0|1,339||01:33:43|Zwift|https://www.strava.com/activities/3226343832
3/27/2020|72.12|02:10:09|1420|0|0|0|0||0|0|33.3|91.4|99|208|0|0|0|0|1,943||02:10:56|Zwift|https://www.strava.com/activities/3223071859
3/25/2020|48.6|01:20:06|791|0|0|0|0||0|0|36.4|77|107|190|0|0|0|0|1,191||01:20:06|Zwift|https://www.strava.com/activities/3215856485
3/25/2020|5.94|00:08:02|52|0|0|0|0||0|0|44.4|73.1|108|182|0|0|0|0|116||00:08:02|Zwift|https://www.strava.com/activities/3215681616
3/24/2020|48.42|01:30:16|723|0|0|0|0||0|0|32.2|76.3|108|187|0|0|0|0|1,294||01:31:12|Zwift|https://www.strava.com/activities/3212373606
3/23/2020|52.15|01:34:43|924|0|0|0|0||0|0|33|83.9|99|183|0|0|0|0|1,328||01:34:43|Zwift|https://www.strava.com/activities/3209611907
3/15/2020|33.46|01:16:32|256|0|0|0|0||0|0|26.2|57.6|76|102|0|0|0|0||11|01:20:42|SRM PC8|https://www.strava.com/activities/3188645647
3/14/2020|85.05|02:28:10|1259|0|0|0|0||0|0|34.4|90.7|78|118|0|0|0|0||18|02:29:27|SRM PC8|https://www.strava.com/activities/3188619420
3/11/2020|15.46|00:22:07|228|0|0|0|0||0|0|42|104.4|95|130|0|0|0|0||17|00:26:49|SRM PC8|https://www.strava.com/activities/3188612583
3/6/2020|87.14|02:35:28|690|0|0|0|0||0|0|33.6|71.3|82|130|0|0|0|0||8|02:47:59|SRM PC8|https://www.strava.com/activities/3159775124
3/5/2020|41.99|01:10:17|296|0|0|0|0||0|0|35.9|67|108|207|0|0|0|0|1,010||01:10:17|Zwift|https://www.strava.com/activities/3156353209
3/3/2020|32.28|01:01:59|241|0|0|0|0||0|0|31.3|58.7|0|0|0|0|0|0|466|4|01:06:25|Garmin Edge 830|https://www.strava.com/activities/3156336753
3/31/2020|102.89|03:22:46|2333|0|0|0|0||0|0|30.4|87.1|106|205|0|0|0|0|2,964||03:30:25|Zwift|https://www.strava.com/activities/3237719140
3/13/2020|169.73|04:34:02|2933|0|0|0|0||0|0|37.2|91.4|80|171|0|0|0|0||19|04:37:59|SRM PC8|https://www.strava.com/activities/3188627098
3/12/2020|235.31|05:36:18|2784|0|0|0|0||0|0|42|92.2|83|131|0|0|0|0||17|05:37:14|SRM PC8|https://www.strava.com/activities/3188616166
3/10/2020|220.55|06:10:00|960|0|0|0|0||0|0|35.8|90|76|140|0|0|0|0||12|07:06:25|SRM PC8|https://www.strava.com/activities/3188602480
3/9/2020|169.07|03:59:58|795|0|0|0|0||0|0|42.3|75.6|84|119|0|0|0|0||10|04:00:43|SRM PC8|https://www.strava.com/activities/3168993764
3/8/2020|161.87|03:56:52|1387|0|0|0|0||0|0|41|79.9|86|123|0|0|0|0||11|04:22:44|SRM PC8|https://www.strava.com/activities/3165935116
3/7/2020|60.27|02:09:24|598|0|0|0|0||0|0|27.9|72|79|109|0|0|0|0||12|02:18:20|SRM PC8|https://www.strava.com/activities/3161716535
3/2/2020|66.88|02:14:30|323|0|0|0|0||0|0|29.8|53.3|80|116|0|0|0|0||8|02:25:41|SRM PC8|https://www.strava.com/activities/3147748282
3/1/2020|206.28|05:06:58|1872|0|0|0|0||0|0|40.3|83.5|83|130|0|0|0|0||11|05:13:51|SRM PC8|https://www.strava.com/activities/3146003226
4/30/2020|66.82|02:00:42|1136|0|0|0|0||0|0|33.2|73.4|77|145|0|0|0|0|1,739||02:03:45|Zwift|https://www.strava.com/activities/3374050945
4/29/2020|6.26|00:12:49|97|0|0|0|0||0|0|29.3|46.1|87|103|0|0|0|0|215||00:12:49|Zwift|https://www.strava.com/activities/3369568131
4/29/2020|3.67|00:09:10|58|0|0|0|0||0|0|24.1|56.9|84|105|0|0|0|0|129||00:09:10|Zwift|https://www.strava.com/activities/3369529452
4/29/2020|13.83|00:22:33|168|0|0|0|0||0|0|36.8|60.8|88|150|0|0|0|0|397||00:22:33|Zwift|https://www.strava.com/activities/3369502785
4/29/2020|20.84|00:37:19|152|0|0|0|0||0|0|33.5|51.1|86|115|0|0|0|0|426||00:37:43|Zwift|https://www.strava.com/activities/3369441386
4/29/2020|16.31|00:30:33|141|0|0|0|0||0|0|32|59|84|100|0|0|0|0|319||00:30:33|Zwift|https://www.strava.com/activities/3369173158
4/28/2020|53.2|01:31:33|1009|0|0|0|0||0|0|34.9|74.2|73|136|0|0|0|0|1,375||01:31:33|Zwift|https://www.strava.com/activities/3364899678
4/28/2020|15.65|00:30:10|82|0|0|0|0||0|0|31.1|46.4|85|97|0|0|0|0|261||00:30:10|Zwift|https://www.strava.com/activities/3364472551
4/27/2020|18.05|00:30:20|41|0|0|0|0||0|0|35.7|48.6|94|145|0|0|0|0|359||00:30:20|Zwift|https://www.strava.com/activities/3359890938
4/26/2020|52.65|01:30:16|477|0|0|0|0||0|0|35|64.4|86|157|0|0|0|0|1,213||01:30:16|Zwift|https://www.strava.com/activities/3354271205
4/25/2020|54.27|01:32:10|1077|0|0|0|0||0|0|35.3|74.5|73|157|0|0|0|0|1,410||01:32:10|Zwift|https://www.strava.com/activities/3349173755
4/25/2020|17.46|00:30:56|130|0|0|0|0||0|0|33.9|65.2|86|111|0|0|0|0|370||00:30:56|Zwift|https://www.strava.com/activities/3348758040
4/24/2020|27.75|00:58:53|528|0|0|0|0||0|0|28.3|75.2|82|121|0|0|0|0|666||00:59:08|Zwift|https://www.strava.com/activities/3344730750
4/24/2020|21.17|00:36:42|173|0|0|0|0||0|0|34.6|56.2|90|110|0|0|0|0|424||00:36:42|Zwift|https://www.strava.com/activities/3344566295
4/24/2020|16.81|00:30:45|132|0|0|0|0||0|0|32.8|62.3|86|107|0|0|0|0|337||00:30:45|Zwift|https://www.strava.com/activities/3344259732
4/23/2020|53.08|01:31:42|1080|0|0|0|0||0|0|34.7|74.5|73|124|0|0|0|0|1,389||01:31:42|Zwift|https://www.strava.com/activities/3339720214
4/23/2020|16.53|00:30:29|279|0|0|0|0||0|0|32.5|78.5|84|107|0|0|0|0|362||00:30:29|Zwift|https://www.strava.com/activities/3339280835
4/22/2020|15.85|00:30:30|34|0|0|0|0||0|0|31.2|40.3|90|152|0|0|0|0|243||00:30:30|Zwift|https://www.strava.com/activities/3334448562
4/21/2020|20.92|00:43:29|579|0|0|0|0||0|0|28.9|59.4|74|132|0|0|0|0|624||00:44:20|Zwift|https://www.strava.com/activities/3329691066
4/21/2020|19.78|00:34:47|474|0|0|0|0||0|0|34.1|76.3|71|118|0|0|0|0|564||00:34:47|Zwift|https://www.strava.com/activities/3329551373
4/21/2020|23.56|00:41:19|106|0|0|0|0||0|0|34.2|55.1|90|139|0|0|0|0|426||00:41:19|Zwift|https://www.strava.com/activities/3329273617
4/20/2020|70.44|01:53:57|714|0|0|0|0||0|0|37.1|65.2|82|146|0|0|0|0|1,537||01:53:57|Zwift|https://www.strava.com/activities/3325293358
4/18/2020|23.5|00:41:52|181|0|0|0|0||0|0|33.7|48.6|81|101|0|0|0|0|461||00:41:52|Zwift|https://www.strava.com/activities/3314571024
4/17/2020|60.36|02:08:17|1709|0|0|0|0||0|0|28.2|77.8|69|199|0|0|0|0|1,738||02:08:37|Zwift|https://www.strava.com/activities/3310802155
4/16/2020|66.74|02:08:24|963|0|0|0|0||0|0|31.2|66.2|73|121|0|0|0|0|1,537||02:12:30|Zwift|https://www.strava.com/activities/3306002240
4/14/2020|8.74|00:32:21|465|0|0|0|0||0|0|16.2|69.1|66|107|0|0|0|0|388||00:32:21|Zwift|https://www.strava.com/activities/3296822735
4/14/2020|40.78|01:23:00|1214|0|0|0|0||0|0|29.5|77.8|69|146|0|0|0|0|1,323||01:27:44|Zwift|https://www.strava.com/activities/3296723265
4/13/2020|73.67|01:58:02|719|0|0|0|0||0|0|37.5|69.8|81|165|0|0|0|0|1,475||01:58:02|Zwift|https://www.strava.com/activities/3292455926
4/10/2020|50.73|01:30:57|711|0|0|0|0||0|0|33.5|77.8|84|139|0|0|0|0|1,108||01:30:57|Zwift|https://www.strava.com/activities/3280684314
4/10/2020|51.24|01:30:55|921|0|0|0|0||0|0|33.8|80.6|80|106|0|0|0|0|1,214||01:30:55|Zwift|https://www.strava.com/activities/3278268987
4/9/2020|50.88|01:11:45|439|0|0|0|0||0|0|42.6|71.6|87|195|0|0|0|0|1,290||01:11:45|Zwift|https://www.strava.com/activities/3276079348
4/9/2020|8.06|00:12:48|76|0|0|0|0||0|0|37.8|79.2|86|111|0|0|0|0|189||00:12:48|Zwift|https://www.strava.com/activities/3275676141
4/9/2020|42.73|01:06:42|433|0|0|0|0||0|0|38.4|65.2|82|170|0|0|0|0|979||01:06:42|Zwift|https://www.strava.com/activities/3274404414
4/9/2020|15.42|00:25:09|74|0|0|0|0||0|0|36.8|56.2|85|99|0|0|0|0|338||00:25:09|Zwift|https://www.strava.com/activities/3274243795
4/7/2020|50.24|01:30:47|927|0|0|0|0||0|0|33.2|90|84|144|0|0|0|0|1,304||01:30:47|Zwift|https://www.strava.com/activities/3265492423
4/7/2020|27.54|00:44:10|194|0|0|0|0||0|0|37.4|56.2|86|148|0|0|0|0|591||00:44:29|Zwift|https://www.strava.com/activities/3265260370
4/6/2020|41.15|01:29:32|1256|0|0|0|0||0|0|27.6|76|74|168|0|0|0|0|1,345||01:32:23|Zwift|https://www.strava.com/activities/3261508668
4/5/2020|22.3|00:41:05|365|0|0|0|0||0|0|32.6|69.5|86|175|0|0|0|0|471||00:41:05|Zwift|https://www.strava.com/activities/3256656365
4/4/2020|108.65|03:05:59|1641|0|0|0|0||0|0|35.1|76.3|86|151|0|0|0|0|2,815||03:05:59|Zwift|https://www.strava.com/activities/3252936906
4/3/2020|24.6|00:40:32|140|0|0|0|0||0|0|36.4|65.5|92|137|0|0|0|0|498||00:40:32|Zwift|https://www.strava.com/activities/3248682372
4/2/2020|45.93|01:03:50|298|0|0|0|0||0|0|43.2|56.2|88|166|0|0|0|0|1,147||01:03:50|Zwift|https://www.strava.com/activities/3245988987
4/1/2020|41.05|01:26:24|1245|0|0|0|0||0|0|28.5|76.7|78|142|0|0|0|0|1,376||01:31:23|Zwift|https://www.strava.com/activities/3241359985
5/31/2020|58.26|02:36:43|667|0|0|0|0||0|0|22.3|54.7|0|0|0|0|0|0||23|02:43:59|SRM PC8|https://www.strava.com/activities/3541360360
5/30/2020|67.18|02:22:59|418|0|0|0|0||0|0|28.2|64.1|83|119|0|0|0|0||22|02:26:53|SRM PC8|https://www.strava.com/activities/3534620003
5/29/2020|213.82|07:06:27|1127|0|0|0|0||0|0|30.1|59|81|125|0|0|0|0||25|08:25:49|SRM PC8|https://www.strava.com/activities/3530800891
5/27/2020|70.81|02:25:57|388|0|0|0|0||0|0|29.1|59.8|83|137|0|0|0|0||24|02:35:52|SRM PC8|https://www.strava.com/activities/3522204402
5/26/2020|63.32|02:04:59|318|0|0|0|0||0|0|30.4|49.7|83|116|0|0|0|0||25|02:16:04|SRM PC8|https://www.strava.com/activities/3522209341
5/24/2020|95.78|03:09:42|594|0|0|0|0||0|0|30.3|57.6|79|107|0|0|0|0||17|03:13:52|SRM PC8|https://www.strava.com/activities/3507569807
5/23/2020|155.48|05:00:36|612|0|0|0|0||0|0|31|54|84|132|0|0|0|0||21|05:45:38|SRM PC8|https://www.strava.com/activities/3498872319
5/22/2020|121.03|03:55:34|642|0|0|0|0||0|0|30.8|64.1|81|167|0|0|0|0||26|04:26:05|SRM PC8|https://www.strava.com/activities/3493592864
5/17/2020|96.19|03:02:14|669|0|0|0|0||0|0|31.7|56.9|82|125|0|0|0|0||17|03:09:13|SRM PC8|https://www.strava.com/activities/3464877287
5/15/2020|65.38|03:06:57|1031|0|0|0|0||0|0|21|63|0|0|0|0|0|0|1,525|13|03:26:57|Garmin Edge 830|https://www.strava.com/activities/3454076100
5/11/2020|99.23|03:18:52|786|0|0|0|0||0|0|29.9|61.2|78|132|0|0|0|0||13|03:28:51|SRM PC8|https://www.strava.com/activities/3440203984
5/3/2020|28.68|01:01:04|559|0|0|0|0||0|0|28.2|69.5|78|131|0|0|0|0|681||01:01:04|Zwift|https://www.strava.com/activities/3388964492
5/2/2020|54.06|01:30:29|996|0|0|0|0||0|0|35.8|76.7|77|115|0|0|0|0|1,397||01:30:29|Zwift|https://www.strava.com/activities/3383568835
5/21/2020|93.15|03:07:42|622|0|0|0|0||0|0|29.8|48.2|78|109|0|0|0|0||24|03:11:53|SRM PC8|https://www.strava.com/activities/3489086254
5/20/2020|198.29|05:58:26|1006|0|0|0|0||0|0|33.2|75.2|0|0|0|0|0|0|3,348|24|06:18:46|Garmin Edge 830|https://www.strava.com/activities/3575397519
5/19/2020|104.55|03:11:01|710|0|0|0|0||0|0|32.8|56.9|83|128|0|0|0|0||21|03:19:27|SRM PC8|https://www.strava.com/activities/3476135197
5/16/2020|98.59|03:14:28|728|0|0|0|0||0|0|30.4|66.2|80|136|0|0|0|0||19|03:45:53|SRM PC8|https://www.strava.com/activities/3459396133
5/13/2020|88.87|03:15:00|680|0|0|0|0||0|0|27.3|69.1|77|110|0|0|0|0||14|03:40:22|SRM PC8|https://www.strava.com/activities/3443963780
5/12/2020|167.82|05:35:24|781|0|0|0|0||0|0|30|59|84|136|0|0|0|0|4,061|11|06:13:38|Garmin Edge 830|https://www.strava.com/activities/3575396633
5/1/2020|69.39|01:45:02|712|0|0|0|0||0|0|39.6|70.9|88|147|0|0|0|0|1,463||01:45:02|Zwift|https://www.strava.com/activities/3378645464
6/30/2020|126.67|04:02:54|2062|0|0|0|0||0|0|31.3|68.8|80|119|0|0|0|0|3,572|18|04:04:25|Garmin Edge 830|https://www.strava.com/activities/3691940754
6/29/2020|73.2|02:12:57|633|0|0|0|0||0|0|33|73.8|89|140|0|0|0|0|1,736|25|02:14:48|Garmin Edge 830|https://www.strava.com/activities/3688934042
6/28/2020|58.11|01:56:15|381|0|0|0|0||0|0|30|50.4|85|125|0|0|0|0|1,280|14|01:59:07|Garmin Edge 830|https://www.strava.com/activities/3681733561
6/25/2020|49.31|01:52:24|264|0|0|0|0||0|0|26.3|46.4|73|105|0|0|0|0|916|26|02:25:35|Garmin Edge 830|https://www.strava.com/activities/3668146469
6/24/2020|132.34|04:15:19|1604|0|0|0|0||0|0|31.1|69.5|83|131|0|0|0|0|3,501|24|04:20:48|Garmin Edge 830|https://www.strava.com/activities/3663256013
6/23/2020|181.71|05:58:23|2356|0|0|0|0||0|0|30.4|77|84|132|0|0|0|0|4,826|25|06:51:57|Garmin Edge 830|https://www.strava.com/activities/3658487985
6/22/2020|120.35|04:07:39|1803|0|0|0|0||0|0|29.2|70.9|81|136|0|0|0|0|3,249|19|04:14:26|Garmin Edge 830|https://www.strava.com/activities/3652768626
6/21/2020|27.47|01:04:57|365|0|0|0|0||0|0|25.4|67.7|73|114|0|0|0|0|614|19|01:37:32|Garmin Edge 830|https://www.strava.com/activities/3647306800
6/20/2020|161.51|05:25:17|2110|0|0|0|0||0|0|29.8|73.1|82|125|0|0|0|0|4,043|23|06:59:01|Garmin Edge 830|https://www.strava.com/activities/3643739744
6/19/2020|78.74|04:14:11|1836|0|0|0|0||0|0|18.6|56.5|0|0|0|0|0|0|2,100|17|04:48:44|Garmin Edge 830|https://www.strava.com/activities/3637700031
6/18/2020|67.69|03:45:54|1846|0|0|0|0||0|0|18|48.6|0|0|0|0|0|0|2,027|15|04:26:19|Garmin Edge 830|https://www.strava.com/activities/3633153217
6/17/2020|39.19|02:10:46|864|0|0|0|0||0|0|18|47.2|0|0|0|0|0|0|1,090|17|02:21:50|Garmin Edge 830|https://www.strava.com/activities/3629450728
6/15/2020|51.51|01:45:20|407|0|0|0|0||0|0|29.3|61.9|86|111|0|0|0|0|1,398|16|01:49:44|Garmin Edge 830|https://www.strava.com/activities/3617574491
6/12/2020|50.14|01:56:22|272|0|0|0|0||0|0|25.9|53.3|79|129|0|0|0|0||18|01:57:47|SRM PC8|https://www.strava.com/activities/3601920001
6/11/2020|95.41|03:09:19|692|0|0|0|0||0|0|30.2|56.2|86|114|0|0|0|0||19|03:10:18|SRM PC8|https://www.strava.com/activities/3597181514
6/9/2020|44.98|01:33:05|188|0|0|0|0||0|0|29|46.1|86|114|0|0|0|0||18|02:28:50|SRM PC8|https://www.strava.com/activities/3597177876
6/5/2020|80.76|02:44:29|834|0|0|0|0||0|0|29.5|59.8|82|114|0|0|0|0||16|02:57:13|SRM PC8|https://www.strava.com/activities/3566888366
6/4/2020|65.07|02:18:13|472|0|0|0|0||0|0|28.2|73.4|82|120|0|0|0|0||19|02:40:35|SRM PC8|https://www.strava.com/activities/3566885987
6/1/2020|40.02|01:27:18|268|0|0|0|0||0|0|27.5|70.6|77|106|0|0|0|0||20|01:37:57|SRM PC8|https://www.strava.com/activities/3566882534
6/14/2020|121.53|03:52:25|712|0|0|0|0||0|0|31.4|58.3|85|158|0|0|0|0||18|04:12:53|SRM PC8|https://www.strava.com/activities/3617113024
6/8/2020|53.5|01:53:01|218|0|0|0|0||0|0|28.4|67|82|108|0|0|0|0||16|02:06:19|SRM PC8|https://www.strava.com/activities/3597174493
6/7/2020|129.34|04:07:49|782|0|0|0|0||0|0|31.3|58.7|0|0|0|0|0|0|2,104|14|04:11:06|Garmin Edge 830|https://www.strava.com/activities/3617278599
6/6/2020|122.77|03:55:54|886|0|0|0|0||0|0|31.2|67.7|83|109|0|0|0|0||17|04:00:28|SRM PC8|https://www.strava.com/activities/3571207488
7/30/2020|94.67|02:55:55|572|0|0|0|0||0|0|32.3|67.7|83|114|0|0|0|0||27|04:06:03|SRM PC8|https://www.strava.com/activities/3837654838
7/30/2020|0.03|00:00:00|0|0|0|0|0||0|0|28.4|28.4|87|87|0|0|0|0||29|00:00:04|Garmin Edge 830|https://www.strava.com/activities/3930412358
7/26/2020|51.56|01:50:50|166|0|0|0|0||0|0|27.9|52.6|80|108|0|0|0|0||22|02:36:27|SRM PC8|https://www.strava.com/activities/3822561666
7/24/2020|42.01|01:37:24|356|0|0|0|0||0|0|25.9|50.4|75|104|0|0|0|0||23|01:53:09|SRM PC8|https://www.strava.com/activities/3810759685
7/23/2020|149.49|03:58:36|880|0|0|0|0||0|0|37.6|71.3|87|116|0|0|0|0||25|04:28:41|SRM PC8|https://www.strava.com/activities/3804475593
7/20/2020|58.5|01:52:22|439|0|0|0|0||0|0|31.2|67.7|84|136|0|0|0|0||29|02:02:13|SRM PC8|https://www.strava.com/activities/3791090295
7/19/2020|33.02|01:15:30|608|0|0|0|0||0|0|26.2|72.7|77|121|0|0|0|0||12|01:36:40|SRM PC8|https://www.strava.com/activities/3791087658
7/18/2020|189.03|07:06:30|4502|0|0|0|0||0|0|26.6|97.9|75|118|0|0|0|0||21|07:59:08|SRM PC8|https://www.strava.com/activities/3781263296
7/17/2020|8.27|00:28:19|362|0|0|0|0||0|0|17.5|46.8|69|100|0|0|0|0||17|00:28:19|SRM PC8|https://www.strava.com/activities/3776107983
7/17/2020|53.43|01:27:43|522|0|0|0|0||0|0|36.6|60.5|78|110|0|0|0|0||18|01:32:25|SRM PC8|https://www.strava.com/activities/3776103310
7/17/2020|57.96|02:06:47|1411|0|0|0|0||0|0|27.4|82.8|72|117|0|0|0|0||18|02:24:01|SRM PC8|https://www.strava.com/activities/3776097516
7/15/2020|138.01|04:12:54|1068|0|0|0|0||0|0|32.7|72.7|79|131|0|0|0|0||15|04:21:25|SRM PC8|https://www.strava.com/activities/3765541652
7/14/2020|170.46|05:51:20|2789|0|0|0|0||0|0|29.1|95|78|132|0|0|0|0||17|06:52:14|SRM PC8|https://www.strava.com/activities/3761923490
7/13/2020|16.22|00:44:56|412|0|0|0|0||0|0|21.7|54.7|71|100|0|0|0|0||22|01:33:08|SRM PC8|https://www.strava.com/activities/3761944686
7/13/2020|4.95|00:09:47|22|0|0|0|0||0|0|30.4|61.9|67|92|0|0|0|0||18|00:10:04|SRM PC8|https://www.strava.com/activities/3761941906
7/12/2020|116.48|04:54:52|3518|0|0|0|0||0|0|23.7|79.9|70|137|0|0|0|0||23|05:36:09|SRM PC8|https://www.strava.com/activities/3751764798
7/11/2020|121.68|04:05:21|1397|0|0|0|0||0|0|29.8|79.9|82|128|0|0|0|0||12|04:23:41|SRM PC8|https://www.strava.com/activities/3747038098
7/9/2020|114.1|04:36:26|2120|0|0|0|0||0|0|24.8|92.2|76|123|0|0|0|0||24|04:36:26|SRM PC8|https://www.strava.com/activities/3741349484
7/8/2020|101.21|03:33:15|1116|0|0|0|0||0|0|28.5|93.6|81|117|0|0|0|0||22|03:33:15|SRM PC8|https://www.strava.com/activities/3732808628
7/7/2020|70.13|02:26:13|1076|0|0|0|0||0|0|28.8|95|77|114|0|0|0|0||21|03:04:38|SRM PC8|https://www.strava.com/activities/3726082643
7/3/2020|13.27|01:04:30|178|0|0|0|0||0|0|12.4|40|0|0|0|0|0|0|387|19|01:11:11|Garmin Edge 830|https://www.strava.com/activities/3706357485
7/2/2020|116.13|04:18:33|2347|0|0|0|0||0|0|27|74.2|75|114|0|0|0|0|3,427|18|04:31:58|Garmin Edge 830|https://www.strava.com/activities/3701891416
7/1/2020|151.55|05:07:05|2077|0|0|0|0||0|0|29.6|88.9|81|118|0|0|0|0|3,829|24|05:24:19|Garmin Edge 830|https://www.strava.com/activities/3697239590
7/28/2020|51.67|01:47:52|400|0|0|0|0||0|0|28.7|46.1|78|102|0|0|0|0||21|02:02:04|SRM PC8|https://www.strava.com/activities/3837645430
7/27/2020|94.36|02:52:31|528|0|0|0|0||0|0|32.8|61.9|84|127|0|0|0|0||24|03:20:22|SRM PC8|https://www.strava.com/activities/3822565681
7/25/2020|168.13|05:09:30|878|0|0|0|0||0|0|32.6|59.4|85|131|0|0|0|0|4,053|20|05:28:18|Garmin Edge 830|https://www.strava.com/activities/3930413651
8/26/2020|85.39|02:43:33|514|0|0|0|0||0|0|31.3|48.2|81|101|0|0|0|0||20|02:45:28|SRM PC8|https://www.strava.com/activities/3968601686
8/22/2020|51.77|01:36:45|282|0|0|0|0||0|0|32.1|50.4|83|108|0|0|0|0||21|01:44:26|SRM PC8|https://www.strava.com/activities/3968666987
8/18/2020|219.61|06:01:48|1188|0|0|0|0||0|0|36.4|68|87|121|0|0|0|0|4,990|20|06:12:18|Garmin Edge 830|https://www.strava.com/activities/3930420962
8/17/2020|56.69|01:44:59|420|0|0|0|0||0|0|32.4|58.3|85|119|0|0|0|0||21|02:50:22|SRM PC8|https://www.strava.com/activities/3926849698
8/16/2020|59.17|02:04:22|485|0|0|0|0||0|0|28.5|54.7|84|134|0|0|0|0||22|02:26:43|SRM PC8|https://www.strava.com/activities/3921868573
8/15/2020|92.12|03:12:40|362|0|0|0|0||0|0|28.7|47.5|80|104|0|0|0|0||23|03:20:48|SRM PC8|https://www.strava.com/activities/3917631171
8/14/2020|79.04|02:39:46|352|0|0|0|0||0|0|29.7|54.7|81|138|0|0|0|0||20|02:49:59|SRM PC8|https://www.strava.com/activities/3917620276
8/12/2020|95.47|03:17:06|620|0|0|0|0||0|0|29.1|49.7|78|118|0|0|0|0||27|03:50:36|SRM PC8|https://www.strava.com/activities/3901897094
8/10/2020|47.57|01:43:55|260|0|0|0|0||0|0|27.5|55.4|75|116|0|0|0|0||33|02:12:13|SRM PC8|https://www.strava.com/activities/3896030824
8/1/2020|190.78|04:58:31|2183|0|0|0|0||0|0|38.3|94.3|82|130|0|0|0|0||39|04:59:25|SRM PC8|https://www.strava.com/activities/3848897044
8/30/2020|206.84|04:58:35|1564|0|0|0|0||0|0|41.6|86.4|83|129|0|0|0|0||19|05:30:17|SRM PC8|https://www.strava.com/activities/3990025120
8/29/2020|194.34|04:41:29|1963|0|0|0|0||0|0|41.4|85|83|135|0|0|0|0||19|04:43:07|SRM PC8|https://www.strava.com/activities/3990022974
8/28/2020|27.4|00:59:13|276|0|0|0|0||0|0|27.8|56.9|74|116|0|0|0|0||24|01:04:35|SRM PC8|https://www.strava.com/activities/3990017822
8/27/2020|46.13|01:03:51|302|0|0|0|0||0|0|43.4|68.8|82|108|0|0|0|0|1,003|13|01:07:42|Garmin Edge 830|https://www.strava.com/activities/4006560269
8/23/2020|234.46|05:41:06|3166|0|0|0|0||0|0|41.2|84.2|84|135|0|0|0|0||24|05:57:58|SRM PC8|https://www.strava.com/activities/3968591751
8/21/2020|91.82|02:56:06|436|0|0|0|0||0|0|31.3|53.3|83|108|0|0|0|0||23|03:04:23|SRM PC8|https://www.strava.com/activities/3968663897
8/8/2020|313.29|07:47:01|2703|0|0|0|0||0|0|40.3|89.3|82|138|0|0|0|0||36|07:52:09|SRM PC8|https://www.strava.com/activities/3886602711
8/7/2020|43.58|01:23:24|120|0|0|0|0||0|0|31.4|43.9|78|110|0|0|0|0||30|01:37:02|SRM PC8|https://www.strava.com/activities/3877353061
8/4/2020|201.85|04:54:05|2095|0|0|0|0||0|0|41.2|86.4|81|118|0|0|0|0||29|04:55:56|SRM PC8|https://www.strava.com/activities/3868958990
8/3/2020|180.78|05:39:43|3853|0|0|0|0||0|0|31.9|95|77|137|0|0|0|0||23|06:01:35|SRM PC8|https://www.strava.com/activities/3868956300
8/2/2020|184.35|04:48:41|2245|0|0|0|0||0|0|38.3|82.8|83|130|0|0|0|0||28|04:56:48|SRM PC8|https://www.strava.com/activities/3868950444
9/28/2020|1.19|00:13:51|37|0|0|0|0||0|0|5.2|23|100|114|0|0|0|0||20|01:02:11|SRM PC8|https://www.strava.com/activities/4143883295
9/26/2020|87.74|02:58:08|1054|0|0|0|0||0|0|29.6|72.7|77|123|0|0|0|0||15|03:03:53|SRM PC8|https://www.strava.com/activities/4118307455
9/25/2020|55.33|01:55:46|542|0|0|0|0||0|0|28.7|61.9|76|141|0|0|0|0||13|01:57:42|SRM PC8|https://www.strava.com/activities/4112702151
9/21/2020|40.05|01:24:46|274|0|0|0|0||0|0|28.3|52.6|80|116|0|0|0|0||21|01:33:47|SRM PC8|https://www.strava.com/activities/4104859024
9/16/2020|18.41|00:46:24|138|0|0|0|0||0|0|23.8|54.7|79|109|0|0|0|0||26|01:08:07|SRM PC8|https://www.strava.com/activities/4069434531
9/16/2020|8.06|00:12:32|26|0|0|0|0||0|0|38.6|61.2|86|109|0|0|0|0||27|00:29:10|SRM PC8|https://www.strava.com/activities/4069401521
9/14/2020|41.45|01:24:01|350|0|0|0|0||0|0|29.6|55.4|79|110|0|0|0|0||26|01:25:41|SRM PC8|https://www.strava.com/activities/4063810897
9/12/2020|151.85|04:40:05|953|0|0|0|0||0|0|32.5|56.9|87|113|0|0|0|0|3,461|23|04:42:06|Garmin Edge 830|https://www.strava.com/activities/4048583744
9/11/2020|73.39|02:33:15|762|0|0|0|0||0|0|28.7|59.8|74|110|0|0|0|0||30|03:01:41|SRM PC8|https://www.strava.com/activities/4048770348
9/10/2020|125.77|04:00:27|796|0|0|0|0||0|0|31.4|57.6|84|128|0|0|0|0||22|04:02:46|SRM PC8|https://www.strava.com/activities/4039017315
9/9/2020|14.82|00:40:02|36|0|0|0|0||0|0|22.2|35.3|67|97|0|0|0|0||32|00:46:03|SRM PC8|https://www.strava.com/activities/4035940388
9/9/2020|72.75|02:35:55|686|0|0|0|0||0|0|28|54.7|77|109|0|0|0|0||24|05:12:25|SRM PC8|https://www.strava.com/activities/4035944285
9/7/2020|127.38|03:58:07|806|0|0|0|0||0|0|32.1|64.8|83|131|0|0|0|0||21|04:00:11|SRM PC8|https://www.strava.com/activities/4024777535
9/6/2020|116.8|03:21:35|682|0|0|0|0||0|0|34.8|73.4|81|113|0|0|0|0||16|03:30:00|SRM PC8|https://www.strava.com/activities/4022155956
9/5/2020|78.48|02:39:03|664|0|0|0|0||0|0|29.6|69.8|80|121|0|0|0|0||18|03:19:15|SRM PC8|https://www.strava.com/activities/4022165858
9/4/2020|45.34|02:08:51|345|0|0|0|0||0|0|21.1|54.7|0|0|0|0|0|0|1,430|21|02:35:01|Garmin Edge 830|https://www.strava.com/activities/4010708527
9/2/2020|15.05|00:41:37|39|0|0|0|0||0|0|21.7|38.5|58|100|0|0|0|0|204|27|00:45:52|Garmin Edge 830|https://www.strava.com/activities/4006562638
9/30/2020|79.27|02:36:09|918|0|0|0|0||0|0|30.5|72.7|79|115|0|0|0|0||18|02:38:36|SRM PC8|https://www.strava.com/activities/4143887023
9/29/2020|138.99|03:17:25|212|0|0|0|0||0|0|42.2|69.8|83|127|0|0|0|0||19|03:17:45|SRM PC8|https://www.strava.com/activities/4143885182
9/22/2020|196.42|04:45:51|2307|0|0|0|0||0|0|41.2|83.5|82|123|0|0|0|0||24|04:48:31|SRM PC8|https://www.strava.com/activities/4104860764
9/19/2020|174.19|04:02:15|1914|0|0|0|0||0|0|43.1|90|82|130|0|0|0|0||22|04:02:44|SRM PC8|https://www.strava.com/activities/4082857263
9/18/2020|184.97|04:19:08|2069|0|0|0|0||0|0|42.8|88.6|83|126|0|0|0|0||23|04:21:27|SRM PC8|https://www.strava.com/activities/4077957115
9/17/2020|216.29|05:17:26|2754|0|0|0|0||0|0|40.9|105.1|82|138|0|0|0|0||21|05:20:09|SRM PC8|https://www.strava.com/activities/4073251404
9/16/2020|24.3|00:41:09|70|0|0|0|0||0|0|35.4|61.9|0|135|0|0|0|0||27|01:58:32|SRM PC8|https://www.strava.com/activities/4069366054
9/16/2020|106.61|02:31:00|1295|0|0|0|0||0|0|42.4|96.5|85|142|0|0|0|0||25|02:31:00|SRM PC8|https://www.strava.com/activities/4067687960
9/15/2020|33.77|00:56:23|172|0|0|0|0||0|0|35.9|66.2|89|121|0|0|0|0||28|01:10:56|SRM PC8|https://www.strava.com/activities/4063804487
10/24/2020|10.89|00:29:50|37|0|0|0|0||0|0|21.9|34.2|0|0|0|0|0|0|281|14|00:37:56|Garmin Edge 830|https://www.strava.com/activities/4237528560
10/24/2020|9.24|00:26:24|91|0|0|0|0||0|0|21|33.8|0|0|0|0|0|0|252|14|00:29:02|Garmin Edge 830|https://www.strava.com/activities/4237526826
10/10/2020|34.65|01:00:00|34|0|0|0|0||0|0|34.7|51.1|94|149|0|0|0|0||15|01:04:19|SRM PC8|https://www.strava.com/activities/4184971203
10/8/2020|41.39|01:28:12|228|0|0|0|0||0|0|28.2|60.1|80|118|0|0|0|0||20|01:29:20|SRM PC8|https://www.strava.com/activities/4167963946
10/6/2020|29.05|01:03:51|356|0|0|0|0||0|0|27.3|64.1|80|117|0|0|0|0||16|01:10:41|SRM PC8|https://www.strava.com/activities/4167961893
10/2/2020|27.79|00:51:44|382|0|0|0|0||0|0|32.2|79.2|81|121|0|0|0|0||16|04:04:47|SRM PC8|https://www.strava.com/activities/4143891027
10/1/2020|160.12|03:34:15|272|0|0|0|0||0|0|44.8|64.8|85|148|0|0|0|0||14|03:45:03|SRM PC8|https://www.strava.com/activities/4143889917
10/11/2020|243.46|05:49:04|1296|0|0|0|0||0|0|41.8|87.8|85|140|0|0|0|0||13|06:47:00|SRM PC8|https://www.strava.com/activities/4184974703
10/7/2020|200.3|04:47:06|2038|0|0|0|0||0|0|41.9|92.9|84|131|0|0|0|0||17|05:16:06|SRM PC8|https://www.strava.com/activities/4167967487
10/3/2020|191.06|04:30:12|999|0|0|0|0||0|0|42.4|77.8|84|124|0|0|0|0||14|04:31:48|SRM PC8|https://www.strava.com/activities/4155534821
11/30/2020|38.68|01:14:52|311|0|0|0|0||0|0|31|47.9|87|121|0|0|0|0|1,025|0|01:16:56|Garmin Edge 830|https://www.strava.com/activities/4411086109
11/29/2020|64.73|02:07:49|415|0|0|0|0||0|0|30.4|58.3|86|141|0|0|0|0|1,534|5|02:09:34|Garmin Edge 830|https://www.strava.com/activities/4406281581
11/28/2020|52.47|02:21:27|720|0|0|0|0||0|0|22.3|50|0|0|0|0|0|0|1,982|10|02:24:07|Garmin Edge 830|https://www.strava.com/activities/4401431027
11/27/2020|26.55|01:13:19|206|0|0|0|0||0|0|21.7|36|0|0|0|0|0|0|789|12|01:18:56|Garmin Edge 830|https://www.strava.com/activities/4397412493
11/24/2020|54.88|02:25:51|387|0|0|0|0||0|0|22.6|45.7|0|0|0|0|0|0|1,675|10|02:38:03|Garmin Edge 830|https://www.strava.com/activities/4384114553
11/21/2020|30.82|01:46:16|172|0|0|0|0||0|0|17.4|32.8|0|0|0|0|0|0|779|9|01:59:15|Garmin Edge 830|https://www.strava.com/activities/4384112546
11/16/2020|39.86|01:48:38|411|0|0|0|0||0|0|22|45.7|0|0|0|0|0|0|1,324|20|02:08:06|Garmin Edge 830|https://www.strava.com/activities/4384111957
11/16/2020|51.2|02:16:23|191|0|0|0|0||0|0|22.5|34.6|0|0|0|0|0|0|1,448|12|02:22:42|Garmin Edge 830|https://www.strava.com/activities/4384111038
11/10/2020|52.27|02:26:47|254|0|0|0|0||0|0|21.4|36.4|70|122|0|0|0|0|784|13|05:00:22|Garmin Edge 830|https://www.strava.com/activities/4318002751
11/7/2020|10.86|01:03:41|157|0|0|0|0||0|0|10.2|32.8|0|0|0|0|0|0|314|13|01:29:13|Garmin Edge 830|https://www.strava.com/activities/4316604624
11/6/2020|51.77|02:14:06|226|0|0|0|0||0|0|23.2|37.1|77|112|0|0|0|0|921|14|03:24:19|Garmin Edge 830|https://www.strava.com/activities/4297133939
12/31/2020|181.58|05:30:54|1221|0|0|0|0||0|0|32.9|54|89|123|0|0|0|0|4,648|5|05:33:08|Garmin Edge 830|https://www.strava.com/activities/4544177361
12/30/2020|70.75|02:22:49|487|0|0|0|0||0|0|29.7|51.8|82|116|0|0|0|0|1,612|4|02:41:27|Garmin Edge 830|https://www.strava.com/activities/4538478268
12/30/2020|52.93|01:36:45|1142|0|0|0|0||0|0|32.8|73.1|76|125|0|0|0|0|1,361||01:36:45|Zwift|https://www.strava.com/activities/4537658389
12/29/2020|141.55|04:25:49|736|0|0|0|0||0|0|32|59.8|85|126|0|0|0|0|3,530|4|04:44:08|Garmin Edge 830|https://www.strava.com/activities/4533804392
12/28/2020|80.82|02:32:02|535|0|0|0|0||0|0|31.9|47.9|91|132|0|0|0|0|2,025|2|02:34:35|Garmin Edge 830|https://www.strava.com/activities/4528382535
12/26/2020|131.36|04:04:42|708|0|0|0|0||0|0|32.2|60.8|87|128|0|0|0|0|3,354|0|04:26:15|Garmin Edge 830|https://www.strava.com/activities/4519359322
12/24/2020|172.16|05:35:00|1311|0|0|0|0||0|0|30.8|55.1|85|107|0|0|0|0|4,529|5|05:53:52|Garmin Edge 830|https://www.strava.com/activities/4512987410
12/23/2020|123.46|04:00:50|663|0|0|0|0||0|0|30.8|63.7|89|132|0|0|0|0|3,345|12|04:20:24|Garmin Edge 830|https://www.strava.com/activities/4508709206
12/22/2020|107.9|03:07:31|479|0|0|0|0||0|0|34.5|69.1|91|112|0|0|0|0|2,796|13|03:19:48|Garmin Edge 830|https://www.strava.com/activities/4504495346
12/21/2020|35.3|01:01:37|555|0|0|0|0||0|0|34.4|82.8|90|122|0|0|0|0|773||01:02:06|Zwift|https://www.strava.com/activities/4500995125
12/21/2020|69.02|02:02:22|1310|0|0|0|0||0|0|33.8|84.6|79|123|0|0|0|0|1,781||02:03:40|Zwift|https://www.strava.com/activities/4499887556
12/20/2020|41.64|01:34:07|166|0|0|0|0||0|0|26.5|49.3|79|109|0|0|0|0|859|7|01:42:48|Garmin Edge 830|https://www.strava.com/activities/4494741453
12/19/2020|84.08|02:32:06|414|0|0|0|0||0|0|33.2|56.5|89|113|0|0|0|0|2,308|9|02:34:51|Garmin Edge 830|https://www.strava.com/activities/4490665546
12/17/2020|102.52|03:04:28|405|0|0|0|0||0|0|33.3|57.6|88|133|0|0|0|0|2,726|10|03:11:09|Garmin Edge 830|https://www.strava.com/activities/4483460115
12/16/2020|128.55|04:22:15|793|0|0|0|0||0|0|29.4|61.6|83|114|0|0|0|0|2,981|8|04:34:31|Garmin Edge 830|https://www.strava.com/activities/4479134274
12/15/2020|91.86|03:02:49|517|0|0|0|0||0|0|30.2|60.1|80|103|0|0|0|0|1,942|9|03:10:07|Garmin Edge 830|https://www.strava.com/activities/4474732750
12/14/2020|58.19|01:56:48|279|0|0|0|0||0|0|29.9|51.5|81|104|0|0|0|0|1,294|7|02:03:50|Garmin Edge 830|https://www.strava.com/activities/4470464017
12/13/2020|41.11|01:05:17|277|0|0|0|0||0|0|37.8|61.6|87|106|0|0|0|0|835||01:05:17|Zwift|https://www.strava.com/activities/4466940951
12/12/2020|100.78|03:14:04|431|0|0|0|0||0|0|31.2|65.5|81|127|0|0|0|0|2,490|7|03:50:45|Garmin Edge 830|https://www.strava.com/activities/4461717978
12/11/2020|45.9|01:19:18|400|0|0|0|0||0|0|34.7|70.9|86|106|0|0|0|0|1,080||01:19:18|Zwift|https://www.strava.com/activities/4457665676
12/10/2020|63.14|02:06:21|441|0|0|0|0||0|0|30|52.6|81|151|0|0|0|0|1,504|7|03:05:21|Garmin Edge 830|https://www.strava.com/activities/4454502603
12/7/2020|53.13|01:50:56|375|0|0|0|0||0|0|28.7|53.3|78|104|0|0|0|0|1,194|4|01:58:16|Garmin Edge 830|https://www.strava.com/activities/4441075187
12/6/2020|28.92|01:00:00|230|0|0|0|0||0|0|28.9|55.4|85|226|0|0|0|0|617||01:06:07|Zwift|https://www.strava.com/activities/4436237979
12/5/2020|36.44|01:06:44|224|0|0|0|0||0|0|32.8|53.6|86|165|0|0|0|0|603||01:17:00|Zwift|https://www.strava.com/activities/4431580437
12/3/2020|34.02|01:02:02|665|0|0|0|0||0|0|32.9|73.4|77|110|0|0|0|0|861||01:10:04|Zwift|https://www.strava.com/activities/4423710119
12/2/2020|121.08|03:47:10|1010|0|0|0|0||0|0|32|58|85|147|0|0|0|0|3,071|6|03:47:44|Garmin Edge 830|https://www.strava.com/activities/4420023392
12/1/2020|52.98|01:30:44|989|0|0|0|0||0|0|35|72|78|119|0|0|0|0|1,407||01:30:44|Zwift|https://www.strava.com/activities/4415549430
12/18/2020|76.65|02:32:15|414|0|0|0|0||0|0|30.2|59.8|85|121|0|0|0|0|1,858|5|02:45:17|Garmin Edge 830|https://www.strava.com/activities/4486436831
loaded urls in 17:11:55.5329330
