date|distance|mov_time|elevation|relativeEffort|avg_power_weig|work_total|training_load|intensity|estAvgPower|energyOutput|avg_speed|max_speed|avg_cadence|max_cadence|avg_heartRate|max_heartRate|avg_power|max_power|avg_calories|avg_temperature|avg_elap_time|bicycle_model|url
1/28/2019|23.6|01:28:21|0|0|0|0|0||0|0|0|0|0|0|0|0|0|0|||00:00:00|Garmin Edge 1030|https://www.strava.com/activities/2109037471
1/10/2019|123.28|04:41:16|2585|0|0|0|0||0|0|26.3|74.5|71|114|0|0|0|0||6|05:00:58|Garmin Edge 1030|https://www.strava.com/activities/2068956799
1/9/2019|16.06|01:03:43|0|0|0|0|0||0|0|0|0|0|0|0|0|0|0|||00:00:00|Garmin vívoactive|https://www.strava.com/activities/2066452705
1/9/2019|13.75|00:55:38|0|0|0|0|0||0|0|0|0|0|0|0|0|0|0|||00:00:00|Garmin vívoactive|https://www.strava.com/activities/2066452286
1/7/2019|36.68|02:27:32|0|0|0|0|0||0|0|0|0|0|0|0|0|0|0|||00:00:00|Garmin Edge 1030|https://www.strava.com/activities/2062223349
1/5/2019|139.16|05:01:26|2286|0|0|0|0||0|0|27.7|73.4|78|106|0|0|0|0||3|05:05:43|Garmin Edge 1030|https://www.strava.com/activities/2057175052
1/4/2019|151.1|05:09:23|2356|0|0|0|0||0|0|29.3|72|76|111|0|0|0|0||0|05:41:56|Garmin Edge 1030|https://www.strava.com/activities/2055777657
1/3/2019|141.24|04:42:47|1848|0|0|0|0||0|0|30|65.9|80|188|0|0|0|0||5|05:18:29|Garmin Edge 1030|https://www.strava.com/activities/2052916808
1/24/2019|110.93|03:04:10|920|0|0|0|0||0|0|36.1|66.6|84|114|0|0|0|0||10|03:54:37|Garmin Edge 1030|https://www.strava.com/activities/2100178448
2/22/2019|19.85|00:25:01|224|0|0|0|0||0|0|47.6|74.9|99|119|0|0|0|0|655|13|00:25:01|Garmin Edge 1030|https://www.strava.com/activities/2167877793
2/2/2019|38.35|02:04:06|0|0|0|0|0||0|0|0|0|0|0|0|0|0|0|||00:00:00|Garmin Edge 1030|https://www.strava.com/activities/2118880257
2/23/2019|204.06|05:11:52|2586|0|0|0|0||0|0|39.3|83.5|81|150|0|0|0|0||21|05:15:10|Garmin Edge 1030|https://www.strava.com/activities/2169914589
2/10/2019|141.09|04:12:42|1986|0|0|0|0||0|0|33.5|74.5|83|164|0|0|0|0||15|04:51:29|Garmin Edge 1030|https://www.strava.com/activities/2136907574
2/7/2019|200.6|06:31:07|3855|0|0|0|0||0|0|30.8|70.2|79|183|0|0|0|0||14|06:49:36|Garmin Edge 1030|https://www.strava.com/activities/2130531339
2/6/2019|175.61|05:04:10|1712|0|0|0|0||0|0|34.6|72|83|191|0|0|0|0||15|05:20:56|Garmin Edge 1030|https://www.strava.com/activities/2128074406
2/5/2019|157.47|05:01:52|3029|0|0|0|0||0|0|31.3|67|72|200|0|0|0|0||13|05:17:07|Garmin Edge 1030|https://www.strava.com/activities/2125930369
3/21/2019|76.46|02:26:10|969|0|0|0|0||0|0|31.4|60.8|83|118|0|0|0|0|2,040|10|02:28:09|Garmin Edge 1030|https://www.strava.com/activities/2229093756
3/31/2019|254.74|05:37:23|1849|0|0|0|0||0|0|45.3|90.7|89|183|0|0|0|0|6,432|12|05:37:23|Garmin Edge 1030|https://www.strava.com/activities/2255269789
3/22/2019|44.67|01:27:03|496|0|0|0|0||0|0|30.8|55.8|81|119|0|0|0|0|881|16|01:33:32|Garmin Edge 1030|https://www.strava.com/activities/2231347062
3/9/2019|183.16|04:49:00|3220|0|0|0|0||0|0|38|88.2|85|200|0|0|0|0|5,267|16|04:49:42|Garmin Edge 1030|https://www.strava.com/activities/2201565617
3/2/2019|199.49|04:52:19|1846|0|0|0|0||0|0|40.9|78.5|86|200|0|0|0|0||7|04:53:54|Garmin Edge 1030|https://www.strava.com/activities/2186472130
4/30/2019|4.05|00:05:52|56|0|0|0|0||0|0|41.5|65.5|96|115|0|0|0|0|159|19|00:06:32|Garmin Edge 130|https://www.strava.com/activities/2331485802
4/19/2019|94.67|02:51:53|1415|0|0|0|0||0|0|33|76.7|71|131|0|0|0|0||18|03:23:49|Garmin Edge 1030|https://www.strava.com/activities/2302788636
4/29/2019|62.23|01:44:26|627|0|0|0|0||0|0|35.8|71.6|83|113|0|0|0|0||13|01:45:30|Garmin Edge 130|https://www.strava.com/activities/2331484413
4/14/2019|262.94|06:12:10|1678|0|0|0|0||0|0|42.4|69.5|89|200|0|0|0|0|6,974|6|06:12:32|Garmin Edge 1030|https://www.strava.com/activities/2290590806
4/12/2019|69.86|02:12:33|586|0|0|0|0||0|0|31.6|60.1|80|172|0|0|0|0||7|02:30:37|Garmin Edge 1030|https://www.strava.com/activities/2284654413
4/7/2019|278.2|06:35:13|2305|0|0|0|0||0|0|42.2|87.5|85|200|0|0|0|0|6,442|16|06:36:53|Garmin Edge 1030|https://www.strava.com/activities/2273023071
4/5/2019|77.85|02:22:07|746|0|0|0|0||0|0|32.9|65.5|80|151|0|0|0|0||9|02:37:46|Garmin Edge 1030|https://www.strava.com/activities/2266442169
4/3/2019|186.3|04:16:51|1423|0|0|0|0||0|0|43.5|84.2|87|182|0|0|0|0|4,245|9|04:21:21|Garmin Edge 1030|https://www.strava.com/activities/2262456197
5/27/2019|166.38|05:39:05|3450|0|0|0|0||0|0|29.4|84.6|78|160|0|0|0|0||13|05:57:57|Garmin Edge 1030|https://www.strava.com/activities/2401431664
5/25/2019|102.15|02:32:55|625|0|0|0|0||0|0|40.1|65.2|86|108|0|0|0|0|2,801|23|02:57:36|Garmin Edge 1030|https://www.strava.com/activities/2395687445
5/23/2019|142.46|05:19:37|3649|0|0|0|0||0|0|26.7|79.6|76|148|0|0|0|0||16|06:00:36|Garmin Edge 1030|https://www.strava.com/activities/2390729478
5/22/2019|143.09|04:41:55|2390|0|0|0|0||0|0|30.5|82.1|72|132|0|0|0|0||16|04:58:43|Garmin Edge 1030|https://www.strava.com/activities/2388038157
5/18/2019|147.27|04:54:36|3172|0|0|0|0||0|0|30|75.2|78|119|0|0|0|0||14|05:21:48|Garmin Edge 1030|https://www.strava.com/activities/2377781239
5/17/2019|62.16|02:00:01|909|0|0|0|0||0|0|31.1|76|80|124|0|0|0|0|1,766|17|02:11:36|Garmin Edge 1030|https://www.strava.com/activities/2377777921
5/5/2019|16.8|00:20:42|191|0|0|0|0||0|0|48.7|80.6|99|120|0|0|0|0|551|8|00:20:42|Garmin Edge 130|https://www.strava.com/activities/2343699088
5/31/2019|166.47|05:20:32|3898|0|0|0|0||0|0|31.2|89.6|82|136|0|0|0|0||17|05:42:32|Garmin Edge 1030|https://www.strava.com/activities/2411725067
5/3/2019|161.02|04:00:31|2662|0|0|0|0||0|0|40.2|93.2|82|197|0|0|0|0|3,923|10|04:00:31|Garmin Edge 1030|https://www.strava.com/activities/2339183790
5/2/2019|177.4|04:19:12|1827|0|0|0|0||0|0|41.1|86.8|88|133|0|0|0|0|4,891|8|04:19:12|Garmin Edge 1030|https://www.strava.com/activities/2337238621
5/1/2019|172.26|04:28:19|3144|0|0|0|0||0|0|38.5|92.2|85|196|0|0|0|0|4,779|16|04:28:34|Garmin Edge 1030|https://www.strava.com/activities/2333942832
6/29/2019|42.87|01:23:19|491|0|0|0|0||0|0|30.9|72|81|128|0|0|0|0|1,101|32|01:36:14|Garmin Edge 1030|https://www.strava.com/activities/2490345402
6/26/2019|29.73|00:35:57|247|0|0|0|0||0|0|49.6|73.1|100|128|0|0|0|0|883|34|00:36:15|Garmin Edge 130|https://www.strava.com/activities/2481904235
6/22/2019|20.3|00:27:05|119|0|0|0|0||0|0|45|68|93|119|0|0|0|0|561|20|00:34:52|Garmin Edge 130|https://www.strava.com/activities/2471111694
6/19/2019|180.47|04:36:24|2751|0|0|0|0||0|0|39.2|97.2|87|122|0|0|0|0|4,843|28|04:47:04|Garmin Edge 1030|https://www.strava.com/activities/2463333613
6/15/2019|9.91|00:12:33|73|0|0|0|0||0|0|47.4|66.2|101|116|0|0|0|0|317|24|00:20:39|Garmin Edge 130|https://www.strava.com/activities/2452630147
6/7/2019|115.55|04:29:26|3281|0|0|0|0||0|0|25.7|101.5|78|195|0|0|0|0||23|04:48:07|Garmin Edge 1030|https://www.strava.com/activities/2430694346
6/6/2019|190.95|06:56:20|4791|0|0|0|0||0|0|27.5|95.4|76|174|0|0|0|0||13|07:13:27|Garmin Edge 1030|https://www.strava.com/activities/2428406718
6/2/2019|206.91|06:29:29|3840|0|0|0|0||0|0|31.9|86.4|82|186|0|0|0|0||25|08:35:50|Garmin Edge 1030|https://www.strava.com/activities/2417583689
6/30/2019|163.39|04:08:56|2009|0|0|0|0||0|0|39.4|85.3|86|159|0|0|0|0|4,270|35|04:15:08|Garmin Edge 1030|https://www.strava.com/activities/2493611229
6/25/2019|65.01|01:49:18|612|0|0|0|0||0|0|35.7|67.7|82|111|0|0|0|0|1,532|34|02:21:21|Garmin Edge 130|https://www.strava.com/activities/2479273169
6/23/2019|109.72|03:35:44|2955|0|0|0|0||0|0|30.5|99|83|149|0|0|0|0|3,996|24|03:42:19|Garmin Edge 1030|https://www.strava.com/activities/2474546405
6/20/2019|132.14|03:24:16|1650|0|0|0|0||0|0|38.8|99.4|82|131|0|0|0|0|3,149|21|03:35:48|Garmin Edge 130|https://www.strava.com/activities/2466010079
6/18/2019|164.79|03:55:51|1839|0|0|0|0||0|0|41.9|95.8|82|200|0|0|0|0|3,366|29|03:56:38|Garmin Edge 1030|https://www.strava.com/activities/2463331906
6/16/2019|161.42|04:12:54|2575|0|0|0|0||0|0|38.3|94.7|83|154|0|0|0|0|4,082|23|04:21:50|Garmin Edge 130|https://www.strava.com/activities/2455403552
6/14/2019|70.47|01:53:42|718|0|0|0|0||0|0|37.2|65.2|87|122|0|0|0|0||23|02:22:00|Garmin Edge 130|https://www.strava.com/activities/2448947949
7/19/2019|27.05|00:40:13|450|0|0|0|0||0|0|40.4|90.7|98|122|0|0|0|0|931|30|00:41:07|Garmin Edge 130|https://www.strava.com/activities/2546006773
7/2/2019|126.79|04:13:29|2256|0|0|0|0||0|0|30|74.9|81|143|0|0|0|0||20|05:47:52|Garmin Edge 1030|https://www.strava.com/activities/2497787386
7/27/2019|64.38|02:17:15|2207|0|0|0|0||0|0|28.1|68.4|82|133|0|0|0|0|2,788|20|02:19:50|Garmin Edge 1030|https://www.strava.com/activities/2567525954
7/26/2019|98.98|03:14:18|2793|0|0|0|0||0|0|30.6|81|82|138|0|0|0|0|3,676|28|03:19:33|Garmin Edge 1030|https://www.strava.com/activities/2565250238
7/24/2019|207.67|05:03:28|2087|0|0|0|0||0|0|41.1|74.9|83|146|0|0|0|0|4,488|34|05:15:49|Garmin Edge 1030|https://www.strava.com/activities/2559681368
7/21/2019|198.49|05:32:40|3799|0|0|0|0||0|0|35.8|91.4|84|163|0|0|0|0|5,672|23|05:41:56|Garmin Edge 1030|https://www.strava.com/activities/2552134876
7/12/2019|239.07|06:26:25|2504|0|0|0|0||0|0|37.1|87.1|77|152|0|0|0|0|4,860|27|06:28:02|Garmin Edge 1030|https://www.strava.com/activities/2526029797
7/11/2019|179.35|05:22:56|3801|0|0|0|0||0|0|33.3|92.5|80|145|0|0|0|0|5,351|16|05:31:37|Garmin Edge 1030|https://www.strava.com/activities/2523768164
7/7/2019|27.41|00:29:41|247|0|0|0|0||0|0|55.4|79.6|97|132|0|0|0|0|629|22|00:29:41|Garmin Edge 130|https://www.strava.com/activities/2511844447
7/5/2019|76.14|02:01:05|746|0|0|0|0||0|0|37.7|88.6|86|125|0|0|0|0|1,922|24|02:10:32|Garmin Edge 130|https://www.strava.com/activities/2505834130
7/4/2019|80.8|02:21:36|205|0|0|0|0||0|0|34.2|57.2|82|128|0|0|0|0|2,002|18|02:36:23|Garmin Edge 1030|https://www.strava.com/activities/2503013258
7/1/2019|38.15|01:30:23|661|0|0|0|0||0|0|25.3|61.9|74|127|0|0|0|0|956|30|01:44:59|Garmin Edge 1030|https://www.strava.com/activities/2495639072
8/31/2019|39.34|02:32:41|1289|0|0|0|0||0|0|15.5|47.2|0|0|0|0|0|0||15|02:39:16|Garmin Edge 1030|https://www.strava.com/activities/2667054548
8/29/2019|159.94|05:22:41|3419|0|0|0|0||0|0|29.7|84.6|83|184|0|0|0|0||14|05:32:38|Garmin Edge 1030|https://www.strava.com/activities/2661904373
8/26/2019|87.11|03:07:10|1945|0|0|0|0||0|0|27.9|82.8|82|158|0|0|0|0||18|03:36:22|Garmin Edge 1030|https://www.strava.com/activities/2652743274
8/17/2019|8.91|00:12:44|33|0|0|0|0||0|0|42|63|92|117|0|0|0|0|456|21|00:31:57|Garmin Edge 130|https://www.strava.com/activities/2637579849
8/11/2019|27.4|00:48:34|379|0|0|0|0||0|0|33.9|71.3|0|0|0|0|0|0|1,291|20|00:49:30|Garmin Edge 1030|https://www.strava.com/activities/2608973241
8/8/2019|86.44|01:59:46|235|0|0|0|0||0|0|43.3|123.8|100|114|0|0|0|0|2,050|25|06:59:26|Garmin Edge 1030|https://www.strava.com/activities/2602686123
8/4/2019|148.14|04:51:42|2427|0|0|0|0||0|0|30.5|78.5|80|179|0|0|0|0|4,214|21|05:06:06|Garmin Edge 1030|https://www.strava.com/activities/2589823447
8/3/2019|90.87|02:57:59|1503|0|0|0|0||0|0|30.6|77.8|82|163|0|0|0|0||23|03:05:21|Garmin Edge 1030|https://www.strava.com/activities/2587079268
8/28/2019|24.69|01:10:50|1354|0|0|0|0||0|0|20.9|67.7|0|0|0|0|0|0||17|02:42:31|Garmin Edge 1030|https://www.strava.com/activities/2661901460
8/15/2019|98.85|02:32:24|1115|0|0|0|0||0|0|38.9|81|87|139|0|0|0|0|3,110|14|02:33:03|Garmin Edge 1030|https://www.strava.com/activities/2621503548
8/14/2019|172.77|03:59:22|449|0|0|0|0||0|0|43.3|68.8|85|157|0|0|0|0|3,854|18|04:03:03|Garmin Edge 1030|https://www.strava.com/activities/2618470859
9/25/2019|54.03|01:08:28|641|0|0|0|0||0|0|47.4|87.5|101|133|0|0|0|0|1,779|15|01:08:51|Garmin Edge 1030|https://www.strava.com/activities/2738910836
9/23/2019|94.2|02:45:09|1284|0|0|0|0||0|0|34.2|79.9|86|127|0|0|0|0|2,658|15|03:07:16|Garmin Edge 1030|https://www.strava.com/activities/2733616966
9/18/2019|7.24|00:09:26|111|0|0|0|0||0|0|46|73.8|102|121|0|0|0|0|258|17|00:09:26|Garmin Edge 130|https://www.strava.com/activities/2720023612
9/14/2019|45.1|01:30:01|691|0|0|0|0||0|0|30.1|73.1|81|122|0|0|0|0|1,238|15|01:35:24|Garmin Edge 1030|https://www.strava.com/activities/2706792039
9/12/2019|41.37|01:25:07|690|0|0|0|0||0|0|29.2|75.6|80|185|0|0|0|0||23|01:35:52|Garmin Edge 1030|https://www.strava.com/activities/2702014367
9/6/2019|41.72|01:39:56|1271|0|0|0|0||0|0|25.1|73.4|77|120|0|0|0|0||9|01:44:58|Garmin Edge 1030|https://www.strava.com/activities/2684758156
9/5/2019|140.33|05:01:19|3640|0|0|0|0||0|0|27.9|98.6|80|185|0|0|0|0||8|05:11:10|Garmin Edge 1030|https://www.strava.com/activities/2681920439
9/29/2019|272.49|06:51:05|1202|0|0|0|0||0|0|39.8|87.1|88|133|0|0|0|0|7,575|8|06:52:55|Garmin Edge 1030|https://www.strava.com/activities/2750931162
9/28/2019|50.45|01:45:29|717|0|0|0|0||0|0|28.7|71.6|79|135|0|0|0|0|1,336|13|01:52:25|Garmin Edge 1030|https://www.strava.com/activities/2746853744
9/27/2019|40.97|01:21:26|435|0|0|0|0||0|0|30.2|62.3|82|151|0|0|0|0|985|12|02:08:06|Garmin Edge 1030|https://www.strava.com/activities/2743520957
9/26/2019|126.69|03:53:21|1034|0|0|0|0||0|0|32.6|81.4|82|117|0|0|0|0|3,242|11|04:03:04|Garmin Edge 1030|https://www.strava.com/activities/2741690076
9/20/2019|204.98|04:49:13|1977|0|0|0|0||0|0|42.5|90.7|84|200|0|0|0|0|3,963|13|04:53:45|Garmin Edge 1030|https://www.strava.com/activities/2725359278
9/15/2019|195.83|04:52:51|2597|0|0|0|0||0|0|40.1|82.1|87|159|0|0|0|0|4,623|26|04:56:34|Garmin Edge 1030|https://www.strava.com/activities/2711976169
10/9/2019|35.11|01:06:13|222|0|0|0|0||0|0|31.8|55.1|83|106|0|0|0|0|852|11|01:09:11|Garmin Edge 1030|https://www.strava.com/activities/2774814350
10/7/2019|51.54|01:41:08|211|0|0|0|0||0|0|30.6|52.2|86|149|0|0|0|0|1,537|9|02:26:41|Garmin Edge 1030|https://www.strava.com/activities/2769892119
10/5/2019|84.46|02:45:25|1240|0|0|0|0||0|0|30.6|67|83|118|0|0|0|0|2,697|9|03:29:45|Garmin Edge 1030|https://www.strava.com/activities/2764933258
10/2/2019|77.85|02:37:33|1196|0|0|0|0||0|0|29.6|76.7|0|0|0|0|0|0||13|02:57:03|Garmin Edge 1030|https://www.strava.com/activities/2756949885
10/1/2019|41.02|01:24:06|679|0|0|0|0||0|0|29.3|79.9|0|0|0|0|0|0|1,957|18|01:30:41|Garmin Edge 1030|https://www.strava.com/activities/2754762195
10/11/2019|62.46|02:06:05|575|0|0|0|0||0|0|29.7|60.1|84|111|0|0|0|0|2,619|13|02:08:04|Garmin Edge 1030|https://www.strava.com/activities/2779784951
10/10/2019|195.7|04:50:00|2160|0|0|0|0||0|0|40.5|85|87|146|0|0|0|0|4,318|15|04:52:15|Garmin Edge 1030|https://www.strava.com/activities/2778778331
10/8/2019|201.42|04:41:01|972|0|0|0|0||0|0|43|89.6|88|148|0|0|0|0|4,986|10|04:41:28|Garmin Edge 1030|https://www.strava.com/activities/2773703365
10/3/2019|161.75|05:06:08|2326|0|0|0|0||0|0|31.7|72.7|0|0|0|0|0|0||8|06:12:31|Garmin Edge 1030|https://www.strava.com/activities/2759706944
11/21/2019|70.38|02:49:48|525|0|0|0|0||0|0|24.9|57.2|0|0|0|0|0|0||2|03:05:50|Garmin Edge 1030|https://www.strava.com/activities/2880735185
11/20/2019|52.27|02:35:19|841|0|0|0|0||0|0|20.2|55.1|0|0|0|0|0|0||17|02:43:12|Garmin Edge 1030|https://www.strava.com/activities/2879066485
11/13/2019|50.05|03:18:18|1666|0|0|0|0||0|0|15.1|65.5|0|0|0|0|0|0||1|03:56:16|Garmin Edge 1030|https://www.strava.com/activities/2862105621
12/31/2019|43.86|02:31:30|0|0|0|0|0||0|0|0|0|0|0|0|0|0|0|||00:00:00|Garmin vívoactive|https://www.strava.com/activities/2970663325
12/30/2019|36.01|02:11:07|0|0|0|0|0||0|0|0|0|0|0|0|0|0|0|||00:00:00|Garmin vívoactive|https://www.strava.com/activities/2967631014
12/19/2019|94.21|03:48:30|2008|0|0|0|0||0|0|24.7|70.6|77|155|0|0|0|0||9|04:48:25|Garmin Edge 1000|https://www.strava.com/activities/2943145065
12/18/2019|99.22|03:07:35|1971|0|0|0|0||0|0|31.7|71.3|83|199|0|0|0|0||12|03:13:06|Garmin Edge 1000|https://www.strava.com/activities/2941633515
12/12/2019|81.03|02:28:42|1000|0|0|0|0||0|0|32.7|70.9|91|130|0|0|0|0||12|02:30:52|Garmin Edge 1030|https://www.strava.com/activities/2928276831
12/6/2019|61.36|02:36:48|352|0|0|0|0||0|0|23.5|47.9|0|0|0|0|0|0||2|02:43:04|Garmin Edge 1030|https://www.strava.com/activities/2915141659
12/5/2019|102.26|03:41:16|2028|0|0|0|0||0|0|27.7|74.9|81|162|0|0|0|0||0|04:00:03|Garmin Edge 1030|https://www.strava.com/activities/2912851392
12/3/2019|96.21|02:45:26|791|0|0|0|0||0|0|34.9|81.4|100|149|0|0|0|0||1|02:51:07|Garmin Edge 1030|https://www.strava.com/activities/2908422730
12/25/2019|150.65|04:59:58|2005|0|0|0|0||0|0|30.1|67.7|84|122|0|0|0|0||4|05:42:15|Garmin Edge 1000|https://www.strava.com/activities/2955657175
12/21/2019|66.09|02:27:07|958|0|0|0|0||0|0|27|58.7|0|0|0|0|0|0||3|03:08:29|Garmin Edge 1000|https://www.strava.com/activities/2946852489
12/17/2019|166.39|05:21:52|3055|0|0|0|0||0|0|31|77.4|83|165|0|0|0|0||11|05:38:35|Garmin Edge 1030|https://www.strava.com/activities/2938866697
12/16/2019|163.22|04:31:02|1745|0|0|0|0||0|0|36.1|73.4|86|136|0|0|0|0||11|05:08:44|Garmin Edge 1030|https://www.strava.com/activities/2936763157
12/14/2019|153.4|05:02:19|2801|0|0|0|0||0|0|30.4|81.4|82|148|0|0|0|0||13|05:25:49|Garmin Edge 1030|https://www.strava.com/activities/2932187020
12/13/2019|125.65|04:06:25|2062|0|0|0|0||0|0|30.6|83.2|81|129|0|0|0|0||15|04:20:42|Garmin Edge 1030|https://www.strava.com/activities/2930085713
12/8/2019|90.58|02:53:03|1302|0|0|0|0||0|0|31.4|74.2|83|156|0|0|0|0||13|02:55:29|Garmin Edge 1030|https://www.strava.com/activities/2919455623
1/27/2020|85.5|02:15:27|773|0|0|0|0||0|0|37.9|69.1|90|119|0|0|0|0||3|02:26:30|Garmin Edge 1030|https://www.strava.com/activities/3048135953
1/24/2020|153.38|05:13:01|3138|0|0|0|0||0|0|29.4|76|84|124|0|0|0|0||1|05:43:14|Garmin Edge 1030|https://www.strava.com/activities/3039245168
1/23/2020|44.43|02:09:05|878|0|0|0|0||0|0|20.7|53.3|0|0|0|0|0|0||-3|02:16:47|Garmin Edge 1030|https://www.strava.com/activities/3036627046
1/22/2020|124.64|04:25:43|2387|0|0|0|0||0|0|28.1|70.9|75|124|0|0|0|0||-1|04:35:20|Garmin Edge 1030|https://www.strava.com/activities/3033587992
1/16/2020|94.42|02:39:59|1269|0|0|0|0||0|0|35.4|65.9|72|113|0|0|0|0||10|02:52:26|Garmin Edge 1000|https://www.strava.com/activities/3015873142
1/9/2020|159.11|05:21:30|3289|0|0|0|0||0|0|29.7|64.8|78|200|0|0|0|0||10|05:27:38|Garmin Edge 1000|https://www.strava.com/activities/2996010871
1/2/2020|61.94|03:50:07|0|0|0|0|0||0|0|0|0|0|0|0|0|0|0|||00:00:00|Garmin vívoactive|https://www.strava.com/activities/2975584933
1/31/2020|112.29|04:09:19|2972|0|0|0|0||0|0|27|77.4|82|184|0|0|0|0||11|04:17:37|Garmin Edge 1030|https://www.strava.com/activities/3059307949
1/27/2020|85.5|02:15:27|773|0|0|0|0||0|0|37.9|69.1|90|119|0|0|0|0||3|02:26:30|Garmin Edge 1030|https://www.strava.com/activities/3048135953
1/24/2020|153.38|05:13:01|3138|0|0|0|0||0|0|29.4|76|84|124|0|0|0|0||1|05:43:14|Garmin Edge 1030|https://www.strava.com/activities/3039245168
1/23/2020|44.43|02:09:05|878|0|0|0|0||0|0|20.7|53.3|0|0|0|0|0|0||-3|02:16:47|Garmin Edge 1030|https://www.strava.com/activities/3036627046
1/22/2020|124.64|04:25:43|2387|0|0|0|0||0|0|28.1|70.9|75|124|0|0|0|0||-1|04:35:20|Garmin Edge 1030|https://www.strava.com/activities/3033587992
1/16/2020|94.42|02:39:59|1269|0|0|0|0||0|0|35.4|65.9|72|113|0|0|0|0||10|02:52:26|Garmin Edge 1000|https://www.strava.com/activities/3015873142
1/9/2020|159.11|05:21:30|3289|0|0|0|0||0|0|29.7|64.8|78|200|0|0|0|0||10|05:27:38|Garmin Edge 1000|https://www.strava.com/activities/2996010871
1/2/2020|61.94|03:50:07|0|0|0|0|0||0|0|0|0|0|0|0|0|0|0|||00:00:00|Garmin vívoactive|https://www.strava.com/activities/2975584933
1/31/2020|112.29|04:09:19|2972|0|0|0|0||0|0|27|77.4|82|184|0|0|0|0||11|04:17:37|Garmin Edge 1030|https://www.strava.com/activities/3059307949
3/19/2020|180.78|05:53:37|2770|0|0|0|0||0|0|30.7|84.2|82|195|0|0|0|0||14|06:23:02|Garmin Edge 1030|https://www.strava.com/activities/3197434813
3/18/2020|163.42|05:51:01|3161|0|0|0|0||0|0|27.9|79.9|80|200|0|0|0|0||20|06:31:06|Garmin Edge 1030|https://www.strava.com/activities/3194596730
3/17/2020|65.5|02:03:33|756|0|0|0|0||0|0|31.8|67.3|84|158|0|0|0|0|1,884|12|04:28:15|Garmin Edge 1030|https://www.strava.com/activities/3191586256
3/11/2020|15.14|00:20:26|241|0|0|0|0||0|0|44.5|86.4|101|129|0|0|0|0|543|16|00:20:26|Garmin Edge 130|https://www.strava.com/activities/3174528952
3/15/2020|68.29|02:20:19|814|0|0|0|0||0|0|29.2|78.5|80|138|0|0|0|0||11|02:23:38|Garmin Edge 1030|https://www.strava.com/activities/3185788704
3/13/2020|168.5|04:26:25|2987|0|0|0|0||0|0|37.9|86.8|92|167|0|0|0|0|6,012|14|04:26:25|Garmin Edge 1030|https://www.strava.com/activities/3180013433
3/12/2020|235.03|05:37:26|2766|0|0|0|0||0|0|41.8|97.9|87|200|0|0|0|0|5,115|12|05:39:45|Garmin Edge 1030|https://www.strava.com/activities/3177516099
3/10/2020|218.95|06:04:10|1405|0|0|0|0||0|0|36.1|85|81|168|0|0|0|0|4,651|7|06:06:03|Garmin Edge 1030|https://www.strava.com/activities/3171703971
3/7/2020|54.95|01:46:24|426|0|0|0|0||0|0|31|59.8|83|135|0|0|0|0||5|01:51:00|Garmin Edge 1030|https://www.strava.com/activities/3161357255
4/26/2020|24.5|01:11:14|602|0|0|0|0||0|0|20.6|50.4|0|0|0|0|0|0||19|01:14:48|Garmin Edge 1030|https://www.strava.com/activities/3356720518
4/21/2020|58.99|01:33:33|534|0|0|0|0||0|0|37.8|72|89|115|0|0|0|0||8|02:48:15|Garmin Edge 1030|https://www.strava.com/activities/3329888159
4/17/2020|227.8|07:02:30|3655|0|0|0|0||0|0|32.4|76.7|85|111|0|0|0|0||20|08:11:53|Garmin Edge 1030|https://www.strava.com/activities/3312767889
4/16/2020|95.47|03:00:44|1616|0|0|0|0||0|0|31.7|72.4|84|140|0|0|0|0||18|03:19:55|Garmin Edge 1030|https://www.strava.com/activities/3306805487
4/15/2020|85.98|02:12:37|941|0|0|0|0||0|0|38.9|78.5|88|120|0|0|0|0||11|02:29:28|Garmin Edge 1030|https://www.strava.com/activities/3301927922
4/12/2020|110.75|03:41:31|2069|0|0|0|0||0|0|30|74.5|82|186|0|0|0|0||19|05:47:51|Garmin Edge 1030|https://www.strava.com/activities/3290328698
4/5/2020|77.3|04:59:19|3018|0|0|0|0||0|0|15.5|64.1|0|0|0|0|0|0||11|05:29:59|Garmin Edge 1030|https://www.strava.com/activities/3258510964
4/4/2020|118.71|03:55:52|2411|0|0|0|0||0|0|30.2|86.4|82|175|0|0|0|0||11|04:55:12|Garmin Edge 1030|https://www.strava.com/activities/3253880658
4/27/2020|133.07|04:46:26|2624|0|0|0|0||0|0|27.9|76|80|200|0|0|0|0||17|05:18:29|Garmin Edge 1030|https://www.strava.com/activities/3361052537
4/24/2020|77.26|02:31:54|1035|0|0|0|0||0|0|30.5|69.8|84|142|0|0|0|0||21|05:14:21|Garmin Edge 1030|https://www.strava.com/activities/3345669800
4/19/2020|64.29|04:01:50|2191|0|0|0|0||0|0|16|58|0|0|0|0|0|0||14|04:29:13|Garmin Edge 1030|https://www.strava.com/activities/3320488938
5/30/2020|70.11|01:46:38|539|0|0|0|0||0|0|39.4|82.8|93|128|0|0|0|0||17|02:39:23|Garmin Edge 1030|https://www.strava.com/activities/3535133832
5/28/2020|106.44|02:37:48|782|0|0|0|0||0|0|40.5|77.8|98|127|0|0|0|0||13|02:51:11|Garmin Edge 1030|https://www.strava.com/activities/3524610092
5/21/2020|51.25|01:32:33|577|0|0|0|0||0|0|33.2|66.2|90|134|0|0|0|0||23|01:38:04|Garmin Edge 1030|https://www.strava.com/activities/3489074844
5/20/2020|94.05|02:21:30|683|0|0|0|0||0|0|39.9|77.4|99|132|0|0|0|0||20|02:29:19|Garmin Edge 1030|https://www.strava.com/activities/3482157676
5/18/2020|89.28|02:51:43|1199|0|0|0|0||0|0|31.2|75.6|88|128|0|0|0|0||22|03:13:34|Garmin Edge 1030|https://www.strava.com/activities/3472031896
5/9/2020|22.3|05:09:12|0|0|0|0|0||0|0|0|0|0|0|0|0|0|0|||00:00:00|Garmin Forerunner 945|https://www.strava.com/activities/3424204432
5/26/2020|122.92|04:12:47|2172|0|0|0|0||0|0|29.2|76.3|87|128|0|0|0|0||17|04:30:52|Garmin Edge 1030|https://www.strava.com/activities/3513993447
5/17/2020|126.72|04:05:20|1899|0|0|0|0||0|0|31|69.5|83|172|0|0|0|0||18|04:20:25|Garmin Edge 1030|https://www.strava.com/activities/3465811311
5/3/2020|143.69|04:52:41|3098|0|0|0|0||0|0|29.5|81.4|82|142|0|0|0|0||12|05:31:57|Garmin Edge 1030|https://www.strava.com/activities/3391317699
6/30/2020|181.84|06:55:58|4953|0|0|0|0||0|0|26.2|92.2|77|196|0|0|0|0||23|07:54:22|Garmin Edge 1030 Plus|https://www.strava.com/activities/3693222199
6/29/2020|133.89|03:19:47|1311|0|0|0|0||0|0|40.2|77.8|91|123|0|0|0|0||20|03:30:07|Garmin Edge 1030 Plus|https://www.strava.com/activities/3688824989
6/21/2020|11.15|02:40:30|0|0|0|0|0||0|0|0|0|0|0|0|0|0|0|||00:00:00|Garmin Forerunner 945|https://www.strava.com/activities/3648385099
6/14/2020|121.05|04:23:31|2458|0|0|0|0||0|0|27.6|85.7|82|140|0|0|0|0||5|04:44:47|Garmin Edge 1030|https://www.strava.com/activities/3613733453
6/3/2020|62.41|01:35:39|459|0|0|0|0||0|0|39.2|65.9|89|118|0|0|0|0|1,710|22|01:37:00|Garmin Edge 1030|https://www.strava.com/activities/3558139000
6/2/2020|166.49|05:35:54|3025|0|0|0|0||0|0|29.7|77.8|84|196|0|0|0|0||20|06:03:58|Garmin Edge 1030|https://www.strava.com/activities/3552433250
6/23/2020|44.99|03:22:13|1868|0|0|0|0||0|0|13.4|47.5|0|0|0|0|0|0||21|03:47:49|Garmin Edge 1030 Plus|https://www.strava.com/activities/3658078169
6/13/2020|63.16|02:45:19|1488|0|0|0|0||0|0|22.9|82.8|72|136|0|0|0|0||18|04:40:36|Garmin Edge 1030|https://www.strava.com/activities/3608016961
6/12/2020|164.37|05:33:02|3433|0|0|0|0||0|0|29.6|85.3|81|190|0|0|0|0||9|06:20:55|Garmin Edge 1030|https://www.strava.com/activities/3602931309
6/11/2020|208.36|06:37:25|3483|0|0|0|0||0|0|31.5|77.4|80|171|0|0|0|0||18|07:22:27|Garmin Edge 1030|https://www.strava.com/activities/3598550398
6/10/2020|180.49|05:24:04|2001|0|0|0|0||0|0|33.4|75.2|85|126|0|0|0|0||13|06:00:09|Garmin Edge 1030|https://www.strava.com/activities/3592973702
6/9/2020|187.01|06:00:33|1517|0|0|0|0||0|0|31.1|85.3|82|190|0|0|0|0||8|06:32:05|Garmin Edge 1030|https://www.strava.com/activities/3589154385
6/8/2020|184.16|06:09:00|2768|0|0|0|0||0|0|29.9|76.3|81|195|0|0|0|0||15|06:50:08|Garmin Edge 1030|https://www.strava.com/activities/3583119268
6/7/2020|27.56|01:00:32|129|0|0|0|0||0|0|27.3|44.3|82|151|0|0|0|0||10|02:35:24|Garmin Edge 1030|https://www.strava.com/activities/3578626772
7/25/2020|133.25|04:03:58|2602|0|0|0|0||0|0|32.8|87.1|85|163|0|0|0|0||25|04:32:33|Garmin Edge 1030 Plus|https://www.strava.com/activities/3810898264
7/24/2020|90.2|02:39:59|1063|0|0|0|0||0|0|33.8|82.8|86|175|0|0|0|0||17|02:41:04|Garmin Edge 1030 Plus|https://www.strava.com/activities/3807596483
7/16/2020|82.23|02:08:06|584|0|0|0|0||0|0|38.5|61.9|87|125|0|0|0|0|2,086|23|02:23:34|Garmin Edge 130 Plus|https://www.strava.com/activities/3770642668
7/15/2020|94.82|02:59:11|1707|0|0|0|0||0|0|31.8|73.4|84|164|0|0|0|0||22|03:03:25|Garmin Edge 130 Plus|https://www.strava.com/activities/3765831170
7/31/2020|63.35|02:08:05|1302|0|0|0|0||0|0|29.7|78.5|82|126|0|0|0|0||36|02:25:56|Garmin Edge 1030 Plus|https://www.strava.com/activities/3842663693
7/20/2020|133|04:06:39|2454|0|0|0|0||0|0|32.4|76|83|120|0|0|0|0||27|04:16:18|Garmin Edge 1030 Plus|https://www.strava.com/activities/3790115562
7/19/2020|164.22|05:37:58|4297|0|0|0|0||0|0|29.2|76.7|82|135|0|0|0|0||26|05:56:40|Garmin Edge 1030 Plus|https://www.strava.com/activities/3785650913
7/18/2020|123.86|04:09:04|2406|0|0|0|0||0|0|29.8|80.3|80|154|0|0|0|0||25|04:31:04|Garmin Edge 1030 Plus|https://www.strava.com/activities/3780094004
7/17/2020|167.18|05:50:24|4506|0|0|0|0||0|0|28.6|79.9|82|200|0|0|0|0||19|06:23:23|Garmin Edge 130 Plus|https://www.strava.com/activities/3775424997
8/26/2020|109.22|03:24:14|1142|0|0|0|0||0|0|32.1|62.3|82|186|0|0|0|0|2,892|31|03:44:47|Garmin Edge 1030 Plus|https://www.strava.com/activities/3968933829
8/11/2020|47.96|01:28:59|917|0|0|0|0||0|0|32.3|68.4|82|134|0|0|0|0||26|01:31:40|Garmin Edge 1030 Plus|https://www.strava.com/activities/3896293606
8/10/2020|85.17|02:43:39|1490|0|0|0|0||0|0|31.2|73.8|81|111|0|0|0|0||30|02:48:00|Garmin Edge 1030 Plus|https://www.strava.com/activities/3891883198
8/9/2020|50.09|01:37:43|892|0|0|0|0||0|0|30.8|70.9|80|199|0|0|0|0||38|01:37:43|Garmin Edge 1030 Plus|https://www.strava.com/activities/3889096719
8/7/2020|58.34|01:49:17|315|0|0|0|0||0|0|32|61.2|82|168|0|0|0|0||30|02:00:34|Garmin Edge 1030 Plus|https://www.strava.com/activities/3877269893
8/5/2020|156.85|05:01:22|2763|0|0|0|0||0|0|31.2|83.9|82|186|0|0|0|0||24|05:24:11|Garmin Edge 1030 Plus|https://www.strava.com/activities/3868129681
8/31/2020|201.95|05:27:02|2468|0|0|0|0||0|0|37.1|83.2|80|155|0|0|0|0|4,073|22|05:27:02|Garmin Edge 1030 Plus|https://www.strava.com/activities/3992241305
8/30/2020|195.57|05:39:08|3519|0|0|0|0||0|0|34.6|88.9|82|157|0|0|0|0|5,129|29|05:39:36|Garmin Edge 1030 Plus|https://www.strava.com/activities/3988228840
8/29/2020|163.82|04:10:08|1461|0|0|0|0||0|0|39.3|71.6|84|158|0|0|0|0|3,825|22|04:12:37|Garmin Edge 1030 Plus|https://www.strava.com/activities/3983111662
8/27/2020|80.89|02:34:23|1304|0|0|0|0||0|0|31.4|70.2|80|121|0|0|0|0|2,495|27|02:41:32|Garmin Edge 1030 Plus|https://www.strava.com/activities/3972322736
8/24/2020|25.82|00:32:22|433|0|0|0|0||0|0|47.9|80.3|102|141|0|0|0|0|855|19|00:33:37|Garmin Edge 130 Plus|https://www.strava.com/activities/3960262577
8/23/2020|65.66|01:41:22|835|0|0|0|0||0|0|38.9|75.6|93|142|0|0|0|0|1,731|20|02:00:52|Garmin Edge 1030 Plus|https://www.strava.com/activities/3955819367
8/16/2020|160.79|04:46:54|3802|0|0|0|0||0|0|33.6|87.1|82|169|0|0|0|0|5,051|27|04:49:41|Garmin Edge 1030 Plus|https://www.strava.com/activities/3922035719
8/15/2020|155.92|04:59:43|4220|0|0|0|0||0|0|31.2|87.1|81|186|0|0|0|0|5,216|30|05:00:37|Garmin Edge 1030 Plus|https://www.strava.com/activities/3917227748
8/14/2020|160.91|04:31:24|3286|0|0|0|0||0|0|35.6|100.8|84|131|0|0|0|0|4,789|30|04:32:23|Garmin Edge 1030 Plus|https://www.strava.com/activities/3912150032
8/13/2020|141.55|04:06:59|2803|0|0|0|0||0|0|34.4|90.4|82|128|0|0|0|0|4,043|33|04:08:12|Garmin Edge 1030 Plus|https://www.strava.com/activities/3908055471
8/12/2020|228.1|05:50:22|3454|0|0|0|0||0|0|39.1|86.8|85|148|0|0|0|0|5,528|28|05:52:48|Garmin Edge 1030 Plus|https://www.strava.com/activities/3903077819
9/30/2020|80.01|02:15:35|148|0|0|0|0||0|0|35.4|55.8|89|147|0|0|0|0|2,031|15|02:20:33|Garmin Edge 1030 Plus|https://www.strava.com/activities/4132069818
9/25/2020|31.77|00:37:16|288|0|0|0|0||0|0|51.2|74.9|104|126|0|0|0|0|1,005|23|2.19:18:01|Garmin Edge 130 Plus|https://www.strava.com/activities/4122754040
9/27/2020|70.31|02:17:06|1389|0|0|0|0||0|0|30.8|67|83|184|0|0|0|0|2,151|12|02:18:47|Garmin Edge 1030 Plus|https://www.strava.com/activities/4120897183
9/15/2020|169.85|04:46:08|3542|0|0|0|0||0|0|35.6|97.2|84|180|0|0|0|0|5,223|29|04:47:14|Garmin Edge 1030 Plus|https://www.strava.com/activities/4065276295
9/13/2020|205.08|05:47:46|3570|0|0|0|0||0|0|35.4|87.5|82|121|0|0|0|0|5,608|28|05:50:45|Garmin Edge 1030 Plus|https://www.strava.com/activities/4055205703
9/12/2020|201.01|04:45:58|2563|0|0|0|0||0|0|42.2|85|90|196|0|0|0|0|5,196|28|04:45:58|Garmin Edge 1030 Plus|https://www.strava.com/activities/4050111801
9/1/2020|163.56|04:23:29|3086|0|0|0|0||0|0|37.2|93.2|85|132|0|0|0|0|4,420|23|04:23:29|Garmin Edge 1030 Plus|https://www.strava.com/activities/3996595880
9/11/2020|211.62|05:59:40|4407|0|0|0|0||0|0|35.3|90.7|82|200|0|0|0|0|5,783|26|06:02:29|Garmin Edge 1030 Plus|https://www.strava.com/activities/4044806940
9/10/2020|223.6|05:24:03|3351|0|0|0|0||0|0|41.4|93.2|87|143|0|0|0|0|5,467|29|05:27:22|Garmin Edge 1030 Plus|https://www.strava.com/activities/4039932349
9/9/2020|174.42|04:19:48|1098|0|0|0|0||0|0|40.3|74.2|83|129|0|0|0|0|3,156|32|04:20:35|Garmin Edge 1030 Plus|https://www.strava.com/activities/4035133257
9/8/2020|173.91|03:49:58|774|0|0|0|0||0|0|45.4|70.9|92|200|0|0|0|0|3,977|29|03:51:09|Garmin Edge 1030 Plus|https://www.strava.com/activities/4033696014
9/6/2020|162.19|04:26:57|3355|0|0|0|0||0|0|36.5|91.4|85|142|0|0|0|0|4,977|18|04:28:19|Garmin Edge 1030 Plus|https://www.strava.com/activities/4021214990
9/5/2020|143.36|04:35:27|3558|0|0|0|0||0|0|31.2|97.2|80|200|0|0|0|0|4,566|27|04:35:54|Garmin Edge 1030 Plus|https://www.strava.com/activities/4016668089
9/4/2020|173.14|03:44:13|2002|0|0|0|0||0|0|46.3|90.4|92|130|0|0|0|0|3,821|33|03:44:13|Garmin Edge 1030 Plus|https://www.strava.com/activities/4010819202
9/3/2020|194.65|05:02:01|3049|0|0|0|0||0|0|38.7|97.9|85|143|0|0|0|0|4,856|30|05:03:33|Garmin Edge 1030 Plus|https://www.strava.com/activities/4005852529
9/2/2020|186.17|04:32:43|1404|0|0|0|0||0|0|41|81|83|129|0|0|0|0|3,199|29|04:49:18|Garmin Edge 1030 Plus|https://www.strava.com/activities/4001385951
10/30/2020|54.13|01:39:53|646|0|0|0|0||0|0|32.5|69.8|87|155|0|0|0|0||14|01:43:13|Garmin Edge 1030 Plus|https://www.strava.com/activities/4261699224
10/27/2020|80.12|02:31:05|1196|0|0|0|0||0|0|31.8|72.4|84|144|0|0|0|0||9|02:58:59|Garmin Edge 1030 Plus|https://www.strava.com/activities/4249545695
10/25/2020|160.21|05:04:08|3063|0|0|0|0||0|0|31.6|88.2|82|171|0|0|0|0||13|05:10:49|Garmin Edge 1030 Plus|https://www.strava.com/activities/4242037962
10/8/2020|173.19|05:02:12|2657|0|0|0|0||0|0|34.4|77|86|200|0|0|0|0||15|05:27:00|Garmin Edge 1030 Plus|https://www.strava.com/activities/4167539950
10/4/2020|63.16|02:09:16|1143|0|0|0|0||0|0|29.3|80.6|79|167|0|0|0|0||17|02:28:12|Garmin Edge 1030 Plus|https://www.strava.com/activities/4150664624
10/31/2020|171.85|04:02:42|2753|0|0|0|0||0|0|42.5|79.6|93|192|0|0|0|0|5,112|9|04:02:42|Garmin Edge 130 Plus|https://www.strava.com/activities/4272008060
10/28/2020|127.17|04:08:47|1636|0|0|0|0||0|0|30.7|74.9|82|200|0|0|0|0||9|04:19:31|Garmin Edge 1030 Plus|https://www.strava.com/activities/4254254993
10/24/2020|93.67|03:24:11|2104|0|0|0|0||0|0|27.5|77.8|0|0|0|0|0|0||12|03:53:51|Garmin Edge 1030 Plus|https://www.strava.com/activities/4236796033
10/20/2020|65.01|01:58:56|154|0|0|0|0||0|0|32.8|56.2|83|112|0|0|0|0|1,714|12|02:03:26|Garmin Edge 1030 Plus|https://www.strava.com/activities/4219185489
10/17/2020|67.93|02:01:56|141|0|0|0|0||0|0|33.4|47.5|86|117|0|0|0|0|1,766|8|02:08:05|Garmin Edge 1030 Plus|https://www.strava.com/activities/4207335465
10/7/2020|99.01|03:13:02|1483|0|0|0|0||0|0|30.8|76.7|84|191|0|0|0|0||12|03:25:00|Garmin Edge 1030 Plus|https://www.strava.com/activities/4163103866
10/3/2020|189.9|04:22:13|2050|0|0|0|0||0|0|43.5|82.4|90|131|0|0|0|0|4,843|13|04:24:03|Garmin Edge 1030 Plus|https://www.strava.com/activities/4146120050
12/26/2020|43.15|02:18:19|0|0|0|0|0||0|0|0|0|0|0|0|0|0|0|||00:00:00|Garmin Forerunner 945|https://www.strava.com/activities/4520734647
12/21/2020|120.54|03:57:04|1712|0|0|0|0||0|0|30.5|77.4|88|146|0|0|0|0||4|04:04:33|Garmin Edge 1030 Plus|https://www.strava.com/activities/4500544555
12/20/2020|120.24|04:30:31|3020|0|0|0|0||0|0|26.7|77|82|124|0|0|0|0||5|04:33:56|Garmin Edge 1030 Plus|https://www.strava.com/activities/4496523469
12/18/2020|165.13|05:13:27|2195|0|0|0|0||0|0|31.6|67.7|77|178|0|0|0|0||13|05:31:38|Garmin Edge 1030 Plus|https://www.strava.com/activities/4487225341
12/15/2020|81.74|02:58:31|1288|0|0|0|0||0|0|27.5|67.3|79|128|0|0|0|0||13|04:25:48|Garmin Edge 1030 Plus|https://www.strava.com/activities/4475345292
12/13/2020|74.7|02:07:20|750|0|0|0|0||0|0|35.2|70.6|88|130|0|0|0|0||5|02:21:11|Garmin Edge 1030 Plus|https://www.strava.com/activities/4467768871
12/10/2020|26.72|01:34:10|0|0|0|0|0||0|0|0|0|0|0|0|0|0|0|||00:00:00|Garmin Forerunner 945|https://www.strava.com/activities/4453435500
12/3/2020|83.87|02:40:23|1213|0|0|0|0||0|0|31.4|71.6|87|141|0|0|0|0||3|02:41:13|Garmin Edge 1030 Plus|https://www.strava.com/activities/4424329676
12/17/2020|120.65|04:02:44|1398|0|0|0|0||0|0|29.8|59.8|82|126|0|0|0|0||12|05:12:55|Garmin Edge 1030 Plus|https://www.strava.com/activities/4483048496
12/16/2020|126.38|04:19:05|2132|0|0|0|0||0|0|29.3|70.2|83|129|0|0|0|0||10|04:31:03|Garmin Edge 1030 Plus|https://www.strava.com/activities/4479750319
loaded urls in 02:09:24.8384766
