date|distance|mov_time|elevation|relativeEffort|avg_power_weig|work_total|training_load|intensity|estAvgPower|energyOutput|avg_speed|max_speed|avg_cadence|max_cadence|avg_heartRate|max_heartRate|avg_power|max_power|avg_calories|avg_temperature|avg_elap_time|bicycle_model|url
1/31/2019|64.34|01:59:59|7|0|0|0|0||0|0|32.2|49.7|80|138|0|0|0|0|1,801|-5|01:59:59|Pioneer|https://www.strava.com/activities/2115416020
1/31/2019|78.6|02:34:52|57|0|0|0|0||0|0|30.5|49|82|111|113|141|0|0|2,439|-6|02:37:20|Pioneer|https://www.strava.com/activities/2115209403
1/18/2019|32.12|01:08:56|417|0|199|747|34|53%|0|0|28|62.6|82|170|98|130|181|590|833|5|01:12:40|Pioneer|https://www.strava.com/activities/2086530202
1/13/2019|39.87|01:32:27|89|0|156|830|27|42%|0|0|25.9|43.9|78|115|87|120|150|910|926|5|01:33:49|Pioneer|https://www.strava.com/activities/2078856375
1/11/2019|68.81|02:14:38|52|0|253|1789|104|67%|0|0|30.7|53.3|83|111|115|163|221|682|1,995|3|02:49:12|Pioneer|https://www.strava.com/activities/2070744377
1/10/2019|40.2|01:21:38|527|0|0|0|0||0|0|29.5|79.9|88|109|0|0|0|0|878||01:21:38|Zwift|https://www.strava.com/activities/2069147759
1/8/2019|165.15|06:39:59|4208|0|258|5080|319|69%|0|0|24.8|68.4|71|132|114|172|212|1067|5,664|15|06:46:05|Pioneer|https://www.strava.com/activities/2067299334
1/7/2019|144.89|05:21:02|3173|0|255|4058|250|68%|0|0|27.1|76.3|76|118|118|168|211|1426|4,525|19|05:27:57|Pioneer|https://www.strava.com/activities/2062264265
1/6/2019|30.72|01:23:24|535|0|173|726|30|46%|0|0|22.1|67|77|106|91|117|145|588|810|18|02:17:54|Pioneer|https://www.strava.com/activities/2060040596
1/5/2019|146.86|05:28:02|2924|0|249|4133|245|66%|0|0|26.9|70.6|77|128|113|166|210|1115|4,608|16|06:02:08|Pioneer|https://www.strava.com/activities/2057649091
1/2/2019|33.82|01:22:24|391|0|179|729|45|48%|0|0|24.6|66.2|80|126|0|0|147|901|813|17|02:01:57|Pioneer|https://www.strava.com/activities/2051224135
1/1/2019|36.45|01:34:29|212|0|0|0|0||99|562|23.1|39.2|0|0|0|0|0|0|630||01:35:12||https://www.strava.com/activities/2048429927
1/25/2019|60.66|01:59:47|708|0|191|1150|53|51%|0|0|30.4|69.8|79|119|0|0|160|1257|1,282|11|02:03:01|Pioneer|https://www.strava.com/activities/2101914657
1/24/2019|224.17|06:37:13|2305|0|0|0|0||0|0|33.9|92.9|81|169|0|0|0|0|5,651|10|07:27:54|Pioneer|https://www.strava.com/activities/2100382528
1/23/2019|157.87|05:42:13|3056|0|0|0|0||0|0|27.7|84.2|77|171|0|0|0|0|4,729|10|06:35:54|Pioneer|https://www.strava.com/activities/2098424065
1/22/2019|145.48|04:45:23|2111|0|0|0|0||0|0|30.6|87.8|78|160|0|0|0|0|3,698|3|04:55:26|Pioneer|https://www.strava.com/activities/2095964592
1/21/2019|55.29|01:46:34|250|0|209|1200|69|56%|0|0|31.1|57.6|81|182|103|139|188|722|1,338|12|02:19:41|Pioneer|https://www.strava.com/activities/2093603588
1/20/2019|141.97|03:51:44|557|0|0|0|0||0|0|36.8|67.7|85|121|0|0|0|0|3,143|9|04:27:57|Pioneer|https://www.strava.com/activities/2092213565
1/19/2019|179.25|06:04:13|3464|0|260|4856|297|69%|0|0|29.5|76.3|80|145|113|178|222|1449|5,414|7|06:13:09|Pioneer|https://www.strava.com/activities/2089300259
1/17/2019|65.7|02:08:58|984|0|0|0|0||0|0|30.6|59|82|179|0|0|0|0|1,748|8|02:11:23|Pioneer|https://www.strava.com/activities/2084989719
1/17/2019|89.79|02:53:09|1281|0|0|0|0||0|0|31.1|95|82|116|0|0|0|0|2,456|6|02:54:37|Pioneer|https://www.strava.com/activities/2084542134
1/16/2019|162.95|05:18:06|2862|0|0|0|0||0|0|30.7|72.7|81|135|0|0|0|0|4,531|9|05:37:47|Pioneer|https://www.strava.com/activities/2082721231
1/15/2019|131.52|04:19:03|1942|0|230|3082|168|61%|0|0|30.5|85|79|129|110|147|198|1368|3,436|12|04:31:54|Pioneer|https://www.strava.com/activities/2080237813
1/4/2019|113.27|04:29:35|2787|0|0|0|0||0|0|25.2|77|75|123|0|0|0|0|3,689|16|04:47:02|Pioneer|https://www.strava.com/activities/2055074308
1/3/2019|136.95|05:14:23|2544|0|0|0|0||0|0|26.1|67.7|80|135|0|0|0|0|4,428|17|06:03:15|Pioneer|https://www.strava.com/activities/2053056849
2/28/2019|58.99|01:51:32|658|0|225|1223|69|60%|0|0|31.7|77.8|79|124|0|0|183|940|1,364|12|02:09:47|Pioneer SGX-CA600|https://www.strava.com/activities/2181603534
2/27/2019|125.18|04:03:33|167|0|0|0|0||152|2228|30.8|47.5|0|0|108|158|0|0|1,301|15|04:10:18|Garmin Edge 820|https://www.strava.com/activities/2179297996
2/24/2019|2.5|00:04:36|0|0|51|9|0|14%|0|0|32.6|65.5|60|94|0|0|31|534|10|18|00:05:23|Pioneer SGX-CA600|https://www.strava.com/activities/2172977219
2/24/2019|175.59|04:28:06|2833|0|301|4021|287|80%|0|0|39.3|84.2|84|199|0|0|250|1041|4,483|23|04:28:32|Pioneer SGX-CA600|https://www.strava.com/activities/2172996662
2/23/2019|200.23|05:00:37|2316|0|0|0|0||0|0|40|84.2|83|189|0|0|0|0|4,108|23|05:02:22|Pioneer SGX-CA600|https://www.strava.com/activities/2169990188
2/22/2019|14.92|00:33:02|85|0|0|0|0||152|301|27.1|52.6|0|0|0|0|0|0|336|22|00:34:29|Pioneer SGX-CA600|https://www.strava.com/activities/2167564578
2/22/2019|19.69|00:26:04|63|0|0|0|0||0|0|45.3|69.1|92|119|0|0|0|0|678|13|00:26:04|Pioneer|https://www.strava.com/activities/2167586812
2/22/2019|20.45|00:38:24|222|0|13|2|0|3%|0|0|32|72.7|42|45|0|0|1|106|2|14|00:38:39|Pioneer|https://www.strava.com/activities/2167586731
2/22/2019|20.87|00:47:59|203|0|0|0|0||160|460|26.1|54.7|0|0|90|122|0|0|513|23|00:49:07|Pioneer SGX-CA600|https://www.strava.com/activities/2167564956
2/21/2019|7.33|00:09:12|4|0|90|46|1|24%|0|0|47.9|61.2|86|120|0|0|83|713|51|9|00:10:24|Pioneer SGX-CA600|https://www.strava.com/activities/2165273797
2/21/2019|186.62|05:06:39|3117|0|279|4240|283|74%|0|0|36.5|93.6|82|132|0|0|230|1178|4,727|18|05:09:08|Pioneer SGX-CA600|https://www.strava.com/activities/2165309089
2/20/2019|18.96|00:39:03|139|0|10|1|0|3%|0|0|29.1|51.8|73|75|0|0|1|179|1|24|00:44:55|Pioneer SGX-CA600|https://www.strava.com/activities/2163050981
2/20/2019|201.09|05:01:51|1983|0|241|3609|209|64%|0|0|40|106.6|82|142|0|0|199|1173|4,025|18|05:05:33|Pioneer SGX-CA600|https://www.strava.com/activities/2163075759
2/19/2019|67.27|02:00:34|436|0|191|1191|54|51%|0|0|33.5|64.1|82|148|90|141|165|895|1,328|19|02:38:48|Pioneer SGX-CA600|https://www.strava.com/activities/2160270388
2/18/2019|55.12|01:51:56|45|0|0|0|0||0|0|29.5|54.7|81|107|0|0|0|0|1,548|13|01:55:50|Pioneer SGX-CA600|https://www.strava.com/activities/2157871730
2/16/2019|165.11|05:24:44|140|0|213|4088|180|57%|0|0|30.5|49.7|81|158|101|133|210|848|4,579|6|05:33:40|Pioneer SGX-CA600|https://www.strava.com/activities/2153109413
2/15/2019|38.9|00:59:17|128|0|226|734|35|60%|0|0|39.4|55.4|87|114|109|153|206|625|706||00:59:17|Zwift|https://www.strava.com/activities/2151373963
2/15/2019|120.96|04:11:04|1631|0|0|0|0||0|0|28.9|68.4|80|119|0|0|0|0|3,759|7|04:13:20|Pioneer SGX-CA600|https://www.strava.com/activities/2151285403
2/10/2019|91.3|02:01:54|334|0|299|1923|129|80%|0|0|44.9|85|84|122|0|0|263|1304|2,144|12|02:02:11|Pioneer SGX-CA600|https://www.strava.com/activities/2138089395
2/10/2019|30.33|01:00:30|166|0|182|580|24|49%|0|0|30.1|57.6|81|176|0|0|160|513|647|12|01:02:56|Pioneer SGX-CA600|https://www.strava.com/activities/2138087865
2/9/2019|4.12|00:08:10|0|0|38|10|0|10%|0|0|30.3|66.2|71|93|69|90|20|325|11|12|00:08:10|Pioneer SGX-CA600|https://www.strava.com/activities/2135569779
2/9/2019|191.53|05:09:38|3213|0|278|4229|284|74%|0|0|37.1|90.7|82|149|116|168|228|1103|4,716|14|05:10:40|Pioneer SGX-CA600|https://www.strava.com/activities/2135585145
2/8/2019|198.81|05:13:41|3142|0|285|4423|303|76%|0|0|38|79.9|83|172|0|0|235|1203|4,932|15|05:15:04|Pioneer SGX-CA600|https://www.strava.com/activities/2132456867
2/7/2019|91.3|02:05:43|1268|0|317|2085|150|85%|0|0|43.6|81.4|87|148|145|182|276|1100|2,325|17|02:05:43|Pioneer SGX-CA600|https://www.strava.com/activities/2130288113
2/7/2019|83.72|02:20:54|1310|0|267|1953|119|71%|0|0|35.7|88.6|83|158|119|167|231|1115|2,177|14|02:21:55|Pioneer SGX-CA600|https://www.strava.com/activities/2130322807
2/6/2019|9.16|00:15:30|39|0|231|201|9|62%|0|0|35.5|59|85|107|120|152|216|923|224|11|00:15:30|Pioneer SGX-CA600|https://www.strava.com/activities/2127951915
2/6/2019|11.09|00:23:30|86|0|220|269|13|59%|0|0|28.3|54|77|105|108|146|191|575|300|12|00:23:30|Pioneer SGX-CA600|https://www.strava.com/activities/2127953153
2/5/2019|38.87|01:20:11|327|0|170|768|32|45%|0|0|29.1|59|78|111|0|0|160|1098|856|12|02:24:18|Pioneer SGX-CA600|https://www.strava.com/activities/2126644341
2/2/2019|39.01|00:56:54|375|0|0|0|0||0|0|41.1|71.6|92|124|0|0|0|0|893||00:56:54|Zwift|https://www.strava.com/activities/2119717495
2/2/2019|36.75|01:05:14|474|0|0|0|0||0|0|33.8|64.4|83|104|104|118|0|0|713||01:05:14|Zwift|https://www.strava.com/activities/2119579549
2/2/2019|80.17|02:29:57|1237|0|0|0|0||0|0|32.1|75.2|85|155|0|0|0|0|1,795||02:30:17|Zwift|https://www.strava.com/activities/2118677579
3/31/2019|248.63|05:27:01|1525|0|314|5696|383|84%|0|0|45.6|79.2|89|138|0|0|290|1345|6,351|14|05:27:01|Pioneer SGX-CA600|https://www.strava.com/activities/2255283025
3/30/2019|44.41|01:23:51|64|0|0|0|0||78|390|31.8|61.9|0|0|0|0|0|0|435|21|02:38:23|Pioneer SGX-CA600|https://www.strava.com/activities/2251547990
3/29/2019|205.6|04:53:56|1915|0|304|4541|322|81%|0|0|42|82.8|86|166|0|0|257|1231|5,063|19|04:54:31|Pioneer SGX-CA600|https://www.strava.com/activities/2249681045
3/28/2019|36.61|01:12:01|41|0|174|713|27|46%|0|0|30.5|51.5|81|188|0|0|165|861|795|12|02:08:14|Pioneer SGX-CA600|https://www.strava.com/activities/2246678359
3/27/2019|206.41|04:43:25|630|0|278|3946|260|74%|0|0|43.7|79.9|83|170|0|0|232|1280|4,399|12|04:44:28|Pioneer SGX-CA600|https://www.strava.com/activities/2244696451
3/26/2019|38.16|01:18:30|40|0|204|903|41|54%|0|0|29.2|46.8|81|177|0|0|192|1491|1,006|13|01:57:34|Pioneer SGX-CA600|https://www.strava.com/activities/2242416238
3/25/2019|40.65|01:29:07|99|0|187|968|41|50%|0|0|27.4|51.5|85|154|0|0|181|1111|1,079|9|03:10:36|Pioneer SGX-CA600|https://www.strava.com/activities/2241220510
3/24/2019|23.24|00:50:08|378|0|0|0|0||0|0|27.8|67.3|93|116|0|0|0|0|455||00:50:08|Zwift|https://www.strava.com/activities/2237657029
3/23/2019|297.26|06:56:21|1840|0|260|5173|336|69%|0|0|42.8|81.4|84|130|0|0|207|1228|5,768|21|07:02:28|Pioneer SGX-CA600|https://www.strava.com/activities/2235199637
3/22/2019|45.75|01:26:50|348|0|203|886|43|54%|0|0|31.6|56.9|81|200|0|0|170|1138|987|18|02:12:59|Pioneer SGX-CA600|https://www.strava.com/activities/2231496814
3/20/2019|47.35|01:38:52|158|0|213|1226|57|57%|0|0|28.7|44.6|82|112|0|0|207|757|1,378|8|01:46:29|Pioneer SGX-CA600|https://www.strava.com/activities/2226744730
3/17/2019|119.91|03:19:02|2123|0|300|3016|212|80%|0|0|36.1|85.7|79|140|0|0|253|1206|3,362|13|03:19:02|Pioneer SGX-CA600|https://www.strava.com/activities/2220913117
3/16/2019|15.3|00:22:49|0|0|57|57|0|15%|0|0|40.3|67.7|76|165|0|0|42|416|64|14|00:22:49|Pioneer SGX-CA600|https://www.strava.com/activities/2217689722
3/16/2019|188.79|05:37:52|4002|0|303|5396|369|81%|0|0|33.5|79.2|81|135|0|0|266|1286|6,016|19|05:39:00|Pioneer SGX-CA600|https://www.strava.com/activities/2217715537
3/15/2019|179.23|04:24:48|2003|0|260|2487|211|69%|0|0|40.6|87.1|81|200|0|0|157|1072|2,772|22|04:26:20|Pioneer SGX-CA600|https://www.strava.com/activities/2215417624
3/14/2019|25.01|00:32:15|132|0|0|0|0||0|0|46.5|61.2|94|113|0|0|0|0|828|14|00:32:15|Pioneer SGX-CA600|https://www.strava.com/activities/2213027903
3/13/2019|215.57|05:15:40|2918|0|291|4699|321|78%|0|0|41|90|85|179|0|0|248|1171|5,239|11|05:19:33|Pioneer SGX-CA600|https://www.strava.com/activities/2211081162
3/12/2019|205.44|05:25:35|902|0|221|3423|191|59%|0|0|37.9|68.4|81|139|0|0|175|1264|3,816|15|05:29:39|Pioneer SGX-CA600|https://www.strava.com/activities/2208659086
3/11/2019|169.73|03:24:29|763|0|330|3620|263|88%|0|0|49.8|87.8|88|168|0|0|295|1376|4,037|11|03:24:29|Pioneer SGX-CA600|https://www.strava.com/activities/2206365516
3/10/2019|141.03|03:26:06|1170|0|0|0|0||0|0|41.1|79.2|83|165|0|0|0|0|3,564|13|03:27:06|Pioneer SGX-CA600|https://www.strava.com/activities/2204236188
3/9/2019|46.75|01:24:26|399|0|0|0|0||132|669|33.2|71.3|0|0|0|0|0|0|745|10|01:30:37|Pioneer SGX-CA600|https://www.strava.com/activities/2200963892
3/2/2019|205.94|05:08:34|1583|0|286|4407|299|76%|0|0|40|72|83|148|0|0|238|1177|4,913|10|05:10:20|Pioneer SGX-CA600|https://www.strava.com/activities/2186409061
4/29/2019|88.99|02:59:28|258|0|0|0|0||0|0|29.8|58.3|83|127|111|167|0|0|2,176|16|05:20:45|Pioneer SGX-CA600|https://www.strava.com/activities/2327962425
4/27/2019|30.21|00:45:06|254|0|0|0|0||0|0|40.2|75.6|88|117|0|0|0|0|612||00:45:06|Zwift|https://www.strava.com/activities/2323068407
4/27/2019|128.51|04:17:30|89|0|0|0|0||0|0|29.9|46.8|77|149|106|140|0|0||12|04:29:36|Pioneer SGX-CA600|https://www.strava.com/activities/2323104283
4/26/2019|132.54|04:26:33|1585|0|261|3504|223|70%|0|0|29.8|64.1|79|116|121|175|219|1091|3,907|15|04:39:25|Pioneer SGX-CA600|https://www.strava.com/activities/2321279771
4/23/2019|26.69|00:57:34|13|0|185|452|23|49%|0|0|27.8|61.2|77|106|0|0|131|1182|504|18|00:59:24|Pioneer SGX-CA600|https://www.strava.com/activities/2315496387
4/10/2019|156.13|04:59:56|393|0|0|0|0||0|0|31.2|58.3|84|117|117|160|0|0|4,413|10|05:01:44|Pioneer SGX-CA600|https://www.strava.com/activities/2280147132
4/24/2019|200.13|06:06:05|172|0|0|0|0||0|0|32.8|61.2|82|130|0|0|0|0|5,096|23|06:30:34|Pioneer SGX-CA600|https://www.strava.com/activities/2315524959
4/23/2019|90.96|03:02:47|110|0|0|0|0||0|0|29.9|61.2|78|152|111|163|0|0||20|03:43:40|Pioneer SGX-CA600|https://www.strava.com/activities/2312535978
4/22/2019|133.4|04:17:33|341|0|0|0|0||0|0|31.1|57.6|82|114|0|0|0|0|3,723|25|04:41:25|Pioneer SGX-CA600|https://www.strava.com/activities/2310299027
4/21/2019|133.67|04:03:56|668|0|161|552|75|43%|0|0|32.9|67|57|118|0|0|38|1070|615|19|04:36:10|Pioneer SGX-CA600|https://www.strava.com/activities/2307153075
4/14/2019|262.2|06:11:32|1218|0|201|1587|179|54%|0|0|42.3|76.3|85|200|0|0|71|1020|1,770|8|06:12:31|Pioneer SGX-CA600|https://www.strava.com/activities/2289928061
4/13/2019|41.05|01:17:49|246|0|0|0|0||100|467|31.7|56.9|0|0|0|0|0|0|521|9|02:07:08|Pioneer SGX-CA600|https://www.strava.com/activities/2286820606
4/12/2019|41.44|01:26:02|244|0|0|0|0||89|458|28.9|56.2|0|0|0|0|0|0|511|9|02:03:07|Pioneer SGX-CA600|https://www.strava.com/activities/2286820106
4/11/2019|107.58|03:32:39|293|0|0|0|0||76|972|30.4|59|0|0|116|157|0|0|1,084|12|03:49:23|Pioneer SGX-CA600|https://www.strava.com/activities/2281794835
4/7/2019|277.14|06:31:43|2051|0|282|5492|372|75%|0|0|42.4|82.8|84|136|0|0|234|1278|6,124|18|06:36:39|Pioneer SGX-CA600|https://www.strava.com/activities/2272773304
4/6/2019|45.6|01:26:17|84|0|200|881|43|53%|0|0|31.7|56.2|83|122|0|0|170|1327|982|12|02:24:32|Pioneer SGX-CA600|https://www.strava.com/activities/2268675538
4/3/2019|185.87|04:16:10|1191|0|293|3770|264|78%|0|0|43.5|89.3|84|195|0|0|245|1242|4,203|12|04:21:16|Pioneer SGX-CA600|https://www.strava.com/activities/2262275768
5/31/2019|33.59|01:31:10|1331|0|217|1025|53|58%|0|0|22.1|82.4|73|129|100|134|187|758|1,143|22|02:20:43|Pioneer SGX-CA600|https://www.strava.com/activities/2411499530
5/28/2019|27.57|00:51:46|144|0|168|514|17|45%|0|0|32|55.8|89|101|0|0|165|280|490||00:52:35|Zwift|https://www.strava.com/activities/2403365973
5/26/2019|48.2|00:55:04|227|0|0|0|0||0|0|52.5|74.2|94|115|0|0|0|0|1,306|8|00:55:04|Pioneer|https://www.strava.com/activities/2399658137
5/26/2019|39.04|01:05:54|188|0|203|741|33|54%|0|0|35.6|69.1|80|115|0|0|188|646|827|8|01:08:09|Pioneer|https://www.strava.com/activities/2399663723
5/25/2019|89.24|02:07:20|509|0|288|1810|126|77%|0|0|42.1|69.8|83|125|113|174|237|1344|2,018|10|02:08:25|Pioneer SGX-CA600|https://www.strava.com/activities/2396496378
5/25/2019|58.65|01:56:51|612|0|197|1131|56|53%|0|0|30.1|69.8|75|134|88|126|161|831|1,261|10|02:38:21|Pioneer SGX-CA600|https://www.strava.com/activities/2396496217
5/24/2019|92.3|02:17:29|1183|0|359|2407|223|96%|0|0|40.3|85.7|82|200|141|186|292|1266|2,684|9|02:34:38|Pioneer SGX-CA600|https://www.strava.com/activities/2394082865
5/24/2019|70.49|02:16:15|521|0|195|1454|76|52%|0|0|31|59|77|170|94|143|178|880|1,621|14|03:27:57|Pioneer SGX-CA600|https://www.strava.com/activities/2393057711
5/23/2019|0|00:00:00|9|0|0|0|0||0|0|3.6|0.7|81|100|0|0|0|0|0|13|00:34:59|Pioneer SGX-CA600|https://www.strava.com/activities/2392681970
5/22/2019|61.91|02:06:45|33|0|183|1368|52|49%|0|0|29.3|48.2|81|137|0|0|180|913|1,525|16|02:13:44|Pioneer SGX-CA600|https://www.strava.com/activities/2387493893
5/20/2019|41.67|01:48:27|1188|0|200|1121|51|53%|0|0|23.1|75.2|80|128|0|0|172|481|1,078||01:48:27|Zwift|https://www.strava.com/activities/2382486070
5/19/2019|200.6|04:38:57|230|0|0|0|0||0|0|43.1|71.3|82|136|0|0|0|0|4,839|12|04:38:57|Pioneer SGX-CA600|https://www.strava.com/activities/2380943938
5/18/2019|188.59|04:55:31|2342|0|0|0|0||0|0|38.3|87.1|83|141|0|0|0|0|4,513|21|04:57:45|Pioneer SGX-CA600|https://www.strava.com/activities/2378020050
5/17/2019|193.02|04:52:50|1914|0|0|0|0||0|0|39.6|81.4|84|147|0|0|0|0|2,416|16|04:54:51|Pioneer SGX-CA600|https://www.strava.com/activities/2375126615
5/16/2019|163.38|03:42:01|1095|0|0|0|0||0|0|44.2|76.3|83|123|0|0|0|0|3,421|21|03:42:30|Pioneer SGX-CA600|https://www.strava.com/activities/2372442557
5/15/2019|182.82|04:13:35|1119|0|263|3426|209|70%|0|0|43.3|82.8|82|185|0|0|225|1148|3,820|22|04:15:54|Pioneer SGX-CA600|https://www.strava.com/activities/2369841163
5/14/2019|184.32|04:28:39|780|0|0|0|0||0|0|41.2|77|80|139|0|0|0|0|3,861|20|04:31:03|Pioneer SGX-CA600|https://www.strava.com/activities/2367072839
5/13/2019|23.52|00:47:19|300|0|206|546|25|55%|0|0|29.8|62.6|77|107|98|119|192|527|609|18|01:26:55|Pioneer SGX-CA600|https://www.strava.com/activities/2364286159
5/12/2019|155.22|03:26:41|662|0|0|0|0||0|0|45.1|61.9|89|156|0|0|0|0|4,081|12|03:26:41|Pioneer SGX-CA600|https://www.strava.com/activities/2362798420
5/9/2019|164.54|06:00:00|3200|0|0|0|0||0|0|27.4|71.3|76|114|0|0|0|0|5,447|12|06:52:27|Pioneer SGX-CA600|https://www.strava.com/activities/2354521724
5/8/2019|35.24|01:00:37|53|0|174|607|21|46%|0|0|34.9|43.9|89|106|0|0|167|347|584||01:00:37|Zwift|https://www.strava.com/activities/2350977257
5/7/2019|167.78|05:32:09|598|0|0|0|0||0|0|30.3|61.2|80|134|106|171|0|0|4,929|10|05:34:16|Pioneer SGX-CA600|https://www.strava.com/activities/2348877054
5/6/2019|69.69|02:25:41|137|0|0|0|0||0|0|28.7|52.6|79|112|105|169|0|0|1,711|10|17:14:02|Pioneer SGX-CA600|https://www.strava.com/activities/2348198343
5/4/2019|163.82|05:05:04|691|0|0|0|0||0|0|32.2|69.1|81|133|112|162|0|0|4,748|9|05:11:44|Pioneer SGX-CA600|https://www.strava.com/activities/2341681264
5/3/2019|20.38|00:31:00|102|0|0|0|0||0|0|39.4|56.2|90|113|0|0|0|0|542||00:31:00|Zwift|https://www.strava.com/activities/2338947577
5/3/2019|30.59|00:48:09|278|0|0|0|0||0|0|38.1|75.2|90|109|0|0|0|0|677||00:48:09|Zwift|https://www.strava.com/activities/2338840851
5/3/2019|61.21|01:58:00|32|0|0|0|0||0|0|31.1|56.2|82|117|117|175|0|0|1,716|10|02:02:17|Pioneer SGX-CA600|https://www.strava.com/activities/2338720399
5/1/2019|193.49|05:45:37|170|0|0|0|0||0|0|33.6|59.8|84|171|109|173|0|0|5,025|12|06:51:32|Pioneer SGX-CA600|https://www.strava.com/activities/2333611501
6/23/2019|2.72|00:08:18|26|0|88|41|1|23%|0|0|19.7|38.9|73|106|0|0|83|399|46|26|00:42:26|Pioneer SGX-CA600|https://www.strava.com/activities/2474678588
6/19/2019|6.72|00:07:54|0|0|0|0|0||0|0|51.1|61.2|93|121|0|0|0|0|230|16|00:07:54|Pioneer|https://www.strava.com/activities/2467821336
6/19/2019|13.92|00:23:48|5|0|211|269|12|56%|0|0|35.1|54.7|85|113|0|0|188|877|300|26|00:24:10|Pioneer SGX-CA600|https://www.strava.com/activities/2464161696
6/12/2019|28.7|01:04:49|340|0|182|657|26|49%|0|0|26.6|73.4|84|188|88|108|169|467|732|23|01:05:53|Pioneer SGX-CA600|https://www.strava.com/activities/2443861781
6/9/2019|32.63|01:00:08|30|0|0|0|0||0|0|32.6|49|91|107|0|0|0|0|655|21|01:01:55|Pioneer SGX-CA600|https://www.strava.com/activities/2435549747
6/27/2019|142.99|04:37:50|341|0|0|0|0||0|0|30.9|57.6|83|168|0|0|0|0|3,988|22|04:48:43|Pioneer SGX-CA600|https://www.strava.com/activities/2484634993
6/23/2019|179.84|04:09:59|84|0|244|3186|176|65%|0|0|43.2|65.5|84|133|119|183|212|1106|3,552|30|04:10:22|Pioneer SGX-CA600|https://www.strava.com/activities/2474705776
6/22/2019|168.35|04:05:48|1967|0|307|3712|275|82%|0|0|41.1|85|86|127|0|0|252|1294|4,138|26|04:06:22|Pioneer SGX-CA600|https://www.strava.com/activities/2471373788
6/21/2019|90.49|02:07:14|68|0|236|1577|85|63%|0|0|42.7|65.2|86|145|0|0|207|1332|1,758|23|02:08:41|Pioneer SGX-CA600|https://www.strava.com/activities/2468637589
6/20/2019|202.42|04:17:17|107|0|259|3452|212|69%|0|0|47.2|65.5|86|151|0|0|224|1339|3,849|21|04:27:09|Pioneer SGX-CA600|https://www.strava.com/activities/2465805944
6/19/2019|37.93|01:07:11|38|0|189|704|29|50%|0|0|33.9|49|84|111|0|0|175|633|784|23|01:12:32|Pioneer SGX-CA600|https://www.strava.com/activities/2462737259
6/16/2019|55.85|02:19:13|1680|0|222|1729|81|59%|0|0|24.1|75.6|77|121|100|123|207|882|1,928|22|02:20:37|Pioneer SGX-CA600|https://www.strava.com/activities/2454829794
6/15/2019|36.73|01:41:34|1237|0|204|1097|50|54%|0|0|21.7|74.2|73|119|0|0|180|848|1,223|23|02:16:44|Pioneer SGX-CA600|https://www.strava.com/activities/2452192834
6/14/2019|148.46|05:13:27|3606|0|247|4172|233|66%|0|0|28.4|93.6|79|148|113|155|222|1053|4,652|25|05:53:21|Pioneer SGX-CA600|https://www.strava.com/activities/2449621280
6/11/2019|188.43|06:35:03|4380|0|255|5403|312|68%|0|0|28.6|92.2|79|174|111|156|228|1043|6,024|26|07:16:26|Pioneer SGX-CA600|https://www.strava.com/activities/2441746586
6/8/2019|188.03|06:35:01|4279|0|241|4952|281|64%|0|0|28.6|92.9|77|183|109|166|209|1092|5,521|27|07:24:19|Pioneer SGX-CA600|https://www.strava.com/activities/2433840752
6/6/2019|24.06|01:02:54|867|0|231|790|41|62%|0|0|22.9|70.6|73|115|97|113|209|443|881|23|02:23:15|Pioneer SGX-CA600|https://www.strava.com/activities/2428438156
6/5/2019|166|05:39:35|3843|0|271|4843|306|72%|0|0|29.3|77.8|79|191|108|157|238|889|5,399|20|06:22:29|Pioneer SGX-CA600|https://www.strava.com/activities/2425680989
6/4/2019|144.41|05:02:05|3387|0|0|0|0||0|0|28.7|83.5|79|129|118|156|0|0|4,522|28|06:02:02|Pioneer SGX-CA600|https://www.strava.com/activities/2422822389
6/3/2019|31.71|01:42:20|1552|0|199|1025|50|53%|0|0|18.6|70.6|70|114|92|116|167|431|1,143|22|02:29:42|Pioneer SGX-CA600|https://www.strava.com/activities/2419868582
7/31/2019|30.77|01:06:28|35|0|157|570|20|42%|0|0|27.8|52.6|82|141|0|0|143|1312|636|21|01:39:35|Pioneer SGX-CA600|https://www.strava.com/activities/2578525194
7/30/2019|76.2|01:51:57|4|0|0|0|0||0|0|40.8|58.3|82|126|0|0|0|0|1,964|21|01:51:57|Pioneer SGX-CA600|https://www.strava.com/activities/2576761192
7/29/2019|71.44|01:44:25|7|0|0|0|0||0|0|41.1|56.2|85|128|0|0|0|0|1,553|22|01:44:25|Pioneer SGX-CA600|https://www.strava.com/activities/2575153639
7/28/2019|127.92|03:10:21|738|0|0|0|0||0|0|40.3|74.2|78|167|0|0|0|0|2,427|22|03:11:46|Pioneer SGX-CA600|https://www.strava.com/activities/2575158133
7/27/2019|2.38|00:08:52|71|0|153|70|2|41%|0|0|16.1|61.9|63|125|0|0|131|456|78|13|00:09:10|Pioneer SGX-CA600|https://www.strava.com/activities/2569052198
7/27/2019|62.26|02:20:08|2236|0|304|2334|153|81%|0|0|26.7|68.4|76|113|0|0|278|992|2,602|23|02:20:08|Pioneer SGX-CA600|https://www.strava.com/activities/2569061842
7/26/2019|92.81|03:14:44|3002|0|286|3017|188|76%|0|0|28.6|74.2|75|128|0|0|258|967|3,364|29|03:14:44|Pioneer SGX-CA600|https://www.strava.com/activities/2564955717
7/25/2019|1.06|00:05:15|65|0|181|57|2|48%|0|0|12.1|18.7|64|83|0|0|182|351|64|22|00:05:15|Pioneer SGX-CA600|https://www.strava.com/activities/2562344412
7/25/2019|214.51|06:13:05|5070|0|291|5745|377|78%|0|0|34.5|93.6|80|143|0|0|257|1281|6,405|30|06:14:07|Pioneer SGX-CA600|https://www.strava.com/activities/2562382222
7/24/2019|3.97|00:11:32|21|0|110|64|1|29%|0|0|20.7|38.2|69|104|0|0|93|339|72|34|00:11:32|Pioneer SGX-CA600|https://www.strava.com/activities/2559534160
7/24/2019|206.19|04:57:00|2087|0|241|3615|204|64%|0|0|41.7|70.6|81|123|0|0|203|1178|4,031|35|04:58:12|Pioneer SGX-CA600|https://www.strava.com/activities/2559560017
7/23/2019|180.99|04:11:38|1467|0|254|3276|194|68%|0|0|43.2|77.8|83|128|0|0|217|1014|3,653|38|04:12:57|Pioneer SGX-CA600|https://www.strava.com/activities/2556674949
7/21/2019|12.13|00:19:01|3|0|44|20|0|12%|0|0|38.3|61.2|64|104|0|0|17|578|22|20|00:19:01|Pioneer SGX-CA600|https://www.strava.com/activities/2551390990
7/21/2019|185.28|05:21:33|3952|0|283|4724|303|75%|0|0|34.6|82.1|79|132|0|0|245|1148|5,267|24|05:22:02|Pioneer SGX-CA600|https://www.strava.com/activities/2551443855
7/20/2019|3.56|00:06:46|18|0|37|11|0|10%|0|0|31.6|71.3|71|104|0|0|26|503|12|27|00:06:46|Pioneer SGX-CA600|https://www.strava.com/activities/2548348823
7/20/2019|123.91|03:57:51|3422|0|306|3777|265|82%|0|0|31.3|85.7|78|123|0|0|265|1182|4,211|27|03:58:29|Pioneer SGX-CA600|https://www.strava.com/activities/2548378552
7/19/2019|8.88|00:24:12|80|0|146|188|7|39%|0|0|22|51.1|81|115|0|0|129|675|209|30|00:29:34|Pioneer SGX-CA600|https://www.strava.com/activities/2545414942
7/19/2019|26.53|00:39:25|371|0|0|0|0||0|0|40.4|84.2|90|124|0|0|0|0|853|28|00:39:25|Pioneer SGX-CA600|https://www.strava.com/activities/2545416179
7/19/2019|5.46|00:12:35|0|0|108|72|1|29%|0|0|26|46.8|78|105|0|0|96|364|81|28|00:12:35|Pioneer SGX-CA600|https://www.strava.com/activities/2545413910
7/18/2019|217.95|05:27:57|3022|0|291|4849|330|78%|0|0|39.9|97.9|82|136|0|0|246|1112|5,406|21|05:27:57|Pioneer SGX-CA600|https://www.strava.com/activities/2542911438
7/17/2019|170.8|04:00:22|1771|0|262|3194|197|70%|0|0|42.6|81.4|83|127|0|0|221|1114|3,561|32|04:02:00|Pioneer SGX-CA600|https://www.strava.com/activities/2540268299
7/16/2019|26.43|01:02:40|334|0|170|507|24|45%|0|0|25.3|67.7|72|108|0|0|135|559|565|29|01:40:37|Pioneer SGX-CA600|https://www.strava.com/activities/2536850682
7/15/2019|222.26|05:03:25|3052|0|294|4437|310|78%|0|0|44|88.6|84|133|0|0|244|1256|4,947|29|05:04:41|Pioneer SGX-CA600|https://www.strava.com/activities/2534543129
7/14/2019|178.4|04:41:03|2897|0|268|3663|238|71%|0|0|38.1|89.3|80|175|0|0|217|1019|4,085|28|04:41:38|Pioneer SGX-CA600|https://www.strava.com/activities/2531999941
7/13/2019|204.7|05:40:57|3932|0|294|5173|347|78%|0|0|36|88.6|80|151|0|0|253|1056|5,767|29|05:40:57|Pioneer SGX-CA600|https://www.strava.com/activities/2528951546
7/12/2019|237.79|06:19:08|2313|0|221|3991|221|59%|0|0|37.6|82.1|78|128|0|0|175|1182|4,450|28|06:22:19|Pioneer SGX-CA600|https://www.strava.com/activities/2526135110
7/11/2019|9.5|00:15:20|0|0|51|26|0|14%|0|0|37.2|64.1|72|110|0|0|28|299|28|17|00:16:25|Pioneer SGX-CA600|https://www.strava.com/activities/2523610472
7/11/2019|168.02|05:09:53|3862|0|295|4708|321|79%|0|0|32.5|92.9|79|130|0|0|253|1041|5,249|19|05:10:51|Pioneer SGX-CA600|https://www.strava.com/activities/2523660196
7/10/2019|177.08|04:30:00|2252|0|0|0|0||199|3223|39.4|92.2|0|0|0|0|0|0|3,593|27|04:30:36|Pioneer SGX-CA600|https://www.strava.com/activities/2523621519
7/9/2019|219.86|05:21:07|1544|0|0|0|0||0|0|41.1|98.6|81|166|0|0|0|0|4,260|27|05:23:15|Pioneer SGX-CA600|https://www.strava.com/activities/2517839898
7/8/2019|217.06|04:53:10|2318|0|0|0|0||0|0|44.4|85.7|85|132|0|0|0|0|4,731|24|04:54:04|Pioneer SGX-CA600|https://www.strava.com/activities/2515175860
7/7/2019|27.3|00:28:03|160|0|0|0|0||0|0|58.4|87.1|99|120|0|0|0|0|724|20|00:29:01|Pioneer SGX-CA600|https://www.strava.com/activities/2512567131
7/6/2019|200.03|04:38:27|1517|0|0|0|0||0|0|43.1|84.2|84|135|0|0|0|0|3,959|28|04:48:52|Pioneer SGX-CA600|https://www.strava.com/activities/2509549617
7/5/2019|45.62|01:29:19|215|0|191|875|44|51%|0|0|30.6|54.7|79|197|0|0|163|1411|975|25|02:09:26|Pioneer SGX-CA600|https://www.strava.com/activities/2505889251
7/4/2019|2.43|00:10:13|23|0|45|24|0|12%|0|0|14.3|28.8|55|166|0|0|39|401|26|25|00:15:10|Pioneer SGX-CA600|https://www.strava.com/activities/2505644082
7/4/2019|56.51|01:47:44|117|0|183|1075|45|49%|0|0|31.5|48.2|80|178|0|0|166|1307|1,199|22|02:33:46|Pioneer SGX-CA600|https://www.strava.com/activities/2503093776
7/3/2019|62.89|01:32:24|81|0|0|0|0||0|0|40.8|69.8|86|133|0|0|0|0|1,499|21|02:10:38|Pioneer SGX-CA600|https://www.strava.com/activities/2501122795
8/30/2019|75.06|01:56:01|3|0|288|1922|119|77%|0|0|38.8|56.2|82|116|125|172|276|1307|2,143|18|02:22:21|Pioneer SGX-CA600|https://www.strava.com/activities/2665565484
8/30/2019|51.86|01:45:01|69|0|187|1165|45|50%|0|0|29.6|43.2|80|109|0|0|185|801|1,299|17|01:48:21|Pioneer SGX-CA600|https://www.strava.com/activities/2664053344
8/29/2019|162.87|05:05:38|170|0|207|3737|156|55%|0|0|32|50.4|81|122|102|138|204|1130|4,167|20|05:08:42|Pioneer SGX-CA600|https://www.strava.com/activities/2661730151
8/28/2019|108.08|03:26:30|136|0|225|2572|125|60%|0|0|31.4|53.3|84|118|0|0|208|1214|2,565|23|03:31:00|Garmin Edge 820|https://www.strava.com/activities/2658649839
8/25/2019|221.92|04:59:35|1237|0|0|0|0||0|0|44.4|71.3|80|139|0|0|0|0|4,123|29|05:00:19|Pioneer SGX-CA600|https://www.strava.com/activities/2650673596
8/25/2019|3.5|00:07:46|13|0|136|62|2|36%|0|0|27|45.4|71|117|0|0|133|689|69|23|00:11:26|Pioneer SGX-CA600|https://www.strava.com/activities/2650637655
8/24/2019|34.99|01:05:11|38|0|218|805|36|58%|0|0|32.2|54.7|82|115|0|0|206|1310|897|27|01:05:11|Pioneer SGX-CA600|https://www.strava.com/activities/2646677104
8/23/2019|70.19|01:58:23|54|0|203|1384|59|54%|0|0|35.6|57.6|85|130|0|0|195|852|1,543|26|02:02:55|Pioneer SGX-CA600|https://www.strava.com/activities/2644217668
8/22/2019|88.22|02:39:39|69|0|256|2261|126|68%|0|0|33.2|52.6|81|114|0|0|236|1212|2,521|22|02:43:42|Pioneer SGX-CA600|https://www.strava.com/activities/2640971766
8/21/2019|31.2|01:06:39|10|0|150|558|19|40%|0|0|28.1|40.3|85|115|0|0|139|387|622|19|01:13:06|Pioneer SGX-CA600|https://www.strava.com/activities/2639121224
8/18/2019|179.08|04:12:33|1728|0|219|1290|143|58%|0|0|42.5|77.8|81|145|0|0|85|1058|1,438|18|04:13:18|Pioneer SGX-CA600|https://www.strava.com/activities/2630073983
8/17/2019|8.21|00:09:39|0|0|0|0|0||0|0|51.1|61.9|91|106|0|0|0|0|271|19|00:09:39|Pioneer SGX-CA600|https://www.strava.com/activities/2626981307
8/17/2019|18.5|00:35:30|6|0|178|329|13|47%|0|0|31.3|57.6|76|102|0|0|154|857|366|19|00:35:30|Pioneer SGX-CA600|https://www.strava.com/activities/2627350817
8/16/2019|196|04:07:09|305|0|248|3177|180|66%|0|0|47.6|74.2|81|173|0|0|214|1219|3,543|22|04:07:57|Pioneer SGX-CA600|https://www.strava.com/activities/2624175011
8/15/2019|97.23|02:28:52|1584|0|345|2498|210|92%|0|0|39.2|75.6|78|160|0|0|280|1264|2,785|17|02:29:14|Pioneer SGX-CA600|https://www.strava.com/activities/2621460051
8/14/2019|171.12|03:54:18|333|0|0|0|0||0|0|43.8|71.3|80|175|0|0|0|0|3,659|19|03:54:57|Pioneer SGX-CA600|https://www.strava.com/activities/2618558081
8/13/2019|175.83|04:01:38|313|0|0|0|0||0|0|43.7|64.8|79|200|0|0|0|0|3,543|19|04:02:26|Pioneer SGX-CA600|https://www.strava.com/activities/2615670744
8/12/2019|170.35|03:49:04|251|0|0|0|0||0|0|44.6|67.7|80|167|0|0|0|0|3,395|18|03:49:44|Pioneer SGX-CA600|https://www.strava.com/activities/2612723263
8/11/2019|170.35|03:44:55|121|0|305|3707|246|81%|0|0|45.4|65.5|84|166|0|0|275|1327|4,134|21|03:44:55|Pioneer SGX-CA600|https://www.strava.com/activities/2610558705
8/10/2019|42.63|01:23:56|82|0|228|1081|54|61%|0|0|30.5|51.1|76|109|0|0|215|966|1,205|22|01:45:58|Pioneer SGX-CA600|https://www.strava.com/activities/2607985144
8/9/2019|53.56|01:35:57|53|0|253|1301|72|67%|0|0|33.5|56.2|78|128|119|164|226|1213|1,451|20|01:35:57|Pioneer SGX-CA600|https://www.strava.com/activities/2610538845
8/8/2019|77.76|01:55:28|15|0|0|0|0||0|0|40.4|57.6|82|130|124|169|0|0|2,047|18|01:55:28|Pioneer SGX-CA600|https://www.strava.com/activities/2602799074
8/7/2019|60.88|01:56:54|23|0|0|0|0||0|0|31.2|55.4|78|104|0|0|0|0|1,483|21|04:00:59|Pioneer SGX-CA600|https://www.strava.com/activities/2598361372
8/6/2019|43.42|01:27:30|67|0|170|891|30|45%|0|0|29.8|48.2|81|113|0|0|170|1004|993|22|01:40:25|Pioneer SGX-CA600|https://www.strava.com/activities/2595548738
8/5/2019|68.07|01:38:51|0|0|302|1653|107|81%|0|0|41.3|61.2|84|118|0|0|279|1159|1,843|21|01:38:51|Pioneer SGX-CA600|https://www.strava.com/activities/2594083757
8/5/2019|3.21|00:04:18|0|0|426|117|9|114%|0|0|44.8|59|88|115|0|0|455|1183|131|23|00:04:18|Pioneer SGX-CA600|https://www.strava.com/activities/2594079416
8/4/2019|167.31|03:50:59|1603|0|0|0|0||0|0|43.5|82.1|83|131|0|0|0|0|3,978|23|03:51:25|Pioneer SGX-CA600|https://www.strava.com/activities/2591113934
8/3/2019|30.56|01:01:30|115|0|184|605|26|49%|0|0|29.8|54.7|76|116|0|0|164|664|674|23|01:18:35|Pioneer SGX-CA600|https://www.strava.com/activities/2589256047
8/2/2019|47.26|01:17:59|236|0|0|0|0||0|0|36.4|58.3|83|120|0|0|0|0|1,382|16|01:17:59|Pioneer SGX-CA600|https://www.strava.com/activities/2585641410
8/2/2019|30|01:00:48|19|0|165|588|19|44%|0|0|29.6|58|83|103|0|0|161|1039|655|19|01:01:45|Pioneer SGX-CA600|https://www.strava.com/activities/2583626679
9/28/2019|28.73|01:01:58|466|0|228|734|40|61%|0|0|27.8|61.2|75|112|0|0|197|1257|818|12|01:05:16|Pioneer SGX-CA600|https://www.strava.com/activities/2750216082
9/27/2019|37.12|01:36:46|597|0|179|761|38|48%|0|0|23|59|74|115|0|0|131|571|849|13|01:41:22|Pioneer SGX-CA600|https://www.strava.com/activities/2743565240
9/26/2019|28.4|00:55:38|499|0|0|0|0||0|0|30.6|84.2|82|105|0|0|0|0|620||00:56:16|Zwift|https://www.strava.com/activities/2740862459
9/26/2019|36.71|01:13:11|12|0|193|819|32|51%|0|0|30.1|40.3|77|110|99|119|186|643|935|14|01:13:11|Pioneer SGX-CA600|https://www.strava.com/activities/2740869270
9/22/2019|205.06|06:31:27|354|0|0|0|0||0|0|31.4|61.2|77|110|0|0|0|0|5,233|23|06:42:50|Pioneer SGX-CA600|https://www.strava.com/activities/2731073311
9/13/2019|2.11|00:06:09|2|0|48|10|0|13%|0|0|20.6|46.1|59|88|0|0|27|268|11|21|00:06:09|Pioneer SGX-CA600|https://www.strava.com/activities/2704931175
9/12/2019|14.2|00:17:19|89|0|0|0|0||0|0|49.2|71.3|94|118|0|0|0|0|455|21|00:17:19|Pioneer SGX-CA600|https://www.strava.com/activities/2702151311
9/12/2019|14.32|00:25:44|154|0|0|0|0||0|0|33.4|67|77|102|0|0|0|0|330|21|00:27:36|Pioneer SGX-CA600|https://www.strava.com/activities/2702155910
9/7/2019|206.75|04:52:49|1662|0|268|4009|249|71%|0|0|42.4|83.5|81|196|0|0|228|1309|4,470|16|04:54:49|Pioneer SGX-CA600|https://www.strava.com/activities/2687758299
9/6/2019|32.88|01:14:12|101|0|186|735|36|50%|0|0|26.6|49|75|154|0|0|165|868|819|15|01:41:51|Pioneer SGX-CA600|https://www.strava.com/activities/2685156360
9/3/2019|185.21|06:04:35|545|0|207|4356|187|55%|0|0|30.5|56.2|78|122|102|144|199|693|4,857|16|06:09:36|Pioneer SGX-CA600|https://www.strava.com/activities/2676420689
9/2/2019|69.2|02:04:43|172|0|0|0|0||0|0|33.3|55.4|81|132|111|153|0|0|1,743|20|02:33:46|Pioneer SGX-CA600|https://www.strava.com/activities/2673300649
9/1/2019|107.81|03:35:33|167|0|0|0|0||0|0|30|59|81|127|107|164|0|0|2,670|18|03:36:35|Pioneer SGX-CA600|https://www.strava.com/activities/2670418036
9/29/2019|271.55|06:59:03|4073|0|0|0|0||0|0|38.9|73.4|81|138|0|0|0|0|6,974|9|06:59:30|Pioneer SGX-CA600|https://www.strava.com/activities/2750202454
9/21/2019|201.86|04:46:01|1614|0|279|3904|262|74%|0|0|42.3|75.6|81|167|0|0|227|1263|4,353|26|04:46:34|Pioneer SGX-CA600|https://www.strava.com/activities/2728110082
9/14/2019|169.03|04:01:40|1922|0|0|0|0||0|0|42|85.7|82|138|0|0|0|0|3,821|17|04:01:40|Pioneer SGX-CA600|https://www.strava.com/activities/2707765248
9/13/2019|192.3|04:15:55|1694|0|0|0|0||0|0|45.1|85|83|141|0|0|0|0|4,185|19|04:16:24|Pioneer SGX-CA600|https://www.strava.com/activities/2704959341
9/11/2019|181.9|04:17:17|899|0|0|0|0||0|0|42.4|73.4|82|123|0|0|0|0|3,824|19|04:17:17|Pioneer SGX-CA600|https://www.strava.com/activities/2699368415
9/10/2019|179|04:37:21|2898|0|0|0|0||0|0|38.7|87.8|81|200|0|0|0|0|4,773|15|04:37:55|Pioneer SGX-CA600|https://www.strava.com/activities/2696380335
9/9/2019|186.18|04:34:14|1330|0|0|0|0||0|0|40.7|79.2|80|133|0|0|0|0|4,004|15|04:49:26|Pioneer SGX-CA600|https://www.strava.com/activities/2693661734
9/8/2019|169.12|04:03:03|1586|0|0|0|0||0|0|41.8|85|80|200|0|0|0|0|3,557|17|04:05:12|Pioneer SGX-CA600|https://www.strava.com/activities/2690989734
10/20/2019|33.09|02:01:10|451|0|0|0|0||74|537|16.4|48.2|0|0|115|173|0|0|597|19|02:25:56|Pioneer SGX-CA600|https://www.strava.com/activities/2806711102
10/19/2019|50.94|01:43:29|23|0|211|881|55|56%|0|0|29.5|56.9|78|108|0|0|142|1151|982|12|01:45:59|Pioneer SGX-CA600|https://www.strava.com/activities/2806719116
10/12/2019|207.91|04:49:55|159|0|0|0|0||0|0|43|67|84|129|125|180|0|0|4,556|10|04:51:04|Pioneer SGX-CA600|https://www.strava.com/activities/2783514414
10/6/2019|180.77|04:21:02|2180|0|318|4140|313|85%|0|0|41.6|82.8|83|133|0|0|264|1404|4,616|10|04:21:02|Pioneer SGX-CA600|https://www.strava.com/activities/2767961275
10/3/2019|193.59|04:28:28|1078|0|279|3814|247|74%|0|0|43.3|72|83|131|0|0|237|1308|4,253|10|04:29:36|Pioneer SGX-CA600|https://www.strava.com/activities/2759980663
10/1/2019|20.83|00:51:20|615|0|209|604|26|56%|0|0|24.4|85.7|83|107|0|0|196|772|576||00:51:20|Zwift|https://www.strava.com/activities/2754126870
11/29/2019|27.93|01:00:35|35|0|0|0|0||0|0|27.7|48.2|76|125|0|0|0|0|733|4|01:00:35|Pioneer SGX-CA600|https://www.strava.com/activities/2899462954
11/26/2019|124.04|04:08:39|172|0|214|3025|135|57%|0|0|29.9|67.3|82|108|112|145|203|439|3,373|8|04:09:49|Pioneer SGX-CA600|https://www.strava.com/activities/2892654422
11/25/2019|76.2|02:30:03|39|0|238|1934|102|63%|0|0|30.5|44.6|86|110|114|167|215|828|2,156|8|02:37:01|Pioneer SGX-CA600|https://www.strava.com/activities/2890191478
11/23/2019|110.35|04:09:00|653|0|220|2993|157|59%|0|0|26.6|56.2|79|200|121|178|200|1139|3,337|6|04:37:00|Pioneer SGX-CA600|https://www.strava.com/activities/2885405472
11/19/2019|83.72|03:49:58|145|0|210|2814|121|56%|0|0|21.8|37.4|76|195|114|145|204|988|3,138|5|04:36:25|Pioneer SGX-CA600|https://www.strava.com/activities/2876596140
11/30/2019|128.87|04:04:34|59|0|205|2856|126|55%|0|0|31.6|46.1|83|168|107|144|195|930|3,184|2|04:16:09|Pioneer SGX-CA600|https://www.strava.com/activities/2901407034
11/29/2019|26.47|01:33:16|325|0|55|162|4|15%|0|0|17|65.9|0|0|120|152|29|430|180|13|01:54:43|Pioneer SGX-CA600|https://www.strava.com/activities/2899462325
11/27/2019|90|03:11:54|310|0|256|2319|161|68%|0|0|28.1|54|75|114|0|0|201|857|2,585|9|04:01:13|Pioneer SGX-CA600|https://www.strava.com/activities/2895043712
11/24/2019|34.86|01:15:02|78|0|182|813|30|49%|0|0|27.9|36.7|80|111|0|0|181|643|907|8|01:54:12|Pioneer SGX-CA600|https://www.strava.com/activities/2888297238
11/22/2019|59.18|02:04:26|52|0|193|1426|58|51%|0|0|28.5|38.2|82|128|100|124|191|716|1,590|8|02:18:51|Pioneer SGX-CA600|https://www.strava.com/activities/2883406312
11/20/2019|29.74|01:00:05|529|0|178|604|22|47%|0|0|29.7|88.9|87|108|0|0|167|564|592||01:00:05|Zwift|https://www.strava.com/activities/2878775164
11/16/2019|63.23|02:19:21|39|0|207|1584|77|55%|0|0|27.2|48.2|80|170|111|159|189|1326|1,766|5|03:08:17|Pioneer SGX-CA600|https://www.strava.com/activities/2869636607
11/15/2019|31.18|01:16:47|1048|0|259|982|60|69%|0|0|24.4|77|91|139|0|0|213|718|995||01:16:47|Zwift|https://www.strava.com/activities/2867120338
11/15/2019|83.26|02:36:30|64|0|224|2060|96|60%|0|0|31.9|43.9|83|125|122|147|219|1360|2,297|4|02:41:43|Pioneer SGX-CA600|https://www.strava.com/activities/2866488811
12/31/2019|120.02|03:58:24|141|0|219|3096|137|58%|0|0|30.2|44.6|81|127|102|134|216|1125|3,093|4|04:30:05|Garmin Edge 830|https://www.strava.com/activities/2970469780
12/30/2019|170.54|05:33:54|241|0|228|4455|210|61%|0|0|30.6|45.4|82|125|103|137|222|805|4,448|6|05:40:55|Garmin Edge 830|https://www.strava.com/activities/2967970732
12/29/2019|139.22|04:35:07|269|0|237|3601|185|63%|0|0|30.4|45.4|81|140|0|0|218|675|3,595|2|04:59:50|Garmin Edge 830|https://www.strava.com/activities/2965369909
12/28/2019|62.01|02:03:14|0|0|0|0|0||0|0|30.2|46.8|84|116|0|0|0|0|1,696|3|02:03:14|Garmin Edge 830|https://www.strava.com/activities/2962563165
12/27/2019|29.95|01:06:22|31|0|168|652|22|45%|0|0|27.1|36|81|95|0|0|164|533|652|4|01:06:22|Garmin Edge 830|https://www.strava.com/activities/2959626357
12/25/2019|80.74|03:15:34|290|0|214|2248|106|57%|0|0|24.8|47.5|73|135|0|0|192|1096|2,240|7|03:17:04|Garmin Edge 830|https://www.strava.com/activities/2955637231
12/24/2019|76.62|02:34:52|198|0|0|0|0||0|0|29.7|56.5|78|123|0|0|0|0|3,168|9|05:10:32|Garmin Edge 830|https://www.strava.com/activities/2953553719
12/24/2019|14.48|00:27:28|101|0|0|0|0||0|0|31.6|56.5|81|100|0|0|0|0|385||00:28:03|Zwift|https://www.strava.com/activities/2952993948
12/24/2019|33.87|01:08:41|492|0|0|0|0||0|0|29.6|70.2|77|91|0|0|0|0|705||01:10:48|Zwift|https://www.strava.com/activities/2952920749
12/23/2019|29.98|01:02:40|3|0|181|668|24|48%|0|0|28.7|40.3|82|100|0|0|178|352|670|7|01:02:40|Garmin Edge 830|https://www.strava.com/activities/2951228262
12/22/2019|6.23|00:25:20|7|0|243|345|21|65%|0|0|14.8|27|66|200|144|175|227|827|331|12|00:30:18|Garmin Edge 130|https://www.strava.com/activities/2948974274
12/9/2019|22.84|00:55:50|38|0|189|609|30|50%|0|0|24.5|40.3|79|200|0|0|182|1243|679|6|01:11:48|Pioneer SGX-CA600|https://www.strava.com/activities/2924534421
12/6/2019|62.47|02:12:26|76|0|0|0|0||0|0|28.3|54.7|79|133|108|161|0|0|1,727|4|02:16:39|Pioneer SGX-CA600|https://www.strava.com/activities/2914911285
12/4/2019|91.76|03:39:58|151|0|222|2841|131|59%|0|0|25|38.2|78|200|109|143|215|1017|3,168|2|05:22:12|Pioneer SGX-CA600|https://www.strava.com/activities/2910795689
12/2/2019|62.27|02:00:28|1098|0|0|0|0||0|0|31|81.7|73|128|110|170|0|0|1,427||02:00:45|Zwift|https://www.strava.com/activities/2905998009
12/26/2019|166.06|05:16:19|439|0|224|4112|189|60%|0|0|31.5|55.1|81|118|107|145|217|821|4,110|4|05:17:35|Garmin Edge 830|https://www.strava.com/activities/2957654806
12/22/2019|22.73|01:13:42|176|0|240|636|51|64%|0|0|18.5|47.2|76|142|170|184|144|1025|1,146|22|01:20:26|Garmin Edge 130|https://www.strava.com/activities/2949476713
12/19/2019|41.57|01:36:06|651|0|0|0|0||0|0|26|63.7|70|165|0|0|0|0|937|12|02:35:20|Garmin Edge 830|https://www.strava.com/activities/2942803462
12/18/2019|185.51|06:04:39|2774|0|226|4237|226|60%|0|0|30.5|68|77|118|103|179|194|1316|4,236|14|06:18:19|Garmin Edge 830|https://www.strava.com/activities/2941062289
12/17/2019|171.79|05:30:59|2435|0|0|0|0||0|0|31.1|82.4|80|183|0|0|0|0|4,067|13|06:14:56|Garmin Edge 830|https://www.strava.com/activities/2938969508
12/16/2019|140.86|04:53:49|2613|0|0|0|0||0|0|28.8|73.4|79|189|0|0|0|0|3,606|13|05:35:20|Garmin Edge 830|https://www.strava.com/activities/2936841451
12/15/2019|34.54|01:18:59|455|0|200|869|38|53%|0|0|26.2|59|79|138|88|112|183|456|866|13|02:12:33|Garmin Edge 830|https://www.strava.com/activities/2934365299
12/14/2019|157.95|04:52:13|1608|0|0|0|0||0|0|32.4|77.8|79|200|102|157|0|0|3,664|15|05:36:32|Pioneer SGX-CA600|https://www.strava.com/activities/2932305041
12/13/2019|130.28|04:10:50|1684|0|0|0|0||0|0|31.2|69.8|81|189|107|172|0|0|3,305|13|04:19:53|Pioneer SGX-CA600|https://www.strava.com/activities/2930112542
12/12/2019|116.32|03:34:37|1184|0|218|2395|123|58%|0|0|32.5|66.2|82|115|100|140|186|1153|2,671|9|03:40:19|Pioneer SGX-CA600|https://www.strava.com/activities/2928118021
12/11/2019|45.93|01:29:56|538|0|215|1012|50|57%|0|0|30.6|64.8|80|117|96|142|188|1116|1,129|11|01:50:04|Pioneer SGX-CA600|https://www.strava.com/activities/2926266733
12/8/2019|42.85|02:08:42|141|0|216|1439|77|58%|0|0|20|38.2|70|157|0|0|186|1169|1,604|8|02:21:36|Pioneer SGX-CA600|https://www.strava.com/activities/2920661062
12/7/2019|132|05:09:39|261|0|220|3808|189|59%|0|0|25.6|48.2|77|196|113|156|205|1349|4,246|8|05:49:30|Pioneer SGX-CA600|https://www.strava.com/activities/2917475064
12/3/2019|117.71|04:05:48|243|0|211|3058|129|56%|0|0|28.7|70.2|82|113|61|130|207|791|3,409|2|04:06:04||https://www.strava.com/activities/2908353352
12/1/2019|29.68|01:03:29|23|0|180|669|24|48%|0|0|28.1|41|81|100|0|0|176|797|746|1|01:03:29|Pioneer SGX-CA600|https://www.strava.com/activities/2903863561
1/21/2020|64.08|02:01:35|1189|0|0|0|0||0|0|31.6|86.8|0|0|0|0|0|0|1,649||02:02:37|Zwift|https://www.strava.com/activities/3030131544
1/20/2020|2.27|00:06:47|56|0|167|74|2|45%|0|0|20.1|35.6|0|0|95|112|181|672|71||00:07:29|Zwift|https://www.strava.com/activities/3027277190
1/17/2020|29.72|01:00:05|227|0|196|635|27|52%|0|0|29.7|49.3|84|128|94|135|176|729|633|22|01:01:17|Garmin Edge 830|https://www.strava.com/activities/3018591742
1/8/2020|44.57|02:09:40|192|0|0|0|0||97|752|20.6|44.3|0|0|119|172|0|0|1,155|10|02:30:15|Garmin Edge 830|https://www.strava.com/activities/2993359779
1/5/2020|162.03|05:24:24|483|0|207|3890|165|55%|0|0|30|51.8|80|123|99|141|200|797|3,890|5|05:27:38|Garmin Edge 830|https://www.strava.com/activities/2984622743
1/4/2020|8.38|00:20:48|19|0|0|0|0||124|155|24.2|44.3|0|0|116|152|0|0|188|17|00:22:11|Garmin Edge 130|https://www.strava.com/activities/2981515277
1/4/2020|5.44|00:28:56|20|0|0|0|0||77|133|11.3|34.2|0|0|124|158|0|0|315|18|00:32:25|Garmin Edge 130|https://www.strava.com/activities/2981514403
1/4/2020|11.35|00:31:33|32|0|0|0|0||88|167|21.6|31|0|0|100|133|0|0|153|7|00:31:33|Garmin Edge 130|https://www.strava.com/activities/2981512447
1/3/2020|44.97|01:31:00|937|0|0|0|0||0|0|29.7|88.6|74|113|0|0|0|0|1,164||01:31:00|Zwift|https://www.strava.com/activities/2978528959
1/1/2020|22.05|01:16:00|163|0|160|471|27|43%|0|0|17.4|38.9|64|200|0|0|103|895|663|1|01:55:05|Garmin Edge 830|https://www.strava.com/activities/2974699748
1/24/2020|48.88|01:27:42|426|0|197|936|41|53%|0|0|33.4|59.4|79|134|0|0|178|457|934|11|01:28:57|Garmin Edge 830|https://www.strava.com/activities/3038523324
1/23/2020|236.36|07:06:10|2812|0|236|5394|288|63%|0|0|33.3|92.9|80|117|102|151|211|806|6,014|10|07:54:50|Garmin Edge 830|https://www.strava.com/activities/3040898529
1/22/2020|200.72|06:30:35|3482|0|254|5386|309|68%|0|0|30.8|78.8|79|132|106|151|230|763|5,386|12|06:50:59|Garmin Edge 830|https://www.strava.com/activities/3033774409
1/21/2020|65.95|02:04:52|370|0|217|1603|73|58%|0|0|31.7|51.5|81|107|105|129|214|727|1,604|15|02:16:17|Garmin Edge 830|https://www.strava.com/activities/3030540523
1/19/2020|184.7|05:55:43|2421|0|0|0|0||0|0|31.2|79.9|80|130|111|179|0|0|4,730|11|06:36:52|Garmin Edge 830|https://www.strava.com/activities/3025351062
1/18/2020|152.33|04:25:08|961|0|0|0|0||0|0|34.5|77.8|80|120|98|165|0|0|2,706|11|15:52:30|Garmin Edge 830|https://www.strava.com/activities/3021700641
1/16/2020|189.07|06:01:05|2990|0|248|4781|273|66%|0|0|31.4|77.4|81|147|107|151|221|1133|4,777|14|06:49:32|Garmin Edge 830|https://www.strava.com/activities/3016543926
1/15/2020|165.88|05:26:51|2830|0|0|0|0||0|0|30.5|87.5|81|136|0|0|0|0|4,338|14|06:22:21|Garmin Edge 830|https://www.strava.com/activities/3013690377
1/14/2020|140|04:34:04|1991|0|0|0|0||0|0|30.6|95.4|81|161|106|158|0|0|3,390|14|05:10:08|Garmin Edge 830|https://www.strava.com/activities/3010654160
1/13/2020|35.87|01:13:48|270|0|199|826|42|53%|0|0|29.2|58.7|77|117|93|119|187|1197|827|15|01:30:20|Garmin Edge 130|https://www.strava.com/activities/3008052437
1/4/2020|20.15|00:59:49|116|0|0|0|0||102|366|20.2|42.5|0|0|175|183|0|0|406|16|00:59:49|Strava GPX|https://www.strava.com/activities/2981911833
1/21/2020|64.08|02:01:35|1189|0|0|0|0||0|0|31.6|86.8|0|0|0|0|0|0|1,649||02:02:37|Zwift|https://www.strava.com/activities/3030131544
1/20/2020|2.27|00:06:47|56|0|167|74|2|45%|0|0|20.1|35.6|0|0|95|112|181|672|71||00:07:29|Zwift|https://www.strava.com/activities/3027277190
1/17/2020|29.72|01:00:05|227|0|196|635|27|52%|0|0|29.7|49.3|84|128|94|135|176|729|633|22|01:01:17|Garmin Edge 830|https://www.strava.com/activities/3018591742
1/8/2020|44.57|02:09:40|192|0|0|0|0||97|752|20.6|44.3|0|0|119|172|0|0|1,155|10|02:30:15|Garmin Edge 830|https://www.strava.com/activities/2993359779
1/5/2020|162.03|05:24:24|483|0|207|3890|165|55%|0|0|30|51.8|80|123|99|141|200|797|3,890|5|05:27:38|Garmin Edge 830|https://www.strava.com/activities/2984622743
1/4/2020|8.38|00:20:48|19|0|0|0|0||124|155|24.2|44.3|0|0|116|152|0|0|188|17|00:22:11|Garmin Edge 130|https://www.strava.com/activities/2981515277
1/4/2020|5.44|00:28:56|20|0|0|0|0||77|133|11.3|34.2|0|0|124|158|0|0|315|18|00:32:25|Garmin Edge 130|https://www.strava.com/activities/2981514403
1/4/2020|11.35|00:31:33|32|0|0|0|0||88|167|21.6|31|0|0|100|133|0|0|153|7|00:31:33|Garmin Edge 130|https://www.strava.com/activities/2981512447
1/3/2020|44.97|01:31:00|937|0|0|0|0||0|0|29.7|88.6|74|113|0|0|0|0|1,164||01:31:00|Zwift|https://www.strava.com/activities/2978528959
1/1/2020|22.05|01:16:00|163|0|160|471|27|43%|0|0|17.4|38.9|64|200|0|0|103|895|663|1|01:55:05|Garmin Edge 830|https://www.strava.com/activities/2974699748
1/24/2020|48.88|01:27:42|426|0|197|936|41|53%|0|0|33.4|59.4|79|134|0|0|178|457|934|11|01:28:57|Garmin Edge 830|https://www.strava.com/activities/3038523324
1/23/2020|236.36|07:06:10|2812|0|236|5394|288|63%|0|0|33.3|92.9|80|117|102|151|211|806|6,014|10|07:54:50|Garmin Edge 830|https://www.strava.com/activities/3040898529
1/22/2020|200.72|06:30:35|3482|0|254|5386|309|68%|0|0|30.8|78.8|79|132|106|151|230|763|5,386|12|06:50:59|Garmin Edge 830|https://www.strava.com/activities/3033774409
1/21/2020|65.95|02:04:52|370|0|217|1603|73|58%|0|0|31.7|51.5|81|107|105|129|214|727|1,604|15|02:16:17|Garmin Edge 830|https://www.strava.com/activities/3030540523
1/19/2020|184.7|05:55:43|2421|0|0|0|0||0|0|31.2|79.9|80|130|111|179|0|0|4,730|11|06:36:52|Garmin Edge 830|https://www.strava.com/activities/3025351062
1/18/2020|152.33|04:25:08|961|0|0|0|0||0|0|34.5|77.8|80|120|98|165|0|0|2,706|11|15:52:30|Garmin Edge 830|https://www.strava.com/activities/3021700641
1/16/2020|189.07|06:01:05|2990|0|248|4781|273|66%|0|0|31.4|77.4|81|147|107|151|221|1133|4,777|14|06:49:32|Garmin Edge 830|https://www.strava.com/activities/3016543926
1/15/2020|165.88|05:26:51|2830|0|0|0|0||0|0|30.5|87.5|81|136|0|0|0|0|4,338|14|06:22:21|Garmin Edge 830|https://www.strava.com/activities/3013690377
1/14/2020|140|04:34:04|1991|0|0|0|0||0|0|30.6|95.4|81|161|106|158|0|0|3,390|14|05:10:08|Garmin Edge 830|https://www.strava.com/activities/3010654160
1/13/2020|35.87|01:13:48|270|0|199|826|42|53%|0|0|29.2|58.7|77|117|93|119|187|1197|827|15|01:30:20|Garmin Edge 130|https://www.strava.com/activities/3008052437
1/4/2020|20.15|00:59:49|116|0|0|0|0||102|366|20.2|42.5|0|0|175|183|0|0|406|16|00:59:49|Strava GPX|https://www.strava.com/activities/2981911833
3/25/2020|47.01|01:30:26|59|0|241|1175|62|64%|0|0|31.2|46.1|85|113|0|0|216|592|1,171|12|01:30:26|Garmin Edge 830|https://www.strava.com/activities/3216203825
3/21/2020|90.15|02:54:55|166|0|228|2210|108|61%|0|0|30.9|53.3|82|125|108|232|211|1332|2,209|8|02:55:53|Garmin Edge 830|https://www.strava.com/activities/3203025420
3/14/2020|136.91|04:02:01|169|0|0|0|0||0|0|33.9|49|79|120|102|134|0|0|3,225|9|04:04:51|Garmin Edge 830|https://www.strava.com/activities/3182176038
3/7/2020|201.86|06:40:09|342|0|0|0|0||0|0|30.3|46.4|80|133|95|131|0|0|4,707|10|06:42:59|Garmin Edge 830|https://www.strava.com/activities/3162246367
3/4/2020|161.17|04:50:53|230|0|0|0|0||0|0|33.2|55.8|86|140|0|0|0|0|3,839|8|06:34:38|Garmin Edge 830|https://www.strava.com/activities/3153699962
3/28/2020|90|03:20:25|174|0|140|681|46|37%|0|0|26.9|39.6|76|154|70|231|57|910|2,555|12|03:23:46|Garmin Edge 830|https://www.strava.com/activities/3230428208
3/26/2020|111.51|03:53:38|212|0|205|2815|120|55%|0|0|28.6|46.4|80|160|0|0|201|760|2,810|8|04:00:49|Garmin Edge 830|https://www.strava.com/activities/3219733669
3/18/2020|116.07|03:48:36|241|0|201|2715|112|54%|0|0|30.5|47.9|81|110|93|116|198|1305|2,710|14|03:55:03|Garmin Edge 830|https://www.strava.com/activities/3194008694
3/11/2020|124.01|04:04:42|203|0|205|2978|124|55%|0|0|30.4|46.1|81|112|96|171|203|620|2,978|12|04:28:44|Garmin Edge 830|https://www.strava.com/activities/3174346152
3/5/2020|151.01|05:05:29|250|0|195|3528|139|52%|0|0|29.7|45|80|110|94|202|192|916|3,520|5|05:08:58|Garmin Edge 830|https://www.strava.com/activities/3156376967
3/1/2020|53|01:55:12|111|0|0|0|0||0|0|27.6|42.1|82|112|0|0|0|0|1,176|7|01:55:48|Garmin Edge 830|https://www.strava.com/activities/3144258998
4/27/2020|151.01|05:38:11|299|0|0|0|0||124|2517|26.8|41.8|0|0|113|152|0|0|1,765|19|05:42:49|Garmin Edge 830|https://www.strava.com/activities/3361061920
4/24/2020|155.86|05:09:29|695|0|194|3417|140|52%|0|0|30.2|50.8|75|115|91|137|184|1292|3,412|17|05:12:59|Garmin Edge 830|https://www.strava.com/activities/3345382810
4/23/2020|110.9|03:29:57|451|0|202|2539|109|54%|0|0|31.7|46.1|77|198|102|124|202|1039|2,538|20|06:17:50|Garmin Edge 830|https://www.strava.com/activities/3340715388
4/22/2020|72.72|02:30:04|131|0|202|1748|75|54%|0|0|29.1|41.8|74|102|0|0|194|703|1,745|18|04:05:50|Garmin Edge 830|https://www.strava.com/activities/3339388221
4/21/2020|180|06:14:23|511|0|0|0|0||0|0|28.8|61.2|73|123|98|147|0|0|4,302|19|06:42:01|Garmin Edge 830|https://www.strava.com/activities/3331296004
4/20/2020|176.68|06:02:37|502|0|0|0|0||0|0|29.2|50.8|74|106|96|129|0|0|4,037|17|06:38:14|Garmin Edge 830|https://www.strava.com/activities/3331324442
4/19/2020|10.02|00:20:11|120|0|0|0|0||0|0|29.8|63|80|108|0|0|0|0|201||00:20:37|Zwift|https://www.strava.com/activities/3319544870
4/17/2020|156.01|04:52:19|571|0|0|0|0||0|0|32|53.6|79|117|0|0|0|0|3,962|17|05:27:58|Garmin Edge 830|https://www.strava.com/activities/3311640630
4/15/2020|120.2|04:06:15|170|0|196|2843|114|52%|0|0|29.3|46.1|78|195|98|128|192|858|2,837|12|05:13:04|Garmin Edge 830|https://www.strava.com/activities/3304046655
4/14/2020|101|03:25:25|134|0|0|0|0||0|0|29.5|55.8|76|123|104|172|0|0|2,307|8|03:26:08|Garmin Edge 830|https://www.strava.com/activities/3297116120
4/12/2020|160|05:03:49|222|0|212|3797|168|57%|0|0|31.6|46.1|82|103|108|136|208|1110|3,794|20|06:28:27|Garmin Edge 830|https://www.strava.com/activities/3289121937
4/4/2020|21.65|00:41:06|220|0|245|500|40|65%|0|0|31.6|72.7|84|111|0|0|203|469|493||00:57:16|Zwift|https://www.strava.com/activities/3252534582
4/2/2020|115|03:55:45|149|0|0|0|0||0|0|29.3|57.2|77|119|0|0|0|0|2,844|9|08:05:13|Garmin Edge 830|https://www.strava.com/activities/3246567047
4/23/2020|44.84|01:05:04|234|0|0|0|0||0|0|41.4|52.6|79|117|0|0|0|0|1,156||01:05:04|Rouvy|https://www.strava.com/activities/3343019900
4/19/2020|52.03|01:19:08|736|0|0|0|0||0|0|39.5|79.6|85|107|0|0|0|0|1,228||01:19:08|Zwift|https://www.strava.com/activities/3319900315
4/9/2020|31.24|01:00:05|268|0|165|548|19|44%|0|0|31.2|54.4|83|107|92|130|152|496|523||01:00:05|Zwift|https://www.strava.com/activities/3274072461
4/8/2020|102.91|04:04:57|186|0|0|0|0||0|0|25.2|53.3|75|185|91|146|0|0|2,534|15|04:12:56|Garmin Edge 830|https://www.strava.com/activities/3270188771
4/3/2020|30.29|01:19:34|44|0|121|541|13|32%|0|0|22.8|34.6|74|146|0|0|113|1000|538|9|01:21:12|Garmin Edge 830|https://www.strava.com/activities/3249235436
4/1/2020|114|03:53:10|567|0|0|0|0||0|0|29.3|46.8|77|104|108|163|0|0|2,862|8|03:55:01|Garmin Edge 830|https://www.strava.com/activities/3241696570
5/29/2020|35.16|01:14:56|87|0|0|0|0||142|640|28.2|45|0|0|0|0|0|0|335|19|01:19:11|Garmin Edge 830|https://www.strava.com/activities/3529944895
5/25/2020|101.21|03:20:46|466|0|223|2525|121|59%|0|0|30.2|56.2|76|102|101|154|210|808|2,514|18|04:17:04|Garmin Edge 830|https://www.strava.com/activities/3508582893
5/13/2020|122.25|04:05:18|442|0|0|0|0||0|0|29.9|46.8|74|115|0|0|0|0|3,051|13|05:08:42|Garmin Edge 830|https://www.strava.com/activities/3444407735
5/12/2020|78.77|02:32:42|257|0|0|0|0||0|0|31|49.3|78|129|0|0|0|0|2,052|11|02:41:13|Garmin Edge 830|https://www.strava.com/activities/3438657698
5/10/2020|38.07|00:53:48|210|0|0|0|0||0|0|42.5|72.7|84|117|0|0|0|0|855||00:53:48|Zwift|https://www.strava.com/activities/3429014681
5/10/2020|10.46|00:20:29|120|0|0|0|0||0|0|30.7|69.5|81|108|0|0|0|0|191||00:25:18|Zwift|https://www.strava.com/activities/3428643308
5/9/2020|89.12|02:54:40|358|0|0|0|0||0|0|30.6|55.4|79|191|0|0|0|0|2,093|23|02:56:10|Garmin Edge 830|https://www.strava.com/activities/3423411883
5/30/2020|169.43|05:30:40|1118|0|242|4539|237|65%|0|0|30.7|51.8|76|159|121|174|229|1200|4,529|21|05:51:47|Garmin Edge 830|https://www.strava.com/activities/3535789158
5/28/2020|24.93|00:51:21|242|0|184|513|20|49%|0|0|29.1|72.7|77|117|88|131|167|745|490||00:51:21|Zwift|https://www.strava.com/activities/3523825744
5/27/2020|58.55|02:03:00|160|0|173|1266|44|46%|0|0|28.6|36.4|81|115|88|114|172|742|1,265|19|02:04:43|Garmin Edge 830|https://www.strava.com/activities/3519045696
5/24/2020|42.5|01:17:39|1188|0|0|0|0||0|0|32.8|74.9|78|112|0|0|0|0|1,269||01:19:05|Zwift|https://www.strava.com/activities/3502305812
5/20/2020|200.54|06:24:16|807|0|228|5094|243|61%|0|0|31.3|64.1|76|110|108|155|221|1037|5,076|18|07:34:57|Garmin Edge 830|https://www.strava.com/activities/3482677184
5/19/2020|141.72|04:59:51|1262|0|0|0|0||0|0|28.4|49.7|73|113|103|137|0|0|3,421|21|05:02:42|Garmin Edge 830|https://www.strava.com/activities/3476610722
5/17/2020|46.65|01:03:13|140|0|0|0|0||0|0|44.3|73.4|80|105|0|0|0|0|985||01:03:13|Zwift|https://www.strava.com/activities/3464432066
5/10/2020|48.67|01:20:49|373|0|0|0|0||0|0|36.1|82.1|83|144|0|0|0|0|1,052||01:20:49|Zwift|https://www.strava.com/activities/3428442320
5/10/2020|7.66|00:13:44|38|0|185|151|6|49%|0|0|33.5|49.7|84|98|0|0|184|347|143||00:16:27|Zwift|https://www.strava.com/activities/3428002181
5/3/2020|33.45|01:01:46|562|0|179|645|23|48%|0|0|32.5|93.6|85|105|108|126|174|285|755||01:01:46|Zwift|https://www.strava.com/activities/3389941947
5/3/2020|50.08|01:09:26|364|0|0|0|0||0|0|43.3|70.9|87|108|0|0|0|0|1,028||01:09:26|Zwift|https://www.strava.com/activities/3389407294
6/26/2020|159.15|04:52:28|609|0|198|3434|141|53%|0|0|32.7|46.1|77|103|114|143|196|785|3,434|29|05:44:51|Garmin Edge 830|https://www.strava.com/activities/3673860348
6/24/2020|30.01|01:04:42|128|0|162|620|22|43%|0|0|27.8|37.4|80|174|86|105|160|652|619|27|01:59:12|Garmin Edge 830|https://www.strava.com/activities/3663288740
6/21/2020|240.02|07:19:59|937|0|206|5350|225|55%|0|0|32.7|51.5|80|141|112|144|203|914|5,359|22|07:37:29|Garmin Edge 830|https://www.strava.com/activities/3649350392
6/20/2020|125.53|04:06:49|547|0|0|0|0||0|0|30.5|56.2|77|124|112|175|0|0|2,859|22|04:11:46|Garmin Edge 830|https://www.strava.com/activities/3643477429
6/19/2020|26.37|00:51:21|266|0|188|560|21|50%|0|0|30.8|57.6|86|104|0|0|182|420|534||00:51:21|Zwift|https://www.strava.com/activities/3669333454
6/18/2020|187.75|05:50:45|655|0|222|4469|205|59%|0|0|32.1|46.4|75|106|103|138|212|668|4,455|21|05:52:12|Garmin Edge 830|https://www.strava.com/activities/3633600955
6/17/2020|75.04|02:18:07|894|0|0|0|0||0|0|32.6|79.2|85|119|0|0|0|0|1,891||02:18:07|Zwift|https://www.strava.com/activities/3628322116
6/16/2020|96.01|03:15:30|332|0|0|0|0||0|0|29.5|56.2|77|127|96|153|0|0|2,203|21|03:49:57|Garmin Edge 830|https://www.strava.com/activities/3623221302
6/14/2020|223.39|06:51:16|819|0|221|5343|241|59%|0|0|32.6|50.8|79|129|116|155|217|870|5,335|22|07:02:00|Garmin Edge 830|https://www.strava.com/activities/3613814870
6/11/2020|191.41|06:03:01|660|0|207|4423|184|55%|0|0|31.6|50.8|85|126|109|152|203|832|4,419|17|06:04:59|Garmin Edge 830|https://www.strava.com/activities/3597871552
6/10/2020|109.77|03:36:38|342|0|0|0|0||0|0|30.4|41.4|80|137|0|0|0|0|2,558|14|04:08:14|Garmin Edge 830|https://www.strava.com/activities/3592879343
6/9/2020|109.47|03:29:38|341|0|0|0|0||0|0|31.3|52.6|80|135|103|155|0|0|2,505|15|03:30:58|Garmin Edge 830|https://www.strava.com/activities/3587344991
6/7/2020|202|06:09:59|444|0|0|0|0||186|4127|32.8|55.8|0|0|111|141|0|0|2,010|16|06:36:00|Garmin Edge 830|https://www.strava.com/activities/3578100432
6/4/2020|31.61|01:00:27|279|0|218|780|33|58%|0|0|31.4|70.9|87|112|110|135|215|341|745||01:00:27|Zwift|https://www.strava.com/activities/3563021269
6/4/2020|163.17|05:01:30|552|0|223|3869|179|59%|0|0|32.5|63|82|186|107|173|214|926|3,864|14|05:18:58|Garmin Edge 830|https://www.strava.com/activities/3562606719
6/30/2020|39.51|01:29:15|543|0|203|993|46|54%|0|0|26.6|68|77|168|91|138|185|670|990|17|02:54:03|Garmin Edge 830|https://www.strava.com/activities/3692373404
6/29/2020|184.69|06:17:25|2559|0|240|5068|263|64%|0|0|29.4|77.4|77|172|107|139|224|744|5,067|21|06:39:52|Garmin Edge 830|https://www.strava.com/activities/3688385182
6/28/2020|146.62|04:51:45|2212|0|0|0|0||0|0|30.2|74.2|77|121|0|0|0|0|4,124|16|05:03:37|Garmin Edge 830|https://www.strava.com/activities/3683629498
6/27/2020|29.44|00:58:27|275|0|0|0|0||185|649|30.2|65.9|0|0|0|0|0|0|724||00:59:28|Garmin Connect|https://www.strava.com/activities/3681628855
6/25/2020|100|03:16:19|367|0|0|0|0||0|0|30.6|50|80|105|0|0|0|0|2,012|26|03:38:51|Garmin Edge 830|https://www.strava.com/activities/3669149854
6/24/2020|4.59|01:04:22|0|0|0|0|0||0|0|0|0|0|0|0|0|0|0|||00:00:00||https://www.strava.com/activities/3665982176
6/17/2020|70.04|02:17:26|53|0|205|1594|69|55%|0|0|30.6|46.1|80|103|97|153|193|815|1,777|21|02:17:58|Strava GPX|https://www.strava.com/activities/3628338552
6/3/2020|137.92|04:52:46|2146|0|0|0|0||0|0|28.3|67.3|75|118|0|0|0|0|3,786|23|06:14:19|Garmin Edge 830|https://www.strava.com/activities/3558061553
7/4/2020|55.02|01:45:54|703|0|229|1346|65|61%|0|0|31.2|76|82|140|99|163|212|738|1,285||01:45:54|Zwift|https://www.strava.com/activities/3712928926
7/3/2020|25.02|00:52:15|402|0|0|0|0||0|0|28.7|72.7|80|117|0|0|0|0|540||00:52:15|Zwift|https://www.strava.com/activities/3708101833
7/18/2020|227.18|07:28:33|4624|0|272|6323|412|73%|0|0|30.4|83.9|78|149|118|163|235|783|6,361|23|07:53:29|Garmin Edge 830|https://www.strava.com/activities/3781358329
7/17/2020|155.8|05:48:41|4348|0|0|0|0||0|0|26.8|76.7|76|121|0|0|0|0|4,921|18|06:34:23|Garmin Edge 830|https://www.strava.com/activities/3775693809
7/16/2020|3|00:36:52|0|0|0|0|0||0|0|0|0|0|0|0|0|0|0|||00:00:00||https://www.strava.com/activities/3771906843
7/16/2020|43.38|01:34:57|769|0|214|1099|58|57%|0|0|27.4|64.8|80|123|92|121|193|495|1,099|19|02:35:41|Garmin Edge 830|https://www.strava.com/activities/3770304518
7/13/2020|134.04|05:19:31|3883|0|253|4164|253|67%|0|0|25.2|78.8|74|200|110|145|217|975|4,164|22|05:59:55|Garmin Edge 830|https://www.strava.com/activities/3756053480
7/12/2020|41.68|01:42:59|1148|0|219|1154|59|58%|0|0|24.3|72|75|120|99|130|187|919|1,157|25|02:37:22|Garmin Edge 830|https://www.strava.com/activities/3751311050
7/11/2020|100.67|03:29:05|2097|0|0|0|0||0|0|28.9|77.4|78|124|115|172|0|0|2,809|15|03:39:58|Garmin Edge 830|https://www.strava.com/activities/3745250397
7/10/2020|110.25|04:00:53|2613|0|254|3110|194|68%|0|0|27.5|85.3|79|138|118|160|215|822|3,168|22|04:12:55|Garmin Edge 830|https://www.strava.com/activities/3740784066
7/4/2020|41.42|00:56:34|483|0|0|0|0||0|0|43.9|82.8|83|109|0|0|0|0|1,157||00:56:34|Zwift|https://www.strava.com/activities/3712562408
7/2/2020|202.47|07:01:13|3379|0|244|5788|306|65%|0|0|28.8|84.6|76|160|97|139|229|875|5,782|17|07:39:37|Garmin Edge 830|https://www.strava.com/activities/3703190624
7/1/2020|146.05|05:16:42|2734|0|0|0|0||0|0|27.7|74.9|75|200|0|0|0|0|4,696|19|05:48:06|Garmin Edge 830|https://www.strava.com/activities/3712929886
9/30/2020|60.34|01:48:19|109|0|208|1235|55|55%|0|0|33.4|52.2|80|115|99|148|190|1126|1,234|15|01:49:20|Garmin Edge 830|https://www.strava.com/activities/4131929541
9/29/2020|138.46|03:14:06|361|0|0|0|0||0|0|42.8|73.8|80|196|0|0|0|0|2,587|17|03:15:32|Garmin Edge 830|https://www.strava.com/activities/4128256365
9/14/2020|10.04|00:12:14|6|0|0|0|0||0|0|49.3|57.6|90|100|151|159|0|0|264|30|00:12:14|Garmin Edge 130|https://www.strava.com/activities/4058216035
9/14/2020|21.71|00:37:29|19|0|0|0|0||0|0|34.8|47.5|79|102|107|128|0|0|417|29|00:42:46|Garmin Edge 130|https://www.strava.com/activities/4058215717
9/13/2020|183.62|04:42:54|2795|0|291|4045|286|78%|0|0|38.9|90.7|78|156|0|0|238|1171|4,074|31|04:43:31|Garmin Edge 830|https://www.strava.com/activities/4054131499
9/12/2020|175.29|04:06:49|1454|0|0|0|0||0|0|42.6|85.7|81|124|0|0|0|0|3,137|30|04:07:10|Garmin Edge 830|https://www.strava.com/activities/4048943446
9/11/2020|204.46|06:00:31|4265|0|291|5199|364|78%|0|0|34|88.6|79|132|126|181|240|1055|5,212|27|06:01:04|Garmin Edge 830|https://www.strava.com/activities/4044108852
9/10/2020|197.97|05:21:02|2954|0|277|4362|292|74%|0|0|37|88.6|79|132|120|166|226|1120|4,374|29|05:21:31|Garmin Edge 830|https://www.strava.com/activities/4039548394
9/9/2020|219.42|05:38:12|3000|0|286|4535|327|76%|0|0|38.9|81.4|80|157|0|0|223|1326|4,555|33|05:38:41|Garmin Edge 830|https://www.strava.com/activities/4034824875
9/8/2020|11.31|00:22:01|53|0|0|0|0||179|237|30.8|54|0|0|0|0|0|0|420|34|00:22:01|Garmin Edge 830|https://www.strava.com/activities/4030071671
9/8/2020|201.34|05:03:47|1380|0|231|3253|194|62%|0|0|39.8|79.9|79|125|0|0|178|1239|3,263|33|05:05:18|Garmin Edge 830|https://www.strava.com/activities/4030072435
9/7/2020|135.29|03:04:34|925|0|274|2450|164|73%|0|0|44|78.1|81|128|132|181|221|1162|2,465|31|03:05:04|Garmin Edge 830|https://www.strava.com/activities/4025201484
9/6/2020|46|01:34:06|583|0|236|1132|62|63%|0|0|29.3|63.7|76|118|112|164|201|1402|1,129|29|01:34:41|Garmin Edge 830|https://www.strava.com/activities/4020949112
9/2/2020|143.33|05:09:25|2766|0|262|4440|256|70%|0|0|27.8|72.7|76|113|122|158|239|701|4,435|17|05:34:22|Garmin Edge 830|https://www.strava.com/activities/4000751220
10/14/2020|35.26|01:10:48|125|0|0|0|0||0|0|29.9|46.1|79|104|0|0|0|0||11|01:11:34|Garmin Edge 830|https://www.strava.com/activities/4431038411
10/14/2020|68.63|01:33:59|246|0|0|0|0||0|0|43.8|61.6|88|119|0|0|0|0||12|01:33:59|Garmin Edge 830|https://www.strava.com/activities/4431038382
10/14/2020|118.18|03:42:51|413|0|0|0|0||0|0|31.8|50|81|150|0|0|0|0|5,292|10|03:47:38|Garmin Edge 830|https://www.strava.com/activities/4194096057
10/7/2020|234.31|06:57:45|591|0|0|0|0||0|0|33.7|63|81|138|0|0|0|0|5,538|13|07:32:48|Garmin Edge 830|https://www.strava.com/activities/4163776461
10/6/2020|141.02|04:55:17|1640|0|0|0|0||0|0|28.7|66.6|77|158|0|0|0|0|3,722|13|04:58:57|Garmin Edge 830|https://www.strava.com/activities/4158514059
10/2/2020|8.03|00:10:36|125|0|0|0|0||0|0|45.5|76.7|89|114|0|0|0|0|254|17|00:10:36|Garmin Edge 130|https://www.strava.com/activities/4141552057
10/21/2020|191.03|04:08:11|533|0|313|4296|286|83%|0|0|46.2|72|87|129|0|0|289|1238|4,314|17|04:08:27|Garmin Edge 830|https://www.strava.com/activities/4224272396
10/11/2020|240.11|05:34:58|1466|0|0|0|0||0|0|43|90|84|154|0|0|0|0|5,285|12|05:36:31|Garmin Edge 830|https://www.strava.com/activities/4181511633
10/3/2020|190.12|04:22:49|2284|0|0|0|0||0|0|43.4|75.2|83|143|0|0|0|0|4,262|22|04:23:13|Garmin Edge 830|https://www.strava.com/activities/4145732726
10/2/2020|27.25|00:51:58|352|0|252|692|40|67%|0|0|31.5|68.4|79|114|0|0|222|742|690|18|00:53:50|Garmin Edge 830|https://www.strava.com/activities/4141089440
10/1/2020|159.97|03:32:55|400|0|0|0|0||0|0|45.1|66.2|81|157|0|0|0|0|3,146|13|03:32:55|Garmin Edge 830|https://www.strava.com/activities/4137309993
10/14/2020|35.26|01:10:48|125|0|0|0|0||0|0|29.9|46.1|79|104|0|0|0|0||11|01:11:34|Garmin Edge 830|https://www.strava.com/activities/4431038411
10/14/2020|68.63|01:33:59|246|0|0|0|0||0|0|43.8|61.6|88|119|0|0|0|0||12|01:33:59|Garmin Edge 830|https://www.strava.com/activities/4431038382
10/14/2020|118.18|03:42:51|413|0|0|0|0||0|0|31.8|50|81|150|0|0|0|0|5,292|10|03:47:38|Garmin Edge 830|https://www.strava.com/activities/4194096057
10/7/2020|234.31|06:57:45|591|0|0|0|0||0|0|33.7|63|81|138|0|0|0|0|5,538|13|07:32:48|Garmin Edge 830|https://www.strava.com/activities/4163776461
10/6/2020|141.02|04:55:17|1640|0|0|0|0||0|0|28.7|66.6|77|158|0|0|0|0|3,722|13|04:58:57|Garmin Edge 830|https://www.strava.com/activities/4158514059
10/2/2020|8.03|00:10:36|125|0|0|0|0||0|0|45.5|76.7|89|114|0|0|0|0|254|17|00:10:36|Garmin Edge 130|https://www.strava.com/activities/4141552057
10/21/2020|191.03|04:08:11|533|0|313|4296|286|83%|0|0|46.2|72|87|129|0|0|289|1238|4,314|17|04:08:27|Garmin Edge 830|https://www.strava.com/activities/4224272396
10/11/2020|240.11|05:34:58|1466|0|0|0|0||0|0|43|90|84|154|0|0|0|0|5,285|12|05:36:31|Garmin Edge 830|https://www.strava.com/activities/4181511633
10/3/2020|190.12|04:22:49|2284|0|0|0|0||0|0|43.4|75.2|83|143|0|0|0|0|4,262|22|04:23:13|Garmin Edge 830|https://www.strava.com/activities/4145732726
10/2/2020|27.25|00:51:58|352|0|252|692|40|67%|0|0|31.5|68.4|79|114|0|0|222|742|690|18|00:53:50|Garmin Edge 830|https://www.strava.com/activities/4141089440
10/1/2020|159.97|03:32:55|400|0|0|0|0||0|0|45.1|66.2|81|157|0|0|0|0|3,146|13|03:32:55|Garmin Edge 830|https://www.strava.com/activities/4137309993
10/14/2020|35.26|01:10:48|125|0|0|0|0||0|0|29.9|46.1|79|104|0|0|0|0||11|01:11:34|Garmin Edge 830|https://www.strava.com/activities/4431038411
10/14/2020|68.63|01:33:59|246|0|0|0|0||0|0|43.8|61.6|88|119|0|0|0|0||12|01:33:59|Garmin Edge 830|https://www.strava.com/activities/4431038382
10/14/2020|118.18|03:42:51|413|0|0|0|0||0|0|31.8|50|81|150|0|0|0|0|5,292|10|03:47:38|Garmin Edge 830|https://www.strava.com/activities/4194096057
10/7/2020|234.31|06:57:45|591|0|0|0|0||0|0|33.7|63|81|138|0|0|0|0|5,538|13|07:32:48|Garmin Edge 830|https://www.strava.com/activities/4163776461
10/6/2020|141.02|04:55:17|1640|0|0|0|0||0|0|28.7|66.6|77|158|0|0|0|0|3,722|13|04:58:57|Garmin Edge 830|https://www.strava.com/activities/4158514059
10/2/2020|8.03|00:10:36|125|0|0|0|0||0|0|45.5|76.7|89|114|0|0|0|0|254|17|00:10:36|Garmin Edge 130|https://www.strava.com/activities/4141552057
10/21/2020|191.03|04:08:11|533|0|313|4296|286|83%|0|0|46.2|72|87|129|0|0|289|1238|4,314|17|04:08:27|Garmin Edge 830|https://www.strava.com/activities/4224272396
10/11/2020|240.11|05:34:58|1466|0|0|0|0||0|0|43|90|84|154|0|0|0|0|5,285|12|05:36:31|Garmin Edge 830|https://www.strava.com/activities/4181511633
10/3/2020|190.12|04:22:49|2284|0|0|0|0||0|0|43.4|75.2|83|143|0|0|0|0|4,262|22|04:23:13|Garmin Edge 830|https://www.strava.com/activities/4145732726
10/2/2020|27.25|00:51:58|352|0|252|692|40|67%|0|0|31.5|68.4|79|114|0|0|222|742|690|18|00:53:50|Garmin Edge 830|https://www.strava.com/activities/4141089440
10/1/2020|159.97|03:32:55|400|0|0|0|0||0|0|45.1|66.2|81|157|0|0|0|0|3,146|13|03:32:55|Garmin Edge 830|https://www.strava.com/activities/4137309993
loaded urls in 1.05:11:57.5708325
