date|distance|mov_time|elevation|relativeEffort|avg_power_weig|work_total|training_load|intensity|estAvgPower|energyOutput|avg_speed|max_speed|avg_cadence|max_cadence|avg_heartRate|max_heartRate|avg_power|max_power|avg_calories|avg_temperature|avg_elap_time|bicycle_model|url
1/31/2019|200.33|06:53:24|3155|0|0|0|0||0|0|29.1|68.4|86|137|0|0|0|0||13|07:43:49|Pioneer|https://www.strava.com/activities/2115551655
1/30/2019|141.41|04:45:24|2127|0|0|0|0||0|0|29.7|62.6|84|123|0|0|0|0||13|05:25:45|Pioneer|https://www.strava.com/activities/2113296794
1/29/2019|4.66|01:21:55|0|0|0|0|0||0|0|0|0|0|0|0|0|0|0|||00:00:00||https://www.strava.com/activities/2111329206
1/29/2019|29.38|01:01:07|287|0|0|0|0||0|0|28.8|56.9|85|107|0|0|0|0||12|01:02:16|Pioneer|https://www.strava.com/activities/2110870338
1/28/2019|141.81|05:05:39|2234|0|0|0|0||0|0|27.8|74.9|83|121|0|0|0|0||13|05:50:30|Pioneer|https://www.strava.com/activities/2109030071
1/27/2019|115.39|04:00:02|1718|0|0|0|0||0|0|28.8|64.1|88|125|0|0|0|0||16|04:09:15|Pioneer|https://www.strava.com/activities/2106968281
1/26/2019|23.35|00:50:05|292|0|0|0|0||0|0|28|56.9|88|112|0|0|0|0||15|01:38:40|Pioneer|https://www.strava.com/activities/2105151708
1/21/2019|25.03|00:59:41|378|0|0|0|0||0|0|25.2|61.9|82|107|0|0|0|0||10|01:03:39|Pioneer|https://www.strava.com/activities/2094001081
1/20/2019|177.82|06:00:23|270|0|0|0|0||0|0|29.6|70.6|86|134|0|0|0|0||-2|06:38:25|Pioneer|https://www.strava.com/activities/2092230475
1/19/2019|160.82|04:59:54|123|0|0|0|0||0|0|32.2|52.9|89|122|0|0|0|0||-1|05:13:42|Pioneer|https://www.strava.com/activities/2089262035
1/18/2019|27.73|00:59:53|4|0|0|0|0||0|0|27.8|41.8|89|104|0|0|0|0||-1|01:02:43|Pioneer|https://www.strava.com/activities/2086539215
1/17/2019|129.57|04:00:03|1822|0|0|0|0||0|0|32.4|89.6|87|128|0|0|0|0|3,149||04:56:55|Zwift|https://www.strava.com/activities/2085000104
1/16/2019|100.05|03:03:09|1541|0|0|0|0||0|0|32.8|82.4|90|117|0|0|0|0|2,394||03:11:08|Zwift|https://www.strava.com/activities/2082431124
1/15/2019|106.88|03:01:01|1530|0|0|0|0||0|0|35.4|73.8|0|0|0|0|0|0|2,555||03:08:43|Zwift|https://www.strava.com/activities/2080178278
1/14/2019|35.9|01:00:30|343|0|0|0|0||0|0|35.6|65.5|0|0|0|0|0|0|766||01:00:51|Zwift|https://www.strava.com/activities/2078564833
1/10/2019|49.18|01:40:20|515|0|0|0|0||0|0|29.4|65.5|92|134|0|0|0|0||13|05:55:14|Pioneer|https://www.strava.com/activities/2068988569
1/9/2019|34.11|01:08:12|188|0|0|0|0||0|0|30|61.2|89|117|0|0|0|0||15|02:21:17|Pioneer|https://www.strava.com/activities/2066430745
1/8/2019|78.21|03:00:19|1405|0|0|0|0||0|0|26|69.1|83|110|0|0|0|0||10|03:24:05|Pioneer|https://www.strava.com/activities/2064097078
1/7/2019|37.67|01:27:38|986|0|0|0|0||0|0|25.8|74.2|83|114|0|0|0|0||15|01:37:13|Pioneer|https://www.strava.com/activities/2062111104
1/7/2019|72.73|02:29:54|1137|0|0|0|0||0|0|29.1|75.6|85|118|0|0|0|0||12|02:55:08|Pioneer|https://www.strava.com/activities/2061815322
1/6/2019|34.47|01:10:40|188|0|0|0|0||0|0|29.3|56.9|85|116|0|0|0|0||13|02:00:54|Pioneer|https://www.strava.com/activities/2059476000
1/5/2019|173.18|06:00:08|2882|0|0|0|0||0|0|28.9|77.4|85|126|0|0|0|0||11|06:31:10|Pioneer|https://www.strava.com/activities/2057510191
1/4/2019|112.34|03:59:42|2033|0|0|0|0||0|0|28.1|74.9|85|129|0|0|0|0||10|04:12:14|Pioneer|https://www.strava.com/activities/2054833488
1/3/2019|79.69|02:59:37|1575|0|0|0|0||0|0|26.6|72|85|120|0|0|0|0||9|03:16:20|Pioneer|https://www.strava.com/activities/2052506630
1/1/2019|27.8|01:00:02|23|0|0|0|0||0|0|27.8|44.6|89|114|0|0|0|0||5|01:01:56|Pioneer|https://www.strava.com/activities/2048236365
1/25/2019|31.36|01:01:48|230|0|0|0|0||0|0|30.5|61.2|80|111|0|0|0|0||15|02:10:51|Pioneer|https://www.strava.com/activities/2102129058
1/24/2019|168.22|05:28:52|2746|0|0|0|0||0|0|30.7|82.8|85|125|0|0|0|0||10|06:09:52|Pioneer|https://www.strava.com/activities/2100316273
1/23/2019|150.55|05:23:22|2938|0|0|0|0||0|0|27.9|82.8|81|129|0|0|0|0||13|06:36:36|Pioneer|https://www.strava.com/activities/2098289630
1/22/2019|146.61|04:45:20|2096|0|0|0|0||0|0|30.8|90|80|136|0|0|0|0||5|04:55:20|Pioneer|https://www.strava.com/activities/2095948558
2/26/2019|27.97|00:58:34|5|0|0|0|0||0|0|28.7|37.4|90|108|0|0|0|0||12|01:20:44|Pioneer|https://www.strava.com/activities/2176416945
2/23/2019|15.27|00:31:46|75|0|0|0|0||0|0|28.8|54.7|80|110|0|0|0|0||18|00:32:13|Pioneer|https://www.strava.com/activities/2169794938
2/22/2019|21.1|00:44:17|391|0|0|0|0||0|0|28.6|56.2|85|122|0|0|0|0||19|00:44:32|Pioneer|https://www.strava.com/activities/2167083226
2/22/2019|16.13|00:25:32|354|0|0|0|0||0|0|37.9|95|91|127|0|0|0|0||18|00:25:32|Pioneer|https://www.strava.com/activities/2167083485
2/16/2019|59.47|02:00:54|20|0|0|0|0||0|0|29.5|59|89|127|0|0|0|0||8|02:05:47|Pioneer|https://www.strava.com/activities/2152753266
2/15/2019|29.45|01:00:07|154|0|0|0|0||0|0|29.4|58.3|88|106|0|0|0|0||11|01:01:34|Pioneer|https://www.strava.com/activities/2150375262
2/14/2019|200.12|07:07:07|2754|0|0|0|0||0|0|28.1|74.2|84|121|0|0|0|0||9|07:29:39|Pioneer|https://www.strava.com/activities/2148777525
2/13/2019|135.78|04:31:19|1498|0|0|0|0||0|0|30|69.1|87|128|0|0|0|0||4|04:34:54|Pioneer|https://www.strava.com/activities/2143445704
2/12/2019|88.4|03:07:12|827|0|0|0|0||0|0|28.3|61.9|87|121|0|0|0|0||3|03:10:23|Pioneer|https://www.strava.com/activities/2141087993
2/10/2019|122.37|04:00:05|220|0|0|0|0||0|0|30.6|60.5|86|113|0|0|0|0||3|04:04:44|Pioneer|https://www.strava.com/activities/2137995097
2/9/2019|156.38|04:59:48|405|0|0|0|0||0|0|31.3|72|86|118|0|0|0|0||6|05:08:01|Pioneer|https://www.strava.com/activities/2135548200
2/8/2019|28.75|01:00:08|33|0|0|0|0||0|0|28.7|53.3|90|115|0|0|0|0||5|01:00:42|Pioneer|https://www.strava.com/activities/2132019091
2/7/2019|181.51|05:59:57|156|0|0|0|0||0|0|30.3|54|88|121|0|0|0|0||6|06:10:29|Pioneer|https://www.strava.com/activities/2130340562
2/6/2019|128.6|04:04:04|114|0|0|0|0||0|0|31.6|56.2|90|124|0|0|0|0||1|04:30:18|Pioneer|https://www.strava.com/activities/2128135535
2/4/2019|30.15|00:59:56|449|0|0|0|0||0|0|30.2|79.6|84|115|0|0|0|0|605||01:00:15|Zwift|https://www.strava.com/activities/2123912001
2/1/2019|27.72|01:00:09|232|0|0|0|0||0|0|27.7|54.7|82|106|0|0|0|0||15|01:01:49|Pioneer|https://www.strava.com/activities/2117031118
2/28/2019|58.95|01:51:11|630|0|0|0|0||0|0|31.8|61.9|87|142|0|0|0|0||10|01:55:18|Pioneer|https://www.strava.com/activities/2181508579
2/27/2019|117.27|03:32:57|99|0|0|0|0||0|0|33|57.6|91|128|0|0|0|0||13|03:40:11|Pioneer|https://www.strava.com/activities/2179161113
2/24/2019|166.59|04:04:35|2298|0|0|0|0||0|0|40.9|87.8|90|133|0|0|0|0||17|04:05:00|Pioneer|https://www.strava.com/activities/2172361495
2/23/2019|117.56|03:23:54|2615|0|0|0|0||0|0|34.6|86.4|85|138|0|0|0|0||18|03:25:32|Pioneer|https://www.strava.com/activities/2169799570
2/21/2019|226.73|06:09:17|1699|0|0|0|0||0|0|36.8|90|87|136|0|0|0|0||18|06:12:55|Pioneer|https://www.strava.com/activities/2165062469
2/20/2019|175.88|04:35:04|2197|0|0|0|0||0|0|38.4|88.6|90|144|0|0|0|0||19|04:47:12|Pioneer|https://www.strava.com/activities/2162736996
2/19/2019|40.14|01:17:24|81|0|0|0|0||0|0|31.1|60.5|88|135|0|0|0|0||15|01:48:39|Pioneer|https://www.strava.com/activities/2159824310
2/18/2019|28.49|01:04:49|12|0|0|0|0||0|0|26.4|51.8|89|127|0|0|0|0||6|01:24:15|Pioneer|https://www.strava.com/activities/2157446646
2/17/2019|104.63|03:24:24|48|0|0|0|0||0|0|30.7|61.2|89|131|0|0|0|0||10|04:06:30|Pioneer|https://www.strava.com/activities/2155707758
2/5/2019|58.17|02:01:03|31|0|0|0|0||0|0|28.8|59|89|122|0|0|0|0||3|02:01:32|Pioneer|https://www.strava.com/activities/2125556862
2/2/2019|178.72|06:11:54|2687|0|0|0|0||0|0|28.8|74.9|82|125|0|0|0|0||10|07:12:02|Pioneer|https://www.strava.com/activities/2119505278
3/31/2019|250.75|05:38:27|1502|0|0|0|0||0|0|44.5|84.2|94|136|0|0|0|0||13|05:45:58|Pioneer|https://www.strava.com/activities/2255145383
3/30/2019|27.68|00:59:09|207|0|0|0|0||0|0|28.1|56.9|88|111|0|0|0|0||14|01:00:35|Pioneer|https://www.strava.com/activities/2251011691
3/29/2019|205.83|04:54:49|1880|0|0|0|0||0|0|41.9|87.8|94|148|0|0|0|0||17|04:55:41|Pioneer|https://www.strava.com/activities/2249615016
3/28/2019|37.06|01:12:23|40|0|0|0|0||0|0|30.7|53.3|86|127|0|0|0|0||10|02:09:16|Pioneer|https://www.strava.com/activities/2246665468
3/27/2019|206.22|04:52:04|618|0|0|0|0||0|0|42.4|81.4|92|130|0|0|0|0||10|04:53:40|Pioneer|https://www.strava.com/activities/2244627544
3/26/2019|37.21|01:16:08|43|0|0|0|0||0|0|29.3|54|87|139|0|0|0|0||10|01:58:02|Pioneer|https://www.strava.com/activities/2242040685
3/25/2019|46.85|01:38:19|67|0|0|0|0||0|0|28.6|45.4|88|108|0|0|0|0||6|01:39:21|Pioneer|https://www.strava.com/activities/2241078089
3/24/2019|71.01|02:02:42|46|0|0|0|0||0|0|34.7|53.3|94|118|0|0|0|0||10|03:04:31|Pioneer|https://www.strava.com/activities/2240418573
3/23/2019|203.13|06:20:55|304|0|0|0|0||0|0|32|59.8|89|118|0|0|0|0||8|06:30:24|Pioneer|https://www.strava.com/activities/2234986861
3/22/2019|145.26|04:29:17|109|0|0|0|0||0|0|32.4|64.1|90|129|0|0|0|0||14|04:34:21|Pioneer|https://www.strava.com/activities/2231675675
3/21/2019|77.67|02:29:58|214|0|0|0|0||0|0|31.1|59.8|92|124|0|0|0|0||9|02:50:10|Pioneer|https://www.strava.com/activities/2229210538
3/20/2019|45.34|01:29:42|32|0|0|0|0||0|0|30.3|46.8|92|111|0|0|0|0||7|03:19:29|Pioneer|https://www.strava.com/activities/2226694392
3/18/2019|33.82|01:17:45|27|0|0|0|0||0|0|26.1|44.6|87|112|0|0|0|0||6|02:28:07|Pioneer|https://www.strava.com/activities/2222068971
3/17/2019|120.01|03:18:17|2105|0|0|0|0||0|0|36.3|88.6|90|129|0|0|0|0||11|03:18:45|Pioneer|https://www.strava.com/activities/2220295915
3/16/2019|204.62|05:54:20|4019|0|0|0|0||0|0|34.6|77.8|89|122|0|0|0|0||16|05:56:20|Pioneer|https://www.strava.com/activities/2217506446
3/15/2019|179.26|04:24:35|1984|0|0|0|0||0|0|40.7|92.9|90|141|0|0|0|0||20|04:26:08|Pioneer|https://www.strava.com/activities/2215032873
3/14/2019|25.02|00:32:37|140|0|0|0|0||0|0|46|62.6|92|125|0|0|0|0||13|00:32:37|Pioneer|https://www.strava.com/activities/2212797452
3/13/2019|215.6|05:31:15|2883|0|0|0|0||0|0|39.1|86.4|87|132|0|0|0|0||9|05:35:51|Pioneer|https://www.strava.com/activities/2210890946
3/12/2019|205.36|05:29:47|891|0|270|0|0||0|0|37.4|73.4|88|123|0|0|0|1125||13|05:32:09|Pioneer|https://www.strava.com/activities/2208617906
3/11/2019|169.76|03:25:27|714|0|325|0|0||0|0|49.6|90|97|129|0|0|0|1235||9|03:25:48|Pioneer|https://www.strava.com/activities/2206313656
3/10/2019|140.99|03:28:19|1137|0|310|0|0||0|0|40.6|86.4|92|141|0|0|0|1301||11|03:29:40|Pioneer|https://www.strava.com/activities/2204176192
3/9/2019|46.58|01:23:04|389|0|235|0|0||0|0|33.6|74.2|92|120|0|0|0|1329||7|01:29:43|Pioneer|https://www.strava.com/activities/2200923423
3/8/2019|27.06|01:00:29|12|0|0|0|0||0|0|26.9|39.6|89|108|0|0|0|0||8|01:28:40|Pioneer|https://www.strava.com/activities/2198828471
3/7/2019|104|03:32:04|157|0|0|0|0||0|0|29.4|56.2|89|120|0|0|0|0||7|03:36:06|Pioneer|https://www.strava.com/activities/2197052112
3/6/2019|90.33|02:59:14|59|0|0|0|0||0|0|30.2|56.2|88|122|0|0|0|0||5|03:03:45|Pioneer|https://www.strava.com/activities/2194925689
3/5/2019|27.58|00:59:11|9|0|0|0|0||0|0|28|47.5|89|108|0|0|0|0||8|01:00:50|Pioneer|https://www.strava.com/activities/2192437485
3/4/2019|33.08|01:02:41|264|0|0|0|0||0|0|31.7|68.4|0|0|0|0|0|0|610||01:02:41|Zwift|https://www.strava.com/activities/2190394937
3/3/2019|177.68|06:05:08|2325|0|0|0|0||0|0|29.2|66.2|84|121|0|0|0|0||7|06:55:51|Pioneer|https://www.strava.com/activities/2188997436
3/2/2019|206.37|05:13:49|1557|0|0|0|0||0|0|39.5|77|91|142|0|0|0|0||7|05:16:09|Pioneer|https://www.strava.com/activities/2186330559
3/1/2019|41.81|01:25:11|34|0|0|0|0||0|0|29.5|52.6|87|144|0|0|0|0||5|02:06:28|Pioneer|https://www.strava.com/activities/2183440211
4/30/2019|53.42|01:30:29|196|0|0|0|0||0|0|35.4|59|89|126|0|0|0|0||11|01:37:11|Pioneer|https://www.strava.com/activities/2330036747
4/28/2019|182.88|06:00:32|244|0|0|0|0||0|0|30.4|48.2|87|127|0|0|0|0||10|06:21:12|Pioneer|https://www.strava.com/activities/2325681048
4/27/2019|80.22|02:34:03|67|0|0|0|0||0|0|31.2|57.6|87|113|0|0|0|0||11|02:36:59|Pioneer|https://www.strava.com/activities/2322907248
4/27/2019|53.2|01:30:34|29|0|0|0|0||0|0|35.2|56.2|89|112|0|0|0|0||11|01:31:07|Pioneer|https://www.strava.com/activities/2322312978
4/25/2019|202.22|06:16:04|128|0|0|0|0||0|0|32.3|54|89|114|0|0|0|0||15|06:44:41|Pioneer|https://www.strava.com/activities/2318040313
4/24/2019|132.01|04:00:09|103|0|0|0|0||0|0|33|60.5|91|121|0|0|0|0||21|04:16:30|Pioneer|https://www.strava.com/activities/2315213287
4/23/2019|60.72|02:00:00|65|0|0|0|0||0|0|30.4|67|91|136|0|0|0|0||20|02:02:52|Pioneer|https://www.strava.com/activities/2312603150
4/15/2019|27.38|00:58:52|150|0|0|0|0||0|0|27.9|49.7|88|102|0|0|0|0||7|00:58:52|Pioneer|https://www.strava.com/activities/2291213953
4/9/2019|45.75|01:28:52|235|0|0|0|0||0|0|30.9|51.8|0|0|0|0|0|0||11|01:32:12|Pioneer|https://www.strava.com/activities/2276652283
4/8/2019|27.13|01:00:32|206|0|0|0|0||0|0|26.9|57.6|0|0|0|0|0|0||9|01:02:07|Pioneer|https://www.strava.com/activities/2274202161
4/4/2019|26.54|00:59:48|193|0|0|0|0||0|0|26.6|59|84|105|0|0|0|0||6|01:01:02|Pioneer|https://www.strava.com/activities/2264181982
4/2/2019|43.46|01:29:09|337|0|0|0|0||0|0|29.3|54.7|93|141|0|0|0|0||9|01:29:09|Pioneer|https://www.strava.com/activities/2259127298
4/1/2019|37.77|01:20:52|282|0|0|0|0||0|0|28|56.2|0|0|0|0|0|0||19|01:29:21|Pioneer|https://www.strava.com/activities/2256862800
4/30/2019|78.11|02:30:26|492|0|0|0|0||0|0|31.2|61.9|90|116|0|0|0|0||17|02:35:15|Pioneer|https://www.strava.com/activities/2330543116
4/29/2019|33.24|01:12:03|254|0|0|0|0||0|0|27.7|57.6|89|118|0|0|0|0||15|02:27:57|Pioneer|https://www.strava.com/activities/2327882826
4/26/2019|27.64|00:57:41|9|0|0|0|0||0|0|28.8|47.5|91|112|0|0|0|0||12|01:56:50|Pioneer|https://www.strava.com/activities/2320073744
4/20/2019|6.34|00:54:34|37|0|0|0|0||0|0|7|24.5|0|0|0|0|0|0|||01:29:04||https://www.strava.com/activities/2305155493
4/17/2019|69.2|02:21:45|102|0|0|0|0||0|0|29.3|43.9|0|0|0|0|0|0|||03:03:31||https://www.strava.com/activities/2296337999
4/14/2019|262.2|06:11:32|1218|0|0|0|0||157|0|42.3|76.3|0|0|0|0|0|0||8|06:12:31|Pioneer SGX-CA600|https://www.strava.com/activities/2290054684
4/13/2019|40.9|01:18:15|202|0|0|0|0||0|0|31.4|58.3|89|127|0|0|0|0||8|02:07:21|Pioneer|https://www.strava.com/activities/2286125988
4/12/2019|41.19|01:25:11|191|0|0|0|0||101|0|29|55.4|0|0|0|0|0|0||7|02:03:11|Pioneer|https://www.strava.com/activities/2283934001
4/11/2019|107.62|03:32:26|275|0|0|0|0||80|0|30.4|49|0|0|0|0|0|0||17|03:51:17|Pioneer|https://www.strava.com/activities/2281741470
4/10/2019|149.88|05:00:01|1151|0|0|0|0||0|0|30|57.6|88|120|0|0|0|0||11|05:39:24|Pioneer|https://www.strava.com/activities/2279444481
4/7/2019|277.16|06:39:00|2092|0|0|0|0||0|0|41.7|95.8|93|151|0|0|0|0||16|06:40:22|Pioneer|https://www.strava.com/activities/2272474473
4/6/2019|49.83|01:47:22|49|0|0|0|0||0|0|27.8|59|89|139|0|0|0|0||10|02:29:07|Pioneer|https://www.strava.com/activities/2272468228
4/3/2019|185.93|04:18:46|1193|0|0|0|0||0|0|43.1|83.5|94|144|0|0|0|0||10|04:24:33|Pioneer|https://www.strava.com/activities/2262217597
5/31/2019|42.01|01:14:53|421|0|0|0|0||0|0|33.7|68.4|89|123|0|0|0|0||18|01:21:59|Pioneer|https://www.strava.com/activities/2412386561
5/31/2019|45.86|01:34:14|299|0|0|0|0||0|0|29.2|66.6|91|109|0|0|0|0||20|02:15:52|Pioneer|https://www.strava.com/activities/2411307464
5/30/2019|118.45|03:59:55|1585|0|0|0|0||0|0|29.6|69.8|88|130|0|0|0|0||15|04:02:57|Pioneer|https://www.strava.com/activities/2408998138
5/29/2019|28.11|01:04:59|199|0|0|0|0||0|0|26|52.6|86|105|0|0|0|0||19|01:37:11|Pioneer|https://www.strava.com/activities/2406626725
5/27/2019|103.05|03:24:50|748|0|0|0|0||0|0|30.2|68.4|82|122|0|0|0|0||11|04:14:33|Pioneer|https://www.strava.com/activities/2401206441
5/26/2019|48.27|00:55:12|217|0|0|0|0||0|0|52.5|73.4|97|124|0|0|0|0||9|00:55:12|Pioneer|https://www.strava.com/activities/2399395537
5/26/2019|0.11|00:13:39|0|0|0|0|0||0|0|0.5|2.5|95|117|0|0|0|0||14|00:14:59|Pioneer|https://www.strava.com/activities/2399394426
5/26/2019|39.16|01:05:53|190|0|0|0|0||0|0|35.7|70.6|85|112|0|0|0|0||9|01:08:21|Pioneer|https://www.strava.com/activities/2397934620
5/25/2019|86.94|01:56:49|508|0|0|0|0||0|0|44.7|74.9|90|123|0|0|0|0||9|02:03:28|Pioneer|https://www.strava.com/activities/2396458349
5/25/2019|58.76|01:56:47|605|0|0|0|0||0|0|30.2|75.6|80|113|0|0|0|0||9|02:38:35|Pioneer|https://www.strava.com/activities/2395390123
5/24/2019|85.24|01:59:44|1117|0|357|0|0||0|0|42.7|87.1|94|130|0|0|0|1201||7|01:59:44|Pioneer|https://www.strava.com/activities/2394052201
5/24/2019|70.35|02:15:10|500|0|0|0|0||0|0|31.2|61.2|86|120|0|0|0|0||12|03:28:06|Pioneer|https://www.strava.com/activities/2393042670
5/22/2019|94.39|02:59:44|171|0|0|0|0||0|0|31.5|60.5|89|118|0|0|0|0||17|03:26:31|Pioneer|https://www.strava.com/activities/2388142717
5/20/2019|30.04|00:59:59|15|0|0|0|0||0|0|30.1|41|83|104|0|0|0|0||18|01:00:16|Pioneer|https://www.strava.com/activities/2382465792
5/19/2019|200.6|04:48:57|372|0|0|0|0||0|0|41.7|67|90|126|0|0|0|0||10|04:49:22|Pioneer|https://www.strava.com/activities/2380808675
5/18/2019|188.59|04:55:31|2342|0|0|0|0||0|0|38.3|87.1|0|0|0|0|0|0||21|04:57:45|Pioneer SGX-CA600|https://www.strava.com/activities/2378302447
5/17/2019|193.77|04:57:57|1940|0|0|0|0||0|0|39|82.1|89|130|0|0|0|0||14|04:59:58|Pioneer|https://www.strava.com/activities/2374978002
5/16/2019|163.31|03:41:44|1082|0|0|0|0||0|0|44.2|84.2|93|134|0|0|0|0||18|03:57:22|Pioneer|https://www.strava.com/activities/2372381303
5/15/2019|182.9|04:13:42|1117|0|0|0|0||0|0|43.3|85.7|90|125|0|0|0|0||21|04:16:12|Pioneer|https://www.strava.com/activities/2369790149
5/14/2019|184.53|04:30:48|770|0|0|0|0||0|0|40.9|76.3|91|134|0|0|0|0||19|04:43:03|Pioneer|https://www.strava.com/activities/2367340216
5/13/2019|24.38|00:51:32|308|0|0|0|0||0|0|28.4|58.3|81|110|0|0|0|0||16|01:26:54|Pioneer|https://www.strava.com/activities/2364286529
5/12/2019|143.32|03:17:02|584|0|0|0|0||0|0|43.6|70.6|93|145|0|0|0|0||11|03:18:42|Pioneer|https://www.strava.com/activities/2362749500
5/11/2019|73.67|01:57:48|2|0|0|0|0||0|0|37.5|52.6|93|125|0|0|0|0||9|02:01:05|Pioneer|https://www.strava.com/activities/2359816599
5/11/2019|29.65|01:04:51|15|0|0|0|0||0|0|27.4|38.9|88|112|0|0|0|0||13|01:37:30|Pioneer|https://www.strava.com/activities/2358256146
5/10/2019|105.09|03:27:12|52|0|0|0|0||0|0|30.4|56.2|90|128|0|0|0|0||11|04:23:12|Pioneer|https://www.strava.com/activities/2356148321
5/9/2019|49.52|01:29:42|42|0|0|0|0||0|0|33.1|52.6|94|113|0|0|0|0||13|01:31:30|Pioneer|https://www.strava.com/activities/2353601099
5/8/2019|75.43|02:29:31|69|0|0|0|0||0|0|30.3|49.7|89|135|0|0|0|0||8|02:32:38|Pioneer|https://www.strava.com/activities/2351651296
5/8/2019|55.13|01:29:29|22|0|0|0|0||0|0|37|57.6|92|132|0|0|0|0||11|01:29:29|Pioneer|https://www.strava.com/activities/2351110336
5/7/2019|200.05|06:09:02|153|0|0|0|0||0|0|32.5|54.7|92|119|0|0|0|0||8|06:46:44|Pioneer|https://www.strava.com/activities/2349011577
5/6/2019|80.07|02:29:23|157|0|0|0|0||0|0|32.2|58.3|90|119|0|0|0|0||8|02:30:00|Pioneer|https://www.strava.com/activities/2346194515
5/5/2019|84.09|03:05:50|202|0|0|0|0||0|0|27.1|62.6|82|122|0|0|0|0||8|04:03:05|Pioneer|https://www.strava.com/activities/2344262922
5/4/2019|127.9|03:59:31|212|0|0|0|0||0|0|32|61.9|90|123|0|0|0|0||6|04:07:05|Pioneer|https://www.strava.com/activities/2341035267
5/3/2019|44.75|01:26:50|31|0|0|0|0||0|0|30.9|47.5|92|115|0|0|0|0||11|02:33:13|Pioneer|https://www.strava.com/activities/2338383900
5/2/2019|5.85|00:11:53|49|0|0|0|0||0|0|29.6|52.6|92|108|0|0|0|0||11|00:23:46|Pioneer|https://www.strava.com/activities/2338107429
5/1/2019|127.62|04:01:42|1536|0|0|0|0||0|0|31.7|71.3|88|127|0|0|0|0||11|04:03:37|Pioneer|https://www.strava.com/activities/2333357723
6/26/2019|40.37|00:49:05|102|0|0|0|0||0|0|49.4|72.7|90|119|0|0|0|0||20|00:49:05|Pioneer|https://www.strava.com/activities/2482377801
6/24/2019|32.4|00:59:37|21|0|0|0|0||0|0|32.6|50.4|87|108|0|0|0|0||29|02:15:03|Pioneer|https://www.strava.com/activities/2476507729
6/23/2019|204.38|06:00:12|259|0|0|0|0||0|0|34|75.6|88|128|0|0|0|0||27|06:19:27|Pioneer|https://www.strava.com/activities/2474288818
6/22/2019|58.33|01:29:59|8|0|0|0|0||0|0|38.9|56.9|93|130|0|0|0|0||19|01:29:59|Pioneer|https://www.strava.com/activities/2470453143
6/21/2019|92.68|02:29:53|47|0|0|0|0||0|0|37.1|60.5|91|122|0|0|0|0||19|02:46:36|Pioneer|https://www.strava.com/activities/2468307960
6/21/2019|36.33|00:59:30|8|0|0|0|0||0|0|36.6|63.4|92|129|0|0|0|0||18|00:59:30|Pioneer|https://www.strava.com/activities/2467866325
6/12/2019|26.12|00:37:17|353|0|0|0|0||0|0|42|75.6|94|122|0|0|0|0||20|00:37:17|Pioneer|https://www.strava.com/activities/2444074414
6/8/2019|43.48|01:26:06|720|0|0|0|0||0|0|30.3|64.8|86|116|0|0|0|0||20|01:26:43|Pioneer|https://www.strava.com/activities/2433385671
6/6/2019|46.82|01:28:22|33|0|0|0|0||0|0|31.8|49.7|88|103|0|0|0|0||15|01:36:12|Pioneer|https://www.strava.com/activities/2428065904
6/5/2019|150.55|05:05:35|2261|0|0|0|0||0|0|29.6|74.2|84|120|0|0|0|0||20|05:23:29|Pioneer|https://www.strava.com/activities/2425432283
6/4/2019|77.83|02:29:46|726|0|0|0|0||0|0|31.2|72.7|84|117|0|0|0|0||26|02:31:14|Pioneer|https://www.strava.com/activities/2422882089
6/4/2019|72.36|02:00:06|397|0|0|0|0||0|0|36.2|77.8|87|123|0|0|0|0||20|02:00:06|Pioneer|https://www.strava.com/activities/2422308043
6/3/2019|31.1|00:59:42|137|0|0|0|0||0|0|31.3|51.8|86|109|0|0|0|0||20|01:01:29|Pioneer|https://www.strava.com/activities/2419721441
6/2/2019|200.05|06:31:47|2609|0|0|0|0||0|0|30.6|79.2|85|124|0|0|0|0||29|06:54:00|Pioneer|https://www.strava.com/activities/2417611132
6/1/2019|82.44|02:46:37|813|0|0|0|0||0|0|29.7|64.1|85|109|0|0|0|0||28|03:15:43|Pioneer|https://www.strava.com/activities/2414812653
6/1/2019|67.91|02:00:12|373|0|0|0|0||0|0|33.9|61.9|91|122|0|0|0|0||23|02:00:12|Pioneer|https://www.strava.com/activities/2413937470
6/30/2019|224.81|04:57:19|873|0|0|0|0||0|0|45.4|87.8|91|136|0|0|0|0||25|04:58:10|Pioneer|https://www.strava.com/activities/2492597644
6/29/2019|29.76|00:57:13|11|0|0|0|0||0|0|31.2|57.6|94|145|0|0|0|0||24|00:57:13|Pioneer|https://www.strava.com/activities/2489099243
6/28/2019|57.25|01:48:14|49|0|0|0|0||0|0|31.7|60.5|90|126|0|0|0|0||20|02:37:38|Pioneer|https://www.strava.com/activities/2487036313
6/27/2019|56.97|01:58:07|49|0|0|0|0||0|0|28.9|43.2|82|102|0|0|0|0||19|02:38:49|Pioneer|https://www.strava.com/activities/2484444308
6/26/2019|20.8|00:44:16|100|0|0|0|0||0|0|28.2|59|84|104|0|0|0|0||19|00:44:16|Pioneer|https://www.strava.com/activities/2481485829
6/25/2019|49.66|01:30:33|138|0|0|0|0||0|0|32.9|61.9|81|103|0|0|0|0||31|01:43:31|Pioneer|https://www.strava.com/activities/2479377198
6/22/2019|77.97|02:29:41|54|0|0|0|0||0|0|31.3|54|84|125|0|0|0|0||22|02:36:20|Pioneer|https://www.strava.com/activities/2471074118
6/20/2019|90.41|02:44:04|174|0|0|0|0||0|0|33.1|55.4|89|105|0|0|0|0||19|03:14:07|Pioneer|https://www.strava.com/activities/2465538029
6/19/2019|30.47|00:58:36|23|0|0|0|0||0|0|31.2|42.5|87|104|0|0|0|0||19|00:58:36|Pioneer|https://www.strava.com/activities/2462493750
6/18/2019|25.25|00:55:30|20|0|0|0|0||0|0|27.3|38.9|85|103|0|0|0|0||27|01:19:45|Pioneer|https://www.strava.com/activities/2459773128
6/17/2019|27.35|00:59:43|22|0|0|0|0||0|0|27.5|39.6|84|107|0|0|0|0||23|01:14:46|Pioneer|https://www.strava.com/activities/2458064294
6/16/2019|116.13|03:28:42|2919|0|0|0|0||0|0|33.4|94.3|83|133|0|0|0|0||24|03:49:53|Pioneer|https://www.strava.com/activities/2455301714
6/15/2019|133.15|04:36:32|4089|0|0|0|0||0|0|28.9|91.4|79|136|0|0|0|0||17|04:36:32|Pioneer|https://www.strava.com/activities/2452269006
6/14/2019|232.88|06:27:50|3504|0|0|0|0||0|0|36|97.9|84|145|0|0|0|0||19|06:34:32|Pioneer|https://www.strava.com/activities/2449362727
6/13/2019|202.75|05:06:19|2042|0|0|0|0||0|0|39.7|85.7|87|140|0|0|0|0||28|05:07:53|Pioneer|https://www.strava.com/activities/2446879866
6/12/2019|26.63|00:51:38|340|0|0|0|0||0|0|31|65.5|86|112|0|0|0|0||14|00:51:38|Pioneer|https://www.strava.com/activities/2443652484
6/11/2019|178.07|04:22:37|1367|0|0|0|0||0|0|40.7|83.5|86|135|0|0|0|0||9|04:23:43|Pioneer|https://www.strava.com/activities/2441701552
6/10/2019|182.22|04:35:04|3126|0|0|0|0||0|0|39.7|92.9|89|137|0|0|0|0||9|04:35:04|Pioneer|https://www.strava.com/activities/2439216166
6/9/2019|143.76|03:40:52|2414|0|0|0|0||0|0|39.1|90|89|132|0|0|0|0||13|03:41:26|Pioneer|https://www.strava.com/activities/2436178286
6/7/2019|26.21|00:58:55|29|0|0|0|0||0|0|26.7|42.5|81|107|0|0|0|0||22|02:04:48|Pioneer|https://www.strava.com/activities/2430592743
7/31/2019|107.9|03:34:27|1463|0|0|0|0||0|0|30.2|61.9|85|108|0|0|0|0||20|03:42:11|Pioneer SGX-CA600|https://www.strava.com/activities/2578275762
7/23/2019|16.4|00:29:58|49|0|0|0|0||0|0|32.8|55.4|84|102|0|0|0|0||18|00:30:44|Pioneer|https://www.strava.com/activities/2555671531
7/30/2019|41.19|01:29:11|338|0|0|0|0||0|0|27.7|58.3|83|128|0|0|0|0||26|01:59:00|Pioneer SGX-CA600|https://www.strava.com/activities/2575617115
7/29/2019|30.21|01:00:57|11|0|0|0|0||0|0|29.7|46.8|85|110|0|0|0|0||26|01:00:57|Pioneer|https://www.strava.com/activities/2572298310
7/28/2019|29|01:01:13|31|0|0|0|0||0|0|28.4|45.4|84|113|0|0|0|0||30|01:44:01|Pioneer|https://www.strava.com/activities/2570318682
7/27/2019|110.45|03:34:48|2176|0|0|0|0||0|0|30.9|97.2|79|135|0|0|0|0||22|03:49:31|Pioneer|https://www.strava.com/activities/2566759571
7/26/2019|49.06|01:19:22|163|0|0|0|0||0|0|37.1|101.5|78|135|0|0|0|0||27|02:22:24|Pioneer|https://www.strava.com/activities/2564206841
7/25/2019|194.19|05:58:46|2147|0|0|0|0||0|0|32.5|93.6|79|138|0|0|0|0||31|06:38:54|Pioneer|https://www.strava.com/activities/2562045837
7/24/2019|137.16|05:23:46|4067|0|0|0|0||0|0|25.4|97.2|78|119|0|0|0|0||31|06:39:12|Pioneer|https://www.strava.com/activities/2559346789
7/23/2019|9.21|00:40:31|575|0|0|0|0||0|0|13.6|64.8|0|0|0|0|0|0||28|01:58:15|Pioneer|https://www.strava.com/activities/2555931895
7/22/2019|207.89|06:49:26|4479|0|0|0|0||0|0|30.5|103|82|150|0|0|0|0||25|07:54:17|Pioneer|https://www.strava.com/activities/2553691775
7/21/2019|128.48|04:59:59|3754|0|0|0|0||0|0|25.7|109.4|80|133|0|0|0|0||17|05:28:02|Pioneer|https://www.strava.com/activities/2550995423
7/20/2019|9.76|00:40:09|576|0|0|0|0||0|0|14.6|77.8|0|0|0|0|0|0||28|01:59:25|Pioneer|https://www.strava.com/activities/2547416334
7/19/2019|153.54|05:28:53|3017|0|0|0|0||0|0|28|103.7|82|135|0|0|0|0||25|06:35:50|Pioneer|https://www.strava.com/activities/2545491123
7/18/2019|105.6|04:11:16|3174|0|0|0|0||0|0|25.2|111.6|79|144|0|0|0|0||21|04:59:34|Pioneer|https://www.strava.com/activities/2542540602
7/17/2019|47.52|01:15:30|200|0|0|0|0||0|0|37.8|101.5|83|137|0|0|0|0||22|01:52:47|Pioneer|https://www.strava.com/activities/2539343247
7/16/2019|197.37|06:10:12|2778|0|0|0|0||0|0|32|84.2|85|155|0|0|0|0||24|06:31:32|Pioneer|https://www.strava.com/activities/2536861304
7/15/2019|139.5|05:03:39|3109|0|0|0|0||0|0|27.6|104.4|82|142|0|0|0|0||19|05:23:11|Pioneer|https://www.strava.com/activities/2534030750
7/14/2019|33.41|01:00:53|106|0|0|0|0||0|0|32.9|46.1|86|127|0|0|0|0||7|01:59:51|Pioneer|https://www.strava.com/activities/2530942904
7/13/2019|161.06|05:08:37|2246|0|0|0|0||0|0|31.3|85.7|83|132|0|0|0|0||16|05:23:27|Pioneer|https://www.strava.com/activities/2528359332
7/12/2019|111.35|04:28:47|3203|0|268|0|0||0|0|24.9|91.4|81|122|0|0|0|1295||9|04:47:58|Pioneer|https://www.strava.com/activities/2525623221
7/11/2019|33.39|01:01:21|103|0|0|0|0||0|0|32.7|46.1|90|108|0|0|0|0||12|01:31:13|Pioneer|https://www.strava.com/activities/2522756004
7/10/2019|116.22|03:33:54|1471|0|0|0|0||0|0|32.6|99|86|155|0|0|0|0||27|03:48:42|Pioneer|https://www.strava.com/activities/2520165860
7/9/2019|58.48|02:29:12|1638|0|0|0|0||0|0|23.5|105.1|78|130|0|0|0|0||11|02:33:33|Pioneer|https://www.strava.com/activities/2517096253
7/7/2019|63.52|02:04:17|243|0|0|0|0||0|0|30.7|55.4|88|107|0|0|0|0||24|02:40:59|Pioneer|https://www.strava.com/activities/2511549376
7/5/2019|53.11|01:48:11|468|0|0|0|0||0|0|29.5|67.7|0|0|0|0|0|0|2,392|24|02:12:37|Garmin Edge 800|https://www.strava.com/activities/2505864941
7/3/2019|59.94|02:40:52|1043|0|0|0|0||0|0|22.4|69.1|79|126|0|0|0|0||23|02:51:30|Pioneer|https://www.strava.com/activities/2500828041
7/1/2019|27.03|00:59:47|214|0|0|0|0||0|0|27.1|52.6|86|111|0|0|0|0||28|01:29:13|Pioneer|https://www.strava.com/activities/2495010756
8/28/2019|66.14|02:00:15|399|0|0|0|0||0|0|33|60.5|85|118|0|0|0|0||25|02:01:29|Pioneer|https://www.strava.com/activities/2658750333
8/22/2019|16.91|00:20:48|8|0|380|0|0||0|0|48.8|62.6|88|110|0|0|0|779||19|00:21:05|Pioneer SGX-CA600|https://www.strava.com/activities/2642401180
8/11/2019|184|06:06:24|2848|0|0|0|0||0|0|30.1|78.5|85|125|0|0|0|0||18|06:50:15|Pioneer SGX-CA600|https://www.strava.com/activities/2610009662
8/10/2019|119.19|03:58:16|1517|0|0|0|0||0|0|30|70.6|86|144|0|0|0|0||22|04:10:43|Pioneer SGX-CA600|https://www.strava.com/activities/2606652882
8/6/2019|84.29|02:07:42|206|0|0|0|0||0|0|39.6|61.9|93|150|0|0|0|0||19|02:13:38|Pioneer SGX-CA600|https://www.strava.com/activities/2596782659
8/6/2019|49.26|01:29:18|265|0|0|0|0||0|0|33.1|56.9|88|107|0|0|0|0||25|01:57:27|Pioneer SGX-CA600|https://www.strava.com/activities/2595277678
8/5/2019|28.11|01:01:49|216|0|0|0|0||0|0|27.3|52.6|84|107|0|0|0|0||25|02:27:52|Pioneer SGX-CA600|https://www.strava.com/activities/2592610573
8/4/2019|166.94|03:52:10|1633|0|0|0|0||0|0|43.1|85|92|133|0|0|0|0||22|03:52:10|Pioneer SGX-CA600|https://www.strava.com/activities/2591103220
8/3/2019|30.62|01:00:09|91|0|0|0|0||0|0|30.5|62.6|0|0|0|0|0|0||23|01:17:56|Pioneer SGX-CA600|https://www.strava.com/activities/2587663201
8/2/2019|43.31|01:31:27|362|0|0|0|0||0|0|28.4|55.4|85|128|0|0|0|0||22|01:52:35|Pioneer SGX-CA600|https://www.strava.com/activities/2583692860
8/1/2019|129.42|04:24:22|1539|0|0|0|0||0|0|29.4|64.8|83|117|0|0|0|0||21|05:09:38|Pioneer SGX-CA600|https://www.strava.com/activities/2581239981
8/31/2019|34.36|01:04:53|221|0|0|0|0||0|0|31.8|59.8|87|132|0|0|0|0||21|01:07:25|Pioneer SGX-CA600|https://www.strava.com/activities/2667278223
8/30/2019|49.05|01:47:39|329|0|0|0|0||0|0|27.3|59|85|118|0|0|0|0||22|02:58:54|Pioneer SGX-CA600|https://www.strava.com/activities/2664272531
8/29/2019|145.17|04:38:37|1174|0|0|0|0||0|0|31.3|58.3|83|125|0|0|0|0||23|05:22:16|Pioneer SGX-CA600|https://www.strava.com/activities/2661773622
8/27/2019|27.51|00:59:29|23|0|0|0|0||0|0|27.7|40.3|84|106|0|0|0|0||28|01:52:43|Pioneer SGX-CA600|https://www.strava.com/activities/2655414009
8/26/2019|34.78|01:10:50|23|0|0|0|0||0|0|29.5|46.1|81|108|0|0|0|0||28|01:42:31|Pioneer SGX-CA600|https://www.strava.com/activities/2652662701
8/25/2019|168.12|03:49:14|795|0|259|0|0||0|0|44|86.4|87|142|0|0|0|1479||28|03:52:27|Pioneer SGX-CA600|https://www.strava.com/activities/2650407284
8/24/2019|177.32|04:20:33|1339|0|0|0|0||0|0|40.8|74.2|88|123|0|0|0|0||24|04:22:53|Pioneer SGX-CA600|https://www.strava.com/activities/2647432106
8/23/2019|201.37|04:55:45|1531|0|290|0|0||0|0|40.9|81.4|87|126|0|0|0|1230||24|04:59:46|Pioneer SGX-CA600|https://www.strava.com/activities/2644393869
8/22/2019|17|00:29:20|13|0|0|0|0||0|0|34.8|52.6|86|106|0|0|0|0||25|00:29:20|Pioneer SGX-CA600|https://www.strava.com/activities/2641131206
8/21/2019|172.45|04:02:15|1522|0|302|0|0||0|0|42.7|85.7|92|129|0|0|0|1261||20|04:05:25|Pioneer SGX-CA600|https://www.strava.com/activities/2638606048
8/20/2019|26.59|00:56:05|203|0|0|0|0||105|0|28.5|56.9|0|0|0|0|0|0||24|00:56:30|Pioneer SGX-CA600|https://www.strava.com/activities/2635416602
8/18/2019|168.14|03:55:58|1781|0|0|0|0||0|0|42.8|89.3|91|128|0|0|0|0||18|03:56:47|Pioneer SGX-CA600|https://www.strava.com/activities/2630267747
8/17/2019|179.83|04:21:29|1765|0|0|0|0||0|0|41.3|91.4|88|138|0|0|0|0||17|04:22:00|Pioneer SGX-CA600|https://www.strava.com/activities/2627199743
8/16/2019|171.78|03:43:38|942|0|0|0|0||0|0|46.1|75.6|91|125|0|0|0|0||16|03:44:50|Pioneer SGX-CA600|https://www.strava.com/activities/2624287239
8/15/2019|185.31|03:52:54|1358|0|0|0|0||0|0|47.7|94.3|95|140|0|0|0|0||14|03:55:20|Pioneer SGX-CA600|https://www.strava.com/activities/2621516477
8/14/2019|41.85|01:15:57|231|0|0|0|0||0|0|33.1|72.7|87|126|0|0|0|0||13|02:13:57|Pioneer SGX-CA600|https://www.strava.com/activities/2617968606
8/12/2019|29.79|01:08:08|229|0|0|0|0||0|0|26.2|58.3|83|107|0|0|0|0||21|01:13:15|Pioneer SGX-CA600|https://www.strava.com/activities/2612123922
8/9/2019|64.42|02:12:13|557|0|0|0|0||0|0|29.2|72|86|127|0|0|0|0||23|02:16:10|Pioneer SGX-CA600|https://www.strava.com/activities/2603939956
8/8/2019|32.43|01:10:14|249|0|0|0|0||0|0|27.7|51.8|85|109|0|0|0|0||18|01:48:33|Pioneer SGX-CA600|https://www.strava.com/activities/2601161758
8/7/2019|154.6|05:00:15|448|0|0|0|0||0|0|30.9|59|84|111|0|0|0|0||23|05:24:03|Pioneer SGX-CA600|https://www.strava.com/activities/2598713177
9/23/2019|114.7|03:58:37|1502|0|0|0|0||0|0|28.8|67.7|85|112|0|0|0|0||16|04:21:32|Pioneer SGX-CA600|https://www.strava.com/activities/2733337920
9/21/2019|27.65|00:59:34|216|0|0|0|0||0|0|27.9|55.4|96|121|0|0|0|0||16|01:00:02|Pioneer SGX-CA600|https://www.strava.com/activities/2726913920
9/20/2019|60.04|02:02:05|537|0|0|0|0||0|0|29.5|59|86|122|0|0|0|0||17|02:06:21|Pioneer SGX-CA600|https://www.strava.com/activities/2724641245
9/18/2019|138.46|04:52:22|1541|0|0|0|0||0|0|28.4|62.6|82|112|0|0|0|0||14|05:18:53|Pioneer SGX-CA600|https://www.strava.com/activities/2719400348
9/15/2019|168.56|04:59:57|83|0|0|0|0||0|0|33.7|64.1|88|125|0|0|0|0||19|05:13:04|Pioneer SGX-CA600|https://www.strava.com/activities/2710944619
9/13/2019|100.78|02:56:55|102|0|0|0|0||0|0|34.2|53.3|89|144|0|0|0|0||18|03:43:11|Pioneer SGX-CA600|https://www.strava.com/activities/2704504742
9/10/2019|30.2|00:52:52|581|0|0|0|0||0|0|34.3|78.5|87|139|0|0|0|0||15|00:53:20|Pioneer SGX-CA600|https://www.strava.com/activities/2698445178
9/4/2019|138.82|04:28:57|1464|0|0|0|0||0|0|31|69.1|85|128|0|0|0|0||22|04:42:55|Pioneer SGX-CA600|https://www.strava.com/activities/2679040134
9/30/2019|25.86|00:53:51|5|0|0|0|0||0|0|28.8|51.8|88|120|0|0|0|0||16|03:10:07|Pioneer SGX-CA600|https://www.strava.com/activities/2751661946
9/27/2019|100.69|02:10:40|363|0|0|0|0||0|0|46.2|80.6|95|132|0|0|0|0||14|02:12:27|Pioneer SGX-CA600|https://www.strava.com/activities/2744469437
9/26/2019|27.34|01:03:00|440|0|0|0|0||0|0|26|72|87|138|0|0|0|0||15|01:07:09|Pioneer SGX-CA600|https://www.strava.com/activities/2740942156
9/25/2019|48.49|01:36:46|807|0|0|0|0||0|0|30.1|70.6|85|137|0|0|0|0||15|01:41:30|Pioneer SGX-CA600|https://www.strava.com/activities/2739197741
9/22/2019|86.88|01:58:59|768|0|0|0|0||0|0|43.8|87.5|93|140|0|0|0|0||27|01:58:59|Pioneer SGX-CA600|https://www.strava.com/activities/2731245483
9/19/2019|27.69|01:02:11|217|0|0|0|0||0|0|26.7|51.1|88|119|0|0|0|0||14|01:28:18|Pioneer SGX-CA600|https://www.strava.com/activities/2721735427
9/17/2019|145.98|04:56:39|1957|0|0|0|0||0|0|29.5|60.5|84|126|0|0|0|0||15|05:24:24|Pioneer SGX-CA600|https://www.strava.com/activities/2716469200
9/16/2019|22.17|00:49:54|18|0|0|0|0||0|0|26.7|43.9|93|109|0|0|0|0||11|01:14:06|Pioneer SGX-CA600|https://www.strava.com/activities/2713256507
9/14/2019|132.82|03:57:55|182|0|0|0|0||0|0|33.5|58.3|89|131|0|0|0|0||17|04:10:10|Pioneer SGX-CA600|https://www.strava.com/activities/2707356495
9/12/2019|30.31|01:03:48|17|0|0|0|0||0|0|28.5|41|87|115|0|0|0|0||21|01:11:32|Pioneer SGX-CA600|https://www.strava.com/activities/2701564545
9/9/2019|186.11|04:39:04|1324|0|0|0|0||0|0|40|79.9|87|132|0|0|0|0||15|04:54:39|Pioneer SGX-CA600|https://www.strava.com/activities/2693567955
9/8/2019|168.84|04:06:25|1607|0|0|0|0||0|0|41.1|82.1|90|130|0|0|0|0||16|04:07:54|Pioneer SGX-CA600|https://www.strava.com/activities/2690930856
9/7/2019|206.56|04:53:05|1789|0|0|0|0||0|0|42.3|81.4|94|131|0|0|0|0||15|04:54:49|Pioneer SGX-CA600|https://www.strava.com/activities/2687651072
9/6/2019|33.33|01:15:19|102|0|0|0|0||0|0|26.6|51.1|80|122|0|0|0|0||14|01:43:06|Pioneer SGX-CA600|https://www.strava.com/activities/2685047919
9/5/2019|41.66|01:23:10|287|0|0|0|0||0|0|30.1|54.7|86|113|0|0|0|0||24|02:14:36|Pioneer SGX-CA600|https://www.strava.com/activities/2681556522
9/3/2019|39.69|01:12:06|234|0|0|0|0||0|0|33|57.6|87|108|0|0|0|0||16|01:13:30|Pioneer|https://www.strava.com/activities/3456255792
9/2/2019|29.86|01:07:27|288|0|0|0|0||0|0|26.6|75.6|87|128|0|0|0|0||21|01:59:45|Pioneer SGX-CA600|https://www.strava.com/activities/2672937606
9/1/2019|248.61|06:11:57|3526|0|0|0|0||0|0|40.1|87.8|89|141|0|0|0|0||18|06:13:16|Pioneer SGX-CA600|https://www.strava.com/activities/2670959122
10/30/2019|64.2|02:33:37|452|0|0|0|0||0|0|25.1|54.7|0|0|0|0|0|0||15|02:35:27|Pioneer SGX-CA600|https://www.strava.com/activities/2828374213
10/29/2019|60.12|02:03:27|547|0|0|0|0||0|0|29.2|64.8|93|114|0|0|0|0||9|02:12:32|Pioneer SGX-CA600|https://www.strava.com/activities/2825798565
10/3/2019|28.38|01:01:45|299|0|0|0|0||0|0|27.6|57.6|87|109|0|0|0|0||10|01:02:39|Pioneer SGX-CA600|https://www.strava.com/activities/2759139840
10/2/2019|102.3|03:22:46|766|0|0|0|0||0|0|30.3|56.9|88|119|0|0|0|0||12|04:00:06|Pioneer SGX-CA600|https://www.strava.com/activities/2756922176
10/1/2019|44.77|01:29:48|831|0|0|0|0||0|0|29.9|86.4|83|154|0|0|0|0|1,153||01:45:38|Zwift|https://www.strava.com/activities/2754096975
10/28/2019|46.06|01:35:59|277|0|0|0|0||0|0|28.8|49.7|93|130|0|0|0|0||10|01:43:01|Pioneer SGX-CA600|https://www.strava.com/activities/2823499080
10/19/2019|2.61|00:38:10|0|0|0|0|0||0|0|0|0|0|0|0|0|0|0|||00:00:00||https://www.strava.com/activities/2805670027
11/30/2019|80.25|02:56:12|183|0|0|0|0||0|0|27.3|61.9|0|0|0|0|0|0||6|02:58:42|Pioneer SGX-CA600|https://www.strava.com/activities/2901373472
11/27/2019|118.95|04:10:04|1547|0|0|0|0||0|0|28.5|74.2|89|127|0|0|0|0||9|04:17:51|Pioneer SGX-CA600|https://www.strava.com/activities/2895025765
11/26/2019|111.78|03:57:51|1337|0|0|0|0||0|0|28.2|61.9|88|126|0|0|0|0||10|04:01:05|Pioneer SGX-CA600|https://www.strava.com/activities/2892676602
11/24/2019|141.2|04:31:01|197|0|0|0|0||0|0|31.3|72|89|130|0|0|0|0||5|05:06:42|Pioneer SGX-CA600|https://www.strava.com/activities/2888273886
11/23/2019|101.65|03:48:48|335|0|0|0|0||0|0|26.7|48.2|0|0|0|0|0|0||10|04:03:24|Pioneer SGX-CA600|https://www.strava.com/activities/2885165549
11/22/2019|28.65|00:57:51|158|0|0|0|0||0|0|29.7|51.1|87|110|0|0|0|0||14|00:57:51|Pioneer SGX-CA600|https://www.strava.com/activities/2882914312
11/21/2019|123.29|04:04:34|1195|0|0|0|0||0|0|30.2|61.9|87|123|0|0|0|0||2|04:46:26|Pioneer SGX-CA600|https://www.strava.com/activities/2881173840
11/20/2019|98.91|03:27:18|1202|0|0|0|0||0|0|28.6|64.8|88|140|0|0|0|0||4|03:57:57|Pioneer SGX-CA600|https://www.strava.com/activities/2878669426
11/19/2019|96.93|03:14:04|1074|0|0|0|0||0|0|30|68.4|90|120|0|0|0|0||5|03:19:03|Pioneer SGX-CA600|https://www.strava.com/activities/2876028584
11/18/2019|14.35|00:30:14|200|0|201|0|0||0|0|28.5|65.2|88|107|0|0|0|311|338||00:30:14|Zwift|https://www.strava.com/activities/2873640394
11/16/2019|107.42|04:22:31|724|0|0|0|0||0|0|24.6|55.4|0|0|0|0|0|0||20|04:56:04|Pioneer SGX-CA600|https://www.strava.com/activities/2868749956
11/13/2019|72.42|03:29:06|1322|0|0|0|0||0|0|20.8|62.6|0|0|0|0|0|0||11|04:03:25|Pioneer SGX-CA600|https://www.strava.com/activities/2862167990
11/9/2019|104.16|03:32:20|676|0|0|0|0||0|0|29.4|59.8|89|127|0|0|0|0||5|03:37:31|Pioneer SGX-CA600|https://www.strava.com/activities/2852167141
11/8/2019|90.24|03:04:55|859|0|0|0|0||0|0|29.3|60.5|88|122|0|0|0|0||8|03:10:31|Pioneer SGX-CA600|https://www.strava.com/activities/2849792549
11/6/2019|86.34|02:59:59|923|0|0|0|0||0|0|28.8|74.9|87|112|0|0|0|0||7|03:18:56|Pioneer SGX-CA600|https://www.strava.com/activities/2845252521
11/5/2019|78.81|02:38:45|948|0|0|0|0||0|0|29.8|64.1|90|127|0|0|0|0||9|02:39:24|Pioneer SGX-CA600|https://www.strava.com/activities/2842638602
11/3/2019|84.87|03:33:34|988|0|0|0|0||0|0|23.8|67|0|0|0|0|0|0||18|03:38:39|Pioneer SGX-CA600|https://www.strava.com/activities/2838142969
11/1/2019|61.98|02:10:05|713|0|0|0|0||0|0|28.6|58.3|89|112|0|0|0|0||8|02:11:38|Pioneer SGX-CA600|https://www.strava.com/activities/2832925074
11/28/2019|23.37|00:56:01|157|0|0|0|0||0|0|25|53.3|87|118|0|0|0|0||8|02:24:01|Pioneer SGX-CA600|https://www.strava.com/activities/2897023950
11/17/2019|83.76|03:29:19|1170|0|0|0|0||0|0|24|64.1|0|0|0|0|0|0||7|04:33:43|Pioneer SGX-CA600|https://www.strava.com/activities/2871423847
11/14/2019|101.49|03:29:56|725|0|0|0|0||0|0|29|64.8|89|114|0|0|0|0||6|04:03:06|Pioneer SGX-CA600|https://www.strava.com/activities/2864385531
11/12/2019|72.98|02:33:37|638|0|0|0|0||0|0|28.5|65.5|89|122|0|0|0|0||4|03:19:46|Pioneer SGX-CA600|https://www.strava.com/activities/2859690179
11/10/2019|55.81|02:52:34|469|0|0|0|0||0|0|19.4|58|0|0|0|0|0|0||13|03:28:37|Pioneer SGX-CA600|https://www.strava.com/activities/2855510100
11/2/2019|70.8|02:30:22|708|0|0|0|0||0|0|28.3|64.1|89|120|0|0|0|0||13|02:31:53|Pioneer SGX-CA600|https://www.strava.com/activities/2835229365
11/30/2019|80.25|02:56:12|183|0|0|0|0||0|0|27.3|61.9|0|0|0|0|0|0||6|02:58:42|Pioneer SGX-CA600|https://www.strava.com/activities/2901373472
11/27/2019|118.95|04:10:04|1547|0|0|0|0||0|0|28.5|74.2|89|127|0|0|0|0||9|04:17:51|Pioneer SGX-CA600|https://www.strava.com/activities/2895025765
11/26/2019|111.78|03:57:51|1337|0|0|0|0||0|0|28.2|61.9|88|126|0|0|0|0||10|04:01:05|Pioneer SGX-CA600|https://www.strava.com/activities/2892676602
11/24/2019|141.2|04:31:01|197|0|0|0|0||0|0|31.3|72|89|130|0|0|0|0||5|05:06:42|Pioneer SGX-CA600|https://www.strava.com/activities/2888273886
11/23/2019|101.65|03:48:48|335|0|0|0|0||0|0|26.7|48.2|0|0|0|0|0|0||10|04:03:24|Pioneer SGX-CA600|https://www.strava.com/activities/2885165549
11/22/2019|28.65|00:57:51|158|0|0|0|0||0|0|29.7|51.1|87|110|0|0|0|0||14|00:57:51|Pioneer SGX-CA600|https://www.strava.com/activities/2882914312
11/21/2019|123.29|04:04:34|1195|0|0|0|0||0|0|30.2|61.9|87|123|0|0|0|0||2|04:46:26|Pioneer SGX-CA600|https://www.strava.com/activities/2881173840
11/20/2019|98.91|03:27:18|1202|0|0|0|0||0|0|28.6|64.8|88|140|0|0|0|0||4|03:57:57|Pioneer SGX-CA600|https://www.strava.com/activities/2878669426
11/19/2019|96.93|03:14:04|1074|0|0|0|0||0|0|30|68.4|90|120|0|0|0|0||5|03:19:03|Pioneer SGX-CA600|https://www.strava.com/activities/2876028584
11/18/2019|14.35|00:30:14|200|0|201|0|0||0|0|28.5|65.2|88|107|0|0|0|311|338||00:30:14|Zwift|https://www.strava.com/activities/2873640394
11/16/2019|107.42|04:22:31|724|0|0|0|0||0|0|24.6|55.4|0|0|0|0|0|0||20|04:56:04|Pioneer SGX-CA600|https://www.strava.com/activities/2868749956
11/13/2019|72.42|03:29:06|1322|0|0|0|0||0|0|20.8|62.6|0|0|0|0|0|0||11|04:03:25|Pioneer SGX-CA600|https://www.strava.com/activities/2862167990
11/9/2019|104.16|03:32:20|676|0|0|0|0||0|0|29.4|59.8|89|127|0|0|0|0||5|03:37:31|Pioneer SGX-CA600|https://www.strava.com/activities/2852167141
11/8/2019|90.24|03:04:55|859|0|0|0|0||0|0|29.3|60.5|88|122|0|0|0|0||8|03:10:31|Pioneer SGX-CA600|https://www.strava.com/activities/2849792549
11/6/2019|86.34|02:59:59|923|0|0|0|0||0|0|28.8|74.9|87|112|0|0|0|0||7|03:18:56|Pioneer SGX-CA600|https://www.strava.com/activities/2845252521
11/5/2019|78.81|02:38:45|948|0|0|0|0||0|0|29.8|64.1|90|127|0|0|0|0||9|02:39:24|Pioneer SGX-CA600|https://www.strava.com/activities/2842638602
11/3/2019|84.87|03:33:34|988|0|0|0|0||0|0|23.8|67|0|0|0|0|0|0||18|03:38:39|Pioneer SGX-CA600|https://www.strava.com/activities/2838142969
11/1/2019|61.98|02:10:05|713|0|0|0|0||0|0|28.6|58.3|89|112|0|0|0|0||8|02:11:38|Pioneer SGX-CA600|https://www.strava.com/activities/2832925074
11/28/2019|23.37|00:56:01|157|0|0|0|0||0|0|25|53.3|87|118|0|0|0|0||8|02:24:01|Pioneer SGX-CA600|https://www.strava.com/activities/2897023950
11/17/2019|83.76|03:29:19|1170|0|0|0|0||0|0|24|64.1|0|0|0|0|0|0||7|04:33:43|Pioneer SGX-CA600|https://www.strava.com/activities/2871423847
11/14/2019|101.49|03:29:56|725|0|0|0|0||0|0|29|64.8|89|114|0|0|0|0||6|04:03:06|Pioneer SGX-CA600|https://www.strava.com/activities/2864385531
11/12/2019|72.98|02:33:37|638|0|0|0|0||0|0|28.5|65.5|89|122|0|0|0|0||4|03:19:46|Pioneer SGX-CA600|https://www.strava.com/activities/2859690179
11/10/2019|55.81|02:52:34|469|0|0|0|0||0|0|19.4|58|0|0|0|0|0|0||13|03:28:37|Pioneer SGX-CA600|https://www.strava.com/activities/2855510100
11/2/2019|70.8|02:30:22|708|0|0|0|0||0|0|28.3|64.1|89|120|0|0|0|0||13|02:31:53|Pioneer SGX-CA600|https://www.strava.com/activities/2835229365
11/30/2019|80.25|02:56:12|183|0|0|0|0||0|0|27.3|61.9|0|0|0|0|0|0||6|02:58:42|Pioneer SGX-CA600|https://www.strava.com/activities/2901373472
11/27/2019|118.95|04:10:04|1547|0|0|0|0||0|0|28.5|74.2|89|127|0|0|0|0||9|04:17:51|Pioneer SGX-CA600|https://www.strava.com/activities/2895025765
11/26/2019|111.78|03:57:51|1337|0|0|0|0||0|0|28.2|61.9|88|126|0|0|0|0||10|04:01:05|Pioneer SGX-CA600|https://www.strava.com/activities/2892676602
11/24/2019|141.2|04:31:01|197|0|0|0|0||0|0|31.3|72|89|130|0|0|0|0||5|05:06:42|Pioneer SGX-CA600|https://www.strava.com/activities/2888273886
11/23/2019|101.65|03:48:48|335|0|0|0|0||0|0|26.7|48.2|0|0|0|0|0|0||10|04:03:24|Pioneer SGX-CA600|https://www.strava.com/activities/2885165549
11/22/2019|28.65|00:57:51|158|0|0|0|0||0|0|29.7|51.1|87|110|0|0|0|0||14|00:57:51|Pioneer SGX-CA600|https://www.strava.com/activities/2882914312
11/21/2019|123.29|04:04:34|1195|0|0|0|0||0|0|30.2|61.9|87|123|0|0|0|0||2|04:46:26|Pioneer SGX-CA600|https://www.strava.com/activities/2881173840
11/20/2019|98.91|03:27:18|1202|0|0|0|0||0|0|28.6|64.8|88|140|0|0|0|0||4|03:57:57|Pioneer SGX-CA600|https://www.strava.com/activities/2878669426
11/19/2019|96.93|03:14:04|1074|0|0|0|0||0|0|30|68.4|90|120|0|0|0|0||5|03:19:03|Pioneer SGX-CA600|https://www.strava.com/activities/2876028584
11/18/2019|14.35|00:30:14|200|0|201|0|0||0|0|28.5|65.2|88|107|0|0|0|311|338||00:30:14|Zwift|https://www.strava.com/activities/2873640394
11/16/2019|107.42|04:22:31|724|0|0|0|0||0|0|24.6|55.4|0|0|0|0|0|0||20|04:56:04|Pioneer SGX-CA600|https://www.strava.com/activities/2868749956
11/13/2019|72.42|03:29:06|1322|0|0|0|0||0|0|20.8|62.6|0|0|0|0|0|0||11|04:03:25|Pioneer SGX-CA600|https://www.strava.com/activities/2862167990
11/9/2019|104.16|03:32:20|676|0|0|0|0||0|0|29.4|59.8|89|127|0|0|0|0||5|03:37:31|Pioneer SGX-CA600|https://www.strava.com/activities/2852167141
11/8/2019|90.24|03:04:55|859|0|0|0|0||0|0|29.3|60.5|88|122|0|0|0|0||8|03:10:31|Pioneer SGX-CA600|https://www.strava.com/activities/2849792549
11/6/2019|86.34|02:59:59|923|0|0|0|0||0|0|28.8|74.9|87|112|0|0|0|0||7|03:18:56|Pioneer SGX-CA600|https://www.strava.com/activities/2845252521
11/5/2019|78.81|02:38:45|948|0|0|0|0||0|0|29.8|64.1|90|127|0|0|0|0||9|02:39:24|Pioneer SGX-CA600|https://www.strava.com/activities/2842638602
11/3/2019|84.87|03:33:34|988|0|0|0|0||0|0|23.8|67|0|0|0|0|0|0||18|03:38:39|Pioneer SGX-CA600|https://www.strava.com/activities/2838142969
11/1/2019|61.98|02:10:05|713|0|0|0|0||0|0|28.6|58.3|89|112|0|0|0|0||8|02:11:38|Pioneer SGX-CA600|https://www.strava.com/activities/2832925074
11/28/2019|23.37|00:56:01|157|0|0|0|0||0|0|25|53.3|87|118|0|0|0|0||8|02:24:01|Pioneer SGX-CA600|https://www.strava.com/activities/2897023950
11/17/2019|83.76|03:29:19|1170|0|0|0|0||0|0|24|64.1|0|0|0|0|0|0||7|04:33:43|Pioneer SGX-CA600|https://www.strava.com/activities/2871423847
11/14/2019|101.49|03:29:56|725|0|0|0|0||0|0|29|64.8|89|114|0|0|0|0||6|04:03:06|Pioneer SGX-CA600|https://www.strava.com/activities/2864385531
11/12/2019|72.98|02:33:37|638|0|0|0|0||0|0|28.5|65.5|89|122|0|0|0|0||4|03:19:46|Pioneer SGX-CA600|https://www.strava.com/activities/2859690179
11/10/2019|55.81|02:52:34|469|0|0|0|0||0|0|19.4|58|0|0|0|0|0|0||13|03:28:37|Pioneer SGX-CA600|https://www.strava.com/activities/2855510100
11/2/2019|70.8|02:30:22|708|0|0|0|0||0|0|28.3|64.1|89|120|0|0|0|0||13|02:31:53|Pioneer SGX-CA600|https://www.strava.com/activities/2835229365
11/30/2019|80.25|02:56:12|183|0|0|0|0||0|0|27.3|61.9|0|0|0|0|0|0||6|02:58:42|Pioneer SGX-CA600|https://www.strava.com/activities/2901373472
11/27/2019|118.95|04:10:04|1547|0|0|0|0||0|0|28.5|74.2|89|127|0|0|0|0||9|04:17:51|Pioneer SGX-CA600|https://www.strava.com/activities/2895025765
11/26/2019|111.78|03:57:51|1337|0|0|0|0||0|0|28.2|61.9|88|126|0|0|0|0||10|04:01:05|Pioneer SGX-CA600|https://www.strava.com/activities/2892676602
11/24/2019|141.2|04:31:01|197|0|0|0|0||0|0|31.3|72|89|130|0|0|0|0||5|05:06:42|Pioneer SGX-CA600|https://www.strava.com/activities/2888273886
11/23/2019|101.65|03:48:48|335|0|0|0|0||0|0|26.7|48.2|0|0|0|0|0|0||10|04:03:24|Pioneer SGX-CA600|https://www.strava.com/activities/2885165549
11/22/2019|28.65|00:57:51|158|0|0|0|0||0|0|29.7|51.1|87|110|0|0|0|0||14|00:57:51|Pioneer SGX-CA600|https://www.strava.com/activities/2882914312
11/21/2019|123.29|04:04:34|1195|0|0|0|0||0|0|30.2|61.9|87|123|0|0|0|0||2|04:46:26|Pioneer SGX-CA600|https://www.strava.com/activities/2881173840
11/20/2019|98.91|03:27:18|1202|0|0|0|0||0|0|28.6|64.8|88|140|0|0|0|0||4|03:57:57|Pioneer SGX-CA600|https://www.strava.com/activities/2878669426
11/19/2019|96.93|03:14:04|1074|0|0|0|0||0|0|30|68.4|90|120|0|0|0|0||5|03:19:03|Pioneer SGX-CA600|https://www.strava.com/activities/2876028584
11/18/2019|14.35|00:30:14|200|0|201|0|0||0|0|28.5|65.2|88|107|0|0|0|311|338||00:30:14|Zwift|https://www.strava.com/activities/2873640394
11/16/2019|107.42|04:22:31|724|0|0|0|0||0|0|24.6|55.4|0|0|0|0|0|0||20|04:56:04|Pioneer SGX-CA600|https://www.strava.com/activities/2868749956
11/13/2019|72.42|03:29:06|1322|0|0|0|0||0|0|20.8|62.6|0|0|0|0|0|0||11|04:03:25|Pioneer SGX-CA600|https://www.strava.com/activities/2862167990
11/9/2019|104.16|03:32:20|676|0|0|0|0||0|0|29.4|59.8|89|127|0|0|0|0||5|03:37:31|Pioneer SGX-CA600|https://www.strava.com/activities/2852167141
11/8/2019|90.24|03:04:55|859|0|0|0|0||0|0|29.3|60.5|88|122|0|0|0|0||8|03:10:31|Pioneer SGX-CA600|https://www.strava.com/activities/2849792549
11/6/2019|86.34|02:59:59|923|0|0|0|0||0|0|28.8|74.9|87|112|0|0|0|0||7|03:18:56|Pioneer SGX-CA600|https://www.strava.com/activities/2845252521
11/5/2019|78.81|02:38:45|948|0|0|0|0||0|0|29.8|64.1|90|127|0|0|0|0||9|02:39:24|Pioneer SGX-CA600|https://www.strava.com/activities/2842638602
11/3/2019|84.87|03:33:34|988|0|0|0|0||0|0|23.8|67|0|0|0|0|0|0||18|03:38:39|Pioneer SGX-CA600|https://www.strava.com/activities/2838142969
11/1/2019|61.98|02:10:05|713|0|0|0|0||0|0|28.6|58.3|89|112|0|0|0|0||8|02:11:38|Pioneer SGX-CA600|https://www.strava.com/activities/2832925074
11/28/2019|23.37|00:56:01|157|0|0|0|0||0|0|25|53.3|87|118|0|0|0|0||8|02:24:01|Pioneer SGX-CA600|https://www.strava.com/activities/2897023950
11/17/2019|83.76|03:29:19|1170|0|0|0|0||0|0|24|64.1|0|0|0|0|0|0||7|04:33:43|Pioneer SGX-CA600|https://www.strava.com/activities/2871423847
11/14/2019|101.49|03:29:56|725|0|0|0|0||0|0|29|64.8|89|114|0|0|0|0||6|04:03:06|Pioneer SGX-CA600|https://www.strava.com/activities/2864385531
11/12/2019|72.98|02:33:37|638|0|0|0|0||0|0|28.5|65.5|89|122|0|0|0|0||4|03:19:46|Pioneer SGX-CA600|https://www.strava.com/activities/2859690179
11/10/2019|55.81|02:52:34|469|0|0|0|0||0|0|19.4|58|0|0|0|0|0|0||13|03:28:37|Pioneer SGX-CA600|https://www.strava.com/activities/2855510100
11/2/2019|70.8|02:30:22|708|0|0|0|0||0|0|28.3|64.1|89|120|0|0|0|0||13|02:31:53|Pioneer SGX-CA600|https://www.strava.com/activities/2835229365
3/31/2020|89.85|02:59:52|837|0|0|0|0||0|0|30|53.6|83|200|0|0|0|0|2,487|6|03:03:17|Garmin Edge 830|https://www.strava.com/activities/3237802879
3/29/2020|87.83|03:52:24|1370|0|0|0|0||0|0|22.7|56.5|0|0|0|0|0|0|2,318|5|04:05:44|Garmin Edge 830|https://www.strava.com/activities/3231285832
3/26/2020|111.05|03:59:33|1627|0|0|0|0||0|0|27.8|64.4|81|126|0|0|0|0|3,024|11|04:08:24|Garmin Edge 830|https://www.strava.com/activities/3219993354
3/25/2020|88.12|02:59:08|1111|0|0|0|0||0|0|29.5|61.6|83|128|0|0|0|0|2,442|11|03:06:32|Garmin Edge 830|https://www.strava.com/activities/3216360966
3/21/2020|60.06|02:55:47|735|0|0|0|0||0|0|20.5|60.5|0|0|0|0|0|0|1,668|7|03:28:18|Garmin Edge 830|https://www.strava.com/activities/3203063858
3/19/2020|122.79|04:06:48|1361|0|0|0|0||0|0|29.9|66.6|80|170|0|0|0|0|3,400|15|05:12:10|Garmin Edge 830|https://www.strava.com/activities/3197251720
3/17/2020|92.11|03:02:12|1176|0|0|0|0||0|0|30.3|76.3|83|128|0|0|0|0|2,494|13|03:12:10|Garmin Edge 830|https://www.strava.com/activities/3190816430
3/15/2020|124.79|04:20:28|1791|0|265|0|0||0|0|28.7|71.6|80|177|0|0|0|705|3,350|12|04:30:43|Garmin Edge 830|https://www.strava.com/activities/3185607149
3/10/2020|129.66|04:30:06|2386|0|0|0|0||0|0|28.8|87.1|85|115|0|0|0|0|3,891||04:59:02|Zwift|https://www.strava.com/activities/3171409852
3/8/2020|141.6|05:01:01|1903|0|0|0|0||0|0|28.2|64.8|81|136|0|0|0|0|3,815|9|05:21:58|Garmin Edge 830|https://www.strava.com/activities/3165712512
3/7/2020|118.35|04:00:20|1815|0|0|0|0||0|0|29.5|68|84|110|0|0|0|0|3,660|9|04:03:11|Garmin Edge 830|https://www.strava.com/activities/3162054677
3/6/2020|128.2|04:16:57|1452|0|0|0|0||0|0|29.9|62.3|82|124|0|0|0|0|3,651|4|04:30:47|Garmin Edge 830|https://www.strava.com/activities/3158994013
3/5/2020|33.15|01:00:08|160|0|0|0|0||0|0|33.1|64.1|81|112|0|0|0|0|680||01:01:42|Zwift|https://www.strava.com/activities/3156107894
3/3/2020|74.76|02:38:01|975|0|0|0|0||0|0|28.4|65.5|83|122|0|0|0|0|2,113|7|02:40:11|Garmin Edge 830|https://www.strava.com/activities/3150332564
3/28/2020|108.62|03:33:07|796|0|0|0|0||0|0|30.6|65.2|83|149|0|0|0|0|2,832|14|03:37:47|Garmin Edge 830|https://www.strava.com/activities/3227207879
3/24/2020|58.06|02:00:07|481|0|0|0|0||0|0|29|56.5|86|141|0|0|0|0|1,484|13|02:01:54|Garmin Edge 830|https://www.strava.com/activities/3212991628
3/22/2020|109.76|03:57:50|1048|0|0|0|0||0|0|27.7|56.2|82|129|0|0|0|0|2,881|10|04:12:55|Garmin Edge 830|https://www.strava.com/activities/3206907766
3/20/2020|35.99|01:00:03|291|0|0|0|0||0|0|36|67.3|84|116|0|0|0|0|720||01:00:03|Zwift|https://www.strava.com/activities/3199825621
3/18/2020|93.82|02:58:29|870|0|0|0|0||0|0|31.5|73.8|83|120|0|0|0|0|2,361|16|03:10:59|Garmin Edge 830|https://www.strava.com/activities/3193981379
3/16/2020|25.37|01:00:01|259|0|0|0|0||0|0|25.4|47.5|85|106|0|0|0|0|588|14|01:00:01|Garmin Edge 830|https://www.strava.com/activities/3188115740
3/14/2020|130.98|04:21:55|1752|0|0|0|0||0|0|30|76.7|83|169|0|0|0|0|3,576|10|04:43:40|Garmin Edge 830|https://www.strava.com/activities/3182311706
3/12/2020|28.58|01:05:37|130|0|0|0|0||0|0|26.1|38.5|84|106|0|0|0|0|652|9|01:06:14|Garmin Edge 830|https://www.strava.com/activities/3176569982
3/11/2020|183.95|05:30:18|516|0|0|0|0||0|0|33.4|61.6|82|160|0|0|0|0|4,403|12|06:23:50|Garmin Edge 830|https://www.strava.com/activities/3174394188
3/9/2020|38.4|01:21:43|211|0|0|0|0||0|0|28.2|51.5|83|105|0|0|0|0|878|9|01:46:27|Garmin Edge 830|https://www.strava.com/activities/3168106042
3/4/2020|183.06|06:00:35|2076|0|0|0|0||0|0|30.5|72.4|82|121|0|0|0|0|4,909|7|06:43:22|Garmin Edge 830|https://www.strava.com/activities/3153647774
3/2/2020|29.19|01:03:24|252|0|0|0|0||0|0|27.6|52.6|85|113|107|128|0|0|700|8|01:03:24|Garmin Edge 830|https://www.strava.com/activities/3147446806
3/1/2020|158.09|05:00:46|1695|0|0|0|0||0|0|31.5|69.1|80|195|124|161|0|0|4,240|8|05:16:11|Garmin Edge 830|https://www.strava.com/activities/3145142049
4/30/2020|139.45|04:11:52|241|0|0|0|0||0|0|33.2|50.8|85|135|0|0|0|0|3,602|15|05:13:17|Garmin Edge 830|https://www.strava.com/activities/3375141434
4/29/2020|89.8|02:52:30|262|0|0|0|0||0|0|31.2|55.1|85|122|0|0|0|0|2,387|11|02:57:06|Garmin Edge 830|https://www.strava.com/activities/3370207535
4/27/2020|39.74|01:00:21|344|0|0|0|0||0|0|39.5|67|79|115|0|0|0|0|799||01:00:21|Zwift|https://www.strava.com/activities/3360135535
4/26/2020|102.58|04:12:25|1719|0|0|0|0||0|0|24.4|70.2|0|0|0|0|0|0|2,564|17|04:18:00|Garmin Edge 830|https://www.strava.com/activities/3356111897
4/25/2020|68.55|03:00:51|792|0|0|0|0||0|0|22.7|66.2|0|0|0|0|0|0|1,574|13|03:09:40|Garmin Edge 830|https://www.strava.com/activities/3350291840
4/23/2020|2.3|00:03:38|8|0|0|0|0||0|0|38|50.8|0|0|0|0|0|0|53||00:03:38|Zwift|https://www.strava.com/activities/3341038581
4/23/2020|2.55|00:05:41|8|0|0|0|0||0|0|27|42.8|0|0|0|0|0|0|38||00:06:04|Zwift|https://www.strava.com/activities/3340978981
4/23/2020|59.26|01:59:48|419|0|0|0|0||0|0|29.7|52.2|85|152|0|0|0|0|1,460|21|02:00:37|Garmin Edge 830|https://www.strava.com/activities/3340099006
4/22/2020|89.85|03:03:25|1165|0|0|0|0||0|0|29.4|65.2|84|166|0|0|0|0|2,482|20|03:04:18|Garmin Edge 830|https://www.strava.com/activities/3335383633
4/21/2020|56.88|01:59:24|407|0|0|0|0||0|0|28.6|62.3|82|183|0|0|0|0|1,353|21|01:59:55|Garmin Edge 830|https://www.strava.com/activities/3330507912
4/19/2020|83.84|02:58:16|1060|0|0|0|0||0|0|28.2|58.7|77|200|0|0|0|0|2,231|10|03:09:15|Garmin Edge 830|https://www.strava.com/activities/3320960463
4/18/2020|60.09|03:02:06|1175|0|0|0|0||0|0|19.8|52.9|0|0|0|0|0|0|1,987|13|03:26:11|Garmin Edge 830|https://www.strava.com/activities/3315819501
4/16/2020|123.11|03:59:52|589|0|0|0|0||0|0|30.8|63|85|129|0|0|0|0|2,871|20|04:19:11|Garmin Edge 830|https://www.strava.com/activities/3306692377
4/15/2020|92.68|03:07:30|1306|0|0|0|0||0|0|29.7|60.5|82|111|0|0|0|0|2,912|14|03:13:44|Garmin Edge 830|https://www.strava.com/activities/3301787453
4/14/2020|72.78|02:29:45|915|0|0|0|0||0|0|29.2|75.2|83|135|0|0|0|0|2,002|8|02:30:55|Garmin Edge 830|https://www.strava.com/activities/3297246002
4/12/2020|110.93|04:31:48|709|0|0|0|0||0|0|24.5|47.5|0|0|0|0|0|0|2,325|21|04:45:57|Garmin Edge 830|https://www.strava.com/activities/3289059751
4/8/2020|89.49|02:58:47|1243|0|0|0|0||0|0|30|60.1|85|116|0|0|0|0|2,441|23|03:08:12|Garmin Edge 830|https://www.strava.com/activities/3270637782
4/7/2020|58.35|01:59:54|606|0|0|0|0||0|0|29.2|73.4|83|126|0|0|0|0|1,491|18|02:00:14|Garmin Edge 830|https://www.strava.com/activities/3265962906
4/5/2020|89.27|03:00:17|1199|0|0|0|0||0|0|29.7|63.4|83|200|0|0|0|0|2,418|19|03:02:05|Garmin Edge 830|https://www.strava.com/activities/3258095285
4/28/2020|61.79|02:06:25|151|0|0|0|0||0|0|29.3|58|85|148|0|0|0|0|1,498|11|02:08:41|Garmin Edge 830|https://www.strava.com/activities/3365820655
4/24/2020|30.63|01:42:58|386|0|0|0|0||0|0|17.9|40|0|0|0|0|0|0|582|21|02:26:39|Garmin Edge 830|https://www.strava.com/activities/3345615722
4/23/2020|44.84|01:15:59|235|0|0|0|0||0|0|35.4|56.2|81|123|0|0|0|0|977||01:15:59|Rouvy|https://www.strava.com/activities/3350372292
4/19/2020|25.7|00:36:42|228|0|0|0|0||0|0|42|74.5|86|120|0|0|0|0|658||00:36:42|Zwift|https://www.strava.com/activities/3319700576
4/17/2020|23.97|00:43:14|195|0|0|0|0||0|0|33.3|61.6|81|145|0|0|0|0|493||00:45:08|Zwift|https://www.strava.com/activities/3311376820
4/11/2020|52.12|02:29:41|732|0|0|0|0||0|0|20.9|45|0|0|0|0|0|0|1,471|20|04:04:40|Garmin Edge 830|https://www.strava.com/activities/3284105652
4/9/2020|113.6|03:57:53|910|0|0|0|0||0|0|28.7|63|83|200|0|0|0|0|2,650|22|04:17:43|Garmin Edge 830|https://www.strava.com/activities/3275290234
4/4/2020|57.88|03:03:29|1082|0|0|0|0||0|0|18.9|54.7|0|0|0|0|0|0|1,977|14|04:42:53|Garmin Edge 830|https://www.strava.com/activities/3253458175
4/2/2020|115.86|03:59:04|1112|0|0|0|0||0|0|29.1|82.8|84|124|0|0|0|0|2,991|10|04:01:22|Garmin Edge 830|https://www.strava.com/activities/3245796162
5/28/2020|117.87|04:28:21|1785|0|0|0|0||0|0|26.4|61.6|77|127|0|0|0|0|3,037|21|04:52:02|Garmin Edge 830|https://www.strava.com/activities/3525287384
5/27/2020|129.4|06:04:23|2143|0|0|0|0||0|0|21.3|53.3|0|0|0|0|0|0|4,082|23|06:45:43|Garmin Edge 830|https://www.strava.com/activities/3520355138
5/25/2020|24.68|01:00:19|241|0|0|0|0||0|0|24.6|41.8|81|110|0|0|0|0|588||01:00:19|Zwift|https://www.strava.com/activities/3508215266
5/21/2020|144.54|04:47:14|1931|0|0|0|0||0|0|30.2|71.3|83|200|0|0|0|0|3,898|25|04:50:20|Garmin Edge 830|https://www.strava.com/activities/3487851497
5/20/2020|98.68|02:59:13|703|0|0|0|0||0|0|33|60.5|87|140|0|0|0|0|2,436|21|03:07:25|Garmin Edge 830|https://www.strava.com/activities/3481930428
5/17/2020|25.63|00:43:43|128|0|0|0|0||0|0|35.2|52.9|86|107|0|0|0|0|569|25|00:43:43|Garmin Edge 830|https://www.strava.com/activities/3465963589
5/16/2020|139.54|04:30:03|1683|0|0|0|0||0|0|31|70.2|80|155|0|0|0|0|3,667|17|04:39:55|Garmin Edge 830|https://www.strava.com/activities/3459733061
5/14/2020|233.18|06:52:11|697|0|0|0|0||0|0|33.9|57.6|87|200|0|0|0|0|5,696|13|07:22:16|Garmin Edge 830|https://www.strava.com/activities/3449950295
5/12/2020|71.56|02:26:37|124|0|0|0|0||0|0|29.3|55.8|85|134|0|0|0|0|1,800|8|02:34:34|Garmin Edge 830|https://www.strava.com/activities/3438659100
5/10/2020|9.95|00:14:17|14|0|0|0|0||0|0|41.8|61.6|84|97|0|0|0|0|217||00:14:36|Zwift|https://www.strava.com/activities/3428123328
5/9/2020|69.98|02:15:10|121|0|0|0|0||0|0|31.1|40.7|84|105|0|0|0|0|1,729|25|02:26:03|Garmin Edge 830|https://www.strava.com/activities/3424253651
5/9/2020|52.03|01:28:09|143|0|0|0|0||0|0|35.4|53.6|89|120|0|0|0|0|1,244|25|01:56:20|Garmin Edge 830|https://www.strava.com/activities/3423426984
5/6/2020|98.72|02:58:55|172|0|0|0|0||0|0|33.1|51.8|84|109|0|0|0|0|2,553|15|03:03:53|Garmin Edge 830|https://www.strava.com/activities/3406734187
5/3/2020|116.13|04:45:18|766|0|0|0|0||0|0|24.4|54|0|0|0|0|0|0|2,972|14|04:54:40|Garmin Edge 830|https://www.strava.com/activities/3390867303
5/2/2020|106.67|04:32:30|481|0|0|0|0||0|0|23.5|43.6|0|0|0|0|0|0|2,947|8|04:51:29|Garmin Edge 830|https://www.strava.com/activities/3385631914
5/26/2020|36.08|01:28:54|276|0|0|0|0||0|0|24.4|51.5|79|109|0|0|0|0|733|24|01:33:53|Garmin Edge 830|https://www.strava.com/activities/3513754591
5/24/2020|69.19|02:33:20|666|0|0|0|0||0|0|27.1|59.4|81|107|0|0|0|0|1,641|18|02:39:55|Garmin Edge 830|https://www.strava.com/activities/3503528360
5/24/2020|28.82|01:02:47|1187|0|0|0|0||0|0|27.5|61.6|81|103|0|0|0|0|1,233||01:03:06|Zwift|https://www.strava.com/activities/3502209973
5/23/2020|120.6|03:58:11|850|0|0|0|0||0|0|30.4|62.3|81|169|0|0|0|0|3,153|16|04:15:28|Garmin Edge 830|https://www.strava.com/activities/3497994710
5/22/2020|30.42|01:30:03|225|0|0|0|0||0|0|20.3|41.4|0|0|0|0|0|0|540|23|01:38:11|Garmin Edge 830|https://www.strava.com/activities/3492737355
5/19/2020|74.48|02:29:12|571|0|0|0|0||0|0|30|60.5|84|146|0|0|0|0|1,821|23|02:32:33|Garmin Edge 830|https://www.strava.com/activities/3476282200
5/17/2020|61.91|02:11:29|592|0|0|0|0||0|0|28.3|54|84|110|0|0|0|0|1,536|18|02:20:16|Garmin Edge 830|https://www.strava.com/activities/3465962781
5/17/2020|44.39|00:59:52|146|0|0|0|0||0|0|44.5|70.6|86|110|0|0|0|0|1,000||00:59:52|Zwift|https://www.strava.com/activities/3464411680
5/15/2020|27.43|01:32:22|249|0|0|0|0||0|0|17.8|41.4|0|0|0|0|0|0|555|16|01:50:43|Garmin Edge 830|https://www.strava.com/activities/3454776256
5/13/2020|106.55|03:00:18|198|0|0|0|0||0|0|35.5|55.8|89|132|0|0|0|0|2,461|10|03:15:16|Garmin Edge 830|https://www.strava.com/activities/3444461834
5/10/2020|100.38|03:15:07|181|0|0|0|0||0|0|30.9|58|83|132|0|0|0|0|2,360|17|03:35:38|Garmin Edge 830|https://www.strava.com/activities/3429471168
5/7/2020|125.95|03:58:23|183|0|0|0|0||0|0|31.7|50.4|85|135|0|0|0|0|3,001|16|04:02:22|Garmin Edge 830|https://www.strava.com/activities/3412819324
5/5/2020|75|02:30:06|158|0|0|0|0||0|0|30|49.7|84|145|0|0|0|0|1,821|13|02:34:11|Garmin Edge 830|https://www.strava.com/activities/3401192874
6/29/2020|210.74|06:28:43|456|0|0|0|0||0|0|32.5|52.9|82|132|0|0|0|0|5,050|17|07:34:36|Garmin Edge 830|https://www.strava.com/activities/3688335376
6/27/2020|29.87|00:58:48|61|0|0|0|0||0|0|30.5|48.6|84|103|0|0|0|0|659|25|00:59:22|Garmin Edge 830|https://www.strava.com/activities/3678147874
6/26/2020|156.41|04:49:41|295|0|0|0|0||0|0|32.4|53.3|83|156|0|0|0|0|3,689|29|05:12:20|Garmin Edge 830|https://www.strava.com/activities/3673546488
6/25/2020|80.42|01:58:41|96|0|0|0|0||0|0|40.7|58.3|90|132|0|0|0|0|1,725|26|02:09:01|Garmin Edge 830|https://www.strava.com/activities/3668613438
6/24/2020|135.75|04:29:24|1842|0|0|0|0||0|0|30.2|64.8|84|184|0|0|0|0|3,590|30|04:33:35|Garmin Edge 830|https://www.strava.com/activities/3663885734
6/21/2020|169.92|05:59:59|3542|0|0|0|0||0|0|28.3|88.2|84|138|0|0|0|0|5,074|23|06:13:25|Garmin Edge 830|https://www.strava.com/activities/3649654413
6/20/2020|37.61|01:00:10|185|0|0|0|0||0|0|37.5|57.2|87|144|0|0|0|0|885||01:01:02|Zwift|https://www.strava.com/activities/3642086613
6/18/2020|178.04|06:10:59|2806|0|0|0|0||0|0|28.8|87.8|84|171|0|0|0|0|5,152|21|07:05:51|Garmin Edge 830|https://www.strava.com/activities/3633840971
6/17/2020|122.62|03:59:58|1633|0|0|0|0||0|0|30.7|61.9|84|112|0|0|0|0|3,324|23|04:19:39|Garmin Edge 830|https://www.strava.com/activities/3628541371
6/14/2020|135.43|04:34:27|2298|0|0|0|0||0|0|29.6|70.2|85|130|0|0|0|0|4,109|17|04:36:51|Garmin Edge 830|https://www.strava.com/activities/3613325568
6/10/2020|146.54|04:58:27|2217|0|0|0|0||0|0|29.5|66.6|85|133|0|0|0|0|4,105|15|05:04:31|Garmin Edge 830|https://www.strava.com/activities/3592853778
6/7/2020|146.2|05:14:44|2756|0|0|0|0||0|0|27.9|84.2|83|132|0|0|0|0|4,215|13|05:21:08|Garmin Edge 830|https://www.strava.com/activities/3577803096
6/6/2020|121.44|04:26:27|2667|0|0|0|0||0|0|27.3|87.5|81|138|0|0|0|0|3,807|14|05:15:59|Garmin Edge 830|https://www.strava.com/activities/3572618728
6/5/2020|88.68|02:58:19|581|0|0|0|0||0|0|29.8|68|86|124|0|0|0|0|2,156|10|03:01:00|Garmin Edge 830|https://www.strava.com/activities/3567073744
6/2/2020|76.84|02:31:17|752|0|0|0|0||0|0|30.5|59.4|86|146|0|0|0|0|1,902|27|02:35:31|Garmin Edge 830|https://www.strava.com/activities/3551888523
6/28/2020|142.39|04:27:22|401|0|0|0|0||0|0|32|58.3|83|133|0|0|0|0|3,588|19|04:38:51|Garmin Edge 830|https://www.strava.com/activities/3683194254
6/23/2020|40.9|01:29:42|356|0|0|0|0||0|0|27.4|56.2|86|135|0|0|0|0|987|27|01:46:34|Garmin Edge 830|https://www.strava.com/activities/3658141740
6/20/2020|87.09|03:00:58|811|0|0|0|0||0|0|28.9|64.8|85|151|0|0|0|0|2,141|24|03:31:04|Garmin Edge 830|https://www.strava.com/activities/3643382924
6/19/2020|28.5|00:59:34|228|0|0|0|0||0|0|28.7|50|84|109|0|0|0|0|610|26|01:01:27|Garmin Edge 830|https://www.strava.com/activities/3637574702
6/16/2020|59.29|01:59:11|451|0|0|0|0||0|0|29.9|61.2|87|152|0|0|0|0|1,423|24|02:05:02|Garmin Edge 830|https://www.strava.com/activities/3622945777
6/15/2020|26.54|01:01:06|233|0|0|0|0||0|0|26.1|50|82|130|0|0|0|0|582|24|01:13:49|Garmin Edge 830|https://www.strava.com/activities/3617678023
6/12/2020|201.01|06:29:36|3195|0|0|0|0||0|0|31|81|82|200|0|0|0|0|5,048|24|07:18:45|Garmin Edge 830|https://www.strava.com/activities/3603361744
6/11/2020|31.24|00:59:54|227|0|0|0|0||0|0|31.3|51.1|87|130|0|0|0|0|670|25|01:01:08|Garmin Edge 830|https://www.strava.com/activities/3596809115
6/9/2020|85.3|03:20:30|623|0|0|0|0||0|0|25.5|79.2|79|117|0|0|0|0|1,976|14|03:29:49|Garmin Edge 830|https://www.strava.com/activities/3587339153
6/4/2020|28.56|00:56:14|227|0|0|0|0||0|0|30.5|51.8|87|111|0|0|0|0|606|17|00:57:18|Garmin Edge 830|https://www.strava.com/activities/3562128635
6/3/2020|135.76|04:44:30|2039|0|0|0|0||0|0|28.6|73.1|82|144|0|0|0|0|3,797|23|06:15:14|Garmin Edge 830|https://www.strava.com/activities/3558030993
6/1/2020|29.18|01:00:22|243|0|0|0|0||0|0|29|50.4|89|111|0|0|0|0|707|26|01:02:12|Garmin Edge 830|https://www.strava.com/activities/3546455590
7/20/2020|33.85|01:22:04|611|0|0|0|0||0|0|24.8|70.6|78|116|0|0|0|0|870|18|01:33:01|Garmin Edge 830|https://www.strava.com/activities/3789275991
7/31/2020|162.81|03:54:09|1202|0|0|0|0||0|0|41.7|80.6|82|199|0|0|0|0|2,704|37|03:54:09|Garmin Edge 830|https://www.strava.com/activities/3843599393
7/30/2020|149.15|04:15:36|2553|0|0|0|0||0|0|35|82.1|83|146|0|0|0|0|3,847|36|04:16:13|Garmin Edge 830|https://www.strava.com/activities/3838805895
7/29/2020|169.03|03:57:22|1172|0|0|0|0||0|0|42.7|95.8|83|151|0|0|0|0|2,722|34|04:09:01|Garmin Edge 830|https://www.strava.com/activities/3833588782
7/28/2020|165.66|03:58:33|1592|0|0|0|0||0|0|41.7|94.3|88|192|0|0|0|0|3,302|26|03:59:48|Garmin Edge 830|https://www.strava.com/activities/3827703612
7/27/2020|29.97|01:00:31|257|0|0|0|0||0|0|29.7|56.5|84|138|0|0|0|0|705|40|01:07:43|Garmin Edge 830|https://www.strava.com/activities/3821213232
7/22/2020|26.89|01:00:46|245|0|0|0|0||0|0|26.6|55.4|82|109|0|0|0|0|640|20|01:07:45|Garmin Edge 830|https://www.strava.com/activities/3799800972
7/19/2020|200.13|06:12:56|2473|0|0|0|0||0|0|32.2|69.1|79|163|0|0|0|0|4,323|21|06:25:52|Garmin Edge 830|https://www.strava.com/activities/3785784001
7/18/2020|132.21|04:32:38|3016|0|0|0|0||0|0|29.1|82.8|82|133|0|0|0|0|4,037|12|05:44:38|Garmin Edge 830|https://www.strava.com/activities/3780152382
7/16/2020|162.11|04:59:50|1720|0|0|0|0||0|0|32.4|74.5|81|123|0|0|0|0|3,693|15|05:15:35|Garmin Edge 830|https://www.strava.com/activities/3770702669
7/15/2020|109.6|04:03:16|2509|0|0|0|0||0|0|27|83.5|78|200|0|0|0|0|3,164|20|04:09:40|Garmin Edge 830|https://www.strava.com/activities/3765505104
7/13/2020|193.35|06:00:15|2483|0|0|0|0||0|0|32.2|77.8|80|127|0|0|0|0|4,604|23|06:18:39|Garmin Edge 830|https://www.strava.com/activities/3755923771
7/12/2020|125.8|05:04:41|3568|0|0|0|0||0|0|24.8|69.5|76|200|0|0|0|0|4,230|20|05:33:42|Garmin Edge 830|https://www.strava.com/activities/3751108884
7/10/2020|192.98|06:09:15|2816|0|0|0|0||0|0|31.4|88.2|84|161|0|0|0|0|4,830|28|06:24:07|Garmin Edge 830|https://www.strava.com/activities/3741041535
7/9/2020|114.56|04:06:16|2580|0|0|0|0||0|0|27.9|92.9|81|195|0|0|0|0|3,373|25|04:18:13|Garmin Edge 830|https://www.strava.com/activities/3736018681
7/8/2020|72.54|02:29:31|1301|0|0|0|0||0|0|29.1|86|83|157|0|0|0|0|2,008|21|02:33:33|Garmin Edge 830|https://www.strava.com/activities/3730911978
7/5/2020|32.34|00:50:54|686|0|0|0|0||0|0|38.1|97.6|84|121|0|0|0|0|1,069||00:51:22|Zwift|https://www.strava.com/activities/3717791758
7/1/2020|72.64|02:00:15|98|0|0|0|0||0|0|36.2|64.8|87|141|0|0|0|0|1,701|17|02:25:42|Garmin Edge 830|https://www.strava.com/activities/3699342386
8/30/2020|47.21|01:26:08|282|0|0|0|0||0|0|32.9|50.8|87|108|0|0|0|0|1,004|17|01:41:01|Garmin Edge 830|https://www.strava.com/activities/3986037855
8/21/2020|2.34|00:02:47|0|0|0|0|0||0|0|50.6|64.8|0|0|0|0|0|0|||00:02:47||https://www.strava.com/activities/3944647685
8/23/2020|179.2|04:33:15|1553|0|0|0|0||0|0|39.3|78.5|89|155|0|0|0|0|5,037|18|04:33:15|Garmin Edge 830|https://www.strava.com/activities/3955260833
8/19/2020|157.1|05:01:44|2292|0|0|0|0||0|0|31.2|80.3|82|136|0|0|0|0|4,454|25|05:52:13|Garmin Edge 830|https://www.strava.com/activities/3935900639
8/16/2020|154.53|05:09:02|1873|0|0|0|0||0|0|30|69.5|81|200|0|0|0|0|3,906|27|06:27:54|Garmin Edge 830|https://www.strava.com/activities/3922014393
8/15/2020|189.14|04:28:10|1008|0|0|0|0||0|0|42.3|73.1|86|140|0|0|0|0|4,128|27|04:29:28|Garmin Edge 830|https://www.strava.com/activities/3917396645
8/14/2020|44.57|01:26:22|355|0|0|0|0||0|0|31|60.1|87|116|0|0|0|0|1,063|25|01:28:57|Garmin Edge 830|https://www.strava.com/activities/3910902456
8/9/2020|176.28|04:33:57|2858|0|0|0|0||0|0|38.6|91.1|84|145|0|0|0|0|4,009|28|04:33:57|Garmin Edge 830|https://www.strava.com/activities/3887809064
8/8/2020|215.34|05:38:32|2903|0|0|0|0||0|0|38.2|96.8|82|200|0|0|0|0|4,367|31|05:42:10|Garmin Edge 830|https://www.strava.com/activities/3883467140
8/7/2020|195.37|04:44:13|1791|0|0|0|0||0|0|41.2|82.1|83|185|0|0|0|0|3,780|32|04:44:48|Garmin Edge 830|https://www.strava.com/activities/3878290217
8/6/2020|18.06|00:20:34|117|0|0|0|0||0|0|52.7|83.5|96|190|0|0|0|0|476|23|00:22:52|Garmin Edge 830|https://www.strava.com/activities/3873896020
8/1/2020|157.35|03:59:31|2206|0|0|0|0||0|0|39.4|92.2|84|179|0|0|0|0|520|33|04:02:26|Garmin Edge 830|https://www.strava.com/activities/3848600433
9/30/2020|60.36|01:48:16|118|0|0|0|0||0|0|33.5|53.6|87|128|0|0|0|0|1,369|14|01:49:16|Garmin Edge 830|https://www.strava.com/activities/4131908670
9/29/2020|138.29|03:18:12|317|0|0|0|0||0|0|41.9|71.3|85|167|0|0|0|0|2,603|17|03:20:39|Garmin Edge 830|https://www.strava.com/activities/4128466380
9/27/2020|233.71|06:14:59|4635|0|0|0|0||0|0|37.4|88.6|87|180|0|0|0|0|5,864|15|06:15:35|Garmin Edge 830|https://www.strava.com/activities/4119563409
9/26/2020|36.24|01:12:53|642|0|0|0|0||0|0|29.8|77|85|128|0|0|0|0|961|19|01:15:15|Garmin Edge 830|https://www.strava.com/activities/4113217421
9/25/2020|57.65|02:00:14|1195|0|0|0|0||0|0|28.8|68|83|122|0|0|0|0|1,636|24|02:01:38|Garmin Edge 830|https://www.strava.com/activities/4109462953
9/23/2020|152.99|05:04:41|2875|0|0|0|0||0|0|30.1|70.6|84|127|0|0|0|0|4,588|16|05:08:03|Garmin Edge 830|https://www.strava.com/activities/4101211504
9/14/2020|10.05|00:11:45|7|0|0|0|0||0|0|51.4|58.7|91|139|0|0|0|0|291|27|00:11:45|Garmin Edge 830|https://www.strava.com/activities/4060033125
9/13/2020|183.6|04:24:01|2641|0|0|0|0||0|0|41.7|91.1|88|200|0|0|0|0|3,881|31|04:24:29|Garmin Edge 830|https://www.strava.com/activities/4054736151
9/12/2020|174.98|04:07:56|1511|0|0|0|0||0|0|42.3|85.3|84|158|0|0|0|0|3,110|30|04:07:56|Garmin Edge 830|https://www.strava.com/activities/4049312350
9/11/2020|204.42|06:01:05|4269|0|0|0|0||0|0|34|91.4|82|135|0|0|0|0|5,167|26|06:01:05|Garmin Edge 830|https://www.strava.com/activities/4044535960
9/10/2020|198.1|05:07:41|2974|0|0|0|0||0|0|38.6|85|84|200|0|0|0|0|4,416|29|05:07:41|Garmin Edge 830|https://www.strava.com/activities/4039543270
9/9/2020|218.86|05:36:01|3060|0|0|0|0||0|0|39.1|81.4|89|154|0|0|0|0|5,470|31|05:36:01|Garmin Edge 830|https://www.strava.com/activities/4035647885
9/8/2020|200.92|05:04:18|1374|0|0|0|0||0|0|39.6|82.4|83|147|0|0|0|0|3,094|33|05:04:18|Garmin Edge 830|https://www.strava.com/activities/4030697308
9/7/2020|135.33|03:04:00|899|0|0|0|0||0|0|44.1|82.4|87|179|0|0|0|0|2,441|30|03:04:32|Garmin Edge 830|https://www.strava.com/activities/4025515963
9/6/2020|45.4|01:34:38|579|0|0|0|0||0|0|28.8|62.3|83|109|0|0|0|0|1,134|24|01:36:25|Garmin Edge 830|https://www.strava.com/activities/4019711434
9/5/2020|35.16|01:11:43|305|0|0|0|0||0|0|29.4|57.2|83|109|0|0|0|0|782|26|01:13:13|Garmin Edge 830|https://www.strava.com/activities/4014361009
9/4/2020|167.43|03:59:08|2476|0|0|0|0||0|0|42|90|90|142|0|0|0|0|3,598|29|04:00:28|Garmin Edge 830|https://www.strava.com/activities/4010932613
9/3/2020|171.77|04:47:56|3594|0|0|0|0||0|0|35.8|82.8|88|200|0|0|0|0|4,872|25|04:50:32|Garmin Edge 830|https://www.strava.com/activities/4005918035
9/2/2020|165.17|04:28:49|3276|0|0|0|0||0|0|36.9|87.8|86|148|0|0|0|0|4,065|28|04:29:22|Garmin Edge 830|https://www.strava.com/activities/4001493023
9/1/2020|94.6|02:08:04|666|0|0|0|0||0|0|44.3|90.4|79|116|0|0|0|0|1,397|23|02:18:49|Garmin Edge 830|https://www.strava.com/activities/3995488352
10/2/2020|8.11|00:11:13|108|0|0|0|0||0|0|43.4|83.2|93|122|0|0|0|0|268|15|00:11:13|Garmin Edge 830|https://www.strava.com/activities/4141104778
10/31/2020|4.16|00:46:38|0|0|0|0|0||0|0|0|0|0|0|0|0|0|0|||00:00:00||https://www.strava.com/activities/4265546477
10/21/2020|190.86|04:08:21|552|0|0|0|0||0|0|46.1|69.1|92|180|0|0|0|0|4,755|17|04:08:21|Garmin Edge 830|https://www.strava.com/activities/4224202428
10/18/2020|251.47|06:08:52|2135|0|0|0|0||0|0|40.9|83.9|88|152|0|0|0|0|5,704|11|06:13:10|Garmin Edge 830|https://www.strava.com/activities/4211758788
10/14/2020|144.52|04:44:31|1289|0|0|0|0||0|0|30.5|61.2|83|130|0|0|0|0|3,790|9|05:09:21|Garmin Edge 830|https://www.strava.com/activities/4193880265
10/11/2020|240.48|05:39:19|1578|0|0|0|0||0|0|42.5|85.3|89|159|0|0|0|0|5,505|12|05:40:59|Garmin Edge 830|https://www.strava.com/activities/4181522805
10/3/2020|189.75|04:33:02|2077|0|0|0|0||0|0|41.7|75.2|88|146|0|0|0|0|4,472|13|04:34:01|Garmin Edge 830|https://www.strava.com/activities/4148439839
10/1/2020|159.7|03:34:17|273|0|0|0|0||0|0|44.7|66.6|88|200|0|0|0|0|3,162|12|03:34:17|Garmin Edge 830|https://www.strava.com/activities/4137544952
11/28/2020|124.29|04:25:33|2116|0|0|0|0||0|0|28.1|77|84|144|0|0|0|0|3,684|8|04:28:54|Garmin Edge 830|https://www.strava.com/activities/4402043497
11/22/2020|84.69|03:28:26|644|0|0|0|0||0|0|24.4|50.4|0|0|0|0|0|0|1,400|7|03:32:15|Garmin Edge 830|https://www.strava.com/activities/4374711895
11/21/2020|80.17|03:06:15|591|0|0|0|0||0|0|25.8|56.9|0|0|0|0|0|0|1,523|6|03:11:07|Garmin Edge 830|https://www.strava.com/activities/4369311271
11/17/2020|57.94|02:10:28|341|0|0|0|0||0|0|26.6|45.4|0|0|0|0|0|0|1,148|10|02:11:12|Garmin Edge 830|https://www.strava.com/activities/4351817210
11/14/2020|54.72|02:10:28|485|0|0|0|0||0|0|25.2|52.2|0|0|0|0|0|0|1,074|13|02:16:23|Garmin Edge 830|https://www.strava.com/activities/4336106310
11/12/2020|59.22|02:17:18|324|0|0|0|0||0|0|25.9|53.6|0|0|0|0|0|0|1,153|11|02:19:40|Garmin Edge 830|https://www.strava.com/activities/4326900020
11/29/2020|75.77|03:58:32|1234|0|0|0|0||0|0|19.1|45|0|0|0|0|0|0|1,790|2|04:31:17|Garmin Edge 830|https://www.strava.com/activities/4407551822
11/18/2020|91.07|02:57:05|936|0|0|0|0||0|0|30.9|75.6|87|174|0|0|0|0|2,276|13|03:30:58|Garmin Edge 830|https://www.strava.com/activities/4355227989
11/15/2020|61.05|03:06:12|930|0|0|0|0||0|0|19.7|47.9|0|0|0|0|0|0|1,463|15|03:50:40|Garmin Edge 830|https://www.strava.com/activities/4341564079
11/5/2020|5.43|01:01:54|0|0|0|0|0||0|0|0|0|0|0|0|0|0|0|||00:00:00||https://www.strava.com/activities/4289675888
11/4/2020|4.74|00:57:02|0|0|0|0|0||0|0|0|0|0|0|0|0|0|0|||00:00:00||https://www.strava.com/activities/4284215837
12/31/2020|103.23|03:43:34|1960|0|0|0|0||0|0|27.7|82.8|85|147|0|0|0|0|2,974|13|04:34:58|Garmin Edge 830|https://www.strava.com/activities/4544322298
12/6/2020|87.67|04:10:31|1334|0|0|0|0||0|0|21|43.2|0|0|0|0|0|0|1,705|1|04:30:21|Garmin Edge 830|https://www.strava.com/activities/4437485683
12/4/2020|26.79|00:57:47|137|0|0|0|0||0|0|27.8|46.4|87|124|0|0|0|0|648|6|00:57:47|Garmin Edge 830|https://www.strava.com/activities/4428807360
12/3/2020|85.59|03:40:17|661|0|0|0|0||0|0|23.3|54.4|0|0|0|0|0|0|1,501|3|04:31:13|Garmin Edge 830|https://www.strava.com/activities/4424409506
loaded urls in 1.15:14:39.5776219
