date|distance|mov_time|elevation|relativeEffort|avg_power_weig|work_total|training_load|intensity|estAvgPower|energyOutput|avg_speed|max_speed|avg_cadence|max_cadence|avg_heartRate|max_heartRate|avg_power|max_power|avg_calories|avg_temperature|avg_elap_time|bicycle_model|url
20.02.2021|205,74|05:36:46|1,516|0|0|0|0||0|0|367|828|79|128|0|0|0|0|2,331|15|05:57:19|Wahoo ELEMNT ROAM|https://www.strava.com/activities/4817757633
19.02.2021|165,47|04:50:30|1,991|0|0|0|0||0|0|342|814|77|132|0|0|0|0|2,319|18|05:25:06|Wahoo ELEMNT ROAM|https://www.strava.com/activities/4811936595
17.02.2021|206,48|06:00:23|2,713|0|0|0|0||0|0|344|760|79|129|0|0|0|0|3,314|18|06:33:46|Wahoo ELEMNT ROAM|https://www.strava.com/activities/4801941244
16.02.2021|167,25|05:06:28|2,55|0|0|0|0||0|0|327|828|77|128|0|0|0|0|2,804|16|05:27:43|Wahoo ELEMNT ROAM|https://www.strava.com/activities/4796365343
22.02.2019|19,77|00:25:51|212|0|0|0|0||0|0|459|745|96|119|0|0|0|0|603|14|00:26:36|Bontrager Garmin Edge 1030|https://www.strava.com/activities/2167239542
17.02.2019|147,08|04:06:11|813|0|0|0|0||0|0|358|626|90|127|0|0|0|0|3,682|12|04:29:42|Bontrager Garmin Edge 1030|https://www.strava.com/activities/2156304698
27.02.2019|104,41|03:09:58|1,174|0|0|0|0||0|0|330|742|85|128|0|0|0|0|2,546|16|03:23:33|Bontrager Garmin Edge 1030|https://www.strava.com/activities/2179453281
24.02.2019|176,45|04:42:43|2,981|0|0|0|0||0|0|374|896|80|133|0|0|0|0|4,274|21|04:50:48|Bontrager Garmin Edge 1030|https://www.strava.com/activities/2173009910
21.02.2019|185,98|05:20:10|3,284|0|0|0|0||0|0|349|940|78|123|0|0|0|0|4,350|15|05:22:01|Bontrager Garmin Edge 1030|https://www.strava.com/activities/2165327511
20.02.2019|201,67|04:59:30|2,139|0|0|0|0||0|0|404|1040|81|130|0|0|0|0|3,711|16|05:07:00|Bontrager Garmin Edge 1030|https://www.strava.com/activities/2162943516
15.02.2019|154,67|05:00:11|1,362|0|0|0|0||0|0|309|569|85|121|0|0|0|0|3,723|11|05:24:00|Bontrager Garmin Edge 1030|https://www.strava.com/activities/2150686804
09.02.2019|161,08|03:47:15|1,779|0|0|0|0||0|0|425|896|89|129|0|0|0|0|3,942|10|04:10:33|Bontrager Garmin Edge 1030|https://www.strava.com/activities/2134649691
08.02.2019|158,34|03:36:13|1,045|0|0|0|0||0|0|439|742|84|127|0|0|0|0|2,862|27|03:46:20|Bontrager Garmin Edge 1030|https://www.strava.com/activities/2132471713
07.02.2019|145,06|03:23:33|537|0|0|0|0||0|0|428|810|86|136|0|0|0|0|2,423|9|03:24:23|Bontrager Garmin Edge 1030|https://www.strava.com/activities/2130236165
31.03.2019|254,54|05:40:39|1,873|0|332|0|398|84%|0|0|448|828|88|128|0|0|0|1,181|6,296|11|05:40:39|Bontrager Garmin Edge 1030|https://www.strava.com/activities/2255214955
29.03.2019|206,33|04:54:14|2,093|0|313|0|305|79%|0|0|421|875|84|135|0|0|0|1,271|4,706|17|04:54:38|Bontrager Garmin Edge 1030|https://www.strava.com/activities/2249649252
27.03.2019|206,74|04:44:38|847|0|294|0|262|74%|0|0|436|756|83|129|0|0|0|1,196|4,190|10|04:46:53|Bontrager Garmin Edge 1030|https://www.strava.com/activities/2244710309
23.03.2019|297,52|06:59:14|1,956|0|0|0|0||0|0|426|878|79|131|0|0|0|0|5,241|19|07:04:02|Bontrager Garmin Edge 1030|https://www.strava.com/activities/2234607143
21.03.2019|109,21|03:39:06|1,43|0|0|0|0||0|0|299|652|77|131|0|0|0|0|2,787|17|03:52:39|Bontrager Garmin Edge 1030|https://www.strava.com/activities/2229198570
17.03.2019|120,62|03:08:01|2,158|0|336|0|225|85%|0|0|385|803|82|127|0|0|0|1,155|3,199|12|03:08:01|Bontrager Garmin Edge 1030|https://www.strava.com/activities/2220507150
16.03.2019|190,88|05:34:53|3,897|0|0|0|0||0|0|342|781|80|131|0|0|0|0|5,310|17|05:41:26|Bontrager Garmin Edge 1030|https://www.strava.com/activities/2217722874
15.03.2019|180,4|04:28:15|2,116|0|290|0|241|73%|0|0|404|907|80|144|0|0|0|1,197|3,775|19|04:39:44|Bontrager Garmin Edge 1030|https://www.strava.com/activities/2215107984
14.03.2019|25,08|00:31:53|154|0|0|0|0||0|0|472|659|97|114|0|0|0|0|762|12|00:32:33|Bontrager Garmin Edge 1030|https://www.strava.com/activities/2212932368
13.03.2019|216,61|05:18:08|3,062|0|0|0|0||0|0|409|954|84|126|0|0|0|0|4,910|8|05:24:38|Bontrager Garmin Edge 1030|https://www.strava.com/activities/2210879086
12.03.2019|205,97|05:28:01|1,148|0|0|0|0||0|0|377|720|73|122|0|0|0|0|3,255|14|05:35:40|Bontrager Garmin Edge 1030|https://www.strava.com/activities/2208699563
11.03.2019|170,09|03:25:10|993|0|0|0|0||0|0|497|817|89|161|0|0|0|0|3,342|9|03:32:16|Bontrager Garmin Edge 1030|https://www.strava.com/activities/2206353117
10.03.2019|141,2|03:26:40|1,3|0|0|0|0||0|0|410|832|81|142|0|0|0|0|2,959|11|03:27:03|Bontrager Garmin Edge 1030|https://www.strava.com/activities/2204320202
07.03.2019|144,37|04:19:37|308|0|0|0|0||0|0|334|634|87|127|0|0|0|0|3,580|7|05:35:05|Bontrager Garmin Edge 1030|https://www.strava.com/activities/2197085257
04.03.2019|129,39|04:19:34|1,517|0|0|0|0||0|0|299|612|82|114|0|0|0|0|3,471|7|04:42:00|Bontrager Garmin Edge 1030|https://www.strava.com/activities/2190619149
03.03.2019|204,93|04:52:56|1,428|0|0|0|0||0|0|420|806|85|135|0|0|0|0|4,693|9|04:53:24|Bontrager Garmin Edge 1030|https://www.strava.com/activities/2189059205
02.03.2019|206,58|05:09:58|1,869|0|0|0|0||0|0|400|760|84|129|0|0|0|0|4,180|7|05:11:43|Bontrager Garmin Edge 1030|https://www.strava.com/activities/2186479766
18.04.2019|116,61|03:35:39|228|0|226|0|121|57%|0|0|324|605|85|122|0|0|0|1,311|2,787|21|04:18:30|Bontrager Garmin Edge 1030|https://www.strava.com/activities/2299338953
21.04.2019|262,49|06:46:46|3,3|0|0|0|0||0|0|387|846|0|0|0|0|0|0|10,336|23|06:47:19|Garmin Edge 820|https://www.strava.com/activities/2307949890
20.04.2019|56,04|01:52:48|684|0|233|0|66|59%|0|0|298|709|76|119|0|0|0|1,096|1,218|20|01:54:25|Bontrager Garmin Edge 1030|https://www.strava.com/activities/2304061062
14.04.2019|262,56|06:23:06|1,403|0|269|0|294|68%|0|0|411|695|86|130|0|0|0|1,3|3,947|6|06:23:26|Garmin Edge 820|https://www.strava.com/activities/2289985937
12.04.2019|69,9|02:11:51|283|0|0|0|0||0|0|318|526|85|137|0|0|0|0|1,859|8|02:27:15|Bontrager Garmin Edge 1030|https://www.strava.com/activities/2283939350
10.04.2019|214,65|04:51:32|505|0|296|0|271|75%|0|0|442|695|83|134|0|0|0|1,302|4,384|11|04:53:33|Bontrager Garmin Edge 1030|https://www.strava.com/activities/2279786720
07.04.2019|278,43|06:40:56|2,252|0|278|0|330|70%|0|0|417|864|82|129|0|0|0|1,292|5,633|16|06:50:31|Bontrager Garmin Edge 1030|https://www.strava.com/activities/2272611911
03.04.2019|186,18|04:20:06|1,28|0|300|0|251|76%|0|0|429|850|83|135|0|0|0|1,173|3,818|9|04:22:30|Garmin Edge 820|https://www.strava.com/activities/2262517220
31.05.2019|111,06|04:13:59|2,786|0|268|0|202|68%|0|0|262|770|80|111|0|0|0|566|3,209|26|04:59:42|Bontrager Garmin Edge 1030|https://www.strava.com/activities/2411978503
30.05.2019|119,09|04:15:55|2,712|0|258|0|188|65%|0|0|279|868|77|137|0|0|0|1,276|3,171|27|07:00:40|Bontrager Garmin Edge 1030|https://www.strava.com/activities/2409358303
28.05.2019|136,26|05:07:19|3,461|0|266|0|239|67%|0|0|266|850|81|124|0|0|0|664|3,972|25|06:14:10|Bontrager Garmin Edge 1030|https://www.strava.com/activities/2404141875
24.05.2019|154,37|06:01:27|3,767|0|244|0|239|61%|0|0|256|835|80|112|0|0|0|979|4,406|27|07:42:07|Bontrager Garmin Edge 1030|https://www.strava.com/activities/2393751905
23.05.2019|110,6|04:15:05|2,539|0|239|0|160|60%|0|0|260|756|77|113|0|0|0|1,315|3,039|23|07:10:23|Bontrager Garmin Edge 1030|https://www.strava.com/activities/2390949452
21.05.2019|147,94|05:36:18|3,839|0|0|0|0||207|0|264|817|0|0|0|0|0|0|||07:00:15||https://www.strava.com/activities/2385864650
20.05.2019|131,91|05:00:15|2,926|0|0|0|0||0|0|264|814|79|149|0|0|0|0|3,592|21|05:53:13|Bontrager Garmin Edge 1030|https://www.strava.com/activities/2382787342
18.05.2019|124,04|04:50:53|3,012|0|0|0|0||0|0|256|752|77|127|0|0|0|0|3,543|24|05:56:03|Bontrager Garmin Edge 1030|https://www.strava.com/activities/2377784672
17.05.2019|135,59|05:01:58|3,278|0|0|0|0||0|0|269|716|81|117|0|0|0|0|3,983|21|05:12:53|Bontrager Garmin Edge 1030|https://www.strava.com/activities/2374879069
16.05.2019|107,45|04:00:49|2,522|0|0|0|0||0|0|268|889|77|137|0|0|0|0|2,983|26|04:40:53|Bontrager Garmin Edge 1030|https://www.strava.com/activities/2372368641
14.05.2019|110,41|04:01:58|2,467|0|0|0|0||0|0|274|742|79|114|0|0|0|0|3,124|27|04:43:59|Bontrager Garmin Edge 1030|https://www.strava.com/activities/2366981708
13.05.2019|76,26|03:04:10|2,063|0|0|0|0||0|0|248|846|81|119|0|0|0|0|2,371|29|03:13:29|Bontrager Garmin Edge 1030|https://www.strava.com/activities/2364361159
12.05.2019|36,92|01:59:58|1,484|0|0|0|0||0|0|185|486|82|106|0|0|0|0|1,689|29|02:07:17|Bontrager Garmin Edge 1030|https://www.strava.com/activities/2361573622
08.05.2019|150,13|05:02:18|2,3|0|0|0|0||0|0|298|860|82|109|0|0|0|0|4,069|22|06:46:51|Garmin Edge 820|https://www.strava.com/activities/2351542348
07.05.2019|124,97|04:00:30|1,362|0|0|0|0||0|0|312|612|81|109|0|0|0|0|3,121|18|04:55:58|Bontrager Garmin Edge 1030|https://www.strava.com/activities/2348629932
06.05.2019|156,06|04:58:06|2,231|0|0|0|0||0|0|314|698|86|118|0|0|0|0|3,845|20|05:24:39|Bontrager Garmin Edge 1030|https://www.strava.com/activities/2346465618
27.05.2019|152,88|05:54:47|3,788|0|253|0|254|64%|0|0|259|860|76|155|0|0|0|1,336|4,401|25|07:19:18|Bontrager Garmin Edge 1030|https://www.strava.com/activities/2401643531
28.06.2019|103,4|02:51:40|305|0|0|0|0||0|0|361|583|84|127|0|0|0|0|2,276|22|04:52:41|Garmin Edge 830|https://www.strava.com/activities/2487052476
27.06.2019|89,72|02:43:35|504|0|0|0|0||0|0|329|605|80|108|0|0|0|0|2,131|25|03:56:48|Garmin Edge 830|https://www.strava.com/activities/2484570525
12.06.2019|26|00:37:41|348|0|368|0|54|93%|0|0|414|749|95|119|0|0|0|1,072|809|18|00:38:11|Garmin Edge 830|https://www.strava.com/activities/2444103232
10.06.2019|182,35|04:41:51|2,569|0|106|0|33|27%|0|0|388|853|11|122|0|0|0|720|138|11|04:42:14|Garmin Edge 830|https://www.strava.com/activities/2439267797
03.06.2019|116,07|04:19:51|2,88|0|256|0|184|64%|0|0|268|990|80|125|0|0|0|847|3,226|27|06:27:31|Bontrager Garmin Edge 1030|https://www.strava.com/activities/2420293137
01.06.2019|176,03|06:42:06|4,006|0|254|0|294|64%|0|0|263|785|79|135|0|0|0|1,387|4,994|26|08:05:36|Bontrager Garmin Edge 1030|https://www.strava.com/activities/2415087640
30.06.2019|227,66|05:06:41|993|0|0|0|0||0|0|445|1130|84|126|0|0|0|0|3,945|28|05:11:29|Garmin Edge 830|https://www.strava.com/activities/2493354084
25.06.2019|205,05|06:57:32|4,435|0|256|0|293|64%|0|0|295|929|78|128|0|0|0|1,39|5,038|29|07:24:42|Bontrager Garmin Edge 1030|https://www.strava.com/activities/2479359321
24.06.2019|124,02|04:17:09|2,723|0|264|0|202|66%|0|0|289|889|79|118|0|0|0|800|3,407|26|04:39:36|Bontrager Garmin Edge 1030|https://www.strava.com/activities/2476528571
23.06.2019|46,01|01:14:47|377|0|189|0|28|48%|0|0|369|821|80|127|0|0|0|924|643|23|01:16:31|Garmin Edge 830|https://www.strava.com/activities/2473533840
22.06.2019|107,49|04:05:09|2,967|0|0|0|0||0|0|263|878|80|188|0|0|0|0|3,279|20|04:19:13|Bontrager Garmin Edge 1030|https://www.strava.com/activities/2470576800
21.06.2019|125,39|05:09:10|3,595|0|0|0|0||0|0|243|778|76|128|0|0|0|0|3,938|21|05:21:35|Bontrager Garmin Edge 1030|https://www.strava.com/activities/2468183587
20.06.2019|85,66|03:12:53|2,248|0|0|0|0||0|0|266|936|82|118|0|0|0|0|2,720|19|03:18:10|Bontrager Garmin Edge 1030|https://www.strava.com/activities/2465563499
16.06.2019|116,21|03:22:42|2,809|0|319|0|217|80%|0|0|344|922|83|143|0|0|0|1,142|3,330|25|03:23:25|Garmin Edge 830|https://www.strava.com/activities/2455603521
15.06.2019|133,27|04:33:12|3,213|0|0|0|0||0|0|293|911|81|129|0|0|0|0|4,739|19|04:33:12|Garmin Edge 830|https://www.strava.com/activities/2452237660
14.06.2019|233|06:30:39|3,064|0|280|0|326|71%|0|0|358|875|81|131|0|0|0|1,285|5,563|21|06:31:02|Garmin Edge 830|https://www.strava.com/activities/2449407049
09.06.2019|143,91|03:41:20|2,522|0|309|0|224|78%|0|0|390|857|86|129|0|0|0|1,083|3,425|15|03:41:43|Garmin Edge 830|https://www.strava.com/activities/2436213952
28.06.2019|103,4|02:51:40|305|0|0|0|0||0|0|361|583|84|127|0|0|0|0|2,276|22|04:52:41|Garmin Edge 830|https://www.strava.com/activities/2487052476
27.06.2019|89,72|02:43:35|504|0|0|0|0||0|0|329|605|80|108|0|0|0|0|2,131|25|03:56:48|Garmin Edge 830|https://www.strava.com/activities/2484570525
12.06.2019|26|00:37:41|348|0|368|0|54|93%|0|0|414|749|95|119|0|0|0|1,072|809|18|00:38:11|Garmin Edge 830|https://www.strava.com/activities/2444103232
10.06.2019|182,35|04:41:51|2,569|0|106|0|33|27%|0|0|388|853|11|122|0|0|0|720|138|11|04:42:14|Garmin Edge 830|https://www.strava.com/activities/2439267797
03.06.2019|116,07|04:19:51|2,88|0|256|0|184|64%|0|0|268|990|80|125|0|0|0|847|3,226|27|06:27:31|Bontrager Garmin Edge 1030|https://www.strava.com/activities/2420293137
01.06.2019|176,03|06:42:06|4,006|0|254|0|294|64%|0|0|263|785|79|135|0|0|0|1,387|4,994|26|08:05:36|Bontrager Garmin Edge 1030|https://www.strava.com/activities/2415087640
30.06.2019|227,66|05:06:41|993|0|0|0|0||0|0|445|1130|84|126|0|0|0|0|3,945|28|05:11:29|Garmin Edge 830|https://www.strava.com/activities/2493354084
25.06.2019|205,05|06:57:32|4,435|0|256|0|293|64%|0|0|295|929|78|128|0|0|0|1,39|5,038|29|07:24:42|Bontrager Garmin Edge 1030|https://www.strava.com/activities/2479359321
24.06.2019|124,02|04:17:09|2,723|0|264|0|202|66%|0|0|289|889|79|118|0|0|0|800|3,407|26|04:39:36|Bontrager Garmin Edge 1030|https://www.strava.com/activities/2476528571
23.06.2019|46,01|01:14:47|377|0|189|0|28|48%|0|0|369|821|80|127|0|0|0|924|643|23|01:16:31|Garmin Edge 830|https://www.strava.com/activities/2473533840
22.06.2019|107,49|04:05:09|2,967|0|0|0|0||0|0|263|878|80|188|0|0|0|0|3,279|20|04:19:13|Bontrager Garmin Edge 1030|https://www.strava.com/activities/2470576800
21.06.2019|125,39|05:09:10|3,595|0|0|0|0||0|0|243|778|76|128|0|0|0|0|3,938|21|05:21:35|Bontrager Garmin Edge 1030|https://www.strava.com/activities/2468183587
20.06.2019|85,66|03:12:53|2,248|0|0|0|0||0|0|266|936|82|118|0|0|0|0|2,720|19|03:18:10|Bontrager Garmin Edge 1030|https://www.strava.com/activities/2465563499
16.06.2019|116,21|03:22:42|2,809|0|319|0|217|80%|0|0|344|922|83|143|0|0|0|1,142|3,330|25|03:23:25|Garmin Edge 830|https://www.strava.com/activities/2455603521
15.06.2019|133,27|04:33:12|3,213|0|0|0|0||0|0|293|911|81|129|0|0|0|0|4,739|19|04:33:12|Garmin Edge 830|https://www.strava.com/activities/2452237660
14.06.2019|233|06:30:39|3,064|0|280|0|326|71%|0|0|358|875|81|131|0|0|0|1,285|5,563|21|06:31:02|Garmin Edge 830|https://www.strava.com/activities/2449407049
09.06.2019|143,91|03:41:20|2,522|0|309|0|224|78%|0|0|390|857|86|129|0|0|0|1,083|3,425|15|03:41:43|Garmin Edge 830|https://www.strava.com/activities/2436213952
31.08.2019|171,43|04:15:37|1,95|0|279|0|210|70%|0|0|402|857|79|133|0|0|0|1,182|3,306|28|04:16:15|Garmin Edge 820|https://www.strava.com/activities/2668556652
30.08.2019|187,97|05:07:57|2,67|0|0|0|0||0|0|366|850|82|128|0|0|0|0|4,511|32|05:08:21|Garmin Edge 820|https://www.strava.com/activities/2664948185
29.08.2019|204,07|05:23:00|3,174|0|288|0|285|73%|0|0|379|839|82|121|0|0|0|1,106|4,806|27|05:23:00|Garmin Edge 820|https://www.strava.com/activities/2662066337
27.08.2019|183,98|04:28:20|1,163|0|0|0|0||0|0|411|839|78|124|0|0|0|0|3,022|29|04:32:56|Garmin Edge 820|https://www.strava.com/activities/2656833315
26.08.2019|192,65|04:36:40|1,61|0|256|0|190|64%|0|0|418|961|78|141|0|0|0|1,274|3,197|28|04:41:59|Garmin Edge 820|https://www.strava.com/activities/2653457971
25.08.2019|207,26|05:38:14|3,116|0|277|0|273|70%|0|0|368|950|81|207|0|0|0|1,1|4,542|31|05:41:21|Garmin Edge 820|https://www.strava.com/activities/2650809660
24.08.2019|13,18|00:15:36|101|0|390|0|25|98%|0|0|507|702|98|127|0|0|0|954|353|25|00:15:36|Garmin Edge 820|https://www.strava.com/activities/2647919060
24.08.2019|37,86|01:05:58|239|0|0|0|0||0|0|344|659|82|121|0|0|0|0|703|29|01:17:36|Garmin Edge 820|https://www.strava.com/activities/2647325283
23.08.2019|52,98|01:18:24|305|0|0|0|0||0|0|405|670|88|116|0|0|0|0|1,068|29|01:29:44|Garmin Edge 820|https://www.strava.com/activities/2643706808
22.08.2019|78,52|02:37:08|1,058|0|245|0|102|62%|0|0|300|785|79|160|0|0|0|1,28|1,718|31|02:43:49|Bontrager Garmin Edge 1030|https://www.strava.com/activities/2640921579
18.08.2019|179,56|04:17:36|1,748|0|0|0|0||0|0|418|803|84|135|0|0|0|0|4,121|17|04:19:43|Garmin Edge 820|https://www.strava.com/activities/2630026209
17.08.2019|8,28|00:09:51|8|0|0|0|0||0|0|504|583|96|127|0|0|0|0|244|20|00:10:07|Garmin Edge 820|https://www.strava.com/activities/2626952679
16.08.2019|196,48|04:07:54|334|0|260|0|175|65%|0|0|476|770|79|120|0|0|0|1,368|3,095|21|04:09:09|Garmin Edge 820|https://www.strava.com/activities/2624147477
15.08.2019|97,26|02:41:29|963|0|321|0|176|81%|0|0|361|810|81|133|0|0|0|1,191|2,490|15|02:43:51|Garmin Edge 820|https://www.strava.com/activities/2621426179
13.08.2019|176,11|04:02:31|565|0|0|0|0||0|0|436|677|82|123|0|0|0|0|3,328|17|04:04:20|Garmin Edge 820|https://www.strava.com/activities/2615649493
12.08.2019|170,47|03:48:48|284|0|0|0|0||0|0|447|666|84|133|0|0|0|0|3,220|17|03:49:29|Garmin Edge 820|https://www.strava.com/activities/2612706439
11.08.2019|171,13|03:44:50|178|0|0|0|0||0|0|457|680|89|133|0|0|0|0|3,710|20|03:50:31|Garmin Edge 820|https://www.strava.com/activities/2609869944
10.08.2019|50,77|01:36:58|154|0|198|0|42|50%|0|0|314|590|79|112|0|0|0|920|1,006|19|02:36:25|Garmin Edge 820|https://www.strava.com/activities/2606446488
09.08.2019|60,06|01:52:13|114|0|0|0|0||0|0|321|443|84|114|0|0|0|0|1,218|15|02:08:55|Bontrager Garmin Edge 1030|https://www.strava.com/activities/2603879992
07.08.2019|99,86|03:18:54|681|0|0|0|0||0|0|301|666|82|126|0|0|0|0|2,259|22|04:43:42|Garmin Edge 820|https://www.strava.com/activities/2599845741
04.08.2019|167,87|03:51:48|1,812|0|295|0|212|74%|0|0|435|871|85|127|0|0|0|1,341|3,344|23|04:08:05|Garmin Edge 830|https://www.strava.com/activities/2590795534
02.08.2019|117,76|03:16:52|190|0|0|0|0||0|0|359|587|83|131|0|0|0|0|2,404|18|04:07:18|Bontrager Garmin Edge 1030|https://www.strava.com/activities/2583722735
01.08.2019|134,6|04:03:13|714|0|258|0|178|65%|0|0|332|565|80|110|0|0|0|1,19|3,373|20|05:51:28|Bontrager Garmin Edge 1030|https://www.strava.com/activities/2581327000
30.09.2019|85,56|02:46:29|554|0|273|0|134|69%|0|0|308|698|83|113|0|0|0|1,262|2,011|13|02:50:05|Bontrager Garmin Edge 1030|https://www.strava.com/activities/2751591812
28.09.2019|163,51|04:47:23|827|0|282|0|252|71%|0|0|341|688|80|121|0|0|0|996|3,854|13|06:42:53|Bontrager Garmin Edge 1030|https://www.strava.com/activities/2746393849
25.09.2019|186,19|04:10:27|294|0|318|0|267|80%|0|0|446|673|87|127|0|0|0|1,315|4,288|13|04:11:29|Garmin Edge 820|https://www.strava.com/activities/2738992345
21.09.2019|202,24|04:46:16|1,613|0|0|0|0||0|0|424|860|82|132|0|0|0|0|4,070|25|04:47:13|Garmin Edge 820|https://www.strava.com/activities/2728335796
20.09.2019|185,82|04:05:29|612|0|297|0|229|75%|0|0|454|680|84|132|0|0|0|1,294|3,725|21|04:05:54|Garmin Edge 820|https://www.strava.com/activities/2725327289
19.09.2019|70,16|02:12:39|297|0|252|0|86|63%|0|0|317|547|81|150|0|0|0|1,393|1,688|14|02:18:30|Bontrager Garmin Edge 1030|https://www.strava.com/activities/2721880539
15.09.2019|105,36|02:47:59|711|0|0|0|0||0|0|376|716|73|129|0|0|0|0|1,738|21|02:49:01|Garmin Edge 820|https://www.strava.com/activities/2711961001
14.09.2019|194,19|06:06:52|4,503|0|0|0|0||0|0|318|860|77|132|0|0|0|0|5,565|14|06:08:54|Garmin Edge 820|https://www.strava.com/activities/2708354289
13.09.2019|170,62|04:02:17|1,325|0|297|0|226|75%|0|0|423|835|79|138|0|0|0|1,05|3,349|18|04:03:59|Garmin Edge 820|https://www.strava.com/activities/2705346798
12.09.2019|182,39|05:16:08|3,556|0|282|0|239|71%|0|0|346|943|79|123|0|0|0|1,24|5,088|24|05:16:24|Garmin Edge 820|https://www.strava.com/activities/2702331491
11.09.2019|227,48|04:58:21|2,359|0|0|0|0||0|0|457|929|85|135|0|0|0|0|4,491|22|04:58:21|Garmin Edge 820|https://www.strava.com/activities/2699355068
09.09.2019|143,47|04:32:56|3,624|0|293|0|253|74%|0|0|315|929|81|148|0|0|0|958|4,360|19|04:40:50|Garmin Edge 820|https://www.strava.com/activities/2694126171
08.09.2019|164,45|05:11:21|3,563|0|0|0|0||0|0|317|911|75|128|0|0|0|0|4,616|22|05:16:00|Garmin Edge 820|https://www.strava.com/activities/2691406251
07.09.2019|190,62|04:45:06|2,371|0|277|0|232|70%|0|0|401|832|81|121|0|0|0|1,231|3,842|22|04:45:06|Garmin Edge 820|https://www.strava.com/activities/2687983915
06.09.2019|170,84|05:09:38|3,82|0|306|0|307|77%|0|0|331|842|78|128|0|0|0|1,204|4,731|19|05:15:53|Garmin Edge 820|https://www.strava.com/activities/2685160751
05.09.2019|179,8|04:26:49|2,054|0|287|0|231|72%|0|0|404|907|81|132|0|0|0|984|3,741|17|04:31:16|Garmin Edge 820|https://www.strava.com/activities/2682297087
03.09.2019|46,05|01:22:01|609|0|0|0|0||0|0|337|760|64|114|0|0|0|0|1,419|26|02:17:58|Bontrager Garmin Edge 1030|https://www.strava.com/activities/2676667465
01.09.2019|92,31|03:39:04|3,214|0|0|0|0||0|0|253|850|79|127|0|0|0|0|3,821|20|03:48:06|Garmin Edge 820|https://www.strava.com/activities/2671508091
04.10.2019|24,65|00:44:23|227|0|240|0|26|60%|0|0|333|810|0|0|0|0|0|977|552||00:44:23|Zwift|https://www.strava.com/activities/2761714994
20.10.2019|116,07|03:22:52|2,118|0|0|0|0||0|0|343|821|83|129|0|0|0|0|3,130|18|03:26:24|Garmin Edge 820|https://www.strava.com/activities/2802140752
18.10.2019|69,96|02:13:59|585|0|236|0|84|59%|0|0|313|684|79|133|0|0|0|1,253|1,547|14|02:26:18|Garmin Edge 820|https://www.strava.com/activities/2797399123
08.10.2019|201,36|04:41:19|666|0|0|0|0||0|0|429|745|85|130|0|0|0|0|4,697|10|04:41:44|Garmin Edge 820|https://www.strava.com/activities/2773025826
07.10.2019|63,34|01:53:02|501|0|0|0|0||0|0|336|619|82|121|0|0|0|0|1,398|7|01:57:20|Bontrager Garmin Edge 1030|https://www.strava.com/activities/2769698790
05.10.2019|176,65|03:50:16|1,403|0|330|0|265|83%|0|0|460|914|89|132|0|0|0|1,316|3,994|12|03:50:46|Garmin Edge 820|https://www.strava.com/activities/2765018927
02.10.2019|117,69|03:48:24|630|0|258|0|167|65%|0|0|309|601|80|143|0|0|0|1,268|2,791|10|04:45:57|Bontrager Garmin Edge 1030|https://www.strava.com/activities/2756962925
26.11.2019|95,02|03:05:36|313|0|207|0|86|52%|0|0|307|504|87|105|0|0|0|524|2,199|7|03:11:53|Bontrager Garmin Edge 1030|https://www.strava.com/activities/2892772650
20.11.2019|108,05|03:20:28|182|0|213|0|99|54%|0|0|323|479|88|144|0|0|0|1,273|2,452|2|03:34:35|Bontrager Garmin Edge 1030|https://www.strava.com/activities/2878518300
18.11.2019|45,09|01:26:50|865|0|0|0|0||0|0|312|821|79|116|0|0|0|0|1,183||01:26:50|Zwift|https://www.strava.com/activities/2874137958
15.11.2019|23,32|01:52:39|306|0|0|0|0||0|0|124|536|0|0|0|0|0|0|||03:13:46||https://www.strava.com/activities/2866801419
14.11.2019|6,36|00:37:50|0|0|0|0|0||0|0|0|0|0|0|0|0|0|0|||00:00:00||https://www.strava.com/activities/2864805415
12.11.2019|45,25|01:27:47|212|0|0|0|0||0|0|309|540|85|121|0|0|0|0|1,170|6|04:17:27|Bontrager Garmin Edge 1030|https://www.strava.com/activities/2859850112
30.11.2019|105,08|03:43:53|454|0|0|0|0||0|0|282|479|0|0|0|0|0|0|2,926|1|05:52:25|Bontrager Garmin Edge 1030|https://www.strava.com/activities/2901540408
27.11.2019|117,7|03:33:28|446|0|220|0|112|55%|0|0|331|616|84|116|0|0|0|942|2,618|7|03:41:43|Bontrager Garmin Edge 1030|https://www.strava.com/activities/2894815405
22.11.2019|85,94|02:35:22|168|0|205|0|72|52%|0|0|332|547|87|122|0|0|0|1,173|1,784|6|02:42:10|Bontrager Garmin Edge 1030|https://www.strava.com/activities/2882907934
13.11.2019|88,35|02:58:09|579|0|219|0|95|55%|0|0|298|587|88|115|0|0|0|1,294|2,206|4|6.03:15:22|Bontrager Garmin Edge 1030|https://www.strava.com/activities/2875969943
26.11.2019|95,02|03:05:36|313|0|207|0|86|52%|0|0|307|504|87|105|0|0|0|524|2,199|7|03:11:53|Bontrager Garmin Edge 1030|https://www.strava.com/activities/2892772650
20.11.2019|108,05|03:20:28|182|0|213|0|99|54%|0|0|323|479|88|144|0|0|0|1,273|2,452|2|03:34:35|Bontrager Garmin Edge 1030|https://www.strava.com/activities/2878518300
18.11.2019|45,09|01:26:50|865|0|0|0|0||0|0|312|821|79|116|0|0|0|0|1,183||01:26:50|Zwift|https://www.strava.com/activities/2874137958
15.11.2019|23,32|01:52:39|306|0|0|0|0||0|0|124|536|0|0|0|0|0|0|||03:13:46||https://www.strava.com/activities/2866801419
14.11.2019|6,36|00:37:50|0|0|0|0|0||0|0|0|0|0|0|0|0|0|0|||00:00:00||https://www.strava.com/activities/2864805415
12.11.2019|45,25|01:27:47|212|0|0|0|0||0|0|309|540|85|121|0|0|0|0|1,170|6|04:17:27|Bontrager Garmin Edge 1030|https://www.strava.com/activities/2859850112
30.11.2019|105,08|03:43:53|454|0|0|0|0||0|0|282|479|0|0|0|0|0|0|2,926|1|05:52:25|Bontrager Garmin Edge 1030|https://www.strava.com/activities/2901540408
27.11.2019|117,7|03:33:28|446|0|220|0|112|55%|0|0|331|616|84|116|0|0|0|942|2,618|7|03:41:43|Bontrager Garmin Edge 1030|https://www.strava.com/activities/2894815405
22.11.2019|85,94|02:35:22|168|0|205|0|72|52%|0|0|332|547|87|122|0|0|0|1,173|1,784|6|02:42:10|Bontrager Garmin Edge 1030|https://www.strava.com/activities/2882907934
13.11.2019|88,35|02:58:09|579|0|219|0|95|55%|0|0|298|587|88|115|0|0|0|1,294|2,206|4|6.03:15:22|Bontrager Garmin Edge 1030|https://www.strava.com/activities/2875969943
28.01.2020|160,92|05:25:43|1,482|0|0|0|0||0|0|296|634|86|150|0|0|0|0|4,380|3|05:35:54|Bontrager Garmin Edge 1030|https://www.strava.com/activities/3050793335
23.01.2020|29,21|01:02:40|102|0|0|0|0||0|0|280|454|88|108|0|0|0|0|620|4|01:11:14|Bontrager Garmin Edge 1030|https://www.strava.com/activities/3036025177
21.01.2020|29,27|00:54:47|382|0|255|0|37|64%|0|0|321|756|0|0|0|0|0|888|692||00:54:47|Zwift|https://www.strava.com/activities/3029892446
20.01.2020|30,49|01:00:08|672|0|0|0|0||0|0|304|810|0|0|0|0|0|0|833||01:00:08|Zwift|https://www.strava.com/activities/3027163813
10.01.2020|37,6|01:16:11|82|0|186|0|29|47%|0|0|296|450|89|108|0|0|0|697|837|6|01:52:29|Bontrager Garmin Edge 1030|https://www.strava.com/activities/2998225607
08.01.2020|148,55|05:00:42|690|0|0|0|0||0|0|296|670|81|130|0|0|0|0|3,729|8|05:11:57|Bontrager Garmin Edge 1030|https://www.strava.com/activities/2992998830
07.01.2020|39,84|01:22:30|83|0|0|0|0||0|0|290|436|89|110|0|0|0|0|947|6|05:05:07|Bontrager Garmin Edge 1030|https://www.strava.com/activities/2989786209
06.01.2020|144,1|04:33:57|982|0|0|0|0||0|0|316|623|88|143|0|0|0|0|3,745|4|06:04:49|Bontrager Garmin Edge 1030|https://www.strava.com/activities/2987516148
04.01.2020|9,99|00:21:22|33|0|0|0|0||0|0|281|418|90|104|0|0|0|0|226|10|01:24:21|Bontrager Garmin Edge 1030|https://www.strava.com/activities/2980610310
22.01.2020|136,63|04:19:45|1,536|0|242|0|166|61%|0|0|316|644|81|116|0|0|0|802|2,945|10|04:31:08|Bontrager Garmin Edge 1030|https://www.strava.com/activities/3033344628
20.01.2020|115,65|03:00:05|611|0|0|0|0||0|0|385|706|93|128|0|0|0|0|2,651|11|03:06:17|Bontrager Garmin Edge 1030|https://www.strava.com/activities/3027778989
18.01.2020|175,68|06:04:54|2,899|0|254|0|274|64%|0|0|289|684|78|151|0|0|0|1,031|4,172|9|06:55:38|Bontrager Garmin Edge 1030|https://www.strava.com/activities/3022087962
17.01.2020|142,41|04:07:26|823|0|241|0|159|61%|0|0|345|659|81|123|0|0|0|1,389|2,693|14|05:00:30|Bontrager Garmin Edge 1030|https://www.strava.com/activities/3019020786
16.01.2020|124,72|04:38:53|2,069|0|240|0|190|60%|0|0|268|626|74|156|0|0|0|1,52|3,184|10|05:27:16|Bontrager Garmin Edge 1030|https://www.strava.com/activities/3016569804
15.01.2020|28,51|01:09:30|83|0|120|0|11|30%|0|0|246|439|69|104|0|0|0|593|412|13|02:53:28|Bontrager Garmin Edge 1030|https://www.strava.com/activities/3013103216
14.01.2020|236,78|06:37:29|2,358|0|265|0|308|67%|0|0|357|713|81|125|0|0|0|1,164|4,708|11|07:19:44|Bontrager Garmin Edge 1030|https://www.strava.com/activities/3010618129
12.01.2020|140,72|04:03:19|1,351|0|238|0|151|60%|0|0|347|716|82|138|0|0|0|1,403|2,830|10|04:38:41|Bontrager Garmin Edge 1030|https://www.strava.com/activities/3004817285
05.01.2020|159,69|04:59:27|715|0|0|0|0||0|0|320|533|83|126|0|0|0|0|4,028|4|05:21:32|Bontrager Garmin Edge 1030|https://www.strava.com/activities/2984388355
03.01.2020|111,83|04:28:23|2,382|0|0|0|0||0|0|250|648|72|128|0|0|0|0|3,266|9|05:00:34|Bontrager Garmin Edge 1030|https://www.strava.com/activities/2978177285
02.01.2020|132,94|05:01:21|2,588|0|0|0|0||0|0|265|590|75|115|0|0|0|0|3,743|10|05:49:21|Bontrager Garmin Edge 1030|https://www.strava.com/activities/2975542880
01.01.2020|22,07|00:59:13|165|0|124|0|10|31%|0|0|224|410|71|109|0|0|0|664|351|14|01:32:33|Bontrager Garmin Edge 1030|https://www.strava.com/activities/2973123168
28.01.2020|160,92|05:25:43|1,482|0|0|0|0||0|0|296|634|86|150|0|0|0|0|4,380|3|05:35:54|Bontrager Garmin Edge 1030|https://www.strava.com/activities/3050793335
23.01.2020|29,21|01:02:40|102|0|0|0|0||0|0|280|454|88|108|0|0|0|0|620|4|01:11:14|Bontrager Garmin Edge 1030|https://www.strava.com/activities/3036025177
21.01.2020|29,27|00:54:47|382|0|255|0|37|64%|0|0|321|756|0|0|0|0|0|888|692||00:54:47|Zwift|https://www.strava.com/activities/3029892446
20.01.2020|30,49|01:00:08|672|0|0|0|0||0|0|304|810|0|0|0|0|0|0|833||01:00:08|Zwift|https://www.strava.com/activities/3027163813
10.01.2020|37,6|01:16:11|82|0|186|0|29|47%|0|0|296|450|89|108|0|0|0|697|837|6|01:52:29|Bontrager Garmin Edge 1030|https://www.strava.com/activities/2998225607
08.01.2020|148,55|05:00:42|690|0|0|0|0||0|0|296|670|81|130|0|0|0|0|3,729|8|05:11:57|Bontrager Garmin Edge 1030|https://www.strava.com/activities/2992998830
07.01.2020|39,84|01:22:30|83|0|0|0|0||0|0|290|436|89|110|0|0|0|0|947|6|05:05:07|Bontrager Garmin Edge 1030|https://www.strava.com/activities/2989786209
06.01.2020|144,1|04:33:57|982|0|0|0|0||0|0|316|623|88|143|0|0|0|0|3,745|4|06:04:49|Bontrager Garmin Edge 1030|https://www.strava.com/activities/2987516148
04.01.2020|9,99|00:21:22|33|0|0|0|0||0|0|281|418|90|104|0|0|0|0|226|10|01:24:21|Bontrager Garmin Edge 1030|https://www.strava.com/activities/2980610310
22.01.2020|136,63|04:19:45|1,536|0|242|0|166|61%|0|0|316|644|81|116|0|0|0|802|2,945|10|04:31:08|Bontrager Garmin Edge 1030|https://www.strava.com/activities/3033344628
20.01.2020|115,65|03:00:05|611|0|0|0|0||0|0|385|706|93|128|0|0|0|0|2,651|11|03:06:17|Bontrager Garmin Edge 1030|https://www.strava.com/activities/3027778989
18.01.2020|175,68|06:04:54|2,899|0|254|0|274|64%|0|0|289|684|78|151|0|0|0|1,031|4,172|9|06:55:38|Bontrager Garmin Edge 1030|https://www.strava.com/activities/3022087962
17.01.2020|142,41|04:07:26|823|0|241|0|159|61%|0|0|345|659|81|123|0|0|0|1,389|2,693|14|05:00:30|Bontrager Garmin Edge 1030|https://www.strava.com/activities/3019020786
16.01.2020|124,72|04:38:53|2,069|0|240|0|190|60%|0|0|268|626|74|156|0|0|0|1,52|3,184|10|05:27:16|Bontrager Garmin Edge 1030|https://www.strava.com/activities/3016569804
15.01.2020|28,51|01:09:30|83|0|120|0|11|30%|0|0|246|439|69|104|0|0|0|593|412|13|02:53:28|Bontrager Garmin Edge 1030|https://www.strava.com/activities/3013103216
14.01.2020|236,78|06:37:29|2,358|0|265|0|308|67%|0|0|357|713|81|125|0|0|0|1,164|4,708|11|07:19:44|Bontrager Garmin Edge 1030|https://www.strava.com/activities/3010618129
12.01.2020|140,72|04:03:19|1,351|0|238|0|151|60%|0|0|347|716|82|138|0|0|0|1,403|2,830|10|04:38:41|Bontrager Garmin Edge 1030|https://www.strava.com/activities/3004817285
05.01.2020|159,69|04:59:27|715|0|0|0|0||0|0|320|533|83|126|0|0|0|0|4,028|4|05:21:32|Bontrager Garmin Edge 1030|https://www.strava.com/activities/2984388355
03.01.2020|111,83|04:28:23|2,382|0|0|0|0||0|0|250|648|72|128|0|0|0|0|3,266|9|05:00:34|Bontrager Garmin Edge 1030|https://www.strava.com/activities/2978177285
02.01.2020|132,94|05:01:21|2,588|0|0|0|0||0|0|265|590|75|115|0|0|0|0|3,743|10|05:49:21|Bontrager Garmin Edge 1030|https://www.strava.com/activities/2975542880
01.01.2020|22,07|00:59:13|165|0|124|0|10|31%|0|0|224|410|71|109|0|0|0|664|351|14|01:32:33|Bontrager Garmin Edge 1030|https://www.strava.com/activities/2973123168
29.03.2020|41,81|01:22:18|146|0|206|852|37|52%|0|0|305|544|0|0|0|0|172|903|827||01:24:05|Zwift|https://www.strava.com/activities/3230357747
28.03.2020|119,1|03:42:58|268|0|0|0|0||0|0|321|551|86|143|0|0|0|0|2,905|9|04:12:09|Bontrager Garmin Edge 1030|https://www.strava.com/activities/3227132632
27.03.2020|150,31|04:58:34|910|0|240|0|194|60%|0|0|302|630|82|115|0|0|0|1,126|3,594|10|06:04:50|Bontrager Garmin Edge 1030|https://www.strava.com/activities/3224068134
26.03.2020|91,94|02:51:27|798|0|281|0|147|71%|0|0|322|691|78|145|0|0|0|1,326|2,523|9|02:55:46|Bontrager Garmin Edge 1030|https://www.strava.com/activities/3219947758
14.03.2020|173,16|05:08:54|3,581|0|307|0|306|77%|0|0|336|763|81|122|0|0|0|1,213|4,926|18|05:08:54|Garmin Edge 830|https://www.strava.com/activities/3182463621
13.03.2020|168,15|04:33:32|2,98|0|309|0|276|78%|0|0|369|857|81|122|0|0|0|1,223|4,288|18|04:36:35|Garmin Edge 830|https://www.strava.com/activities/3179895522
12.03.2020|234,34|05:34:27|2,807|0|291|0|298|73%|0|0|420|850|84|126|0|0|0|1,095|4,890|15|05:34:54|Garmin Edge 830|https://www.strava.com/activities/3177246362
11.03.2020|14,75|00:20:46|215|0|370|0|31|93%|0|0|426|814|95|135|0|0|0|1,293|442|15|00:26:24|Garmin Edge 830|https://www.strava.com/activities/3174195776
10.03.2020|217,84|05:59:17|1,096|0|251|0|240|63%|0|0|364|857|75|125|0|0|0|1,329|4,035|10|06:01:50|Garmin Edge 830|https://www.strava.com/activities/3171532208
09.03.2020|168,46|03:57:48|651|0|279|0|195|70%|0|0|425|763|82|124|0|0|0|1,202|3,218|8|03:58:25|Garmin Edge 830|https://www.strava.com/activities/3168670835
08.03.2020|161,04|03:53:51|1,254|0|310|0|238|78%|0|0|413|835|83|125|0|0|0|1,244|3,594|9|03:56:11|Garmin Edge 830|https://www.strava.com/activities/3165590563
04.03.2020|128,25|03:53:53|710|0|235|0|139|59%|0|0|329|616|79|104|0|0|0|851|2,870|6|04:00:49|Garmin Edge 830|https://www.strava.com/activities/3154061439
03.03.2020|202,71|04:46:29|1,257|0|295|0|263|74%|0|0|425|756|83|136|0|0|0|1,176|4,416|7|04:47:20|Garmin Edge 830|https://www.strava.com/activities/3151103880
01.03.2020|204,98|05:02:16|1,924|0|300|0|289|76%|0|0|407|817|83|131|0|0|0|1,315|4,681|7|05:02:41|Garmin Edge 830|https://www.strava.com/activities/3145477688
29.04.2020|97|03:01:27|158|0|230|2,381|108|58%|0|0|321|551|86|128|0|0|219|1,179|2,376|15|03:30:46|Garmin Edge 830|https://www.strava.com/activities/3370992947
28.04.2020|104,7|03:13:52|213|0|261|2,734|143|66%|0|0|324|565|81|132|0|0|235|1,316|2,729|10|04:11:51|Garmin Edge 830|https://www.strava.com/activities/3365572603
24.04.2020|150,68|05:04:04|1,263|0|230|3,836|184|58%|0|0|297|709|80|111|0|0|210|752|3,850|20|05:53:43|Garmin Edge 830|https://www.strava.com/activities/3345860881
21.04.2020|96,44|02:34:08|234|0|305|2,724|159|77%|0|0|375|536|88|125|0|0|295|998|2,718|18|04:01:26|Bontrager Garmin Edge 1030|https://www.strava.com/activities/3330748941
20.04.2020|114,22|03:35:23|979|0|275|2,858|175|69%|0|0|318|634|83|124|0|0|221|1,125|2,852|16|04:05:15|Bontrager Garmin Edge 1030|https://www.strava.com/activities/3325827281
19.04.2020|63,94|01:33:39|222|0|225|1,23|50|57%|0|0|410|641|0|0|0|0|219|457|1,174||01:33:39|Zwift|https://www.strava.com/activities/3322786951
19.04.2020|7,39|00:29:41|599|0|289|508|26|73%|0|0|149|277|0|0|0|0|285|462|482||00:29:41|Zwift|https://www.strava.com/activities/3322099529
17.04.2020|99,92|02:59:49|376|0|265|2,519|138|67%|0|0|333|540|87|123|0|0|233|1,126|2,514|16|03:05:46|Bontrager Garmin Edge 1030|https://www.strava.com/activities/3311363351
16.04.2020|41,01|01:08:25|286|0|199|809|28|50%|0|0|360|551|0|0|0|0|197|715|890||01:09:07|Zwift|https://www.strava.com/activities/3305999175
10.04.2020|139,91|03:59:05|322|0|264|3,708|190|66%|0|0|351|526|88|113|0|0|258|927|3,711|18|07:02:41|Bontrager Garmin Edge 1030|https://www.strava.com/activities/3280265551
09.04.2020|102,39|02:54:54|253|0|267|2,596|137|67%|0|0|351|572|86|139|0|0|247|1,387|2,600|20|03:03:33|Bontrager Garmin Edge 1030|https://www.strava.com/activities/3276014153
08.04.2020|127,8|03:59:44|572|0|245|3,158|162|62%|0|0|320|529|78|135|0|0|220|1,249|3,160|18|04:49:21|Bontrager Garmin Edge 1030|https://www.strava.com/activities/3270667694
05.04.2020|201,25|06:18:38|669|0|247|5,279|273|62%|0|0|319|580|80|118|0|0|232|1,037|5,353|18|08:01:36|Bontrager Garmin Edge 1030|https://www.strava.com/activities/3259263406
04.04.2020|65,03|02:01:50|299|0|268|1,704|93|68%|0|0|320|565|76|109|0|0|233|1,122|1,695|11|02:01:50|Bontrager Garmin Edge 1030|https://www.strava.com/activities/3252927290
01.04.2020|69,33|02:12:19|618|0|234|1,355|69|59%|0|0|314|594|85|106|0|0|171|625|1,688|13|02:32:36|Garmin fēnix 6 Pro|https://www.strava.com/activities/3241739829
26.04.2020|128,58|04:33:54|714|0|235|3,155|172|59%|0|0|282|533|74|111|0|0|192|900|3,139|19|06:26:51|Garmin Edge 830|https://www.strava.com/activities/3357443143
18.04.2020|14,77|01:42:10|0|0|0|0|0||0|0|0|0|0|0|0|0|0|0|||00:00:00|Garmin fēnix 6 Pro|https://www.strava.com/activities/3317154553
16.04.2020|9,1|01:31:20|0|0|0|0|0||0|0|0|0|0|0|0|0|0|0|||00:00:00|Garmin fēnix 6 Pro|https://www.strava.com/activities/3308463553
11.04.2020|11,9|02:07:32|0|0|0|0|0||0|0|0|0|0|0|0|0|0|0|||00:00:00|Garmin fēnix 6 Pro|https://www.strava.com/activities/3284306525
03.04.2020|160,46|04:42:44|374|0|262|4,29|209|66%|0|0|341|533|90|116|0|0|253|820|4,297|7|04:50:56|Bontrager Garmin Edge 1030|https://www.strava.com/activities/3249551305
22.05.2020|132,19|04:04:27|275|0|230|3,095|141|58%|0|0|324|619|81|120|0|0|211|1,22|3,093|19|04:17:19|Bontrager Garmin Edge 1030|https://www.strava.com/activities/3492998484
19.05.2020|100,14|03:04:50|231|0|232|2,274|109|58%|0|0|325|598|86|126|0|0|205|1,152|2,535|24|04:57:25|Bontrager Garmin Edge 1030|https://www.strava.com/activities/3477603050
13.05.2020|96,29|02:59:26|461|0|246|2,482|119|62%|0|0|322|511|79|116|0|0|231|669|2,480|9|03:49:26|Bontrager Garmin Edge 1030|https://www.strava.com/activities/3446688994
07.05.2020|43,75|01:11:13|292|0|241|922|43|61%|0|0|369|576|0|0|0|0|216|602|960||01:11:13|Zwift|https://www.strava.com/activities/3413822814
07.05.2020|97,07|02:40:34|188|0|255|2,187|117|64%|0|0|363|598|86|120|0|0|227|884|2,185|20|03:24:26|Garmin Edge 830|https://www.strava.com/activities/3412841442
06.05.2020|111,69|04:01:56|159|0|0|0|0||259|3,763|277|418|0|0|0|0|0|0|2,570|17|05:48:07|Garmin Edge 830|https://www.strava.com/activities/3407382439
01.05.2020|55,05|01:44:32|267|0|258|1,339|73|65%|0|0|316|547|85|116|0|0|213|1,044|1,338|12|01:45:02|Garmin Edge 830|https://www.strava.com/activities/3380955494
30.05.2020|241,01|06:22:55|948|0|268|5,314|303|68%|0|0|378|623|88|132|0|0|231|1,393|5,326|22|07:03:08|Bontrager Garmin Edge 1030|https://www.strava.com/activities/3536079683
29.05.2020|111,15|03:24:09|634|0|247|2,814|138|62%|0|0|327|601|82|119|0|0|230|1,407|2,814|23|05:36:52|Bontrager Garmin Edge 1030|https://www.strava.com/activities/3532012597
23.05.2020|193,26|05:20:35|1,101|0|242|4,027|206|61%|0|0|362|817|84|134|0|0|209|972|4,030|15|05:56:47|Bontrager Garmin Edge 1030|https://www.strava.com/activities/3498317188
01.05.2020|34,02|01:00:29|269|0|286|877|52|72%|0|0|338|666|0|0|0|0|242|1,222|836||01:00:29|Zwift|https://www.strava.com/activities/3380199845
27.06.2020|94,92|02:53:25|569|0|271|2,396|138|68%|0|0|328|612|85|123|0|0|230|1,094|2,396|19|03:09:40|Bontrager Garmin Edge 1030|https://www.strava.com/activities/3677261377
26.06.2020|196,32|06:07:42|1,138|0|238|4,822|227|60%|0|0|320|785|85|154|0|0|219|1,227|4,818|23|06:57:02|Bontrager Garmin Edge 1030|https://www.strava.com/activities/3674045040
24.06.2020|105,7|02:59:14|277|0|208|2,153|87|52%|0|0|354|659|86|120|0|0|200|844|2,151|31|04:02:47|Garmin Edge 830|https://www.strava.com/activities/3665121420
21.06.2020|87,87|02:47:25|553|0|245|2,086|112|62%|0|0|315|572|81|116|0|0|208|1,063|2,083|21|02:55:43|Bontrager Garmin Edge 1030|https://www.strava.com/activities/3648090757
19.06.2020|237,33|06:56:37|385|0|245|5,909|292|62%|0|0|342|511|84|119|0|0|236|1,044|5,930|19|08:44:12|Bontrager Garmin Edge 1030|https://www.strava.com/activities/3639214931
17.06.2020|144,19|04:27:51|526|0|236|3,46|163|59%|0|0|323|590|85|129|0|0|215|859|3,462|16|05:42:23|Bontrager Garmin Edge 1030|https://www.strava.com/activities/3628904229
15.06.2020|5,05|00:12:47|19|0|0|0|0||96|74|237|320|0|0|0|0|0|0|90|27|00:14:27|Garmin fēnix 6 Pro|https://www.strava.com/activities/3617653299
15.06.2020|4,53|00:09:38|30|0|0|0|0||158|92|282|410|0|0|0|0|0|0|105|27|00:13:05|Garmin fēnix 6 Pro|https://www.strava.com/activities/3617416936
12.06.2020|104,98|03:10:48|246|0|243|2,487|123|61%|0|0|330|544|87|137|0|0|217|867|2,485|21|05:02:24|Bontrager Garmin Edge 1030|https://www.strava.com/activities/3603246194
10.06.2020|30,11|01:02:57|892|0|289|958|55|73%|0|0|287|860|0|0|0|0|254|525|915||01:02:57|Zwift|https://www.strava.com/activities/3591739653
05.06.2020|105,44|03:18:50|254|0|238|2,723|122|60%|0|0|318|558|85|120|0|0|228|1,002|2,720|9|03:45:29|Bontrager Garmin Edge 1030|https://www.strava.com/activities/3568097460
05.06.2020|75,65|02:30:10|1,969|0|280|2,243|125|71%|0|0|302|878|0|0|0|0|249|568|2,142||02:30:10|Zwift|https://www.strava.com/activities/3566824182
20.06.2020|241,67|06:23:42|359|0|242|4,897|249|61%|0|0|378|565|82|121|0|0|213|1,137|4,910|18|07:27:10|Bontrager Garmin Edge 1030|https://www.strava.com/activities/3643713076
18.06.2020|37,42|01:22:24|77|0|170|805|31|43%|0|0|273|407|78|101|0|0|163|655|798|20|03:21:44|Bontrager Garmin Edge 1030|https://www.strava.com/activities/3633058941
16.06.2020|200,39|06:05:40|391|0|228|4,864|216|57%|0|0|329|493|83|109|0|0|222|983|4,875|20|07:10:05|Bontrager Garmin Edge 1030|https://www.strava.com/activities/3624001481
15.06.2020|81,94|02:29:09|119|0|227|1,917|85|57%|0|0|330|436|85|105|0|0|214|615|1,917|23|02:49:09|Bontrager Garmin Edge 1030|https://www.strava.com/activities/3619207214
13.06.2020|208,77|05:57:10|1,209|0|256|4,675|257|64%|0|0|351|673|86|119|0|0|218|1,163|4,681|23|06:46:57|Bontrager Garmin Edge 1030|https://www.strava.com/activities/3607878845
10.06.2020|131|04:08:34|822|0|227|3,068|137|57%|0|0|316|601|85|111|0|0|206|553|3,063|15|04:56:53|Bontrager Garmin Edge 1030|https://www.strava.com/activities/3592831563
06.06.2020|211,75|06:00:34|1,597|0|262|4,8|268|66%|0|0|352|756|84|128|0|0|222|1,214|4,809|13|06:16:04|Bontrager Garmin Edge 1030|https://www.strava.com/activities/3572195625
02.06.2020|130,19|04:05:48|833|0|231|3,131|140|58%|0|0|318|590|79|102|0|0|212|653|3,127|24|04:26:21|Bontrager Garmin Edge 1030|https://www.strava.com/activities/3552017401
30.07.2020|149,05|04:13:28|2,655|0|293|3,711|223|74%|0|0|353|850|83|128|0|0|244|1,29|4,123|37|04:19:48|Garmin Edge 830|https://www.strava.com/activities/3839251961
20.07.2020|88,99|03:00:22|1,476|0|248|2,13|117|62%|0|0|296|720|79|110|0|0|197|709|2,125|22|03:03:03|Bontrager Garmin Edge 1030|https://www.strava.com/activities/3789701105
18.07.2020|179,95|06:25:40|4,004|0|274|5,496|324|69%|0|0|280|896|80|118|0|0|237|981|5,486|14|08:19:43|Bontrager Garmin Edge 1030|https://www.strava.com/activities/3780678754
16.07.2020|84,01|03:21:26|2,395|0|283|2,726|178|71%|0|0|250|803|75|115|0|0|226|1,286|2,728|16|03:35:57|Bontrager Garmin Edge 1030|https://www.strava.com/activities/3770597612
15.07.2020|136,47|05:23:48|3,592|0|269|4,653|266|68%|0|0|253|821|77|118|0|0|240|741|4,684|11|06:03:23|Bontrager Garmin Edge 1030|https://www.strava.com/activities/3765694836
12.07.2020|148,09|05:32:49|3,573|0|266|4,411|260|67%|0|0|267|806|79|132|0|0|221|1,066|4,413|22|06:26:46|Bontrager Garmin Edge 1030|https://www.strava.com/activities/3751488577
07.07.2020|133,89|05:03:38|3,336|0|264|3,963|227|66%|0|0|265|886|79|116|0|0|218|979|3,960|18|05:32:35|Bontrager Garmin Edge 1030|https://www.strava.com/activities/3726637743
03.07.2020|79,91|03:17:02|2,298|0|258|2,61|143|65%|0|0|243|839|79|131|0|0|221|1,073|2,615|16|03:39:47|Bontrager Garmin Edge 1030|https://www.strava.com/activities/3707224180
31.07.2020|162,6|03:52:18|1,22|0|233|2,351|134|59%|0|0|420|878|72|128|0|0|169|1,244|2,367|39|03:52:43|Garmin Edge 830|https://www.strava.com/activities/3843773161
29.07.2020|168,85|03:56:52|1,199|0|234|2,509|137|59%|0|0|428|979|80|154|0|0|177|1,39|2,521|36|03:57:43|Garmin Edge 830|https://www.strava.com/activities/3833463548
28.07.2020|165,69|03:58:41|1,669|0|281|3,111|201|71%|0|0|417|936|84|138|0|0|217|1,09|3,129|27|04:00:22|Garmin Edge 830|https://www.strava.com/activities/3828329685
24.07.2020|115,07|03:04:54|1,487|0|274|2,556|154|69%|0|0|373|853|84|128|0|0|230|1,448|2,554|24|03:17:20|Garmin Edge 830|https://www.strava.com/activities/3807667290
23.07.2020|129,83|04:05:52|2,342|0|277|3,249|212|70%|0|0|317|940|80|129|0|0|220|1,423|3,246|26|04:23:59|Garmin Edge 830|https://www.strava.com/activities/3807667346
21.07.2020|191,38|05:29:07|2,477|0|276|4,475|277|70%|0|0|349|785|84|130|0|0|227|1,464|4,481|28|05:47:07|Bontrager Garmin Edge 1030|https://www.strava.com/activities/3795446687
13.07.2020|107,33|04:07:26|2,885|0|283|3,315|218|71%|0|0|260|893|76|146|0|0|223|1,056|3,318|19|04:41:13|Bontrager Garmin Edge 1030|https://www.strava.com/activities/3755651465
09.07.2020|82,53|05:17:08|2,977|0|0|0|0||194|3,695|156|551|0|0|0|0|0|0|4,619|27|07:39:33|Garmin fēnix 6 Pro|https://www.strava.com/activities/3737582826
04.07.2020|132,66|04:20:56|2,196|0|246|3,525|175|62%|0|0|305|961|84|128|0|0|225|1,518|3,531|18|05:24:45|Bontrager Garmin Edge 1030|https://www.strava.com/activities/3711848535
31.08.2020|201,5|05:25:28|2,692|0|243|3,698|203|61%|0|0|371|814|77|128|0|0|189|1,428|3,744|21|05:26:54|Garmin Edge 830|https://www.strava.com/activities/3991777618
30.08.2020|194,67|05:39:10|3,557|0|282|4,678|285|71%|0|0|344|936|80|141|0|0|230|1,227|4,698|27|05:40:05|Garmin Edge 830|https://www.strava.com/activities/3987622123
29.08.2020|162,9|04:05:53|2,095|0|299|3,441|231|75%|0|0|398|738|86|129|0|0|233|1,257|3,452|20|04:06:18|Garmin Edge 830|https://www.strava.com/activities/3982866799
27.08.2020|88,05|02:59:35|1,4|0|248|2,03|118|62%|0|0|294|666|82|119|0|0|188|1,279|2,016|26|03:02:50|Garmin Edge 830|https://www.strava.com/activities/3972261660
25.08.2020|106,84|04:17:05|2,185|0|265|2,986|197|67%|0|0|249|680|75|131|0|0|194|1,357|2,981|24|04:25:29|Bontrager Garmin Edge 1030|https://www.strava.com/activities/3963184440
21.08.2020|147,61|05:09:24|1,989|0|264|3,72|238|66%|0|0|286|587|79|118|0|0|200|970|3,704|30|05:30:17|Bontrager Garmin Edge 1030|https://www.strava.com/activities/3945311601
15.08.2020|123,94|03:23:07|439|0|294|2,95|191|74%|0|0|366|724|86|120|0|0|242|1,432|2,949|20|04:06:17|Bontrager Garmin Edge 1030|https://www.strava.com/activities/3915578714
14.08.2020|146,25|04:30:03|571|0|249|3,595|184|63%|0|0|325|616|83|139|0|0|222|1,451|3,585|22|05:15:04|Bontrager Garmin Edge 1030|https://www.strava.com/activities/3911740062
08.08.2020|154,03|04:20:36|3,08|0|297|3,831|243|75%|0|0|355|968|79|140|0|0|245|1,201|3,843|26|04:21:18|Garmin Edge 830|https://www.strava.com/activities/3884019466
07.08.2020|205,3|05:11:02|3,208|0|294|4,537|284|74%|0|0|396|860|83|122|0|0|243|1,086|4,560|29|05:11:32|Garmin Edge 830|https://www.strava.com/activities/3878295952
05.08.2020|198,53|04:35:04|1,491|0|253|3,44|188|64%|0|0|433|788|81|129|0|0|208|1,327|3,456|23|04:37:22|Garmin Edge 830|https://www.strava.com/activities/3868981264
04.08.2020|70,79|02:09:22|253|0|207|1,38|62|52%|0|0|328|626|80|116|0|0|178|723|1,379|17|02:20:53|Garmin Edge 830|https://www.strava.com/activities/3862495531
02.08.2020|180,68|04:23:00|792|0|316|4,013|279|80%|0|0|412|882|83|126|0|0|254|1,207|4,025|19|04:28:10|Garmin Edge 830|https://www.strava.com/activities/3853795236
01.08.2020|158,46|04:03:59|2,24|0|275|3,371|194|69%|0|0|390|925|78|123|0|0|230|1,12|3,388|35|04:04:26|Garmin Edge 830|https://www.strava.com/activities/3848603306
30.09.2020|114,55|03:02:53|293|0|277|2,767|150|70%|0|0|376|529|91|142|0|0|252|1,185|2,757|15|03:05:16|Bontrager Garmin Edge 1030|https://www.strava.com/activities/4132939981
29.09.2020|33,65|01:18:27|45|0|155|645|24|39%|0|0|257|436|77|116|0|0|137|535|640|14|03:18:13|Bontrager Garmin Edge 1030|https://www.strava.com/activities/4132938262
28.09.2020|97,86|03:10:57|144|0|232|2,535|111|58%|0|0|307|486|86|124|0|0|221|727|2,529|11|03:17:29|Bontrager Garmin Edge 1030|https://www.strava.com/activities/4123456550
27.09.2020|109,97|03:29:54|274|0|230|2,781|117|58%|0|0|314|446|85|108|0|0|221|636|2,769|16|03:30:35|Garmin Edge 830|https://www.strava.com/activities/4119117264
26.09.2020|53,29|01:31:21|314|0|245|1,198|58|62%|0|0|350|529|0|0|0|0|219|798|1,141||01:32:02|Zwift|https://www.strava.com/activities/4114089525
22.09.2020|234,76|05:14:22|2,109|0|307|4,995|312|77%|0|0|448|817|88|133|0|0|265|1,329|5,008|22|05:18:18|Garmin Edge 830|https://www.strava.com/activities/4097309913
20.09.2020|127,54|03:19:40|889|0|225|1,677|107|57%|0|0|383|828|76|122|0|0|140|1,251|1,712|28|03:31:08|Garmin Edge 830|https://www.strava.com/activities/4089515829
19.09.2020|35,86|01:04:40|922|0|365|1,38|91|92%|0|0|333|706|91|124|0|0|356|778|1,381|20|01:05:40|Garmin Edge 830|https://www.strava.com/activities/4082297150
18.09.2020|172,26|03:56:18|2,067|0|283|3,135|199|71%|0|0|437|853|80|125|0|0|221|1,215|3,146|31|03:57:33|Garmin Edge 830|https://www.strava.com/activities/4078010354
17.09.2020|193,3|05:45:24|4,407|0|290|4,842|306|73%|0|0|336|1048|75|125|0|0|234|1,054|4,857|25|05:47:18|Garmin Edge 830|https://www.strava.com/activities/4073543710
16.09.2020|173,8|05:31:06|4,184|0|298|5,033|312|75%|0|0|315|1004|78|147|0|0|253|1,305|5,069|27|05:33:40|Garmin Edge 830|https://www.strava.com/activities/4068903958
15.09.2020|168,7|04:53:33|3,611|0|307|4,486|291|77%|0|0|345|979|81|133|0|0|255|1,085|4,501|28|04:55:15|Garmin Edge 830|https://www.strava.com/activities/4063877998
13.09.2020|187,14|05:34:54|3,642|0|287|4,906|291|72%|0|0|335|918|73|122|0|0|244|1,349|4,923|28|05:36:11|Garmin Edge 830|https://www.strava.com/activities/4054969426
12.09.2020|200,4|05:00:15|2,602|0|300|4,507|287|76%|0|0|400|886|83|127|0|0|250|1,152|4,516|27|05:00:15|Garmin Edge 830|https://www.strava.com/activities/4049446280
11.09.2020|197,11|05:43:07|4,359|0|298|5,077|321|75%|0|0|345|922|75|129|0|0|247|1,005|5,088|26|05:43:07|Garmin Edge 830|https://www.strava.com/activities/4044592806
10.09.2020|221,12|05:37:24|3,524|0|282|4,581|284|71%|0|0|393|954|78|131|0|0|226|1,254|4,594|28|05:37:54|Garmin Edge 830|https://www.strava.com/activities/4041100424
09.09.2020|174,11|04:15:53|1,137|0|236|2,658|150|59%|0|0|408|788|74|122|0|0|173|1,228|2,685|31|04:18:06|Garmin Edge 830|https://www.strava.com/activities/4035185328
08.09.2020|173,8|03:47:40|765|0|270|3,137|175|68%|0|0|458|760|84|128|0|0|230|1,388|3,151|28|03:48:08|Garmin Edge 830|https://www.strava.com/activities/4031161009
06.09.2020|161,1|04:42:59|3,405|0|308|4,319|285|78%|0|0|342|907|78|126|0|0|254|1,096|4,335|17|04:43:24|Garmin Edge 830|https://www.strava.com/activities/4021195642
05.09.2020|142,95|04:33:24|3,599|0|301|4,028|263|76%|0|0|314|954|77|128|0|0|246|1,126|4,043|26|04:34:22|Garmin Edge 830|https://www.strava.com/activities/4016333689
04.09.2020|172,75|03:57:39|2,083|0|302|3,585|229|76%|0|0|436|896|84|127|0|0|251|1,051|3,594|31|03:57:39|Garmin Edge 830|https://www.strava.com/activities/4010606810
03.09.2020|193,85|05:08:46|3,138|0|283|4,562|260|71%|0|0|377|929|80|131|0|0|246|1,155|4,578|30|05:09:33|Garmin Edge 830|https://www.strava.com/activities/4005892543
02.09.2020|184,86|04:29:10|1,45|0|249|2,806|178|63%|0|0|412|824|77|124|0|0|174|1,283|2,823|29|04:31:41|Garmin Edge 830|https://www.strava.com/activities/4001471307
01.09.2020|162,41|04:36:02|3,136|0|292|4,185|250|74%|0|0|353|914|82|126|0|0|253|1,071|4,194|21|04:36:27|Garmin Edge 830|https://www.strava.com/activities/3996478453
08.10.2020|194,54|05:29:47|900|0|267|4,54|262|67%|0|0|354|688|80|119|0|0|229|1,005|4,539|15|06:02:54|Garmin Edge 830|https://www.strava.com/activities/4167762777
04.10.2020|200,09|05:27:53|809|0|286|5,201|290|72%|0|0|366|619|88|127|0|0|264|1,257|5,204|10|05:40:52|Bontrager Garmin Edge 1030|https://www.strava.com/activities/4150416161
03.10.2020|99,59|03:09:03|458|0|277|2,618|163|70%|0|0|316|504|84|112|0|0|231|739|2,610|9|04:28:52|Bontrager Garmin Edge 1030|https://www.strava.com/activities/4145353560
21.10.2020|190,94|04:08:11|508|0|321|4,436|271|81%|0|0|462|724|88|133|0|0|298|1,248|4,448|16|04:11:06|Garmin Edge 830|https://www.strava.com/activities/4224285226
18.10.2020|250,67|06:08:19|2,096|0|300|5,72|354|76%|0|0|408|886|87|136|0|0|259|1,305|6,378|11|06:10:20|Garmin Edge 830|https://www.strava.com/activities/4211933444
17.10.2020|69,84|02:09:31|191|0|257|1,754|93|65%|0|0|324|562|87|129|0|0|226|1,459|1,757|8|02:12:38|Garmin Edge 830|https://www.strava.com/activities/4205713706
11.10.2020|239,48|05:38:44|1,111|0|306|5,421|337|77%|0|0|424|803|86|133|0|0|267|1,184|5,435|12|05:41:14|Garmin Edge 830|https://www.strava.com/activities/4181152716
10.10.2020|67,1|02:08:16|353|0|238|1,547|78|60%|0|0|314|536|82|119|0|0|201|1,188|1,550|9|02:12:12|Garmin Edge 830|https://www.strava.com/activities/4175158651
07.10.2020|197,34|04:39:44|2,141|0|301|4,21|273|76%|0|0|423|893|86|129|0|0|251|1,428|4,213|15|04:48:01|Garmin Edge 830|https://www.strava.com/activities/4163610695
27.11.2020|82,63|02:36:46|467|0|247|2,25|104|62%|0|0|316|450|89|183|0|0|239|927|2,252|5|03:41:34|Bontrager Garmin Edge 1030|https://www.strava.com/activities/4396988410
22.11.2020|78,01|02:42:05|585|0|215|1,923|81|54%|0|0|289|522|84|104|0|0|198|592|1,925|6|03:35:55|Bontrager Garmin Edge 1030|https://www.strava.com/activities/4374676502
20.11.2020|55,92|02:07:12|190|0|0|0|0||230|1,756|264|364|0|0|0|0|0|0|1,607|4|02:12:58|Bontrager Garmin Edge 1030|https://www.strava.com/activities/4363944155
18.11.2020|7,01|00:33:26|0|0|0|0|0||0|0|0|0|0|0|0|0|0|0|||00:00:00|Garmin fēnix 6 Pro|https://www.strava.com/activities/4355154319
17.11.2020|36,63|01:12:20|356|0|230|942|44|58%|0|0|304|594|88|116|0|0|217|946|943|10|02:08:40|Bontrager Garmin Edge 1030|https://www.strava.com/activities/4351500919
17.11.2020|10,5|00:52:48|0|0|0|0|0||0|0|0|0|0|0|0|0|0|0|||00:00:00|Garmin fēnix 6 Pro|https://www.strava.com/activities/4350435199
13.11.2020|8|00:38:37|0|0|0|0|0||0|0|0|0|0|0|0|0|0|0|||00:00:00|Garmin fēnix 6 Pro|https://www.strava.com/activities/4331401778
30.11.2020|98,37|03:12:24|353|0|249|2,843|130|63%|0|0|307|425|90|120|0|0|246|851|2,845|0|03:18:07|Bontrager Garmin Edge 1030|https://www.strava.com/activities/4411345671
16.11.2020|81,94|02:44:28|441|0|0|0|0||0|0|299|464|87|133|0|0|0|0|2,004|8|02:48:43|Bontrager Garmin Edge 1030|https://www.strava.com/activities/4345575662
14.11.2020|36,23|01:28:47|153|0|155|728|25|39%|0|0|245|508|82|113|0|0|137|1,4|747|11|01:57:27|Bontrager Garmin Edge 1030|https://www.strava.com/activities/4337846374
21.12.2020|154,73|05:27:12|2,797|0|0|0|0||0|0|284|720|79|125|0|0|0|0|4,285|14|05:58:11|Garmin Edge 830|https://www.strava.com/activities/4500189935
03.12.2020|76,72|02:41:22|182|0|210|1,982|81|53%|0|0|285|396|86|118|0|0|205|730|1,985|4|05:22:24|Bontrager Garmin Edge 1030|https://www.strava.com/activities/4424643482
31.12.2020|201,25|06:37:37|2,98|0|0|0|0||0|0|304|752|82|116|0|0|0|0|5,290|12|07:06:21|Garmin Edge 830|https://www.strava.com/activities/4544743828
29.12.2020|156,86|05:23:23|3,002|0|0|0|0||0|0|291|670|79|115|0|0|0|0|4,316|9|06:17:33|Garmin Edge 830|https://www.strava.com/activities/4534294943
28.12.2020|114,42|03:55:02|1,796|0|263|3,159|180|66%|0|0|292|720|82|121|0|0|224|673|3,161|14|04:26:46|Garmin Edge 830|https://www.strava.com/activities/4530042553
27.12.2020|124,7|04:11:26|1,823|0|258|3,528|187|65%|0|0|298|598|83|109|0|0|234|734|3,528|12|05:24:04|Garmin Edge 830|https://www.strava.com/activities/4524844965
24.12.2020|148,65|05:11:12|2,818|0|255|4,11|218|64%|0|0|287|706|80|130|0|0|220|705|4,116|15|05:46:46|Garmin Edge 830|https://www.strava.com/activities/4512463303
20.12.2020|146,22|04:52:59|1,929|0|247|3,89|203|62%|0|0|299|637|81|119|0|0|221|840|3,895|15|05:17:37|Garmin Edge 830|https://www.strava.com/activities/4496678510
loaded urls in 4.01:44:30.7703287
