date|distance|mov_time|elevation|relativeEffort|avg_power_weig|work_total|training_load|intensity|estAvgPower|energyOutput|avg_speed|max_speed|avg_cadence|max_cadence|avg_heartRate|max_heartRate|avg_power|max_power|avg_calories|avg_temperature|avg_elap_time|bicycle_model|url
1/31/2019|53.75|02:28:19|418|0|0|0|0||0|0|21.7|57.6|0|0|0|0|0|0||-4|02:32:53|Pioneer|https://www.strava.com/activities/2115084580
1/30/2019|59.18|01:56:42|234|0|0|0|0||0|0|30.4|56.2|95|123|144|172|0|0||-4|01:56:42|Pioneer|https://www.strava.com/activities/2113062155
1/30/2019|30.27|01:01:12|664|0|0|0|0||0|0|29.7|87.8|95|124|0|0|0|0|852||01:01:12|Zwift|https://www.strava.com/activities/2112821802
1/25/2019|76.7|02:25:11|986|0|0|0|0||0|0|31.7|74.2|84|160|119|163|0|0||11|02:28:36|Pioneer|https://www.strava.com/activities/2101954282
1/24/2019|212.09|06:13:14|2006|0|0|0|0||0|0|34.1|78.5|88|132|129|172|0|0||9|07:09:31|Pioneer|https://www.strava.com/activities/2100358015
1/23/2019|160.82|05:39:18|3290|0|0|0|0||0|0|28.4|74.9|89|185|130|182|0|0||9|06:25:52|Pioneer|https://www.strava.com/activities/2098208469
1/22/2019|146.93|04:45:27|2158|0|0|0|0||0|0|30.9|89.3|85|140|124|180|0|0||3|04:56:01|Pioneer|https://www.strava.com/activities/2095971474
1/21/2019|33.76|01:06:23|267|0|0|0|0||0|0|30.5|64.8|78|125|0|0|0|0||11|02:27:36|Pioneer|https://www.strava.com/activities/2093603552
1/20/2019|170.28|04:46:22|987|0|0|0|0||0|0|35.7|61.9|89|137|118|160|0|0||9|05:28:50|Pioneer|https://www.strava.com/activities/2091932606
1/19/2019|179|06:03:07|3442|0|0|0|0||0|0|29.6|71.3|89|153|129|168|0|0||6|06:12:51|Pioneer|https://www.strava.com/activities/2089274918
1/18/2019|34.79|01:14:02|275|0|0|0|0||0|0|28.2|60.5|86|114|0|0|0|0||8|01:57:49|Pioneer|https://www.strava.com/activities/2086586255
1/17/2019|202.44|06:27:36|2956|0|0|0|0||0|0|31.3|75.6|88|138|129|159|0|0||5|07:15:55|Pioneer|https://www.strava.com/activities/2084977346
1/16/2019|154.06|04:58:54|2716|0|0|0|0||0|0|30.9|76.3|89|125|135|182|0|0||9|05:16:41|Pioneer|https://www.strava.com/activities/2082831214
1/15/2019|139.43|04:30:29|2141|0|0|0|0||0|0|30.9|80.6|89|144|137|177|0|0||13|04:49:17|Pioneer|https://www.strava.com/activities/2080273152
1/14/2019|34.2|01:07:28|471|0|0|0|0||0|0|30.4|63.4|94|136|0|0|0|0||13|01:07:28|Pioneer|https://www.strava.com/activities/2078294718
1/11/2019|49.42|01:37:26|787|0|0|0|0||0|0|30.4|74.9|90|131|128|179|0|0|1,239||01:44:56|Zwift|https://www.strava.com/activities/2070642847
1/9/2019|146.98|05:04:08|2560|0|0|0|0||0|0|29|69.8|91|129|138|168|0|0||11|05:58:46|Pioneer|https://www.strava.com/activities/2066620773
1/8/2019|161.8|05:37:30|2832|0|0|0|0||0|0|28.8|61.2|86|133|137|177|0|0||9|06:35:43|Pioneer|https://www.strava.com/activities/2064327173
1/7/2019|21.54|00:56:43|350|0|0|0|0||0|0|22.8|89.3|86|126|118|153|0|0||14|01:44:56|Pioneer|https://www.strava.com/activities/2061678609
1/6/2019|160.61|05:30:49|2698|0|0|0|0||0|0|29.1|73.4|88|140|137|164|0|0||12|06:17:33|Pioneer|https://www.strava.com/activities/2060032562
1/5/2019|151.16|05:21:46|2432|0|0|0|0||0|0|28.2|61.9|86|127|138|174|0|0||10|06:19:59|Pioneer|https://www.strava.com/activities/2057336294
1/4/2019|137.85|04:25:45|1684|0|0|0|0||0|0|31.1|66.2|94|139|138|178|0|0||10|05:09:06|Pioneer|https://www.strava.com/activities/2054903761
1/3/2019|60.37|01:48:46|126|0|0|0|0||0|0|33.3|57.6|95|124|0|0|0|0||1|01:49:32|Pioneer|https://www.strava.com/activities/2052334327
1/2/2019|77.8|02:37:46|206|0|0|0|0||0|0|29.6|53.3|94|124|134|171|0|0||2|02:39:31|Pioneer|https://www.strava.com/activities/2050232208
2/28/2019|180.37|04:49:36|831|0|0|0|0||0|0|37.4|76.3|88|175|121|181|0|0||23|04:50:21|Pioneer SGX-CA600|https://www.strava.com/activities/2184049119
2/28/2019|181.16|04:49:19|849|0|0|0|0||0|0|37.6|86.4|81|130|0|0|0|0||26|04:50:23|Pioneer|https://www.strava.com/activities/2190350874
2/27/2019|205.27|04:53:37|1274|0|0|0|0||0|0|41.9|97.2|90|140|129|186|0|0||25|05:46:17|Pioneer SGX-CA600|https://www.strava.com/activities/2184056661
2/26/2019|180.01|05:04:35|1288|0|0|0|0||0|0|35.5|68.4|89|130|129|175|0|0||23|05:05:44|Pioneer SGX-CA600|https://www.strava.com/activities/2184057148
2/25/2019|190.04|04:52:01|326|0|0|0|0||0|0|39|67.7|90|147|132|185|0|0||22|05:06:59|Pioneer SGX-CA600|https://www.strava.com/activities/2184053277
2/24/2019|34.49|00:59:07|80|0|0|0|0||0|0|35|55.4|90|129|119|138|0|0||19|01:01:03|Pioneer SGX-CA600|https://www.strava.com/activities/2184034380
2/24/2019|39.16|00:52:53|18|0|0|0|0||0|0|44.4|64.8|93|135|118|188|0|0||27|02:00:51|Pioneer|https://www.strava.com/activities/2190327563
2/24/2019|26.82|00:47:46|46|0|0|0|0||0|0|33.7|50.4|86|107|0|0|0|0||24|00:47:46|Pioneer|https://www.strava.com/activities/2190328192
2/23/2019|34.58|00:56:54|78|0|0|0|0||0|0|36.5|58.3|89|132|114|143|0|0||23|01:04:11|Pioneer SGX-CA600|https://www.strava.com/activities/2184033224
2/23/2019|48.91|01:13:50|16|0|0|0|0||0|0|39.8|64.1|89|117|0|0|0|0||23|01:41:54|Pioneer|https://www.strava.com/activities/2190328945
2/22/2019|38.02|01:14:09|59|0|0|0|0||0|0|30.8|50.4|91|120|110|135|0|0||22|01:18:19|Pioneer SGX-CA600|https://www.strava.com/activities/2184036798
2/20/2019|62.4|02:10:00|357|0|0|0|0||0|0|28.8|54.7|88|122|117|144|0|0||4|03:00:52|Pioneer SGX-CA600|https://www.strava.com/activities/2162260208
2/19/2019|133.57|03:31:19|237|0|0|0|0||0|0|37.9|56.2|98|132|137|176|0|0||5|04:09:06|Pioneer SGX-CA600|https://www.strava.com/activities/2160077444
2/18/2019|80.94|02:17:51|247|0|0|0|0||0|0|35.2|56.9|102|139|131|164|0|0||7|02:31:52|Pioneer SGX-CA600|https://www.strava.com/activities/2157612766
2/17/2019|34.68|01:06:01|65|0|0|0|0||0|0|31.5|46.8|100|123|0|0|0|0||8|01:07:08|Pioneer SGX-CA600|https://www.strava.com/activities/2155210681
2/15/2019|106.95|03:30:00|1146|0|0|0|0||0|0|30.6|66.2|93|126|126|152|0|0||9|03:34:29|Pioneer SGX-CA600|https://www.strava.com/activities/2150426190
2/14/2019|123.06|04:05:30|2339|0|0|0|0||0|0|30.1|75.6|89|128|139|181|0|0||9|04:28:23|Pioneer SGX-CA600|https://www.strava.com/activities/2148559035
2/13/2019|29.7|01:10:20|308|0|0|0|0||0|0|25.3|57.6|87|120|0|0|0|0||11|02:58:41|Pioneer SGX-CA600|https://www.strava.com/activities/2143430715
2/12/2019|200.03|06:53:40|4035|0|0|0|0||0|0|29|67|91|130|137|168|0|0||8|07:25:08|Pioneer SGX-CA600|https://www.strava.com/activities/2141360615
2/11/2019|126.19|04:10:56|2333|0|0|0|0||0|0|30.2|73.4|93|130|140|179|0|0||9|04:11:34|Pioneer SGX-CA600|https://www.strava.com/activities/2139070980
2/10/2019|74|02:21:15|554|0|0|0|0||0|0|31.4|72.7|96|132|126|149|0|0||15|02:25:01|Pioneer SGX-CA600|https://www.strava.com/activities/2137945762
2/8/2019|153|05:02:14|3083|0|0|0|0||0|0|30.4|77|90|131|144|173|0|0||11|05:23:17|Pioneer SGX-CA600|https://www.strava.com/activities/2132351323
2/7/2019|173.44|06:09:19|3257|0|0|0|0||0|0|28.2|72.7|89|191|132|160|0|0||13|06:50:05|Pioneer SGX-CA600|https://www.strava.com/activities/2130388999
2/6/2019|124.93|04:24:35|2571|0|0|0|0||0|0|28.3|79.2|88|159|136|178|0|0||12|04:55:52|Pioneer SGX-CA600|https://www.strava.com/activities/2128060708
2/5/2019|121.43|04:16:20|2279|0|0|0|0||0|0|28.4|64.8|90|129|133|182|0|0||12|04:46:00|Pioneer SGX-CA600|https://www.strava.com/activities/2125846978
2/3/2019|113.92|03:54:05|1282|0|0|0|0||0|0|29.2|64.8|93|197|140|165|0|0||-1|03:59:26|Pioneer SGX-CA600|https://www.strava.com/activities/2121414475
2/2/2019|102.96|02:59:35|1698|0|0|0|0||0|0|34.4|79.6|95|122|0|0|0|0|2,492||03:19:33|Zwift|https://www.strava.com/activities/2118941916
3/31/2019|77.5|03:10:20|1992|0|0|0|0||0|0|24.4|63.4|88|122|130|165|0|0||5|03:15:29|Pioneer SGX-CA600|https://www.strava.com/activities/2254737976
3/30/2019|66.71|02:55:45|2099|0|0|0|0||0|0|22.8|76.3|84|124|127|155|0|0||11|03:40:53|Pioneer SGX-CA600|https://www.strava.com/activities/2251749089
3/28/2019|28.9|00:59:12|49|0|0|0|0||0|0|29.3|39.6|95|116|114|132|0|0||6|01:00:37|Pioneer SGX-CA600|https://www.strava.com/activities/2246546989
3/27/2019|129.06|03:59:27|665|0|0|0|0||0|0|32.3|72.7|90|120|129|154|0|0||5|04:33:33|Pioneer SGX-CA600|https://www.strava.com/activities/2244394663
3/26/2019|142.7|04:33:18|1467|0|0|0|0||0|0|31.3|59|90|141|136|172|0|0||3|04:46:19|Pioneer SGX-CA600|https://www.strava.com/activities/2241860452
3/25/2019|100.12|03:20:08|665|0|0|0|0||0|0|30|53.3|86|127|125|174|0|0||4|04:02:15|Pioneer SGX-CA600|https://www.strava.com/activities/2241142625
3/24/2019|75.87|02:21:10|655|0|0|0|0||0|0|32.3|69.8|90|127|134|171|0|0||5|02:24:04|Pioneer SGX-CA600|https://www.strava.com/activities/2240192506
3/22/2019|48.23|01:34:22|251|0|0|0|0||0|0|30.7|53.3|96|132|117|142|0|0||13|01:35:45|Pioneer SGX-CA600|https://www.strava.com/activities/2231430760
3/21/2019|38.45|01:24:18|37|0|0|0|0||0|0|27.4|45.4|91|121|105|131|0|0||12|02:11:52|Pioneer SGX-CA600|https://www.strava.com/activities/2229262919
3/19/2019|31.49|00:49:04|10|0|0|0|0||0|0|38.5|61.2|82|106|0|0|0|0||10|01:39:18|Pioneer|https://www.strava.com/activities/2224338834
3/19/2019|0.11|00:12:35|0|0|0|0|0||0|0|0.5|2.5|94|110|0|0|0|0||15|00:16:30|Pioneer SGX-CA600|https://www.strava.com/activities/2224337510
3/19/2019|0.39|00:31:50|0|0|0|0|0||0|0|0.7|34.6|91|108|0|0|0|0||9|00:39:59|Pioneer SGX-CA600|https://www.strava.com/activities/2224340109
3/18/2019|192.98|04:44:02|2113|0|0|0|0||0|0|40.8|82.8|91|140|0|0|0|0||8|04:45:07|Pioneer SGX-CA600|https://www.strava.com/activities/2223002962
3/17/2019|177.46|05:07:12|2905|0|0|0|0||0|0|34.7|79.9|85|138|0|0|0|0||14|05:09:53|Pioneer SGX-CA600|https://www.strava.com/activities/2220440356
3/16/2019|198.47|05:00:16|2632|0|0|0|0||0|0|39.7|95|92|137|0|0|0|0||14|05:01:57|Pioneer SGX-CA600|https://www.strava.com/activities/2217436072
3/15/2019|225.86|05:39:12|2775|0|0|0|0||0|0|40|90|93|150|0|0|0|0||16|05:40:57|Pioneer SGX-CA600|https://www.strava.com/activities/2215067019
3/14/2019|194.77|04:59:00|2047|0|0|0|0||0|0|39.1|88.2|96|138|0|0|0|0||13|05:00:09|Pioneer SGX-CA600|https://www.strava.com/activities/2213001261
3/13/2019|5.91|00:13:02|2|0|0|0|0||0|0|27.2|36.7|94|134|110|123|0|0||9|00:15:52|Pioneer SGX-CA600|https://www.strava.com/activities/2211031606
3/13/2019|36.63|00:50:06|78|0|0|0|0||0|0|43.9|71.3|91|127|0|0|0|0||9|02:55:48|Pioneer|https://www.strava.com/activities/2211038719
3/13/2019|0.24|00:19:08|6|0|0|0|0||0|0|0.8|11.2|93|109|135|176|0|0||12|00:23:20|Pioneer SGX-CA600|https://www.strava.com/activities/2211032099
3/13/2019|0.37|00:46:23|5|0|0|0|0||0|0|0.5|3.6|94|127|0|0|0|0||7|00:50:14|Pioneer SGX-CA600|https://www.strava.com/activities/2210225590
3/12/2019|86.47|02:19:28|80|0|0|0|0||0|0|37.2|66.2|89|122|127|179|0|0||11|02:45:33|Pioneer SGX-CA600|https://www.strava.com/activities/2208293366
3/9/2019|88.85|02:58:38|733|0|0|0|0||0|0|29.8|74.9|94|125|128|167|0|0||5|02:59:29|Pioneer SGX-CA600|https://www.strava.com/activities/2201357819
3/8/2019|57.56|01:50:33|54|0|0|0|0||0|0|31.2|46.1|90|121|133|158|0|0||4|01:53:25|Pioneer SGX-CA600|https://www.strava.com/activities/2199465981
3/8/2019|63.97|02:03:42|112|0|0|0|0||0|0|31|53.3|90|113|133|160|0|0||6|02:14:35|Pioneer SGX-CA600|https://www.strava.com/activities/2199467237
3/7/2019|101.73|03:09:09|478|0|0|0|0||0|0|32.3|58.3|91|128|135|184|0|0||4|03:28:57|Pioneer SGX-CA600|https://www.strava.com/activities/2196870855
3/6/2019|115.72|03:57:30|900|0|0|0|0||0|0|29.2|64.1|92|140|127|172|0|0||7|03:59:45|Pioneer SGX-CA600|https://www.strava.com/activities/2194843497
3/5/2019|63.26|02:15:41|256|0|0|0|0||0|0|28|52.6|95|138|116|141|0|0||2|02:32:27|Pioneer SGX-CA600|https://www.strava.com/activities/2192484483
3/4/2019|43.66|01:38:20|142|0|0|0|0||0|0|26.6|56.2|88|119|0|0|0|0||4|02:27:17|Pioneer SGX-CA600|https://www.strava.com/activities/2190323856
3/2/2019|17.26|00:34:16|17|0|0|0|0||0|0|30.2|49.7|85|109|105|133|0|0||16|00:42:09|Pioneer SGX-CA600|https://www.strava.com/activities/2186000879
3/2/2019|147.33|03:25:51|256|0|0|0|0||0|0|42.9|72.7|91|129|135|169|0|0||18|03:25:51|Pioneer SGX-CA600|https://www.strava.com/activities/2186047304
3/1/2019|180.89|04:42:37|1622|0|0|0|0||0|0|38.4|62.6|90|130|141|178|0|0||21|04:43:11|Pioneer SGX-CA600|https://www.strava.com/activities/2184054774
4/29/2019|41.61|01:25:33|236|0|0|0|0||0|0|29.2|54.7|77|120|0|0|0|0||11|02:40:29|Pioneer SGX-CA600|https://www.strava.com/activities/2327787281
4/28/2019|252.98|06:50:12|3797|0|0|0|0||0|0|37|82.8|90|140|128|178|0|0||2|06:50:56|Pioneer SGX-CA600|https://www.strava.com/activities/2326007399
4/27/2019|33.38|01:08:46|357|0|0|0|0||0|0|29.1|59|86|133|120|166|0|0||4|01:19:51|Pioneer SGX-CA600|https://www.strava.com/activities/2322201383
4/26/2019|69.92|02:24:35|1137|0|0|0|0||0|0|29|74.9|89|128|0|0|0|0||7|02:31:06|Pioneer SGX-CA600|https://www.strava.com/activities/2320045047
4/24/2019|193.05|05:02:04|2743|0|0|0|0||0|0|38.3|84.2|90|184|0|0|0|0||20|05:03:25|Pioneer SGX-CA600|https://www.strava.com/activities/2315498935
4/23/2019|46.02|01:34:12|391|0|0|0|0||0|0|29.3|66.2|88|129|0|0|0|0||12|02:05:38|Pioneer SGX-CA600|https://www.strava.com/activities/2312171475
4/22/2019|31.08|01:01:10|55|0|0|0|0||0|0|30.5|44.6|101|118|0|0|0|0||17|01:06:05|Pioneer SGX-CA600|https://www.strava.com/activities/2309402866
4/21/2019|260.45|06:34:05|3340|0|0|0|0||0|0|39.7|80.6|95|178|0|0|0|0||21|06:36:08|Pioneer SGX-CA600|https://www.strava.com/activities/2307839924
4/20/2019|40.89|01:17:20|327|0|0|0|0||0|0|31.7|56.2|86|150|0|0|0|0||21|01:51:20|Pioneer SGX-CA600|https://www.strava.com/activities/2304605128
4/17/2019|24.13|01:11:56|795|0|0|0|0||0|0|20.1|84.2|83|119|0|0|0|0||16|01:50:14|Pioneer SGX-CA600|https://www.strava.com/activities/2296624152
4/16/2019|159.52|05:11:42|3193|0|0|0|0||0|0|30.7|88.6|91|147|125|181|0|0||17|06:19:52|Pioneer SGX-CA600|https://www.strava.com/activities/2294159927
4/15/2019|142.49|04:57:35|3330|0|0|0|0||0|0|28.7|85.7|87|141|136|180|0|0||20|05:42:22|Pioneer SGX-CA600|https://www.strava.com/activities/2291713797
4/14/2019|19.73|00:54:53|581|0|0|0|0||0|0|21.6|66.2|84|138|0|0|0|0||13|01:29:27|Pioneer SGX-CA600|https://www.strava.com/activities/2289004934
4/13/2019|208.72|07:21:33|4866|0|0|0|0||0|0|28.4|80.6|89|135|130|164|0|0||14|08:19:04|Pioneer SGX-CA600|https://www.strava.com/activities/2287147592
4/12/2019|131.75|04:58:40|3873|0|0|0|0||0|0|26.5|74.2|87|136|140|178|0|0||12|05:49:34|Pioneer SGX-CA600|https://www.strava.com/activities/2284273647
4/10/2019|189.15|06:24:50|4049|0|0|0|0||0|0|29.5|92.2|91|138|128|160|0|0||8|07:24:13|Pioneer SGX-CA600|https://www.strava.com/activities/2279706070
4/9/2019|103.29|04:23:22|3547|0|0|0|0||0|0|23.5|68.4|88|139|138|184|0|0||5|05:23:30|Pioneer SGX-CA600|https://www.strava.com/activities/2277046933
4/8/2019|25.52|00:50:38|276|0|0|0|0||0|0|30.2|59|0|0|0|0|0|0|427||00:50:38|Zwift|https://www.strava.com/activities/2274141616
4/7/2019|40.04|01:32:54|1191|0|0|0|0||0|0|25.9|78.5|0|0|0|0|0|0|1,226||01:32:54|Zwift|https://www.strava.com/activities/2272480556
4/7/2019|103.2|02:56:36|1346|0|0|0|0||0|0|35.1|65.9|0|0|0|0|0|0|2,304||02:59:38|Zwift|https://www.strava.com/activities/2272090489
4/6/2019|135.17|04:44:00|3157|0|0|0|0||0|0|28.6|72|87|127|134|175|0|0||7|05:07:32|Pioneer SGX-CA600|https://www.strava.com/activities/2269173475
4/4/2019|162.23|05:44:57|3847|0|0|0|0||0|0|28.2|78.5|88|139|134|173|0|0||12|06:33:01|Pioneer SGX-CA600|https://www.strava.com/activities/2264577926
4/3/2019|174.31|06:09:38|3860|0|0|0|0||0|0|28.3|81.4|88|174|130|181|0|0||13|06:57:31|Pioneer SGX-CA600|https://www.strava.com/activities/2262285463
4/2/2019|123.26|04:26:01|3051|0|0|0|0||0|0|27.8|72.7|93|136|138|183|0|0||10|05:07:51|Pioneer SGX-CA600|https://www.strava.com/activities/2259564387
4/1/2019|28.66|01:19:34|905|0|0|0|0||0|0|21.6|66.2|86|121|0|0|0|0||2|01:22:30|Pioneer SGX-CA600|https://www.strava.com/activities/2256886126
5/31/2019|154.45|04:26:11|2907|0|0|0|0||0|0|34.8|79.9|90|147|0|0|0|0||23|04:35:41|Pioneer SGX-CA600|https://www.strava.com/activities/2412294251
5/30/2019|225.41|05:07:37|1246|0|0|0|0||0|0|44|77|92|137|0|0|0|0||14|05:08:53|Pioneer SGX-CA600|https://www.strava.com/activities/2409384538
5/29/2019|180.91|05:07:23|3231|0|0|0|0||0|0|35.3|91.4|88|140|0|0|0|0||13|05:09:37|Pioneer SGX-CA600|https://www.strava.com/activities/2406684258
5/28/2019|193.58|06:10:54|4575|0|0|0|0||0|0|31.3|92.9|88|144|0|0|0|0||10|06:12:14|Pioneer SGX-CA600|https://www.strava.com/activities/2405928373
5/27/2019|27.77|01:00:18|533|0|0|0|0||0|0|27.6|73.1|0|0|0|0|0|0|720||01:00:35|Zwift|https://www.strava.com/activities/2400982283
5/26/2019|232.41|06:19:56|3229|0|0|0|0||0|0|36.7|85|88|133|0|0|0|0||16|06:21:54|Pioneer SGX-CA600|https://www.strava.com/activities/2399437599
5/25/2019|128.17|04:32:14|4009|0|0|0|0||0|0|28.2|97.2|84|153|0|0|0|0||18|04:33:23|Pioneer SGX-CA600|https://www.strava.com/activities/2396364492
5/24/2019|20.53|00:33:12|41|0|0|0|0||0|0|37.1|66.2|88|125|0|0|0|0||8|00:33:12|Pioneer SGX-CA600|https://www.strava.com/activities/2393628239
5/24/2019|194.92|06:08:20|5242|0|0|0|0||0|0|31.8|78.5|91|162|0|0|0|0||18|06:08:20|Pioneer SGX-CA600|https://www.strava.com/activities/2393660193
5/23/2019|158.18|04:06:48|1921|0|0|0|0||0|0|38.5|90.7|93|160|0|0|0|0||23|04:07:10|Pioneer SGX-CA600|https://www.strava.com/activities/2390968430
5/22/2019|224.11|05:28:31|438|0|0|0|0||0|0|40.9|64.1|94|140|0|0|0|0||25|05:28:31|Pioneer SGX-CA600|https://www.strava.com/activities/2388243765
5/21/2019|150.63|03:49:15|232|0|0|0|0||0|0|39.4|67.7|91|138|0|0|0|0||24|03:50:57|Pioneer SGX-CA600|https://www.strava.com/activities/2385475540
5/20/2019|30.63|01:08:30|317|0|0|0|0||0|0|26.8|66.2|88|146|0|0|0|0||20|01:53:46|Pioneer SGX-CA600|https://www.strava.com/activities/2382408513
5/19/2019|34.55|01:01:57|714|0|0|0|0||0|0|33.5|64.1|91|139|0|0|0|0||10|01:47:24|Pioneer SGX-CA600|https://www.strava.com/activities/2380364169
5/18/2019|243.32|05:49:43|1798|0|0|0|0||0|0|41.7|75.6|92|140|0|0|0|0||17|05:52:27|Pioneer SGX-CA600|https://www.strava.com/activities/2377624327
5/17/2019|189.16|04:19:42|2520|0|0|0|0||0|0|43.7|90.7|96|140|0|0|0|0||18|04:19:42|Pioneer SGX-CA600|https://www.strava.com/activities/2374930868
5/16/2019|238.75|05:56:51|2713|0|0|0|0||0|0|40.1|88.6|94|136|0|0|0|0||10|06:01:50|Pioneer SGX-CA600|https://www.strava.com/activities/2372633944
5/15/2019|141.89|03:36:59|1450|0|0|0|0||0|0|39.2|73.4|92|132|0|0|0|0||4|03:37:52|Pioneer SGX-CA600|https://www.strava.com/activities/2369960322
5/14/2019|242.4|06:17:34|2868|0|0|0|0||0|0|38.5|92.2|90|142|0|0|0|0||14|06:20:10|Pioneer SGX-CA600|https://www.strava.com/activities/2367103366
5/13/2019|220.3|05:28:39|1713|0|0|0|0||0|0|40.2|87.1|92|139|0|0|0|0||12|05:30:56|Pioneer SGX-CA600|https://www.strava.com/activities/2364492072
5/12/2019|207.87|04:54:36|2050|0|0|0|0||0|0|42.3|83.5|97|139|0|0|0|0||10|04:54:36|Pioneer SGX-CA600|https://www.strava.com/activities/2362492125
5/11/2019|35.06|01:12:54|374|0|0|0|0||0|0|28.9|62.6|92|161|0|0|0|0||18|04:23:32|Pioneer SGX-CA600|https://www.strava.com/activities/2359476961
5/11/2019|37.39|01:04:38|60|0|0|0|0||0|0|34.7|49|99|151|114|145|0|0||17|01:30:22|Pioneer SGX-CA600|https://www.strava.com/activities/2359472642
5/10/2019|38.16|01:29:21|703|0|0|0|0||0|0|25.6|71.3|88|144|105|161|0|0||22|01:47:54|Pioneer SGX-CA600|https://www.strava.com/activities/2356388292
5/9/2019|66.85|01:54:47|88|0|0|0|0||0|0|34.9|50.4|98|134|109|135|0|0||14|01:58:29|Pioneer SGX-CA600|https://www.strava.com/activities/2353685918
5/7/2019|57.61|01:52:32|329|0|0|0|0||0|0|30.7|59|98|123|116|141|0|0||7|01:55:29|Pioneer SGX-CA600|https://www.strava.com/activities/2348454447
5/6/2019|135.66|04:30:34|1737|0|0|0|0||0|0|30.1|69.8|93|140|127|160|0|0||3|04:33:21|Pioneer SGX-CA600|https://www.strava.com/activities/2346272122
5/5/2019|114.37|03:36:30|1282|0|0|0|0||0|0|31.7|71.3|97|138|138|177|0|0||5|04:01:28|Pioneer SGX-CA600|https://www.strava.com/activities/2343577413
5/3/2019|71.88|02:25:09|158|0|0|0|0||0|0|29.7|56.9|94|117|110|136|0|0||7|02:27:26|Pioneer SGX-CA600|https://www.strava.com/activities/2338261137
5/2/2019|135.79|04:38:55|1472|0|0|0|0||0|0|29.2|64.1|89|127|124|160|0|0||9|04:44:46|Pioneer SGX-CA600|https://www.strava.com/activities/2336010657
5/1/2019|75.56|02:36:19|746|0|0|0|0||0|0|29|63.4|95|136|0|0|0|0||5|02:39:13|Pioneer SGX-CA600|https://www.strava.com/activities/2332693612
6/28/2019|125.79|03:49:59|1292|0|0|0|0||0|0|32.8|67|88|127|139|174|0|0||20|03:53:41|Pioneer SGX-CA600|https://www.strava.com/activities/2487104750
6/27/2019|124.86|04:04:01|1224|0|0|0|0||0|0|30.7|64.8|88|129|128|176|0|0||19|04:40:45|Pioneer SGX-CA600|https://www.strava.com/activities/2484550378
6/26/2019|82.26|02:37:22|842|0|0|0|0||0|0|31.4|59.8|90|117|0|0|0|0||25|02:39:18|Pioneer SGX-CA600|https://www.strava.com/activities/2481857019
6/24/2019|139.84|04:25:56|1751|0|0|0|0||0|0|31.6|72.7|91|123|139|175|0|0||26|04:40:34|Pioneer SGX-CA600|https://www.strava.com/activities/2476462780
6/23/2019|134.58|04:13:12|1727|0|0|0|0||0|0|31.9|79.9|0|0|0|0|0|0||23|05:23:16|Pioneer SGX-CA600|https://www.strava.com/activities/2473864834
6/21/2019|73.11|03:32:52|1030|0|0|0|0||0|0|20.6|58|0|0|133|185|0|0|1,775|22|03:42:13|Garmin fēnix 3|https://www.strava.com/activities/2468106524
6/20/2019|123.13|03:50:34|946|0|0|0|0||0|0|32|77.8|87|122|129|156|0|0||13|05:05:39|Pioneer SGX-CA600|https://www.strava.com/activities/2465617252
6/18/2019|129.27|03:56:51|1273|0|0|0|0||0|0|32.7|73.4|92|121|135|174|0|0||22|04:51:29|Pioneer SGX-CA600|https://www.strava.com/activities/2460055023
6/17/2019|122.47|03:53:29|1343|0|0|0|0||0|0|31.5|77|92|128|137|171|0|0||21|03:55:49|Pioneer SGX-CA600|https://www.strava.com/activities/2457222865
6/16/2019|78.79|02:23:41|608|0|0|0|0||0|0|32.9|65.5|92|122|133|162|0|0||15|02:25:43|Pioneer SGX-CA600|https://www.strava.com/activities/2454248736
6/14/2019|117.08|03:43:52|936|0|0|0|0||0|0|31.4|76|90|147|119|176|0|0||18|04:35:28|Pioneer SGX-CA600|https://www.strava.com/activities/2449045570
6/13/2019|127.01|04:05:32|1318|0|0|0|0||0|0|31|66.2|92|134|130|163|0|0||14|04:38:27|Pioneer SGX-CA600|https://www.strava.com/activities/2446599242
6/12/2019|42.87|01:16:47|710|0|0|0|0||0|0|33.5|75.2|93|136|0|0|0|0|1,007||01:32:53|Zwift|https://www.strava.com/activities/2443736345
6/11/2019|69.12|02:20:02|363|0|0|0|0||0|0|29.6|56.2|91|145|0|0|0|0||13|03:12:15|Pioneer SGX-CA600|https://www.strava.com/activities/2441158223
6/9/2019|48.04|00:54:20|61|0|0|0|0||0|0|53.1|70.6|100|123|0|0|0|0||16|00:54:20|Pioneer SGX-CA600|https://www.strava.com/activities/2436841058
6/9/2019|0.05|00:10:36|2|0|0|0|0||0|0|0.3|1.4|96|113|0|0|0|0||18|00:16:26|Pioneer SGX-CA600|https://www.strava.com/activities/2436843389
6/9/2019|26.69|00:51:05|107|0|0|0|0||0|0|31.3|50.4|94|127|0|0|0|0||16|01:48:21|Pioneer SGX-CA600|https://www.strava.com/activities/2436847499
6/8/2019|93.9|01:57:57|222|0|0|0|0||0|0|47.8|66.2|99|128|153|182|0|0||12|01:57:57|Pioneer SGX-CA600|https://www.strava.com/activities/2433585937
6/8/2019|25.55|00:48:01|144|0|0|0|0||0|0|31.9|56.9|98|154|0|0|0|0||10|00:49:00|Pioneer SGX-CA600|https://www.strava.com/activities/2432409650
6/7/2019|66.58|02:09:06|396|0|0|0|0||0|0|30.9|60.5|95|123|0|0|0|0||14|02:11:04|Pioneer SGX-CA600|https://www.strava.com/activities/2430395290
6/6/2019|56.94|02:00:12|286|0|0|0|0||0|0|28.4|50.4|91|119|0|0|0|0||12|02:48:04|Pioneer SGX-CA600|https://www.strava.com/activities/2427858336
6/4/2019|16.8|00:38:54|21|0|0|0|0||0|0|25.9|36.7|90|107|0|0|0|0||19|00:51:19|Pioneer SGX-CA600|https://www.strava.com/activities/2422367786
6/4/2019|21.1|00:47:51|24|0|0|0|0||0|0|26.5|36.7|93|112|0|0|0|0||19|00:47:51|Pioneer SGX-CA600|https://www.strava.com/activities/2422367714
6/2/2019|16.39|00:25:34|235|0|0|0|0||0|0|38.5|65.5|89|123|0|0|0|0||26|01:04:35|Pioneer SGX-CA600|https://www.strava.com/activities/2417547826
6/2/2019|25.8|00:52:39|146|0|0|0|0||0|0|29.4|49.7|89|124|0|0|0|0||24|01:11:55|Pioneer SGX-CA600|https://www.strava.com/activities/2416595888
6/1/2019|200.5|06:21:41|6113|0|0|0|0||0|0|31.5|83.5|88|144|0|0|0|0||21|06:23:07|Pioneer SGX-CA600|https://www.strava.com/activities/2414968804
7/31/2019|70.09|01:42:30|15|0|0|0|0||0|0|41|64.8|95|141|152|175|0|0||17|01:43:25|Pioneer SGX-CA600|https://www.strava.com/activities/2579452240
7/31/2019|76.6|02:33:59|213|0|0|0|0||0|0|29.9|55.4|92|118|112|141|0|0||15|02:39:47|Pioneer SGX-CA600|https://www.strava.com/activities/2578033537
7/30/2019|112.45|03:31:57|847|0|0|0|0||0|0|31.8|60.5|92|135|141|178|0|0||22|03:41:53|Pioneer SGX-CA600|https://www.strava.com/activities/2575292747
7/29/2019|35.74|01:07:08|65|0|0|0|0||0|0|31.9|43.2|99|123|0|0|0|0||20|01:07:08|Pioneer SGX-CA600|https://www.strava.com/activities/2572193472
7/28/2019|101.47|03:08:16|270|0|0|0|0||0|0|32.3|61.9|95|122|0|0|0|0||21|03:13:11|Pioneer SGX-CA600|https://www.strava.com/activities/2569724569
7/28/2019|101.47|03:08:16|270|0|0|0|0||0|0|32.3|61.9|95|122|0|0|0|0||21|03:13:11|Pioneer SGX-CA600|https://www.strava.com/activities/2566708652
7/25/2019|124.07|04:05:53|1359|0|0|0|0||0|0|30.3|67|90|127|0|0|0|0||22|04:08:38|Pioneer SGX-CA600|https://www.strava.com/activities/2561508152
7/24/2019|124.29|03:57:35|1123|0|0|0|0||0|0|31.4|73.4|91|125|0|0|0|0||28|04:20:06|Pioneer SGX-CA600|https://www.strava.com/activities/2558911783
7/22/2019|151.05|04:48:22|1684|0|0|0|0||0|0|31.4|70.6|90|120|0|0|0|0||22|05:16:43|Pioneer SGX-CA600|https://www.strava.com/activities/2553454448
7/21/2019|161.38|04:52:56|1161|0|0|0|0||0|0|33.1|59.8|91|133|127|165|0|0||17|05:34:42|Pioneer SGX-CA600|https://www.strava.com/activities/2550846820
7/19/2019|137.82|04:23:57|1437|0|0|0|0||0|0|31.3|67|90|135|136|172|0|0||18|04:26:49|Pioneer SGX-CA600|https://www.strava.com/activities/2545138771
7/18/2019|53.82|01:57:58|124|0|0|0|0||0|0|27.4|48.2|91|117|124|148|0|0||20|02:25:04|Pioneer SGX-CA600|https://www.strava.com/activities/2542726559
7/17/2019|164.41|05:13:12|2133|0|0|0|0||0|0|31.5|65.5|88|152|138|178|0|0||17|05:32:35|Pioneer SGX-CA600|https://www.strava.com/activities/2539836459
7/16/2019|114.34|03:36:16|896|0|0|0|0||0|0|31.7|64.8|90|129|133|179|0|0||11|04:24:08|Pioneer SGX-CA600|https://www.strava.com/activities/2536762550
7/14/2019|172.6|05:37:43|1795|0|0|0|0||0|0|30.7|64.8|89|124|132|166|0|0||10|06:19:15|Pioneer SGX-CA600|https://www.strava.com/activities/2531468109
7/13/2019|148.66|04:41:17|1973|0|0|0|0||0|0|31.7|73.4|89|127|138|177|0|0||15|04:46:10|Pioneer SGX-CA600|https://www.strava.com/activities/2528287554
7/12/2019|117.44|03:46:29|1166|0|0|0|0||0|0|31.1|68.4|93|128|135|178|0|0||19|04:04:21|Pioneer SGX-CA600|https://www.strava.com/activities/2525523807
7/11/2019|34.76|01:12:49|105|0|0|0|0||0|0|28.6|42.5|85|120|0|0|0|0||15|01:51:38|Pioneer SGX-CA600|https://www.strava.com/activities/2522657465
7/10/2019|188.72|05:46:40|343|0|0|0|0||0|0|32.7|52.6|89|118|137|161|0|0||16|06:24:58|Pioneer SGX-CA600|https://www.strava.com/activities/2520442529
7/9/2019|121.93|03:39:10|658|0|0|0|0||0|0|33.4|64.1|89|127|140|180|0|0||16|04:24:37|Pioneer SGX-CA600|https://www.strava.com/activities/2517727260
7/7/2019|134.58|04:09:44|664|0|0|0|0||0|0|32.3|52.6|95|123|131|157|0|0||11|04:11:31|Pioneer SGX-CA600|https://www.strava.com/activities/2511692938
7/6/2019|117.39|03:28:41|728|0|0|0|0||0|0|33.8|69.8|95|163|143|177|0|0||10|03:30:11|Pioneer SGX-CA600|https://www.strava.com/activities/2508552408
7/5/2019|121.41|03:34:50|681|0|0|0|0||0|0|33.9|57.6|93|133|149|180|0|0||11|03:38:21|Pioneer SGX-CA600|https://www.strava.com/activities/2505933995
8/31/2019|194.07|04:42:26|1759|0|0|0|0||0|0|41.2|87.1|91|136|133|186|0|0||33|04:43:14|Pioneer SGX-CA600|https://www.strava.com/activities/2667923094
8/30/2019|205.11|04:36:26|2205|0|0|0|0||0|0|44.5|83.5|95|165|151|187|0|0||26|04:36:26|Pioneer SGX-CA600|https://www.strava.com/activities/2664702505
8/29/2019|171.48|04:00:52|1337|0|0|0|0||0|0|42.7|88.6|93|140|130|189|0|0||27|04:00:52|Pioneer SGX-CA600|https://www.strava.com/activities/2662042181
8/28/2019|34.14|01:00:45|124|0|0|0|0||0|0|33.7|53.3|89|124|112|141|0|0||33|01:02:45|Pioneer SGX-CA600|https://www.strava.com/activities/2658899732
8/27/2019|71.73|02:18:15|433|0|0|0|0||0|0|31.1|58.3|96|127|127|162|0|0||26|02:20:38|Pioneer SGX-CA600|https://www.strava.com/activities/2655392630
8/26/2019|33.13|01:13:19|188|0|0|0|0||0|0|27.1|49|91|122|0|0|0|0||25|02:05:01|Pioneer SGX-CA600|https://www.strava.com/activities/2652563519
8/25/2019|215.48|04:52:37|1230|0|0|0|0||0|0|44.2|81.4|94|140|141|192|0|0||30|05:30:45|Pioneer SGX-CA600|https://www.strava.com/activities/2650694657
8/24/2019|34.54|01:03:06|36|0|0|0|0||0|0|32.8|57.6|0|0|0|0|0|0||31|01:58:12|Pioneer SGX-CA600|https://www.strava.com/activities/2647410564
8/23/2019|40.61|01:23:59|202|0|0|0|0||0|0|29|59.8|95|127|0|0|0|0||22|01:27:57|Pioneer SGX-CA600|https://www.strava.com/activities/2643590221
8/22/2019|113.49|03:30:05|540|0|0|0|0||0|0|32.4|62.6|93|146|134|177|0|0||21|03:32:46|Pioneer SGX-CA600|https://www.strava.com/activities/2640997882
8/21/2019|77.13|02:28:12|465|0|0|0|0||0|0|31.2|60.5|90|127|125|158|0|0||20|02:30:26|Pioneer SGX-CA600|https://www.strava.com/activities/2637920812
8/19/2019|30.11|01:14:29|228|0|0|0|0||0|0|24.3|53.3|94|140|0|0|0|0||20|01:55:26|Pioneer SGX-CA600|https://www.strava.com/activities/2632078465
8/18/2019|178.59|04:19:17|1728|0|0|0|0||0|0|41.3|77.8|92|132|149|185|0|0||18|04:19:17|Pioneer SGX-CA600|https://www.strava.com/activities/2630043497
8/17/2019|0.14|00:17:37|2|0|0|0|0||0|0|0.5|1.8|93|110|100|113|0|0||20|00:20:01|Pioneer SGX-CA600|https://www.strava.com/activities/2626588787
8/17/2019|8.19|00:10:26|0|0|0|0|0||0|0|47.1|57.6|95|122|0|0|0|0||20|00:10:26|Pioneer SGX-CA600|https://www.strava.com/activities/2626584916
8/17/2019|0|00:00:00|2|0|0|0|0||0|0|3.6|0.7|88|124|140|157|0|0||20|00:24:28|Pioneer SGX-CA600|https://www.strava.com/activities/2626591833
8/17/2019|17.82|00:32:51|4|0|0|0|0||0|0|32.6|46.8|88|108|146|151|0|0||19|00:58:53|Pioneer SGX-CA600|https://www.strava.com/activities/2626586767
8/16/2019|195.78|04:07:47|314|0|0|0|0||0|0|47.4|78.5|95|134|139|179|0|0||22|04:08:28|Pioneer SGX-CA600|https://www.strava.com/activities/2624062873
8/15/2019|96.65|02:37:18|1730|0|0|0|0||0|0|36.9|82.1|91|135|144|182|0|0||17|02:37:18|Pioneer SGX-CA600|https://www.strava.com/activities/2621407563
8/14/2019|170.75|03:55:31|341|0|0|0|0||0|0|43.5|72.7|93|138|136|181|0|0||20|03:55:31|Pioneer SGX-CA600|https://www.strava.com/activities/2618529121
8/13/2019|175.51|04:05:26|317|0|0|0|0||0|0|42.9|72.7|95|141|140|180|0|0||19|04:05:26|Pioneer SGX-CA600|https://www.strava.com/activities/2615524867
8/12/2019|170.14|03:49:11|156|0|0|0|0||0|0|44.5|63.4|95|142|139|179|0|0||18|03:54:38|Pioneer SGX-CA600|https://www.strava.com/activities/2612700376
8/11/2019|45.11|01:25:21|317|0|0|0|0||0|0|31.7|59.8|94|128|132|176|0|0||19|01:31:04|Pioneer SGX-CA600|https://www.strava.com/activities/2608959607
8/10/2019|58.68|02:00:15|344|0|0|0|0||0|0|29.3|60.5|97|130|125|155|0|0||19|02:02:38|Pioneer SGX-CA600|https://www.strava.com/activities/2606283444
8/8/2019|144.13|04:41:58|1150|0|0|0|0||0|0|30.7|58.3|92|131|132|170|0|0||22|05:11:51|Pioneer SGX-CA600|https://www.strava.com/activities/2601462351
8/7/2019|114.19|03:50:14|1147|0|0|0|0||0|0|29.8|62.6|90|175|129|174|0|0||23|04:18:00|Pioneer SGX-CA600|https://www.strava.com/activities/2598736456
8/6/2019|93.47|02:49:55|340|0|0|0|0||0|0|33|61.2|89|127|131|169|0|0||22|02:53:34|Pioneer SGX-CA600|https://www.strava.com/activities/2595450626
8/5/2019|44.78|01:27:46|186|0|0|0|0||0|0|30.6|54.7|94|118|116|141|0|0||22|01:29:06|Pioneer SGX-CA600|https://www.strava.com/activities/2592463318
8/4/2019|33.07|01:05:14|130|0|0|0|0||0|0|30.4|47.5|95|119|0|0|0|0||23|01:11:45|Pioneer SGX-CA600|https://www.strava.com/activities/2590613809
8/3/2019|198.77|05:25:28|3335|0|0|0|0||0|0|36.6|87.1|90|144|145|186|0|0||29|05:26:50|Pioneer SGX-CA600|https://www.strava.com/activities/2587162023
8/2/2019|27.09|01:02:13|527|0|0|0|0||0|0|26.1|56.9|84|130|119|177|0|0||20|01:07:26|Pioneer SGX-CA600|https://www.strava.com/activities/2584311223
8/1/2019|29.9|01:08:22|129|0|0|0|0||0|0|26.2|49|91|121|0|0|0|0||18|02:03:41|Pioneer SGX-CA600|https://www.strava.com/activities/2581180550
9/30/2019|126.61|04:15:32|644|0|0|0|0||0|0|29.7|54.7|91|120|127|157|0|0||12|04:19:45|Pioneer SGX-CA600|https://www.strava.com/activities/2751772468
9/29/2019|0|00:00:00|17|0|0|0|0||0|0|3.2|1.4|90|132|144|149|0|0||19|02:37:32|Pioneer SGX-CA600|https://www.strava.com/activities/2748996572
9/28/2019|26.26|01:24:16|419|0|0|0|0||0|0|18.7|52.9|0|0|129|165|0|0||18|01:32:05|Pioneer SGX-CA600|https://www.strava.com/activities/2745651457
9/27/2019|161.9|05:14:56|437|0|0|0|0||0|0|30.8|56.9|92|130|138|165|0|0||17|05:22:18|Pioneer SGX-CA600|https://www.strava.com/activities/2743851832
9/25/2019|39.84|01:56:58|558|0|0|0|0||0|0|20.4|118.4|0|0|125|157|0|0||18|02:09:32|Pioneer SGX-CA600|https://www.strava.com/activities/2738291869
9/23/2019|30.34|01:23:02|410|0|0|0|0||0|0|21.9|55.1|0|0|0|0|0|0|||01:23:34||https://www.strava.com/activities/2732946807
9/22/2019|195.09|04:25:42|1705|0|0|0|0||0|0|44.1|79.2|93|140|142|184|0|0||26|04:25:42|Pioneer SGX-CA600|https://www.strava.com/activities/2731098764
9/21/2019|201.7|04:47:29|1649|0|0|0|0||0|0|42.1|77|94|147|151|190|0|0||26|04:49:31|Pioneer SGX-CA600|https://www.strava.com/activities/2728043192
9/20/2019|40.27|01:19:54|338|0|0|0|0||0|0|30.2|54|95|125|131|168|0|0||12|01:21:32|Pioneer SGX-CA600|https://www.strava.com/activities/2724437121
9/19/2019|56.42|01:55:02|176|0|0|0|0||0|0|29.4|41.8|95|129|119|153|0|0||15|02:03:32|Pioneer SGX-CA600|https://www.strava.com/activities/2721837038
9/18/2019|34.67|01:42:45|538|0|0|0|0||0|0|20.2|59.8|0|0|129|159|0|0||24|01:46:34|Pioneer SGX-CA600|https://www.strava.com/activities/2719011762
9/15/2019|220.55|06:13:03|4214|0|0|0|0||0|0|35.5|80.6|90|150|141|186|0|0||17|06:14:35|Pioneer SGX-CA600|https://www.strava.com/activities/2712366433
9/14/2019|24.15|01:04:57|474|0|0|0|0||0|0|22.3|54.7|82|141|0|0|0|0||24|01:11:53|Pioneer SGX-CA600|https://www.strava.com/activities/2712348249
9/13/2019|198.36|05:13:20|2606|0|0|0|0||0|0|38|81.4|94|149|143|190|0|0||19|05:13:52|Pioneer SGX-CA600|https://www.strava.com/activities/2705842073
9/12/2019|30.39|01:06:57|356|0|0|0|0||0|0|27.2|56.9|87|151|111|173|0|0||20|01:53:15|Pioneer SGX-CA600|https://www.strava.com/activities/2705828044
9/11/2019|78.29|02:36:07|573|0|0|0|0||0|0|30.1|74.9|0|0|0|0|0|0|||02:50:40||https://www.strava.com/activities/2699638340
9/9/2019|37.83|01:16:54|154|0|0|0|0||0|0|29.5|46.1|96|121|115|133|0|0||15|01:17:47|Pioneer SGX-CA600|https://www.strava.com/activities/2692926587
9/8/2019|170.44|05:40:01|314|0|0|0|0||0|0|30.1|57.6|92|175|126|154|0|0||15|05:57:16|Pioneer SGX-CA600|https://www.strava.com/activities/2690995924
9/7/2019|123.47|04:07:05|786|0|0|0|0||0|0|30|58.3|94|134|130|176|0|0||15|04:09:50|Pioneer SGX-CA600|https://www.strava.com/activities/2687095633
9/6/2019|82.01|02:49:48|692|0|0|0|0||0|0|29|59|91|123|132|176|0|0||12|02:55:14|Pioneer SGX-CA600|https://www.strava.com/activities/2684239498
9/5/2019|88.31|02:50:27|127|0|0|0|0||0|0|31.1|51.1|95|119|0|0|0|0||15|02:58:18|Pioneer SGX-CA600|https://www.strava.com/activities/2681631465
9/4/2019|67.52|02:21:07|458|0|0|0|0||0|0|28.7|61.2|94|156|116|162|0|0||16|02:24:26|Pioneer SGX-CA600|https://www.strava.com/activities/2678622250
9/2/2019|28.38|01:05:17|85|0|0|0|0||0|0|26.1|43.9|89|126|0|0|0|0||19|01:42:39|Pioneer SGX-CA600|https://www.strava.com/activities/2672892104
9/1/2019|159.99|03:56:27|2188|0|0|0|0||0|0|40.6|95.8|91|140|143|179|0|0||22|03:56:27|Pioneer SGX-CA600|https://www.strava.com/activities/2670646738
10/27/2019|59.65|01:23:05|515|0|0|0|0||0|0|43.1|91.8|0|0|0|0|0|0|2,095|24|01:23:05|Garmin fēnix 3|https://www.strava.com/activities/2819941275
10/10/2019|30.38|01:30:33|462|0|0|0|0||0|0|20.1|43.2|0|0|130|165|0|0||15|01:42:16|Pioneer SGX-CA600|https://www.strava.com/activities/2777303908
10/8/2019|200.93|04:43:06|1869|0|0|0|0||0|0|42.6|79.2|92|135|141|181|0|0||12|04:43:06|Pioneer SGX-CA600|https://www.strava.com/activities/2772730642
10/7/2019|43.02|01:24:37|230|0|0|0|0||0|0|30.5|48.2|90|120|0|0|0|0||10|02:22:28|Pioneer SGX-CA600|https://www.strava.com/activities/2769774454
10/6/2019|157.31|03:57:38|2122|0|0|0|0||0|0|39.7|82.8|91|151|155|186|0|0||10|03:57:38|Pioneer SGX-CA600|https://www.strava.com/activities/2767777705
10/5/2019|42.42|01:24:23|247|0|0|0|0||0|0|30.2|58.3|91|132|135|175|0|0||9|01:33:01|Pioneer SGX-CA600|https://www.strava.com/activities/2763922903
10/3/2019|193.1|04:29:13|1149|0|0|0|0||0|0|43|77.8|94|143|143|184|0|0||11|04:29:48|Pioneer SGX-CA600|https://www.strava.com/activities/2759834298
10/2/2019|39.48|01:21:55|206|0|0|0|0||0|0|28.9|51.1|93|154|125|162|0|0||10|01:28:36|Pioneer SGX-CA600|https://www.strava.com/activities/2756591729
11/30/2019|127.4|04:24:43|666|0|0|0|0||0|0|28.9|58.3|95|161|137|179|0|0||3|04:32:46|Pioneer SGX-CA600|https://www.strava.com/activities/2901594606
11/29/2019|63.78|02:45:07|507|0|0|0|0||0|0|23.2|54.7|0|0|146|170|0|0||5|02:56:47|Pioneer SGX-CA600|https://www.strava.com/activities/2899294888
11/27/2019|123.87|04:03:00|472|0|0|0|0||0|0|30.6|56.9|94|166|135|177|0|0||10|04:10:03|Pioneer SGX-CA600|https://www.strava.com/activities/2894968701
11/26/2019|85.5|02:45:39|181|0|0|0|0||0|0|31|51.8|96|126|133|162|0|0||8|03:00:17|Pioneer SGX-CA600|https://www.strava.com/activities/2892980823
11/25/2019|121.49|04:00:41|612|0|0|0|0||0|0|30.3|59|96|141|140|179|0|0||7|05:43:27|Pioneer SGX-CA600|https://www.strava.com/activities/2890489762
11/22/2019|57.08|01:57:48|194|0|0|0|0||0|0|29.1|52.6|96|121|0|0|0|0||6|02:00:10|Pioneer SGX-CA600|https://www.strava.com/activities/2882795008
11/21/2019|99.32|03:11:38|387|0|0|0|0||0|0|31.1|54|96|127|137|179|0|0||3|03:13:29|Pioneer SGX-CA600|https://www.strava.com/activities/2881160055
11/20/2019|96.74|03:05:41|149|0|0|0|0||0|0|31.3|51.8|91|121|185|185|0|0||4|03:54:18|Pioneer SGX-CA600|https://www.strava.com/activities/2878763594
11/19/2019|36.98|01:46:24|339|0|0|0|0||0|0|20.9|53.3|0|0|121|170|0|0||4|02:08:27|Pioneer SGX-CA600|https://www.strava.com/activities/2876123413
11/17/2019|110.12|03:42:20|624|0|0|0|0||0|0|29.7|56.9|93|125|134|173|0|0||3|03:48:14|Pioneer SGX-CA600|https://www.strava.com/activities/2871443733
11/16/2019|45.32|02:30:46|744|0|0|0|0||0|0|18|59|0|0|148|174|0|0||4|02:34:15|Pioneer SGX-CA600|https://www.strava.com/activities/2869211280
11/15/2019|67.04|02:11:05|315|0|0|0|0||0|0|30.7|54|95|130|135|159|0|0||5|02:12:57|Pioneer SGX-CA600|https://www.strava.com/activities/2866663796
11/13/2019|91.71|03:08:22|526|0|0|0|0||0|0|29.2|52.6|91|122|137|174|0|0||15|03:13:55|Pioneer SGX-CA600|https://www.strava.com/activities/2861795620
11/12/2019|59.25|01:59:12|196|0|0|0|0||0|0|29.8|50.4|93|140|137|167|0|0||14|02:01:30|Pioneer SGX-CA600|https://www.strava.com/activities/2859660815
11/12/2019|8.17|00:54:13|287|0|0|0|0||0|0|9|32.8|0|0|114|150|0|0|715|20|01:49:01|Garmin fēnix 3|https://www.strava.com/activities/2930644902
11/10/2019|46.39|02:15:06|634|0|0|0|0||0|0|20.6|45.4|0|0|0|0|0|0||14|02:26:39|Pioneer SGX-CA600|https://www.strava.com/activities/2854707106
11/9/2019|45.47|01:58:33|433|0|0|0|0||0|0|23|52.6|0|0|144|182|0|0||15|02:01:23|Pioneer SGX-CA600|https://www.strava.com/activities/2852477030
11/8/2019|50.01|02:26:28|695|0|0|0|0||0|0|20.5|51.1|0|0|144|176|0|0||14|02:32:32|Pioneer SGX-CA600|https://www.strava.com/activities/2849602947
11/7/2019|46.8|01:33:35|247|0|0|0|0||0|0|30|57.6|0|0|145|173|0|0||15|01:33:35|Pioneer SGX-CA600|https://www.strava.com/activities/2848004027
11/4/2019|7.72|01:30:20|0|0|0|0|0||0|0|0|0|0|0|0|0|0|0|||00:00:00|Garmin fēnix 3|https://www.strava.com/activities/2930644518
12/30/2019|172.11|05:30:20|741|0|0|0|0||0|0|31.3|50.4|96|174|134|166|0|0|4,329|4|05:53:37|Garmin Edge 830|https://www.strava.com/activities/2967941887
12/29/2019|163.68|05:30:00|305|0|0|0|0||0|0|29.8|46.8|94|141|132|157|0|0|4,446|0|05:51:37|Garmin Edge 830|https://www.strava.com/activities/2965548550
12/28/2019|145.56|04:56:28|1014|0|0|0|0||0|0|29.5|55.8|92|169|141|171|0|0|4,432|0|05:25:10|Garmin Edge 830|https://www.strava.com/activities/2962497896
12/26/2019|88.77|03:50:13|640|0|0|0|0||0|0|23.1|51.8|0|0|143|170|0|0|2,616|4|03:53:01|Garmin Edge 830|https://www.strava.com/activities/2957417916
12/25/2019|121.36|04:02:22|718|0|0|0|0||0|0|30|56.5|96|124|134|171|0|0|3,273|6|04:07:17|Garmin Edge 830|https://www.strava.com/activities/2955552363
12/24/2019|66.99|01:56:53|1087|0|0|0|0||0|0|34.4|75.2|93|119|141|181|0|0|1,542||01:56:53|Zwift|https://www.strava.com/activities/2953151679
12/22/2019|45.19|02:10:39|535|0|0|0|0||0|0|20.8|43.9|0|0|144|177|0|0|1,599|14|02:17:43|Garmin Edge 830|https://www.strava.com/activities/2948796041
12/21/2019|99.82|03:17:13|667|0|0|0|0||0|0|30.4|53.3|99|174|134|155|0|0|2,618|5|03:20:39|Garmin Edge 830|https://www.strava.com/activities/2946601270
12/19/2019|69.64|02:15:23|570|0|0|0|0||0|0|30.9|59|93|127|113|142|0|0|1,369|14|02:20:10|Garmin Edge 830|https://www.strava.com/activities/2942805048
12/18/2019|185.08|05:58:42|2774|0|0|0|0||0|0|31|72|91|139|128|175|0|0|4,356|13|06:57:21|Garmin Edge 830|https://www.strava.com/activities/2941149062
12/17/2019|141.62|04:46:47|2177|0|0|0|0||0|0|29.6|65.9|91|137|127|185|0|0|3,380|14|05:26:55|Garmin Edge 830|https://www.strava.com/activities/2938859668
12/16/2019|140.23|04:28:35|1741|0|0|0|0||0|0|31.3|70.6|93|155|120|173|0|0|3,021|13|04:36:25|Garmin Edge 830|https://www.strava.com/activities/2936804604
12/15/2019|29.83|01:07:36|298|0|0|0|0||0|0|26.5|60.1|89|121|109|139|0|0|669|15|02:49:45|Garmin Edge 830|https://www.strava.com/activities/2934367258
12/14/2019|161.1|05:07:35|2167|0|0|0|0||0|0|31.4|68.4|92|138|134|170|0|0||13|05:53:12|Pioneer SGX-CA600|https://www.strava.com/activities/2932345437
12/13/2019|130.04|04:10:41|1671|0|0|0|0||0|0|31.1|76.3|94|136|129|182|0|0||13|04:19:34|Pioneer SGX-CA600|https://www.strava.com/activities/2930112598
12/12/2019|125.53|03:50:08|1368|0|0|0|0||0|0|32.7|62.6|97|151|130|166|0|0||10|03:56:03|Pioneer SGX-CA600|https://www.strava.com/activities/2928179260
12/11/2019|46|01:30:15|527|0|0|0|0||0|0|30.6|64.8|94|136|117|149|0|0||11|01:50:25|Pioneer SGX-CA600|https://www.strava.com/activities/2926268374
12/10/2019|0.14|00:01:45|9|0|0|0|0||0|0|4.9|7.9|90|140|143|188|0|0||22|01:12:08|Pioneer SGX-CA600|https://www.strava.com/activities/2926265788
12/9/2019|79.2|02:38:44|239|0|0|0|0||0|0|29.9|56.2|94|159|130|160|0|0||6|02:40:14|Pioneer SGX-CA600|https://www.strava.com/activities/2921542664
12/7/2019|87|04:08:36|1445|0|0|0|0||0|0|21|63.4|0|0|142|185|0|0||5|05:28:02|Pioneer SGX-CA600|https://www.strava.com/activities/2917256060
12/6/2019|64.99|01:55:59|766|0|0|0|0||0|0|33.6|79.6|92|118|0|0|0|0|1,554||01:58:48|Zwift|https://www.strava.com/activities/2914588572
12/4/2019|80.76|03:37:16|468|0|0|0|0||0|0|22.3|64.8|0|0|139|171|0|0||2|03:41:37|Pioneer SGX-CA600|https://www.strava.com/activities/2910627362
12/3/2019|130.31|04:25:20|483|0|0|0|0||0|0|29.5|51.1|95|122|133|165|0|0||5|04:54:50|Pioneer SGX-CA600|https://www.strava.com/activities/2908317390
12/2/2019|90.06|02:57:41|302|0|0|0|0||0|0|30.4|54|96|124|137|178|0|0||5|03:01:29|Pioneer SGX-CA600|https://www.strava.com/activities/2906134902
1/30/2020|45.88|01:36:20|232|0|0|0|0||0|0|28.6|44.6|95|119|118|137|0|0|1,181|7|01:45:23|Garmin Edge 830|https://www.strava.com/activities/3056093459
1/29/2020|141.83|04:41:31|558|0|0|0|0||0|0|30.2|53.6|93|122|122|122|0|0|3,891|5|04:48:15|Garmin Edge 830|https://www.strava.com/activities/3053705032
1/28/2020|40.27|01:35:13|1276|0|0|0|0||0|0|25.4|79.9|88|115|148|180|0|0|1,313||01:36:21|Zwift|https://www.strava.com/activities/3050553147
1/28/2020|63.78|02:10:35|295|0|0|0|0||0|0|29.3|47.5|94|122|123|156|0|0|1,765|3|02:13:25|Garmin Edge 830|https://www.strava.com/activities/3050280866
1/27/2020|109.09|03:34:28|612|0|0|0|0||0|0|30.5|55.4|97|133|129|167|0|0|2,835|6|03:40:47|Garmin Edge 830|https://www.strava.com/activities/3047767151
1/26/2020|63.03|02:04:01|274|0|0|0|0||0|0|30.5|44.6|98|123|132|152|0|0|1,648|3|02:05:21|Garmin Edge 830|https://www.strava.com/activities/3044573996
1/25/2020|34.82|01:07:40|515|0|0|0|0||0|0|30.9|70.6|93|118|124|146|0|0|712||01:07:40|Zwift|https://www.strava.com/activities/3041027569
1/22/2020|177.3|05:42:32|2782|0|0|0|0||0|0|31.1|80.3|94|134|131|186|0|0|4,328|11|06:45:14|Garmin Edge 830|https://www.strava.com/activities/3033765418
1/21/2020|85.3|02:31:49|992|0|0|0|0||0|0|33.7|68.4|97|146|142|173|0|0|2,274|14|02:35:59|Garmin Edge 830|https://www.strava.com/activities/3030505131
1/21/2020|40|01:30:17|1169|0|0|0|0||0|0|26.6|79.2|0|0|143|166|0|0|1,284||01:30:17|Zwift|https://www.strava.com/activities/3030074598
1/19/2020|169.4|04:55:12|1112|0|0|0|0||0|0|34.4|65.2|94|139|125|154|0|0|3,985|10|05:11:25|Garmin Edge 830|https://www.strava.com/activities/3025031457
1/18/2020|159|04:51:42|2369|0|0|0|0||0|0|32.7|91.8|95|143|134|171|0|0|4,035|11|05:01:54|Garmin Edge 830|https://www.strava.com/activities/3021802732
1/17/2020|44.77|01:29:24|251|0|0|0|0||0|0|30.1|56.2|93|125|109|133|0|0|927|17|02:27:05|Garmin Edge 830|https://www.strava.com/activities/3018733727
1/16/2020|184.65|06:02:04|2947|0|0|0|0||0|0|30.6|73.8|89|139|127|168|0|0|4,441|14|06:43:15|Garmin Edge 830|https://www.strava.com/activities/3016566339
1/15/2020|172.95|05:18:16|2581|0|0|0|0||0|0|32.6|92.5|94|139|136|183|0|0|4,305|14|05:50:52|Garmin Edge 830|https://www.strava.com/activities/3013518311
1/14/2020|142.91|04:35:46|2024|0|0|0|0||0|0|31.1|87.1|94|145|130|171|0|0|3,575|13|04:42:16|Garmin Edge 830|https://www.strava.com/activities/3010455956
1/13/2020|21.36|00:44:07|149|0|0|0|0||0|0|29.1|55.8|0|0|128|146|0|0|459|20|00:58:07|Garmin fēnix 3|https://www.strava.com/activities/3007951481
1/12/2020|22.39|01:11:31|363|0|0|0|0||0|0|18.8|51.1|0|0|126|159|0|0|744|4|01:16:46|Garmin Edge 830|https://www.strava.com/activities/3003817907
1/11/2020|124.97|03:58:14|734|0|0|0|0||0|0|31.5|56.5|95|148|136|173|0|0|3,428|4|04:00:58|Garmin Edge 830|https://www.strava.com/activities/3001290748
1/10/2020|162.18|05:18:41|487|0|0|0|0||0|0|30.5|50.4|94|200|133|166|0|0|4,333|6|05:58:43|Garmin Edge 830|https://www.strava.com/activities/2998610902
1/9/2020|103.25|03:21:13|568|0|0|0|0||0|0|30.8|55.4|94|123|132|158|0|0|2,765|9|03:24:20|Garmin Edge 830|https://www.strava.com/activities/2995519152
1/7/2020|56.21|02:39:57|897|0|0|0|0||0|0|21.1|61.2|0|0|0|0|0|0|1,809|4|02:40:14|Garmin Edge 830|https://www.strava.com/activities/2989623165
1/6/2020|60.81|02:02:39|414|0|0|0|0||0|0|29.7|51.5|97|128|131|152|0|0|1,638|4|02:02:39|Garmin Edge 830|https://www.strava.com/activities/2987053186
1/5/2020|36.81|01:16:02|127|0|0|0|0||0|0|29.1|43.2|95|118|136|153|0|0|905|5|01:16:44|Garmin Edge 830|https://www.strava.com/activities/2983680718
1/2/2020|150.92|05:07:27|888|0|0|0|0||0|0|29.5|56.2|96|140|134|158|0|0|4,236|0|05:12:24|Garmin Edge 830|https://www.strava.com/activities/2975544434
1/1/2020|58.31|02:57:26|1063|0|0|0|0||0|0|19.7|53.3|0|0|135|185|0|0|1,839|0|03:03:53|Garmin Edge 830|https://www.strava.com/activities/2972731556
1/30/2020|45.88|01:36:20|232|0|0|0|0||0|0|28.6|44.6|95|119|118|137|0|0|1,181|7|01:45:23|Garmin Edge 830|https://www.strava.com/activities/3056093459
1/29/2020|141.83|04:41:31|558|0|0|0|0||0|0|30.2|53.6|93|122|122|122|0|0|3,891|5|04:48:15|Garmin Edge 830|https://www.strava.com/activities/3053705032
1/28/2020|40.27|01:35:13|1276|0|0|0|0||0|0|25.4|79.9|88|115|148|180|0|0|1,313||01:36:21|Zwift|https://www.strava.com/activities/3050553147
1/28/2020|63.78|02:10:35|295|0|0|0|0||0|0|29.3|47.5|94|122|123|156|0|0|1,765|3|02:13:25|Garmin Edge 830|https://www.strava.com/activities/3050280866
1/27/2020|109.09|03:34:28|612|0|0|0|0||0|0|30.5|55.4|97|133|129|167|0|0|2,835|6|03:40:47|Garmin Edge 830|https://www.strava.com/activities/3047767151
1/26/2020|63.03|02:04:01|274|0|0|0|0||0|0|30.5|44.6|98|123|132|152|0|0|1,648|3|02:05:21|Garmin Edge 830|https://www.strava.com/activities/3044573996
1/25/2020|34.82|01:07:40|515|0|0|0|0||0|0|30.9|70.6|93|118|124|146|0|0|712||01:07:40|Zwift|https://www.strava.com/activities/3041027569
1/22/2020|177.3|05:42:32|2782|0|0|0|0||0|0|31.1|80.3|94|134|131|186|0|0|4,328|11|06:45:14|Garmin Edge 830|https://www.strava.com/activities/3033765418
1/21/2020|85.3|02:31:49|992|0|0|0|0||0|0|33.7|68.4|97|146|142|173|0|0|2,274|14|02:35:59|Garmin Edge 830|https://www.strava.com/activities/3030505131
1/21/2020|40|01:30:17|1169|0|0|0|0||0|0|26.6|79.2|0|0|143|166|0|0|1,284||01:30:17|Zwift|https://www.strava.com/activities/3030074598
1/19/2020|169.4|04:55:12|1112|0|0|0|0||0|0|34.4|65.2|94|139|125|154|0|0|3,985|10|05:11:25|Garmin Edge 830|https://www.strava.com/activities/3025031457
1/18/2020|159|04:51:42|2369|0|0|0|0||0|0|32.7|91.8|95|143|134|171|0|0|4,035|11|05:01:54|Garmin Edge 830|https://www.strava.com/activities/3021802732
1/17/2020|44.77|01:29:24|251|0|0|0|0||0|0|30.1|56.2|93|125|109|133|0|0|927|17|02:27:05|Garmin Edge 830|https://www.strava.com/activities/3018733727
1/16/2020|184.65|06:02:04|2947|0|0|0|0||0|0|30.6|73.8|89|139|127|168|0|0|4,441|14|06:43:15|Garmin Edge 830|https://www.strava.com/activities/3016566339
1/15/2020|172.95|05:18:16|2581|0|0|0|0||0|0|32.6|92.5|94|139|136|183|0|0|4,305|14|05:50:52|Garmin Edge 830|https://www.strava.com/activities/3013518311
1/14/2020|142.91|04:35:46|2024|0|0|0|0||0|0|31.1|87.1|94|145|130|171|0|0|3,575|13|04:42:16|Garmin Edge 830|https://www.strava.com/activities/3010455956
1/13/2020|21.36|00:44:07|149|0|0|0|0||0|0|29.1|55.8|0|0|128|146|0|0|459|20|00:58:07|Garmin fēnix 3|https://www.strava.com/activities/3007951481
1/12/2020|22.39|01:11:31|363|0|0|0|0||0|0|18.8|51.1|0|0|126|159|0|0|744|4|01:16:46|Garmin Edge 830|https://www.strava.com/activities/3003817907
1/11/2020|124.97|03:58:14|734|0|0|0|0||0|0|31.5|56.5|95|148|136|173|0|0|3,428|4|04:00:58|Garmin Edge 830|https://www.strava.com/activities/3001290748
1/10/2020|162.18|05:18:41|487|0|0|0|0||0|0|30.5|50.4|94|200|133|166|0|0|4,333|6|05:58:43|Garmin Edge 830|https://www.strava.com/activities/2998610902
1/9/2020|103.25|03:21:13|568|0|0|0|0||0|0|30.8|55.4|94|123|132|158|0|0|2,765|9|03:24:20|Garmin Edge 830|https://www.strava.com/activities/2995519152
1/7/2020|56.21|02:39:57|897|0|0|0|0||0|0|21.1|61.2|0|0|0|0|0|0|1,809|4|02:40:14|Garmin Edge 830|https://www.strava.com/activities/2989623165
1/6/2020|60.81|02:02:39|414|0|0|0|0||0|0|29.7|51.5|97|128|131|152|0|0|1,638|4|02:02:39|Garmin Edge 830|https://www.strava.com/activities/2987053186
1/5/2020|36.81|01:16:02|127|0|0|0|0||0|0|29.1|43.2|95|118|136|153|0|0|905|5|01:16:44|Garmin Edge 830|https://www.strava.com/activities/2983680718
1/2/2020|150.92|05:07:27|888|0|0|0|0||0|0|29.5|56.2|96|140|134|158|0|0|4,236|0|05:12:24|Garmin Edge 830|https://www.strava.com/activities/2975544434
1/1/2020|58.31|02:57:26|1063|0|0|0|0||0|0|19.7|53.3|0|0|135|185|0|0|1,839|0|03:03:53|Garmin Edge 830|https://www.strava.com/activities/2972731556
3/24/2020|105.16|03:12:40|476|0|260|2840|197|78%|0|0|32.7|52.9|96|121|0|0|246|730|2,828|9|03:14:20|Garmin Edge 830|https://www.strava.com/activities/3212738167
3/22/2020|113.03|03:34:58|432|0|250|3147|203|75%|0|0|31.5|48.6|95|123|136|162|244|654|3,146|7|03:36:22|Garmin Edge 830|https://www.strava.com/activities/3206650138
3/21/2020|100.77|03:05:37|430|0|254|2750|181|76%|0|0|32.6|53.6|95|132|136|171|247|1201|2,742|7|03:07:30|Garmin Edge 830|https://www.strava.com/activities/3203206370
3/19/2020|60.55|02:47:58|820|0|0|0|0||132|1328|21.6|57.2|0|0|136|171|0|0|1,941|8|02:54:20|Garmin Edge 830|https://www.strava.com/activities/3196800019
3/17/2020|100.08|03:02:48|448|0|257|2649|182|77%|0|0|32.9|72|94|159|130|173|242|759|2,644|11|03:04:27|Garmin Edge 830|https://www.strava.com/activities/3190857302
3/16/2020|100.53|03:06:43|301|0|238|2611|159|71%|0|0|32.3|49.3|96|121|133|161|233|1172|2,610|12|03:08:31|Garmin Edge 830|https://www.strava.com/activities/3188165053
3/15/2020|40.56|01:50:10|606|0|0|0|0||141|932|22.1|53.6|0|0|150|180|0|0|1,605|10|01:56:05|Garmin Edge 830|https://www.strava.com/activities/3186066819
3/13/2020|77.5|02:28:44|299|0|234|2028|123|70%|0|0|31.3|46.8|95|171|127|166|227|510|2,025|7|02:30:20|Garmin Edge 830|https://www.strava.com/activities/3179257439
3/11/2020|149.45|04:45:39|620|0|225|3815|225|68%|0|0|31.4|56.5|94|144|128|157|223|606|3,809|11|05:28:31|Garmin Edge 830|https://www.strava.com/activities/3174186394
3/10/2020|120.01|03:42:21|217|0|266|3323|238|80%|0|0|32.4|60.8|95|120|137|168|249|625|3,316|8|03:44:14|Garmin Edge 830|https://www.strava.com/activities/3170907278
3/9/2020|114.5|03:38:26|529|0|267|3160|237|80%|0|0|31.5|67|93|125|133|177|241|1120|3,145|9|03:42:35|Garmin Edge 830|https://www.strava.com/activities/3168310205
3/7/2020|175.68|05:39:45|789|0|238|4754|294|71%|0|0|31|57.2|92|155|125|160|233|772|4,749|8|06:26:40|Garmin Edge 830|https://www.strava.com/activities/3162300200
3/6/2020|148.68|04:44:04|489|0|240|4031|249|72%|0|0|31.4|59.4|94|132|126|160|237|1191|4,027|6|05:08:08|Garmin Edge 830|https://www.strava.com/activities/3159058058
3/5/2020|111.94|03:33:31|733|0|253|3141|208|76%|0|0|31.5|55.8|94|129|130|165|245|655|3,129|5|03:36:57|Garmin Edge 830|https://www.strava.com/activities/3156072302
3/4/2020|63.79|02:08:08|340|0|226|1695|98|68%|0|0|29.9|52.2|98|128|120|139|221|645|1,690|7|02:08:26|Garmin Edge 830|https://www.strava.com/activities/3153057486
3/2/2020|136.74|04:39:39|2352|0|251|3892|269|75%|0|0|29.3|68.4|90|121|129|158|232|575|3,887|23|04:50:48|Garmin Edge 830|https://www.strava.com/activities/3147672430
3/1/2020|153.22|05:05:24|2715|0|277|4419|359|83%|0|0|30.1|69.1|92|163|136|178|241|770|4,400|18|05:42:28|Garmin Edge 830|https://www.strava.com/activities/3145190492
4/30/2020|48.92|01:31:40|1180|0|278|1431|105|83%|0|0|32|88.6|82|123|149|178|260|387|1,373||01:31:40|Zwift|https://www.strava.com/activities/3374341856
4/28/2020|93.21|02:54:49|803|0|253|2468|170|76%|0|0|32|65.5|95|193|133|178|235|611|2,465|9|02:57:25|Garmin Edge 830|https://www.strava.com/activities/3365113618
4/19/2020|37.77|00:59:59|661|0|316|1095|90|95%|0|0|37.8|75.2|96|136|160|181|304|626|1,072||00:59:59|Zwift|https://www.strava.com/activities/3319803362
4/11/2020|53.5|01:18:21|409|0|294|1219|101|88%|0|0|41|74.5|102|135|150|190|259|954|1,237||01:18:21|Zwift|https://www.strava.com/activities/3283086957
5/30/2020|165.72|04:59:49|579|0|224|3972|234|67%|0|0|33.2|56.5|95|124|0|0|221|643|3,958|23|05:21:33|Garmin Edge 830|https://www.strava.com/activities/3535814767
5/29/2020|122.03|03:42:29|587|0|227|2948|173|68%|0|0|32.9|58|96|138|0|0|221|558|2,935|22|03:44:20|Garmin Edge 830|https://www.strava.com/activities/3530493451
5/28/2020|54.78|01:43:58|145|0|197|1214|61|59%|0|0|31.6|50|96|117|116|139|195|561|1,212|20|01:45:09|Garmin Edge 830|https://www.strava.com/activities/3524697498
5/27/2020|130.07|03:57:56|828|0|235|3131|202|71%|0|0|32.8|58|97|136|139|188|219|1011|3,119|20|04:02:53|Garmin Edge 830|https://www.strava.com/activities/3519512160
5/26/2020|96.02|02:55:54|446|0|216|2229|125|65%|0|0|32.8|54.7|95|127|127|199|211|1230|2,224|18|02:58:44|Garmin Edge 830|https://www.strava.com/activities/3513722576
5/24/2020|20.82|00:41:25|378|0|193|479|24|58%|0|0|30.2|81|97|120|126|139|193|265|459||00:50:56|Zwift|https://www.strava.com/activities/3502606723
5/24/2020|28.78|01:10:50|1186|0|287|1198|87|86%|0|0|24.4|63|90|113|151|172|282|415|1,255||01:10:50|Zwift|https://www.strava.com/activities/3502255786
5/23/2020|155.9|04:54:44|518|0|217|3794|211|65%|0|0|31.7|55.8|94|123|125|162|215|742|3,791|17|04:59:59|Garmin Edge 830|https://www.strava.com/activities/3498009303
5/17/2020|51.23|01:10:35|166|0|296|1121|93|89%|0|0|43.5|70.2|94|120|149|192|265|693|1,241||01:10:35|Zwift|https://www.strava.com/activities/3464480952
5/16/2020|116.33|03:40:21|587|0|217|2845|158|65%|0|0|31.7|59.4|95|132|126|159|215|702|2,835|14|03:44:28|Garmin Edge 830|https://www.strava.com/activities/3459518536
5/13/2020|126.7|04:01:01|696|0|242|3365|216|73%|0|0|31.5|61.2|88|119|130|169|233|631|3,356|11|04:05:23|Garmin Edge 830|https://www.strava.com/activities/3444011307
5/12/2020|69.46|02:56:15|735|0|0|0|0||127|1345|23.6|47.9|0|0|0|0|0|0|2,105|8|03:01:38|Garmin Edge 830|https://www.strava.com/activities/3438486246
5/10/2020|70.09|01:48:04|528|0|282|1624|129|85%|0|0|38.9|76|95|136|0|0|251|617|1,626||01:48:04|Zwift|https://www.strava.com/activities/3428606072
5/9/2020|67.11|02:02:31|208|0|221|1606|90|66%|0|0|32.9|48.2|95|120|0|0|218|673|1,602|22|02:03:41|Garmin Edge 830|https://www.strava.com/activities/3424003768
5/8/2020|140.9|04:15:03|585|0|229|3485|206|69%|0|0|33.1|56.5|93|124|131|165|228|831|3,481|19|04:20:52|Garmin Edge 830|https://www.strava.com/activities/3418329013
5/6/2020|86.2|02:31:27|154|0|252|2221|151|76%|0|0|34.2|50.4|95|135|132|159|244|776|2,228|17|21:24:31|Garmin Edge 830|https://www.strava.com/activities/3412357112
5/6/2020|132.33|04:02:50|786|0|253|3476|239|76%|0|0|32.7|58.7|88|120|136|180|239|766|3,455|15|04:25:19|Garmin Edge 830|https://www.strava.com/activities/3407319692
5/4/2020|98.22|03:02:44|757|0|246|2578|168|74%|0|0|32.3|118.4|94|123|133|170|235|1166|2,567|14|03:04:47|Garmin Edge 830|https://www.strava.com/activities/3396045681
5/3/2020|51.07|01:09:50|374|0|294|1135|90|88%|0|0|43.9|68|98|120|155|185|271|708|1,141||01:09:50|Zwift|https://www.strava.com/activities/3389414195
5/1/2020|38.36|01:47:13|606|0|0|0|0||145|930|21.5|54|0|0|139|167|0|0|1,302|9|01:51:11|Garmin Edge 830|https://www.strava.com/activities/3378778113
6/29/2020|103.74|03:07:30|600|0|225|2476|143|68%|0|0|33.2|58|95|128|125|152|220|568|2,467|16|03:07:30|Garmin Edge 830|https://www.strava.com/activities/3687543903
6/28/2020|101.22|03:05:32|478|0|226|2446|145|68%|0|0|32.7|57.2|91|130|128|171|220|1167|2,444|19|03:09:02|Garmin Edge 830|https://www.strava.com/activities/3682928121
6/27/2020|39.22|01:15:00|188|0|197|872|46|59%|0|0|31.4|57.2|96|117|120|143|194|479|872|24|01:23:57|Garmin Edge 830|https://www.strava.com/activities/3677289675
6/25/2020|140.71|04:45:08|2013|0|242|3678|261|73%|0|0|29.6|74.5|86|130|130|172|215|1190|3,668|28|05:22:21|Garmin Edge 830|https://www.strava.com/activities/3669101482
6/24/2020|201.61|06:22:09|2649|0|239|4835|341|72%|0|0|31.7|77.4|90|185|136|184|211|995|4,829|29|07:16:20|Garmin Edge 830|https://www.strava.com/activities/3664274627
6/23/2020|121.47|03:59:25|1773|0|253|3214|237|76%|0|0|30.4|72.4|93|121|138|184|224|575|3,200|27|04:08:44|Garmin Edge 830|https://www.strava.com/activities/3658533752
6/22/2020|37.05|01:17:44|473|0|0|0|0||191|889|28.6|48.2|0|0|124|153|0|0|537|25|01:17:44|Garmin fēnix 3|https://www.strava.com/activities/3652689885
6/21/2020|136.07|04:13:42|764|0|228|3374|203|68%|0|0|32.2|63|88|116|128|159|222|739|3,369|24|04:35:03|Garmin Edge 830|https://www.strava.com/activities/3648577238
6/20/2020|166.63|05:04:57|740|0|229|4028|245|69%|0|0|32.8|58.3|88|155|130|158|220|702|4,017|19|05:16:57|Garmin Edge 830|https://www.strava.com/activities/3643232304
6/19/2020|132.85|04:04:04|814|0|247|3328|229|74%|0|0|32.7|62.3|92|120|136|181|227|894|3,316|21|04:15:44|Garmin Edge 830|https://www.strava.com/activities/3637861096
6/18/2020|77.07|02:23:29|177|0|209|1794|99|63%|0|0|32.2|50.8|95|121|0|0|208|540|1,842|19|02:30:32|Garmin Edge 830|https://www.strava.com/activities/3632935638
6/17/2020|145.46|04:24:20|1013|0|247|3515|265|74%|0|0|33|63.4|94|133|138|187|222|906|3,501|22|05:01:13|Garmin Edge 830|https://www.strava.com/activities/3628607213
6/16/2020|52.2|01:39:32|156|0|189|1107|55|57%|0|0|31.5|44.6|97|121|0|0|185|495|1,161|18|01:43:52|Garmin Edge 830|https://www.strava.com/activities/3622478941
6/16/2020|1.83|00:04:06|27|0|0|0|0||187|46|26.9|49.7|0|0|0|0|0|0|53|21|00:04:06|Garmin Edge 830|https://www.strava.com/activities/3622477434
6/14/2020|150.58|05:01:50|1897|0|226|3867|236|68%|0|0|29.9|61.6|92|130|0|0|214|1101|3,867|19|05:39:13|Garmin Edge 830|https://www.strava.com/activities/3613635892
6/13/2020|147.54|04:49:08|1988|0|239|3548|257|72%|0|0|30.6|81.4|90|123|131|132|205|627|3,534|25|05:31:39|Garmin Edge 830|https://www.strava.com/activities/3607819345
6/12/2020|185.07|05:54:58|3076|0|244|4391|328|73%|0|0|31.3|79.2|90|132|141|183|206|928|4,382|24|06:34:41|Garmin Edge 830|https://www.strava.com/activities/3603274905
6/11/2020|36.11|01:10:30|101|0|189|792|38|57%|0|0|30.7|42.8|96|118|117|144|187|521|791|14|01:11:00|Garmin Edge 830|https://www.strava.com/activities/3596925699
6/10/2020|119.81|03:48:57|857|0|243|3046|213|73%|0|0|31.4|59|92|126|133|174|222|849|3,033|16|04:41:48|Garmin Edge 830|https://www.strava.com/activities/3592749049
6/9/2020|97.83|03:07:09|650|0|213|2324|129|64%|0|0|31.4|57.2|93|116|0|0|207|944|2,321|12|03:09:28|Garmin Edge 830|https://www.strava.com/activities/3586960320
6/7/2020|164.55|05:01:39|419|0|233|4198|256|70%|0|0|32.7|47.9|91|128|131|163|232|729|4,189|16|05:45:38|Garmin Edge 830|https://www.strava.com/activities/3578247680
6/6/2020|95.99|02:55:36|809|0|246|2357|162|74%|0|0|32.8|59.8|94|124|130|179|224|823|2,352|11|02:58:37|Garmin Edge 830|https://www.strava.com/activities/3571569466
6/4/2020|87.02|03:04:31|1422|0|217|2215|132|65%|0|0|28.3|65.9|90|120|0|0|200|826|2,214|11|03:07:35|Garmin Edge 830|https://www.strava.com/activities/3562196847
6/3/2020|167.03|05:22:50|2715|0|247|4099|305|74%|0|0|31|77.4|90|157|0|0|212|917|4,097|21|05:44:52|Garmin Edge 830|https://www.strava.com/activities/3558012370
6/2/2020|140.94|04:33:19|2072|0|243|3689|247|73%|0|0|30.9|63|94|121|0|0|225|595|3,684|26|05:13:37|Garmin Edge 830|https://www.strava.com/activities/3552314548
6/1/2020|101.75|03:24:16|1562|0|244|2742|186|73%|0|0|29.9|62.6|93|123|0|0|224|625|2,731|26|03:41:26|Garmin Edge 830|https://www.strava.com/activities/3547746777
7/31/2020|47.55|01:31:09|569|0|212|999|64|64%|0|0|31.3|68.4|85|127|118|173|183|1177|997|36|01:59:52|Garmin Edge 830|https://www.strava.com/activities/3842721319
7/30/2020|74.88|02:42:25|1577|0|241|2023|146|72%|0|0|27.7|74.9|84|149|142|182|208|839|2,022|36|02:53:43|Garmin Edge 830|https://www.strava.com/activities/3838027370
7/28/2020|77.49|02:31:29|509|0|221|1795|114|66%|0|0|30.7|56.9|89|132|119|208|197|993|1,779|19|03:49:47|Garmin Edge 830|https://www.strava.com/activities/3826190898
7/27/2020|80.79|02:29:02|273|0|207|1838|97|62%|0|0|32.5|45.7|98|121|117|141|206|598|1,837|18|02:31:42|Garmin Edge 830|https://www.strava.com/activities/3820049502
7/26/2020|128.28|03:55:03|834|0|258|3325|237|77%|0|0|32.7|65.2|95|128|134|179|236|789|3,313|20|03:58:33|Garmin Edge 830|https://www.strava.com/activities/3814530334
7/25/2020|94.82|02:56:59|432|0|226|2364|143|68%|0|0|32.1|50.8|94|144|127|162|223|1059|2,353|17|03:27:06|Garmin Edge 830|https://www.strava.com/activities/3810648769
7/23/2020|175.08|05:16:06|487|0|225|4119|249|68%|0|0|33.2|50.8|93|126|131|166|217|709|4,105|25|06:00:51|Garmin Edge 830|https://www.strava.com/activities/3807080404
7/22/2020|131.15|04:02:54|732|0|247|3345|225|74%|0|0|32.4|59.8|95|124|134|181|229|1087|3,336|19|04:06:37|Garmin Edge 830|https://www.strava.com/activities/3800272855
7/21/2020|84.45|02:36:40|499|0|226|2074|121|68%|0|0|32.3|54.4|95|121|129|165|221|1126|2,072|17|02:38:29|Garmin Edge 830|https://www.strava.com/activities/3794711158
7/19/2020|36.28|01:07:01|96|0|212|844|45|64%|0|0|32.5|43.9|99|120|123|143|210|571|844|21|01:07:29|Garmin Edge 830|https://www.strava.com/activities/3784143996
7/18/2020|121.84|04:07:07|2010|0|245|3352|231|74%|0|0|29.6|81|92|132|127|155|226|636|3,344|19|04:14:37|Garmin Edge 830|https://www.strava.com/activities/3780557663
7/17/2020|179.98|06:00:39|3238|0|271|5326|408|81%|0|0|29.9|86.4|92|142|140|186|246|684|5,306|18|06:54:53|Garmin Edge 830|https://www.strava.com/activities/3780557976
7/15/2020|111.32|03:57:25|2094|0|246|3286|219|74%|0|0|28.1|72.4|89|121|0|0|231|611|3,284|12|04:00:35|Garmin Edge 830|https://www.strava.com/activities/3765976487
7/14/2020|187.05|06:30:20|3508|0|249|5252|372|75%|0|0|28.8|79.9|90|128|133|180|224|1108|5,231|22|07:02:47|Garmin Edge 830|https://www.strava.com/activities/3761029828
7/13/2020|26.46|01:04:26|551|0|219|808|48|66%|0|0|24.6|60.8|92|120|124|145|209|482|806|20|01:06:23|Garmin Edge 830|https://www.strava.com/activities/3755093349
7/12/2020|47.21|01:12:15|309|0|254|1076|69|76%|0|0|39.2|72|96|117|0|0|248|460|1,094||01:12:15|Zwift|https://www.strava.com/activities/3751783550
7/12/2020|127.97|04:25:30|2578|0|263|3737|282|79%|0|0|28.9|82.4|92|135|0|0|235|645|3,722|18|04:31:52|Garmin Edge 830|https://www.strava.com/activities/3750664050
7/11/2020|112.29|03:57:22|2187|0|250|3316|231|75%|0|0|28.4|71.6|92|129|0|0|233|1135|3,317|16|04:14:06|Garmin Edge 830|https://www.strava.com/activities/3746661402
7/10/2020|46.28|01:29:21|191|0|204|1109|59|61%|0|0|31.1|46.8|95|118|117|137|207|519|1,106|13|01:42:49|Garmin Edge 830|https://www.strava.com/activities/3740316605
7/9/2020|95.31|02:58:28|235|0|235|2362|150|71%|0|0|32|55.1|94|122|129|178|221|1144|2,356|16|03:00:40|Garmin Edge 830|https://www.strava.com/activities/3735735747
7/7/2020|36.73|01:11:48|119|0|195|834|42|59%|0|0|30.7|45.7|97|119|115|137|194|507|831|18|01:13:20|Garmin Edge 830|https://www.strava.com/activities/3725713130
7/6/2020|112.7|03:46:39|1983|0|240|3055|199|72%|0|0|29.8|89.3|89|148|123|149|225|966|3,052|14|03:50:28|Garmin Edge 830|https://www.strava.com/activities/3721151133
7/5/2020|191.88|06:15:47|3555|0|262|5192|402|79%|0|0|30.6|90.7|89|189|137|184|230|871|5,184|19|07:07:46|Garmin Edge 830|https://www.strava.com/activities/3717523026
7/4/2020|30.74|01:00:58|152|0|179|636|30|54%|0|0|30.3|57.2|93|132|112|131|174|622|633|19|01:03:20|Garmin Edge 830|https://www.strava.com/activities/3711002283
7/3/2020|75.37|02:18:13|1173|0|251|1820|130|75%|0|0|32.7|87.1|87|130|138|175|219|692|1,820|18|02:18:13|Garmin Edge 830|https://www.strava.com/activities/3707600739
7/3/2020|3.06|00:07:01|50|0|0|0|0||170|72|26.2|46.4|0|0|120|130|0|0|76|23|00:21:41|Garmin Edge 830|https://www.strava.com/activities/3707027268
7/3/2020|111.68|03:34:19|1688|0|248|2870|203|74%|0|0|31.3|71.3|89|130|127|170|223|683|2,865|20|03:47:03|Garmin Edge 830|https://www.strava.com/activities/3706910415
7/2/2020|154.17|05:00:51|2424|0|248|3947|290|74%|0|0|30.7|82.8|89|135|135|182|219|1161|3,931|20|05:50:15|Garmin Edge 830|https://www.strava.com/activities/3702737880
7/1/2020|113.26|03:35:02|1559|0|245|2827|202|74%|0|0|31.6|85.7|90|137|133|174|219|949|2,822|19|03:59:46|Garmin Edge 830|https://www.strava.com/activities/3698332514
8/31/2020|154.67|05:13:27|2165|0|230|4132|259|69%|0|0|29.6|128.9|94|156|131|158|220|721|4,173|12|05:43:32|Garmin Edge 830|https://www.strava.com/activities/3991149942
8/30/2020|116.25|03:46:12|1789|0|277|3232|267|83%|0|0|30.8|62.3|92|126|0|0|238|828|3,219|19|04:28:11|Garmin Edge 830|https://www.strava.com/activities/3987211740
8/29/2020|33.44|01:06:32|266|0|217|831|48|65%|0|0|30.2|54.7|94|123|118|144|208|525|823|14|01:08:45|Garmin Edge 830|https://www.strava.com/activities/3980947502
8/28/2020|160.06|05:00:05|600|0|217|3881|223|65%|0|0|32|55.8|93|147|127|161|216|744|3,872|18|05:40:21|Garmin Edge 830|https://www.strava.com/activities/3977345450
8/27/2020|135.81|04:13:26|701|0|244|3353|229|73%|0|0|32.2|54|92|124|128|181|220|1232|3,330|15|04:17:17|Garmin Edge 830|https://www.strava.com/activities/3972515911
8/26/2020|88.44|02:57:58|246|0|217|2303|131|65%|0|0|29.8|49.7|86|115|122|139|216|578|2,290|13|03:11:10|Garmin Edge 830|https://www.strava.com/activities/3967451272
8/25/2020|30.88|01:01:47|229|0|192|690|34|58%|0|0|30|55.4|94|119|114|138|186|655|687|15|01:01:47|Garmin Edge 830|https://www.strava.com/activities/3962524900
8/24/2020|156.78|04:47:13|877|0|221|3794|219|66%|0|0|32.8|49.3|93|120|125|147|220|479|3,779|17|05:30:43|Garmin Edge 830|https://www.strava.com/activities/3958606981
8/23/2020|126.64|04:07:50|1578|0|261|3535|254|78%|0|0|30.7|62.6|92|123|133|169|238|1123|3,525|17|04:10:12|Garmin Edge 830|https://www.strava.com/activities/3953949189
8/22/2020|106.03|03:21:57|1320|0|273|2836|230|82%|0|0|31.5|67.7|89|124|134|184|234|941|2,830|24|03:25:35|Garmin Edge 830|https://www.strava.com/activities/3949748855
8/20/2020|169.01|05:03:57|462|0|223|4044|237|67%|0|0|33.4|54|91|142|128|156|222|1204|4,031|23|05:32:48|Garmin Edge 830|https://www.strava.com/activities/3940312884
8/19/2020|128.31|03:46:59|647|0|256|3226|227|77%|0|0|33.9|60.5|96|122|138|180|237|1136|3,220|19|03:50:36|Garmin Edge 830|https://www.strava.com/activities/3934856918
8/18/2020|80.22|02:28:35|418|0|219|1912|109|66%|0|0|32.4|64.8|97|122|122|160|214|619|1,905|21|02:30:51|Garmin Edge 830|https://www.strava.com/activities/3930087242
8/17/2020|36.07|01:10:32|99|0|191|787|38|57%|0|0|30.7|41.8|95|119|116|136|186|450|785|20|01:10:32|Garmin Edge 830|https://www.strava.com/activities/3925218037
8/15/2020|186.45|04:36:07|1896|0|287|4228|342|86%|0|0|40.5|81.4|95|138|153|189|255|1019|4,234|31|04:37:19|Garmin Edge 830|https://www.strava.com/activities/3916959931
8/14/2020|47.21|01:44:14|720|0|231|1161|92|69%|0|0|27.2|76.7|84|124|0|0|186|1225|1,154|29|02:00:47|Garmin Edge 830|https://www.strava.com/activities/3910954348
8/13/2020|31.21|01:00:32|103|0|152|495|23|46%|0|0|30.9|44.3|88|124|98|134|136|569|494|28|01:42:01|Garmin Edge 830|https://www.strava.com/activities/3906298685
8/12/2020|142.6|03:45:32|2147|0|292|3395|297|88%|0|0|37.9|81.7|90|148|0|0|251|1058|3,404|35|03:57:19|Garmin Edge 830|https://www.strava.com/activities/3902841145
8/11/2020|43.1|01:40:34|999|0|239|1203|89|72%|0|0|25.7|71.6|81|127|111|148|199|1151|1,204|26|01:46:57|Garmin Edge 830|https://www.strava.com/activities/3896450539
8/10/2020|36.34|01:12:39|125|0|158|503|30|47%|0|0|30|46.1|93|117|0|0|115|558|920|33|02:03:42|Garmin Edge 830|https://www.strava.com/activities/3891805571
8/9/2020|81.37|02:59:22|1289|0|221|2039|137|66%|0|0|27.2|67.3|91|133|120|181|189|727|2,052|30|03:51:04|Garmin Edge 830|https://www.strava.com/activities/3887441578
8/8/2020|315.49|07:53:26|2605|0|245|5887|433|74%|0|0|40|91.8|92|147|136|192|207|1088|5,928|33|07:57:19|Garmin Edge 830|https://www.strava.com/activities/3883737846
8/7/2020|48.64|01:25:31|345|0|228|998|71|68%|0|0|34.1|59|91|127|119|176|194|1198|994|29|01:58:03|Garmin Edge 830|https://www.strava.com/activities/3877311322
8/6/2020|38.07|01:13:18|162|0|181|779|38|54%|0|0|31.2|66.6|95|151|0|0|177|572|773|27|01:19:33|Garmin Edge 830|https://www.strava.com/activities/3872230816
8/5/2020|203.87|04:27:50|981|0|251|3455|252|75%|0|0|45.7|79.6|93|155|137|184|215|1037|3,479|32|04:28:21|Garmin Edge 830|https://www.strava.com/activities/3868857795
8/2/2020|46.08|01:37:27|577|0|176|845|46|53%|0|0|28.4|65.5|85|133|105|143|145|840|845|36|02:33:37|Garmin Edge 830|https://www.strava.com/activities/3853307779
8/1/2020|104.44|02:57:54|1481|0|267|2431|190|80%|0|0|35.2|85|89|153|166|195|228|921|2,434|40|02:57:54|Garmin Edge 830|https://www.strava.com/activities/3849455949
9/30/2020|203.68|05:02:52|1988|0|286|4255|372|86%|0|0|40.4|89.6|93|143|0|0|234|993|4,272|17|05:02:52|Garmin Edge 830|https://www.strava.com/activities/4132902858
9/29/2020|44.14|01:34:11|454|0|200|1033|58|60%|0|0|28.1|60.8|88|117|0|0|183|1055|1,029|18|01:36:57|Garmin Edge 830|https://www.strava.com/activities/4128102554
9/27/2020|257.46|07:01:44|5204|0|301|6533|573|90%|0|0|36.6|87.8|91|152|0|0|258|902|6,561|15|07:02:46|Garmin Edge 830|https://www.strava.com/activities/4120423504
9/26/2020|43.78|01:28:41|629|0|250|1078|92|75%|0|0|29.6|74.2|88|130|0|0|203|1144|1,068|20|01:38:27|Garmin Edge 830|https://www.strava.com/activities/4113319485
9/24/2020|133.9|04:15:05|788|0|241|3358|224|72%|0|0|31.5|57.6|89|121|128|173|219|705|3,342|14|04:18:39|Garmin Edge 830|https://www.strava.com/activities/4105402616
9/23/2020|90.46|02:56:41|326|0|194|2055|104|58%|0|0|30.7|50.8|91|134|118|137|194|671|2,050|16|03:07:46|Garmin Edge 830|https://www.strava.com/activities/4100667676
9/22/2020|30.33|01:00:08|242|0|196|683|35|59%|0|0|30.3|52.9|97|120|0|0|189|478|680|18|01:00:44|Garmin Edge 830|https://www.strava.com/activities/4095832677
9/21/2020|185.24|05:39:25|765|0|222|4387|262|67%|0|0|32.7|58|91|141|127|159|215|797|4,369|19|06:32:54|Garmin Edge 830|https://www.strava.com/activities/4092022800
9/20/2020|195.55|04:28:45|1916|0|292|3873|351|88%|0|0|43.7|80.6|94|142|138|184|240|1191|3,877|24|04:35:35|Garmin Edge 830|https://www.strava.com/activities/4088152121
9/19/2020|43.2|01:22:23|367|0|232|1091|68|70%|0|0|31.5|56.9|92|129|0|0|221|1129|1,087|13|01:24:32|Garmin Edge 830|https://www.strava.com/activities/4080836736
9/17/2020|106.29|03:28:57|694|0|243|2745|190|73%|0|0|30.5|50.4|90|126|125|171|219|876|2,733|14|03:35:02|Garmin Edge 830|https://www.strava.com/activities/4072245102
9/16/2020|90.78|02:51:42|280|0|206|2149|123|62%|0|0|31.7|54.4|89|130|121|141|209|706|2,146|19|03:13:51|Garmin Edge 830|https://www.strava.com/activities/4067377900
9/14/2020|11|00:15:42|11|0|256|262|55|77%|0|0|42.1|54.7|86|115|0|0|278|780|589|26|01:06:41|Garmin Edge 830|https://www.strava.com/activities/4058290469
9/14/2020|21.95|00:36:29|21|0|0|0|0||259|567|36.1|49.3|85|104|0|0|0|0|632|27|00:39:52|Garmin Edge 830|https://www.strava.com/activities/4058290254
9/13/2020|183.56|04:32:01|2624|0|298|4001|362|89%|0|0|40.5|91.1|90|136|0|0|245|1121|4,017|31|04:32:48|Garmin Edge 830|https://www.strava.com/activities/4054067708
9/12/2020|177.68|04:17:47|1637|0|254|3299|251|76%|0|0|41.4|79.6|90|137|0|0|213|886|3,306|30|04:23:50|Garmin Edge 830|https://www.strava.com/activities/4048755934
9/11/2020|204.46|05:54:31|4278|0|280|5125|419|84%|0|0|34.6|85|88|136|139|176|241|978|5,136|27|05:56:34|Garmin Edge 830|https://www.strava.com/activities/4044241858
9/10/2020|197.64|05:15:25|2981|0|271|4274|347|81%|0|0|37.6|84.6|89|131|136|181|226|1090|4,284|29|05:16:10|Garmin Edge 830|https://www.strava.com/activities/4039491476
9/9/2020|219.59|05:33:57|3009|0|277|4432|385|83%|0|0|39.5|79.2|90|139|139|190|221|1070|4,455|33|05:35:02|Garmin Edge 830|https://www.strava.com/activities/4034749844
9/8/2020|200.13|05:00:42|1356|0|221|3117|220|66%|0|0|39.9|81.7|90|137|118|182|173|1131|3,132|33|05:01:31|Garmin Edge 830|https://www.strava.com/activities/4030707307
9/7/2020|134.91|03:05:01|924|0|308|3102|262|92%|0|0|43.8|69.5|96|144|163|191|279|1167|3,108|30|03:05:01|Garmin Edge 830|https://www.strava.com/activities/4025147663
9/6/2020|45.84|01:33:38|578|0|199|952|57|60%|0|0|29.4|63.7|89|132|0|0|169|1177|951|28|01:35:48|Garmin Edge 830|https://www.strava.com/activities/4020947275
9/5/2020|42.32|01:24:14|275|0|207|1026|55|62%|0|0|30.1|50|96|146|121|149|203|557|1,021|15|01:26:08|Garmin Edge 830|https://www.strava.com/activities/4013875229
9/4/2020|83.42|02:40:31|580|0|240|2085|141|72%|0|0|31.2|61.6|95|128|125|176|216|1197|2,087|18|02:43:59|Garmin Edge 830|https://www.strava.com/activities/4009462656
9/2/2020|162.01|05:06:26|768|0|220|3924|231|66%|0|0|31.7|54|93|129|124|161|213|793|3,909|18|06:21:45|Garmin Edge 830|https://www.strava.com/activities/4000784794
9/1/2020|27.25|00:55:36|221|0|187|616|31|56%|0|0|29.4|57.2|95|117|111|139|185|638|615|15|01:08:52|Garmin Edge 830|https://www.strava.com/activities/3994884489
10/31/2020|170.59|05:28:29|4542|0|293|5244|423|88%|0|0|31.2|88.9|88|134|0|0|266|997|5,259|20|05:28:29|Garmin Edge 830|https://www.strava.com/activities/4268074911
10/30/2020|189.12|04:28:00|2324|0|279|3731|315|84%|0|0|42.3|88.9|92|138|0|0|232|986|3,751|19|04:29:02|Garmin Edge 830|https://www.strava.com/activities/4262814157
10/29/2020|171.13|04:08:26|1125|0|0|0|0||340|5070|41.3|85|0|0|135|234|0|0|3,625|17|04:10:49|Garmin Edge 830|https://www.strava.com/activities/4258941691
10/28/2020|173.68|04:48:43|3157|0|281|4181|342|84%|0|0|36.1|95.8|89|147|134|177|241|1014|4,209|18|04:49:56|Garmin Edge 830|https://www.strava.com/activities/4255114213
10/27/2020|169.17|04:23:13|2716|0|299|3977|354|90%|0|0|38.6|91.4|90|140|136|202|252|997|3,983|13|04:23:13|Garmin Edge 830|https://www.strava.com/activities/4250609819
10/26/2020|49.89|01:30:15|394|0|182|841|45|55%|0|0|33.2|60.1|90|136|0|0|155|1034|843|12|01:31:33|Garmin Edge 830|https://www.strava.com/activities/4245903910
10/25/2020|148.42|04:09:53|3198|0|296|4136|329|89%|0|0|35.6|92.9|89|140|150|176|276|978|4,142|9|04:09:53|Garmin Edge 830|https://www.strava.com/activities/4242821185
10/24/2020|199.39|05:02:29|3247|0|296|4415|398|89%|0|0|39.6|98.6|90|134|140|180|243|934|4,436|17|05:02:29|Garmin Edge 830|https://www.strava.com/activities/4237570036
10/23/2020|204.22|04:17:20|1403|0|253|3265|248|76%|0|0|47.6|100.1|92|151|124|178|211|1047|3,281|17|04:18:13|Garmin Edge 830|https://www.strava.com/activities/4233100491
10/22/2020|174.63|04:58:15|2812|0|262|4188|310|79%|0|0|35.1|78.1|89|138|133|176|234|896|4,195|15|04:59:49|Garmin Edge 830|https://www.strava.com/activities/4229339696
10/21/2020|159.22|04:23:58|2557|0|301|4223|357|90%|0|0|36.2|90|90|143|147|183|267|1163|4,223|18|04:23:58|Garmin Edge 830|https://www.strava.com/activities/4224880963
10/20/2020|178.38|04:58:03|2895|0|311|5110|431|93%|0|0|35.9|90|92|138|148|185|286|971|5,097|18|04:58:03|Garmin Edge 830|https://www.strava.com/activities/4220586282
10/19/2020|64.14|02:03:59|1030|0|245|1607|117|74%|0|0|31|74.5|92|136|122|173|216|960|1,604|14|02:09:25|Garmin Edge 830|https://www.strava.com/activities/4215168207
10/18/2020|61.46|01:59:23|792|0|229|1576|98|69%|0|0|30.9|72.7|92|147|119|146|220|488|1,575|8|02:05:32|Garmin Edge 830|https://www.strava.com/activities/4210294671
10/16/2020|144.9|04:29:02|432|0|226|3625|211|68%|0|0|32.3|61.9|94|120|127|157|225|1110|3,610|8|04:35:19|Garmin Edge 830|https://www.strava.com/activities/4201957614
10/15/2020|96.49|02:54:20|411|0|258|2458|175|77%|0|0|33.2|53.6|96|124|132|178|235|661|2,450|9|02:56:25|Garmin Edge 830|https://www.strava.com/activities/4197609466
10/13/2020|159.33|05:06:10|501|0|209|3844|209|63%|0|0|31.2|55.1|93|122|123|146|209|698|3,829|9|05:33:49|Garmin Edge 830|https://www.strava.com/activities/4189216841
10/12/2020|141.36|04:24:49|851|0|248|3643|250|74%|0|0|32|60.1|90|193|133|172|229|1049|3,635|10|04:43:28|Garmin Edge 830|https://www.strava.com/activities/4184948336
10/10/2020|149.79|04:50:13|614|0|217|3712|212|65%|0|0|31|59|92|128|122|156|213|676|3,699|11|05:04:20|Garmin Edge 830|https://www.strava.com/activities/4175800235
10/9/2020|143.72|04:28:06|894|0|244|3711|245|73%|0|0|32.2|60.1|92|127|133|167|231|643|3,697|12|04:35:34|Garmin Edge 830|https://www.strava.com/activities/4171483818
10/8/2020|72.17|02:13:29|250|0|222|1734|99|67%|0|0|32.4|53.3|93|134|123|159|216|1173|1,732|14|02:13:29|Garmin Edge 830|https://www.strava.com/activities/4167058008
10/7/2020|46.89|01:33:10|399|0|209|1126|61|63%|0|0|30.2|56.5|93|119|119|140|201|523|1,122|12|01:33:10|Garmin Edge 830|https://www.strava.com/activities/4162338527
10/4/2020|245.94|06:37:13|1171|0|283|5652|480|85%|0|0|37.1|86.4|92|139|139|184|237|963|5,694|10|06:39:18|Garmin Edge 830|https://www.strava.com/activities/4150800639
10/3/2020|30.31|01:01:47|655|0|231|796|51|69%|0|0|29.4|75.2|0|0|0|0|215|903|763||01:04:25|Zwift|https://www.strava.com/activities/4144485668
10/2/2020|77.43|02:32:32|1426|0|245|1893|143|74%|0|0|30.5|73.4|92|149|122|171|207|834|1,884|13|02:37:48|Garmin Edge 830|https://www.strava.com/activities/4140849416
10/1/2020|29.88|01:01:26|122|0|156|544|23|47%|0|0|29.2|42.1|91|124|0|0|147|501|542|14|01:28:24|Garmin Edge 830|https://www.strava.com/activities/4136227784
11/29/2020|44.33|01:58:12|608|0|0|0|0||132|933|22.5|46.1|0|0|138|168|0|0|1,012|0|02:02:23|Garmin Edge 830|https://www.strava.com/activities/4406240634
11/28/2020|29.31|01:26:17|375|0|0|0|0||114|589|20.4|46.4|0|0|129|175|0|0|674|3|01:29:39|Garmin Edge 830|https://www.strava.com/activities/4401024547
11/24/2020|36.9|01:37:11|521|0|0|0|0||136|792|22.8|53.3|0|0|0|0|0|0|1,144|9|01:38:24|Garmin Edge 830|https://www.strava.com/activities/4383534104
11/8/2020|138.99|03:35:07|1076|0|234|2461|179|70%|0|0|38.8|77.4|87|128|0|0|191|940|2,473|16|03:38:21|Garmin Edge 830|https://www.strava.com/activities/4308907037
11/7/2020|0|00:00:00|0|0|289|0|429|87%|0|0|0|0|0|128|0|0|0|888|5,361|0|05:40:56|Garmin Edge 830|https://www.strava.com/activities/4303181081
11/7/2020|180.2|05:31:02|3705|0|0|0|0||314|6238|32.7|82.1|0|0|0|0|0|0|6,956|11|05:32:30|Garmin Edge 1030 Plus|https://www.strava.com/activities/4303589727
11/6/2020|169.68|04:32:07|2876|0|282|4002|327|85%|0|0|37.4|81.4|89|136|0|0|245|1052|4,015|16|04:33:03|Garmin Edge 830|https://www.strava.com/activities/4297605410
11/5/2020|239|06:54:04|4456|0|288|6308|513|86%|0|0|34.6|88.6|88|139|0|0|254|894|6,339|12|06:54:04|Garmin Edge 830|https://www.strava.com/activities/4290207669
11/4/2020|214.03|05:08:47|3222|0|301|4741|418|90%|0|0|41.6|94.7|92|138|0|0|256|903|4,746|11|05:08:47|Garmin Edge 830|https://www.strava.com/activities/4285509770
11/3/2020|0|00:00:00|0|0|129|0|3|39%|0|0|0|0|0|110|0|0|0|190|107|0|00:14:10|Garmin Edge 830|https://www.strava.com/activities/4280599014
11/3/2020|33.17|00:52:33|547|0|329|902|85|99%|0|0|37.9|77.4|97|128|0|0|286|589|1,131|15|00:52:33|Garmin Edge 830|https://www.strava.com/activities/4280471471
11/3/2020|0|00:00:00|0|0|243|0|21|73%|0|0|11.9|2.2|100|125|0|0|114|484|293|23|00:24:33|Garmin Edge 830|https://www.strava.com/activities/4280214845
11/3/2020|29.66|01:02:07|576|0|0|0|0||207|773|28.6|70.2|0|0|0|0|0|0|1,186|11|01:02:07|Garmin Edge 830|https://www.strava.com/activities/4279513825
11/1/2020|116|03:53:22|3043|0|292|3618|300|88%|0|0|29.8|80.6|82|136|0|0|258|858|3,623|19|03:53:22|Garmin Edge 830|https://www.strava.com/activities/4272719458
12/31/2020|129.59|04:11:55|474|0|236|3425|214|71%|0|0|30.9|51.1|95|126|128|210|227|713|3,410|1|04:15:41|Garmin Edge 830|https://www.strava.com/activities/4543955701
12/29/2020|103.92|04:13:16|545|0|0|0|0||116|1756|24.6|48.2|0|0|139|184|0|0|1,958|2|04:18:54|Garmin Edge 830|https://www.strava.com/activities/4534128499
12/28/2020|126.38|04:03:45|430|0|229|3336|202|69%|0|0|31.1|51.8|95|135|135|188|228|758|3,328|4|04:18:19|Garmin Edge 830|https://www.strava.com/activities/4529286837
12/27/2020|100.13|03:00:48|1181|0|219|2341|133|66%|0|0|33.2|87.8|90|119|0|0|216|319|2,240||03:24:56|Zwift|https://www.strava.com/activities/4524260556
12/25/2020|135.83|04:25:36|646|0|230|3523|217|69%|0|0|30.7|59.4|97|129|137|179|221|904|3,511|3|04:33:41|Garmin Edge 830|https://www.strava.com/activities/4515812311
12/24/2020|83.13|02:36:13|283|0|228|2123|124|68%|0|0|31.9|47.5|98|126|131|158|227|518|2,122|5|02:40:09|Garmin Edge 830|https://www.strava.com/activities/4512221581
12/23/2020|68.65|02:10:14|1012|0|236|1651|114|71%|0|0|31.6|68|89|131|0|0|211|473|1,564||02:16:45|Zwift|https://www.strava.com/activities/4507630252
12/22/2020|69.04|02:13:22|266|0|228|1803|105|68%|0|0|31.1|52.6|95|121|133|161|225|977|1,795|9|02:15:41|Garmin Edge 830|https://www.strava.com/activities/4503554290
12/12/2020|62.4|02:26:55|341|0|0|0|0||125|1103|25.5|70.2|0|0|133|161|0|0|1,021|5|02:35:03|Garmin Edge 830|https://www.strava.com/activities/4461894241
12/11/2020|88.74|02:53:07|255|0|227|2369|140|68%|0|0|30.8|44.6|95|124|132|162|228|970|2,364|0|03:03:55|Garmin Edge 830|https://www.strava.com/activities/4457949380
12/10/2020|83.19|03:10:03|494|0|0|0|0||125|1424|26.3|47.2|0|0|133|172|0|0|1,378|0|03:15:34|Garmin Edge 830|https://www.strava.com/activities/4453807791
12/8/2020|98.31|03:12:51|407|0|224|2555|151|67%|0|0|30.6|54.4|96|126|136|169|221|873|2,549|2|03:21:17|Garmin Edge 830|https://www.strava.com/activities/4445295641
12/7/2020|67.7|02:09:36|126|0|226|1708|100|68%|0|0|31.3|60.5|95|129|127|170|220|1108|1,703|3|02:10:32|Garmin Edge 830|https://www.strava.com/activities/4441504770
12/6/2020|40.48|01:47:45|459|0|0|0|0||120|775|22.5|53.3|0|0|136|172|0|0|1,108|1|02:22:54|Garmin Edge 830|https://www.strava.com/activities/4436837245
12/5/2020|85.23|02:50:19|421|0|216|2174|124|65%|0|0|30|51.8|98|130|127|159|213|941|2,168|4|03:02:42|Garmin Edge 830|https://www.strava.com/activities/4432125410
12/2/2020|59.72|02:01:30|451|0|212|1512|86|64%|0|0|29.5|58|94|121|127|154|207|664|1,509|4|02:08:19|Garmin Edge 830|https://www.strava.com/activities/4419996296
12/1/2020|60.73|01:56:44|280|0|219|1458|86|66%|0|0|31.2|58.3|93|123|132|163|208|478|1,457|7|02:00:41|Garmin Edge 830|https://www.strava.com/activities/4415413588
loaded urls in 1.20:15:34.6633664
