date|distance|mov_time|elevation|relativeEffort|avg_power_weig|work_total|training_load|intensity|estAvgPower|energyOutput|avg_speed|max_speed|avg_cadence|max_cadence|avg_heartRate|max_heartRate|avg_power|max_power|avg_calories|avg_temperature|avg_elap_time|bicycle_model|url
1/31/2019|135.23|03:59:26|2013|0|0|0|0||0|0|33.9|76.3|78|136|0|0|0|0||21|04:07:41|Garmin Edge 1030|https://www.strava.com/activities/2115632697
1/30/2019|55.9|01:41:58|702|0|0|0|0||0|0|32.9|66.6|80|100|0|0|0|0||26|02:20:22|Garmin Edge 1030|https://www.strava.com/activities/2113698206
1/29/2019|145.6|04:27:39|2172|0|0|0|0||0|0|32.6|72.7|75|113|0|0|0|0||17|04:47:48|Garmin Edge 1030|https://www.strava.com/activities/2111572951
1/28/2019|72.61|02:20:27|1302|0|0|0|0||0|0|31|64.8|78|107|0|0|0|0||25|03:02:30|Garmin Edge 1030|https://www.strava.com/activities/2109246600
1/27/2019|99.64|02:58:04|826|0|0|0|0||0|0|33.6|74.5|80|105|0|0|0|0||26|03:19:32|Garmin Edge 1030|https://www.strava.com/activities/2107637538
1/26/2019|71.26|02:06:21|435|0|0|0|0||0|0|33.8|65.2|79|103|0|0|0|0|1,254|26|02:29:36|Garmin Edge 1030|https://www.strava.com/activities/2105311000
1/23/2019|144.76|05:01:07|2914|0|0|0|0||0|0|28.8|66.2|75|109|0|0|0|0||0|05:11:49|Garmin Edge 1030|https://www.strava.com/activities/2098132898
1/22/2019|94.89|03:03:17|1714|0|0|0|0||0|0|31.1|63.4|78|99|0|0|0|0||2|03:08:03|Garmin Edge 1030|https://www.strava.com/activities/2095824934
1/19/2019|150.71|05:02:17|2471|0|270|0|0||0|0|29.9|65.9|75|111|0|0|0|590||0|05:10:38|Garmin Edge 1030|https://www.strava.com/activities/2089070939
1/18/2019|115.43|04:10:37|2308|0|0|0|0||0|0|27.6|58.3|75|103|0|0|0|0||4|04:13:21|Garmin Edge 1030|https://www.strava.com/activities/2086811800
1/14/2019|58.06|02:05:09|760|0|0|0|0||0|0|27.8|53.6|76|100|0|0|0|0||10|02:09:31|Garmin Edge 1030|https://www.strava.com/activities/2077770337
1/13/2019|45.02|01:30:52|446|0|0|0|0||0|0|29.7|61.6|79|99|0|0|0|0|1,085|3|01:30:52|Garmin Edge 1030|https://www.strava.com/activities/2077003280
1/11/2019|116.16|04:08:09|2072|0|0|0|0||0|0|28.1|62.3|76|105|0|0|0|0||2|04:40:22|Garmin Edge 1030|https://www.strava.com/activities/2070939546
1/10/2019|47.98|01:35:10|453|0|0|0|0||0|0|30.3|51.8|80|113|0|0|0|0|1,157|6|01:35:10|Garmin Edge 1030|https://www.strava.com/activities/2068649824
1/8/2019|115.72|04:11:14|2228|0|0|0|0||0|0|27.6|61.9|75|104|0|0|0|0||2|04:16:04|Garmin Edge 1030|https://www.strava.com/activities/2064232116
1/4/2019|53.41|01:47:17|911|0|291|0|0||0|0|29.9|71.3|78|102|0|0|0|605||1|01:51:02|Garmin Edge 1030|https://www.strava.com/activities/2054603969
1/24/2019|102.87|03:44:05|1937|0|0|0|0||0|0|27.5|55.8|75|99|0|0|0|0||2|03:54:29|Garmin Edge 1030|https://www.strava.com/activities/2100065072
1/21/2019|120.28|04:04:03|1894|0|0|0|0||0|0|29.6|58.7|75|110|0|0|0|0||4|04:12:39|Garmin Edge 1030|https://www.strava.com/activities/2093756191
1/20/2019|48.61|01:45:08|478|0|0|0|0||0|0|27.7|56.5|77|95|0|0|0|0||3|01:47:28|Garmin Edge 1030|https://www.strava.com/activities/2091252841
1/16/2019|140.66|04:56:53|2624|0|0|0|0||0|0|28.4|61.2|73|108|0|0|0|0||7|05:13:00|Garmin Edge 1030|https://www.strava.com/activities/2082624806
1/15/2019|104.43|03:32:40|1381|0|0|0|0||0|0|29.5|63|77|108|0|0|0|0||6|03:48:56|Garmin Edge 1030|https://www.strava.com/activities/2080127242
1/12/2019|140.23|04:55:01|2163|0|0|0|0||0|0|28.5|62.3|76|109|0|0|0|0||1|05:11:40|Garmin Edge 1030|https://www.strava.com/activities/2073238258
1/9/2019|131.93|04:46:23|2746|0|0|0|0||0|0|27.6|66.6|72|117|0|0|0|0||3|05:02:34|Garmin Edge 1030|https://www.strava.com/activities/2066511318
1/7/2019|45.13|01:40:02|453|0|0|0|0||0|0|27.1|51.8|76|102|0|0|0|0|1,037|4|01:44:59|Garmin Edge 1030|https://www.strava.com/activities/2061744594
1/6/2019|142.65|04:55:02|2524|0|0|0|0||0|0|29|61.9|75|120|0|0|0|0||7|05:07:09|Garmin Edge 1030|https://www.strava.com/activities/2059904459
1/5/2019|117.59|04:04:59|2196|0|0|0|0||0|0|28.8|64.8|76|105|0|0|0|0||2|04:20:35|Garmin Edge 1030|https://www.strava.com/activities/2057120629
1/3/2019|40.89|01:22:08|336|0|0|0|0||0|0|29.9|53.3|77|96|0|0|0|0|959|1|01:22:52|Garmin Edge 1030|https://www.strava.com/activities/2052225869
1/2/2019|121.9|04:10:32|2150|0|0|0|0||0|0|29.2|66.6|75|114|0|0|0|0||7|04:23:43|Garmin Edge 1030|https://www.strava.com/activities/2050463048
2/28/2019|180.93|04:48:07|1290|0|0|0|0||0|0|37.7|78.1|75|120|0|0|0|0||27|04:49:04|Garmin Edge 1030|https://www.strava.com/activities/2181768806
2/27/2019|196.87|04:25:50|1607|0|0|0|0||0|0|44.4|99|81|158|0|0|0|0||30|04:27:11|Garmin Edge 1030|https://www.strava.com/activities/2179328736
2/26/2019|178.8|04:45:58|1638|0|0|0|0||0|0|37.5|70.2|78|133|0|0|0|0||27|04:47:15|Garmin Edge 1030|https://www.strava.com/activities/2176663680
2/25/2019|183.47|04:35:41|1239|0|0|0|0||0|0|39.9|74.2|80|121|0|0|0|0||26|04:36:11|Garmin Edge 1030|https://www.strava.com/activities/2174575022
2/24/2019|16.1|00:17:34|147|0|0|0|0||0|0|55|66.6|97|113|0|0|0|0||27|00:17:34|Garmin Edge 1030|https://www.strava.com/activities/2172114453
2/24/2019|43.58|01:09:44|250|0|0|0|0||0|0|37.5|54|77|101|0|0|0|0||23|01:09:44|Garmin Edge 1030|https://www.strava.com/activities/2170929312
2/23/2019|89.61|02:21:29|605|0|0|0|0||0|0|38|60.5|83|112|0|0|0|0||21|02:55:40|Garmin Edge 1030|https://www.strava.com/activities/2168556234
2/22/2019|60.76|01:51:44|60|0|0|0|0||0|0|32.6|55.1|79|108|0|0|0|0||22|01:57:18|Garmin Edge 1030|https://www.strava.com/activities/2166892962
2/21/2019|36.05|01:10:35|120|0|0|0|0||0|0|30.6|42.5|0|0|0|0|0|0||7|01:10:53|Garmin Edge 1030|https://www.strava.com/activities/2164325956
2/20/2019|128.39|04:06:02|454|0|0|0|0||0|0|31.3|65.2|77|128|0|0|0|0||10|04:24:49|Garmin Edge 1030|https://www.strava.com/activities/2163153201
2/17/2019|17.29|00:34:46|213|0|0|0|0||0|0|29.8|81|61|103|0|0|0|0|221|19|00:35:32|Garmin Edge 1030|https://www.strava.com/activities/2156485391
2/17/2019|172.02|04:10:30|2359|0|0|0|0||0|0|41.2|90.4|82|131|0|0|0|0|3,297|22|04:10:56|Garmin Edge 1030|https://www.strava.com/activities/2156486096
2/16/2019|176.25|04:35:51|2818|0|0|0|0||0|0|38.3|85.7|80|131|0|0|0|0|3,969|21|04:35:51|Garmin Edge 1030|https://www.strava.com/activities/2153929900
2/15/2019|135.68|03:04:41|2163|0|0|0|0||0|0|44.1|94.7|82|124|0|0|0|0||28|03:04:41|Garmin Edge 1030|https://www.strava.com/activities/2151107213
2/14/2019|6.58|00:15:42|75|0|0|0|0||0|0|25.2|49.3|68|98|0|0|0|0||26|00:15:42|Garmin Edge 1030|https://www.strava.com/activities/2149192674
2/14/2019|167.98|03:42:09|2416|0|0|0|0||0|0|45.4|163.4|84|123|0|0|0|0||19|03:42:35|Garmin Edge 1030|https://www.strava.com/activities/2149193152
2/13/2019|155.06|03:20:41|2608|0|0|0|0||0|0|46.4|81|84|120|0|0|0|0||23|03:20:41|Garmin Edge 1030|https://www.strava.com/activities/2144086772
2/12/2019|13.87|00:15:34|80|0|369|0|0||0|0|53.5|70.9|95|124|0|0|0|1023|340|29|00:15:34|Garmin Edge 1030|https://www.strava.com/activities/2141613187
2/12/2019|28.28|00:39:59|500|0|0|0|0||0|0|42.4|67|84|114|0|0|0|0||25|00:57:37|Garmin Edge 1030|https://www.strava.com/activities/2141612962
2/11/2019|89.97|03:01:27|1708|0|0|0|0||0|0|29.8|68.8|71|112|0|0|0|0||26|03:53:14|Garmin Edge 1030|https://www.strava.com/activities/2139600744
2/10/2019|71.46|01:49:40|811|0|0|0|0||0|0|39.1|72.7|80|113|0|0|0|0||16|01:59:55|Garmin Edge 1030|https://www.strava.com/activities/2137434541
2/8/2019|130.56|04:05:44|2157|0|0|0|0||0|0|31.9|77.8|75|127|0|0|0|0||24|04:58:58|Garmin Edge 1030|https://www.strava.com/activities/2132768684
2/7/2019|106.87|02:55:52|954|0|0|0|0||0|0|36.5|66.2|79|117|0|0|0|0||24|03:27:05|Garmin Edge 1030|https://www.strava.com/activities/2130630299
2/6/2019|186.93|05:39:16|3318|0|0|0|0||0|0|33.1|72.4|77|114|0|0|0|0||22|06:27:06|Garmin Edge 1030|https://www.strava.com/activities/2129011621
2/5/2019|101.66|02:52:44|1897|0|0|0|0||0|0|35.3|87.1|79|130|0|0|0|0||24|03:31:04|Garmin Edge 1030|https://www.strava.com/activities/2126769478
2/4/2019|35.65|01:08:44|285|0|0|0|0||0|0|31.1|44.6|74|95|0|0|0|0||27|03:13:38|Garmin Edge 1030|https://www.strava.com/activities/2126315309
2/3/2019|192.88|06:07:00|3788|0|0|0|0||0|0|31.5|82.4|78|109|0|0|0|0||23|06:42:01|Garmin Edge 1030|https://www.strava.com/activities/2122578255
2/2/2019|53.35|01:37:27|572|0|0|0|0||0|0|32.9|53.3|80|100|0|0|0|0||28|02:35:05|Garmin Edge 1030|https://www.strava.com/activities/2119732538
2/1/2019|155.64|04:58:40|3174|0|0|0|0||0|0|31.3|72.4|76|102|0|0|0|0||25|05:30:37|Garmin Edge 1030|https://www.strava.com/activities/2117626652
3/31/2019|139.07|03:25:42|2176|0|0|0|0||0|0|40.6|85|0|0|0|0|0|0||13|03:26:13|Garmin Edge 1030|https://www.strava.com/activities/2256206151
3/30/2019|168.24|03:56:12|2014|0|0|0|0||0|0|42.7|81|80|120|0|0|0|0||16|03:56:38|Garmin Edge 1030|https://www.strava.com/activities/2252396931
3/29/2019|189.73|04:25:37|2634|0|0|0|0||0|0|42.9|82.4|80|126|0|0|0|0||11|04:26:24|Garmin Edge 1030|https://www.strava.com/activities/2252395301
3/28/2019|149.48|04:14:33|3482|0|0|0|0||0|0|35.2|92.9|79|128|0|0|0|0||15|04:14:33|Garmin Edge 1030|https://www.strava.com/activities/2247322509
3/27/2019|176.28|05:12:14|3897|0|0|0|0||0|0|33.9|83.9|78|125|0|0|0|0||17|05:13:15|Garmin Edge 1030|https://www.strava.com/activities/2244789337
3/26/2019|165.97|04:09:08|1778|0|0|0|0||0|0|40|76.7|80|121|0|0|0|0||17|04:09:36|Garmin Edge 1030|https://www.strava.com/activities/2242486585
3/25/2019|164.9|04:16:45|2974|0|0|0|0||0|0|38.5|83.2|81|123|0|0|0|0||19|04:17:16|Garmin Edge 1030|https://www.strava.com/activities/2240094091
3/24/2019|40.36|01:12:27|211|0|0|0|0||0|0|33.4|52.6|74|101|0|0|0|0||18|01:15:50|Garmin Edge 1030|https://www.strava.com/activities/2240091197
3/23/2019|51.11|01:58:35|794|0|0|0|0||0|0|25.9|65.9|74|116|0|0|0|0||19|02:20:44|Garmin Edge 1030|https://www.strava.com/activities/2233700837
3/22/2019|155.23|05:09:09|2834|0|0|0|0||0|0|30.1|71.6|74|113|0|0|0|0||15|05:26:49|Garmin Edge 1030|https://www.strava.com/activities/2231643818
3/21/2019|47.59|01:47:46|767|0|0|0|0||0|0|26.5|59|71|96|0|0|0|0||13|01:49:11|Garmin Edge 1030|https://www.strava.com/activities/2229144938
3/20/2019|150.26|05:14:17|3015|0|0|0|0||0|0|28.7|70.2|74|120|0|0|0|0||9|05:29:14|Garmin Edge 1030|https://www.strava.com/activities/2226963338
3/19/2019|104.48|03:45:42|1864|0|0|0|0||0|0|27.8|68|73|105|0|0|0|0||11|03:53:29|Garmin Edge 1030|https://www.strava.com/activities/2224317272
3/18/2019|54.95|02:02:28|343|0|0|0|0||0|0|26.9|46.8|73|95|0|0|0|0||14|02:42:15|Garmin Edge 1030|https://www.strava.com/activities/2221967508
3/17/2019|124.25|04:07:35|1935|0|0|0|0||0|0|30.1|63.7|75|106|0|0|0|0||9|04:13:17|Garmin Edge 1030|https://www.strava.com/activities/2219690094
3/16/2019|153.79|05:16:08|3177|0|0|0|0||0|0|29.2|73.8|74|114|0|0|0|0||17|05:33:06|Garmin Edge 1030|https://www.strava.com/activities/2217085333
3/15/2019|64.46|02:12:16|638|0|0|0|0||0|0|29.2|66.2|75|96|0|0|0|0||13|02:26:24|Garmin Edge 1030|https://www.strava.com/activities/2214607134
3/14/2019|116.8|04:08:54|2333|0|0|0|0||0|0|28.2|70.2|74|106|0|0|0|0||10|04:14:47|Garmin Edge 1030|https://www.strava.com/activities/2212746816
3/13/2019|144.46|04:58:45|2764|0|0|0|0||0|0|29|67.3|74|106|0|0|0|0||10|05:14:03|Garmin Edge 1030|https://www.strava.com/activities/2210615793
3/12/2019|96.54|03:22:18|1548|0|0|0|0||0|0|28.6|60.8|75|105|0|0|0|0||11|03:37:27|Garmin Edge 1030|https://www.strava.com/activities/2208314029
3/11/2019|59.4|01:59:16|494|0|0|0|0||0|0|29.9|60.1|78|105|0|0|0|0||15|02:00:00|Garmin Edge 1030|https://www.strava.com/activities/2205993363
3/10/2019|196.67|04:38:46|2153|0|0|0|0||0|0|42.3|86|84|130|0|0|0|0||8|04:39:39|Garmin Edge 1030|https://www.strava.com/activities/2204333601
3/9/2019|45.3|01:34:20|436|0|0|0|0||0|0|28.8|58.7|77|99|0|0|0|0|1,045|11|01:35:25|Garmin Edge 1030|https://www.strava.com/activities/2200820075
3/8/2019|93.43|03:08:55|1280|0|0|0|0||0|0|29.7|61.6|77|109|0|0|0|0||12|03:24:15|Garmin Edge 1030|https://www.strava.com/activities/2199068041
3/7/2019|41.96|01:29:04|520|0|0|0|0||0|0|28.3|51.5|77|100|0|0|0|0||8|01:29:40|Garmin Edge 1030|https://www.strava.com/activities/2196781946
3/6/2019|154.31|05:27:17|3008|0|0|0|0||0|0|28.3|61.6|73|116|0|0|0|0||8|05:41:06|Garmin Edge 1030|https://www.strava.com/activities/2194993190
3/5/2019|116.71|03:57:41|1925|0|0|0|0||0|0|29.5|60.1|77|117|0|0|0|0||11|04:01:41|Garmin Edge 1030|https://www.strava.com/activities/2192584259
3/4/2019|92.04|03:00:20|1326|0|0|0|0||0|0|30.6|63|78|108|0|0|0|0||5|03:02:57|Garmin Edge 1030|https://www.strava.com/activities/2190243636
3/2/2019|18.32|00:41:33|115|0|0|0|0||0|0|26.5|37.1|69|126|0|0|0|0||17|00:44:46|Garmin Edge 1030|https://www.strava.com/activities/2185918768
3/2/2019|144.38|03:17:51|955|0|0|0|0||0|0|43.8|75.6|80|116|0|0|0|0||22|03:17:51|Garmin Edge 1030|https://www.strava.com/activities/2185918878
3/1/2019|173.51|04:14:11|2181|0|0|0|0||0|0|41|82.4|83|133|0|0|0|0||24|04:16:20|Garmin Edge 1030|https://www.strava.com/activities/2183802164
4/30/2019|3.89|00:05:37|50|0|0|0|0||0|0|41.6|63.7|90|107|0|0|0|0||19|00:05:37|Garmin Edge 1030|https://www.strava.com/activities/2330705535
4/30/2019|8.61|00:18:27|99|0|0|0|0||0|0|28|55.4|72|97|0|0|0|0||16|00:19:44|Garmin Edge 1030|https://www.strava.com/activities/2330705479
4/30/2019|50.08|01:29:21|607|0|0|0|0||0|0|33.6|69.8|80|110|0|0|0|0||9|01:30:42|Garmin Edge 1030|https://www.strava.com/activities/2329937908
4/29/2019|0|00:00:00|0|0|0|0|0||0|0|0|0|0|123|0|0|0|0||0|00:46:26|Garmin Edge 1030|https://www.strava.com/activities/2328568910
4/28/2019|253.74|06:41:55|1601|0|0|0|0||0|0|37.9|82.4|82|137|0|0|0|0||4|06:43:48|Garmin Edge 1030|https://www.strava.com/activities/2325952023
4/26/2019|95.62|03:02:41|1957|0|0|0|0||0|0|31.4|69.1|75|111|0|0|0|0||10|03:13:22|Garmin Edge 1030|https://www.strava.com/activities/2320113679
4/25/2019|45.2|01:37:19|354|0|0|0|0||0|0|27.9|63.7|73|104|0|0|0|0||15|02:29:07|Garmin Edge 1000|https://www.strava.com/activities/2359965914
4/24/2019|193.82|05:01:05|2859|0|0|0|0||0|0|38.6|88.6|83|123|0|0|0|0||22|05:01:42|Garmin Edge 1030|https://www.strava.com/activities/2315487734
4/23/2019|68.46|02:08:55|809|0|0|0|0||0|0|31.9|56.9|0|0|0|0|0|0||14|02:13:32|Garmin Edge 1030|https://www.strava.com/activities/2312234456
4/22/2019|43.49|01:32:22|106|0|0|0|0||0|0|28.3|42.5|0|0|0|0|0|0||24|02:02:53|Garmin Edge 1030|https://www.strava.com/activities/2310075006
4/21/2019|219.85|05:36:24|2889|0|0|0|0||0|0|39.2|84.6|82|130|0|0|0|0||23|05:39:39|Garmin Edge 1030|https://www.strava.com/activities/2307761428
4/20/2019|61.4|02:05:04|715|0|0|0|0||0|0|29.5|62.6|70|146|0|0|0|0||21|02:12:40|Garmin Edge 1030|https://www.strava.com/activities/2304184815
4/18/2019|87.42|03:03:56|1293|0|0|0|0||0|0|28.5|61.6|73|101|0|0|0|0||17|03:13:03|Garmin Edge 1030|https://www.strava.com/activities/2298962596
4/16/2019|37.41|01:21:57|674|0|0|0|0||0|0|27.4|67.7|76|111|0|0|0|0||20|01:22:18|Garmin Edge 1030|https://www.strava.com/activities/2293798169
4/15/2019|167.62|05:46:25|3929|0|0|0|0||0|0|29|87.8|73|118|0|0|0|0||18|06:17:27|Garmin Edge 1030|https://www.strava.com/activities/2291790304
4/14/2019|115.43|03:50:41|2520|0|0|0|0||0|0|30|79.6|73|105|0|0|0|0||21|04:05:10|Garmin Edge 1030|https://www.strava.com/activities/2289746687
4/13/2019|169.63|05:50:34|4276|0|0|0|0||0|0|29|77.8|71|132|0|0|0|0||19|06:21:29|Garmin Edge 1030|https://www.strava.com/activities/2286924563
4/12/2019|25.36|01:02:52|395|0|0|0|0||0|0|24.2|71.3|69|109|0|0|0|0||18|01:03:47|Garmin Edge 1030|https://www.strava.com/activities/2284029025
4/11/2019|171.94|06:06:00|4469|0|0|0|0||0|0|28.2|79.9|72|120|0|0|0|0||18|07:01:16|Garmin Edge 1030|https://www.strava.com/activities/2282188487
4/10/2019|122.03|04:05:47|2713|0|0|0|0||0|0|29.8|76|73|111|0|0|0|0||15|04:25:08|Garmin Edge 1030|https://www.strava.com/activities/2279443597
4/9/2019|132.18|04:38:05|3568|0|0|0|0||0|0|28.5|74.9|73|109|0|0|0|0||13|05:24:43|Garmin Edge 1030|https://www.strava.com/activities/2277121540
4/8/2019|27.46|01:06:33|443|0|0|0|0||0|0|24.8|58.3|70|96|0|0|0|0||16|01:07:39|Garmin Edge 1030|https://www.strava.com/activities/2274342238
4/7/2019|172.75|06:07:08|4274|0|0|0|0||0|0|28.2|87.1|71|138|0|0|0|0||15|06:41:48|Garmin Edge 1030|https://www.strava.com/activities/2272565103
4/6/2019|116|03:52:59|2565|0|0|0|0||0|0|29.9|82.4|74|127|0|0|0|0||15|04:09:12|Garmin Edge 1030|https://www.strava.com/activities/2269019884
4/5/2019|124.13|04:32:20|3424|0|0|0|0||0|0|27.3|77|73|118|0|0|0|0||10|05:03:01|Garmin Edge 1030|https://www.strava.com/activities/2266754306
4/4/2019|47.62|01:38:15|860|0|0|0|0||0|0|29.1|68|72|97|0|0|0|0||7|01:38:59|Garmin Edge 1030|https://www.strava.com/activities/2264104514
4/3/2019|90.37|03:33:08|2706|0|0|0|0||0|0|25.4|66.2|75|101|0|0|0|0||13|03:39:07|Garmin Edge 1030|https://www.strava.com/activities/2262057609
4/2/2019|54.62|01:54:28|976|0|0|0|0||0|0|28.6|73.8|73|106|0|0|0|0||10|01:56:00|Garmin Edge 1030|https://www.strava.com/activities/2259886063
4/1/2019|35.77|01:30:01|863|0|0|0|0||0|0|23.8|62.6|0|0|0|0|0|0||8|01:31:46|Garmin Edge 1030|https://www.strava.com/activities/2256978168
4/17/2019|118.42|03:50:47|1687|0|0|0|0||0|0|30.8|58.3|77|123|0|0|0|0||18|04:00:07|Garmin Edge 1030|https://www.strava.com/activities/2296523863
4/30/2019|3.89|00:05:37|50|0|0|0|0||0|0|41.6|63.7|90|107|0|0|0|0||19|00:05:37|Garmin Edge 1030|https://www.strava.com/activities/2330705535
4/30/2019|8.61|00:18:27|99|0|0|0|0||0|0|28|55.4|72|97|0|0|0|0||16|00:19:44|Garmin Edge 1030|https://www.strava.com/activities/2330705479
4/30/2019|50.08|01:29:21|607|0|0|0|0||0|0|33.6|69.8|80|110|0|0|0|0||9|01:30:42|Garmin Edge 1030|https://www.strava.com/activities/2329937908
4/29/2019|0|00:00:00|0|0|0|0|0||0|0|0|0|0|123|0|0|0|0||0|00:46:26|Garmin Edge 1030|https://www.strava.com/activities/2328568910
4/28/2019|253.74|06:41:55|1601|0|0|0|0||0|0|37.9|82.4|82|137|0|0|0|0||4|06:43:48|Garmin Edge 1030|https://www.strava.com/activities/2325952023
4/26/2019|95.62|03:02:41|1957|0|0|0|0||0|0|31.4|69.1|75|111|0|0|0|0||10|03:13:22|Garmin Edge 1030|https://www.strava.com/activities/2320113679
4/25/2019|45.2|01:37:19|354|0|0|0|0||0|0|27.9|63.7|73|104|0|0|0|0||15|02:29:07|Garmin Edge 1000|https://www.strava.com/activities/2359965914
4/24/2019|193.82|05:01:05|2859|0|0|0|0||0|0|38.6|88.6|83|123|0|0|0|0||22|05:01:42|Garmin Edge 1030|https://www.strava.com/activities/2315487734
4/23/2019|68.46|02:08:55|809|0|0|0|0||0|0|31.9|56.9|0|0|0|0|0|0||14|02:13:32|Garmin Edge 1030|https://www.strava.com/activities/2312234456
4/22/2019|43.49|01:32:22|106|0|0|0|0||0|0|28.3|42.5|0|0|0|0|0|0||24|02:02:53|Garmin Edge 1030|https://www.strava.com/activities/2310075006
4/21/2019|219.85|05:36:24|2889|0|0|0|0||0|0|39.2|84.6|82|130|0|0|0|0||23|05:39:39|Garmin Edge 1030|https://www.strava.com/activities/2307761428
4/20/2019|61.4|02:05:04|715|0|0|0|0||0|0|29.5|62.6|70|146|0|0|0|0||21|02:12:40|Garmin Edge 1030|https://www.strava.com/activities/2304184815
4/18/2019|87.42|03:03:56|1293|0|0|0|0||0|0|28.5|61.6|73|101|0|0|0|0||17|03:13:03|Garmin Edge 1030|https://www.strava.com/activities/2298962596
4/16/2019|37.41|01:21:57|674|0|0|0|0||0|0|27.4|67.7|76|111|0|0|0|0||20|01:22:18|Garmin Edge 1030|https://www.strava.com/activities/2293798169
4/15/2019|167.62|05:46:25|3929|0|0|0|0||0|0|29|87.8|73|118|0|0|0|0||18|06:17:27|Garmin Edge 1030|https://www.strava.com/activities/2291790304
4/14/2019|115.43|03:50:41|2520|0|0|0|0||0|0|30|79.6|73|105|0|0|0|0||21|04:05:10|Garmin Edge 1030|https://www.strava.com/activities/2289746687
4/13/2019|169.63|05:50:34|4276|0|0|0|0||0|0|29|77.8|71|132|0|0|0|0||19|06:21:29|Garmin Edge 1030|https://www.strava.com/activities/2286924563
4/12/2019|25.36|01:02:52|395|0|0|0|0||0|0|24.2|71.3|69|109|0|0|0|0||18|01:03:47|Garmin Edge 1030|https://www.strava.com/activities/2284029025
4/11/2019|171.94|06:06:00|4469|0|0|0|0||0|0|28.2|79.9|72|120|0|0|0|0||18|07:01:16|Garmin Edge 1030|https://www.strava.com/activities/2282188487
4/10/2019|122.03|04:05:47|2713|0|0|0|0||0|0|29.8|76|73|111|0|0|0|0||15|04:25:08|Garmin Edge 1030|https://www.strava.com/activities/2279443597
4/9/2019|132.18|04:38:05|3568|0|0|0|0||0|0|28.5|74.9|73|109|0|0|0|0||13|05:24:43|Garmin Edge 1030|https://www.strava.com/activities/2277121540
4/8/2019|27.46|01:06:33|443|0|0|0|0||0|0|24.8|58.3|70|96|0|0|0|0||16|01:07:39|Garmin Edge 1030|https://www.strava.com/activities/2274342238
4/7/2019|172.75|06:07:08|4274|0|0|0|0||0|0|28.2|87.1|71|138|0|0|0|0||15|06:41:48|Garmin Edge 1030|https://www.strava.com/activities/2272565103
4/6/2019|116|03:52:59|2565|0|0|0|0||0|0|29.9|82.4|74|127|0|0|0|0||15|04:09:12|Garmin Edge 1030|https://www.strava.com/activities/2269019884
4/5/2019|124.13|04:32:20|3424|0|0|0|0||0|0|27.3|77|73|118|0|0|0|0||10|05:03:01|Garmin Edge 1030|https://www.strava.com/activities/2266754306
4/4/2019|47.62|01:38:15|860|0|0|0|0||0|0|29.1|68|72|97|0|0|0|0||7|01:38:59|Garmin Edge 1030|https://www.strava.com/activities/2264104514
4/3/2019|90.37|03:33:08|2706|0|0|0|0||0|0|25.4|66.2|75|101|0|0|0|0||13|03:39:07|Garmin Edge 1030|https://www.strava.com/activities/2262057609
4/2/2019|54.62|01:54:28|976|0|0|0|0||0|0|28.6|73.8|73|106|0|0|0|0||10|01:56:00|Garmin Edge 1030|https://www.strava.com/activities/2259886063
4/1/2019|35.77|01:30:01|863|0|0|0|0||0|0|23.8|62.6|0|0|0|0|0|0||8|01:31:46|Garmin Edge 1030|https://www.strava.com/activities/2256978168
4/17/2019|118.42|03:50:47|1687|0|0|0|0||0|0|30.8|58.3|77|123|0|0|0|0||18|04:00:07|Garmin Edge 1030|https://www.strava.com/activities/2296523863
4/30/2019|3.89|00:05:37|50|0|0|0|0||0|0|41.6|63.7|90|107|0|0|0|0||19|00:05:37|Garmin Edge 1030|https://www.strava.com/activities/2330705535
4/30/2019|8.61|00:18:27|99|0|0|0|0||0|0|28|55.4|72|97|0|0|0|0||16|00:19:44|Garmin Edge 1030|https://www.strava.com/activities/2330705479
4/30/2019|50.08|01:29:21|607|0|0|0|0||0|0|33.6|69.8|80|110|0|0|0|0||9|01:30:42|Garmin Edge 1030|https://www.strava.com/activities/2329937908
4/29/2019|0|00:00:00|0|0|0|0|0||0|0|0|0|0|123|0|0|0|0||0|00:46:26|Garmin Edge 1030|https://www.strava.com/activities/2328568910
4/28/2019|253.74|06:41:55|1601|0|0|0|0||0|0|37.9|82.4|82|137|0|0|0|0||4|06:43:48|Garmin Edge 1030|https://www.strava.com/activities/2325952023
4/26/2019|95.62|03:02:41|1957|0|0|0|0||0|0|31.4|69.1|75|111|0|0|0|0||10|03:13:22|Garmin Edge 1030|https://www.strava.com/activities/2320113679
4/25/2019|45.2|01:37:19|354|0|0|0|0||0|0|27.9|63.7|73|104|0|0|0|0||15|02:29:07|Garmin Edge 1000|https://www.strava.com/activities/2359965914
4/24/2019|193.82|05:01:05|2859|0|0|0|0||0|0|38.6|88.6|83|123|0|0|0|0||22|05:01:42|Garmin Edge 1030|https://www.strava.com/activities/2315487734
4/23/2019|68.46|02:08:55|809|0|0|0|0||0|0|31.9|56.9|0|0|0|0|0|0||14|02:13:32|Garmin Edge 1030|https://www.strava.com/activities/2312234456
4/22/2019|43.49|01:32:22|106|0|0|0|0||0|0|28.3|42.5|0|0|0|0|0|0||24|02:02:53|Garmin Edge 1030|https://www.strava.com/activities/2310075006
4/21/2019|219.85|05:36:24|2889|0|0|0|0||0|0|39.2|84.6|82|130|0|0|0|0||23|05:39:39|Garmin Edge 1030|https://www.strava.com/activities/2307761428
4/20/2019|61.4|02:05:04|715|0|0|0|0||0|0|29.5|62.6|70|146|0|0|0|0||21|02:12:40|Garmin Edge 1030|https://www.strava.com/activities/2304184815
4/18/2019|87.42|03:03:56|1293|0|0|0|0||0|0|28.5|61.6|73|101|0|0|0|0||17|03:13:03|Garmin Edge 1030|https://www.strava.com/activities/2298962596
4/16/2019|37.41|01:21:57|674|0|0|0|0||0|0|27.4|67.7|76|111|0|0|0|0||20|01:22:18|Garmin Edge 1030|https://www.strava.com/activities/2293798169
4/15/2019|167.62|05:46:25|3929|0|0|0|0||0|0|29|87.8|73|118|0|0|0|0||18|06:17:27|Garmin Edge 1030|https://www.strava.com/activities/2291790304
4/14/2019|115.43|03:50:41|2520|0|0|0|0||0|0|30|79.6|73|105|0|0|0|0||21|04:05:10|Garmin Edge 1030|https://www.strava.com/activities/2289746687
4/13/2019|169.63|05:50:34|4276|0|0|0|0||0|0|29|77.8|71|132|0|0|0|0||19|06:21:29|Garmin Edge 1030|https://www.strava.com/activities/2286924563
4/12/2019|25.36|01:02:52|395|0|0|0|0||0|0|24.2|71.3|69|109|0|0|0|0||18|01:03:47|Garmin Edge 1030|https://www.strava.com/activities/2284029025
4/11/2019|171.94|06:06:00|4469|0|0|0|0||0|0|28.2|79.9|72|120|0|0|0|0||18|07:01:16|Garmin Edge 1030|https://www.strava.com/activities/2282188487
4/10/2019|122.03|04:05:47|2713|0|0|0|0||0|0|29.8|76|73|111|0|0|0|0||15|04:25:08|Garmin Edge 1030|https://www.strava.com/activities/2279443597
4/9/2019|132.18|04:38:05|3568|0|0|0|0||0|0|28.5|74.9|73|109|0|0|0|0||13|05:24:43|Garmin Edge 1030|https://www.strava.com/activities/2277121540
4/8/2019|27.46|01:06:33|443|0|0|0|0||0|0|24.8|58.3|70|96|0|0|0|0||16|01:07:39|Garmin Edge 1030|https://www.strava.com/activities/2274342238
4/7/2019|172.75|06:07:08|4274|0|0|0|0||0|0|28.2|87.1|71|138|0|0|0|0||15|06:41:48|Garmin Edge 1030|https://www.strava.com/activities/2272565103
4/6/2019|116|03:52:59|2565|0|0|0|0||0|0|29.9|82.4|74|127|0|0|0|0||15|04:09:12|Garmin Edge 1030|https://www.strava.com/activities/2269019884
4/5/2019|124.13|04:32:20|3424|0|0|0|0||0|0|27.3|77|73|118|0|0|0|0||10|05:03:01|Garmin Edge 1030|https://www.strava.com/activities/2266754306
4/4/2019|47.62|01:38:15|860|0|0|0|0||0|0|29.1|68|72|97|0|0|0|0||7|01:38:59|Garmin Edge 1030|https://www.strava.com/activities/2264104514
4/3/2019|90.37|03:33:08|2706|0|0|0|0||0|0|25.4|66.2|75|101|0|0|0|0||13|03:39:07|Garmin Edge 1030|https://www.strava.com/activities/2262057609
4/2/2019|54.62|01:54:28|976|0|0|0|0||0|0|28.6|73.8|73|106|0|0|0|0||10|01:56:00|Garmin Edge 1030|https://www.strava.com/activities/2259886063
4/1/2019|35.77|01:30:01|863|0|0|0|0||0|0|23.8|62.6|0|0|0|0|0|0||8|01:31:46|Garmin Edge 1030|https://www.strava.com/activities/2256978168
4/17/2019|118.42|03:50:47|1687|0|0|0|0||0|0|30.8|58.3|77|123|0|0|0|0||18|04:00:07|Garmin Edge 1030|https://www.strava.com/activities/2296523863
7/31/2019|32.55|01:11:49|319|0|0|0|0||0|0|27.2|48.2|72|101|0|0|0|0||24|01:13:15|Garmin Edge 1000|https://www.strava.com/activities/2577943951
7/30/2019|123.61|04:17:58|2458|0|0|0|0||0|0|28.8|64.8|73|104|0|0|0|0||29|04:33:11|Garmin Edge 1000|https://www.strava.com/activities/2575627207
7/29/2019|105.64|03:47:44|2036|0|0|0|0||0|0|27.8|69.5|73|99|0|0|0|0||25|03:52:39|Garmin Edge 1000|https://www.strava.com/activities/2572856931
7/28/2019|40.53|01:33:28|550|0|0|0|0||0|0|26|69.5|72|97|0|0|0|0||22|01:34:10|Garmin Edge 1000|https://www.strava.com/activities/2572855647
7/27/2019|127.71|04:21:38|2627|0|0|0|0||0|0|29.3|82.1|71|109|0|0|0|0||23|04:29:57|Garmin Edge 1030|https://www.strava.com/activities/2566826765
7/23/2019|141.43|04:57:27|2417|0|0|0|0||0|0|28.5|68.8|74|96|0|0|0|0||29|05:16:51|Garmin Edge 1030|https://www.strava.com/activities/2556133091
7/21/2019|31.45|01:08:32|228|0|0|0|0||0|0|27.5|46.4|72|94|0|0|0|0||27|01:08:32|Garmin Edge 1030|https://www.strava.com/activities/2549904141
7/19/2019|64.52|02:13:02|987|0|0|0|0||0|0|29.1|63.7|74|108|0|0|0|0||24|02:25:55|Garmin Edge 1030|https://www.strava.com/activities/2544874257
7/17/2019|70.19|02:47:42|899|0|0|0|0||0|0|25.1|65.9|68|96|0|0|0|0||28|02:56:47|Garmin Edge 1030|https://www.strava.com/activities/2539475516
7/16/2019|146.04|05:03:59|2775|0|0|0|0||0|0|28.8|75.2|74|106|0|0|0|0||23|05:10:46|Garmin Edge 1030|https://www.strava.com/activities/2536622896
7/15/2019|75.85|02:31:33|1166|0|0|0|0||0|0|30|61.6|71|114|0|0|0|0||21|02:33:37|Garmin Edge 1030|https://www.strava.com/activities/2534029981
7/14/2019|101.87|03:28:13|1787|0|0|0|0||0|0|29.4|63.7|73|126|0|0|0|0||25|03:31:29|Garmin Edge 1030|https://www.strava.com/activities/2530956352
7/13/2019|59.16|01:59:37|329|0|0|0|0||0|0|29.7|47.2|75|98|0|0|0|0||28|02:01:48|Garmin Edge 1030|https://www.strava.com/activities/2527982345
7/12/2019|151.36|05:04:23|2649|0|0|0|0||0|0|29.8|66.6|72|108|0|0|0|0||25|05:18:29|Garmin Edge 1030|https://www.strava.com/activities/2525647268
7/11/2019|109.5|03:45:03|1984|0|0|0|0||0|0|29.2|81.7|74|121|0|0|0|0||22|03:50:25|Garmin Edge 1030|https://www.strava.com/activities/2522917011
7/10/2019|83.51|02:36:14|710|0|0|0|0||0|0|32.1|61.2|80|101|0|0|0|0|1,820|22|02:46:44|Garmin Edge 1030|https://www.strava.com/activities/2519982264
7/9/2019|102.39|03:17:40|1465|0|0|0|0||0|0|31.1|70.9|80|116|0|0|0|0|2,570|27|03:19:19|Garmin Edge 1030|https://www.strava.com/activities/2517067079
7/26/2019|38.43|01:24:58|220|0|0|0|0||0|0|27.1|49.7|70|89|0|0|0|0||28|02:04:21|Garmin Edge 1030|https://www.strava.com/activities/2564107961
7/25/2019|157.38|05:33:44|2581|0|0|0|0||0|0|28.3|66.6|71|101|0|0|0|0||30|05:49:34|Garmin Edge 1030|https://www.strava.com/activities/2561854034
7/24/2019|41.69|01:26:36|216|0|0|0|0||0|0|28.9|45.7|74|92|0|0|0|0||29|01:30:29|Garmin Edge 1030|https://www.strava.com/activities/2558608138
7/22/2019|98.62|03:30:37|1527|0|0|0|0||0|0|28.1|69.5|70|111|0|0|0|0||30|03:38:59|Garmin Edge 1030|https://www.strava.com/activities/2553218694
7/20/2019|147.65|05:08:57|2912|0|0|0|0||0|0|28.7|81.7|74|101|0|0|0|0||25|05:34:35|Garmin Edge 1030|https://www.strava.com/activities/2547701559
7/18/2019|113.78|03:48:18|1196|0|0|0|0||0|0|29.9|65.5|73|118|0|0|0|0||25|03:54:37|Garmin Edge 1030|https://www.strava.com/activities/2542294511
7/8/2019|74.5|02:42:53|1095|0|0|0|0||0|0|27.4|68.8|72|100|0|0|0|0|1,676|28|02:50:44|Garmin Edge 1030|https://www.strava.com/activities/2514199658
7/6/2019|70.01|02:27:36|478|0|0|0|0||0|0|28.5|56.5|76|96|0|0|0|0|1,244|31|03:01:28|Garmin Edge 1030|https://www.strava.com/activities/2508414398
7/5/2019|78.26|02:40:30|507|0|0|0|0||0|0|29.3|56.9|77|107|0|0|0|0|1,378|29|02:43:47|Garmin Edge 1030|https://www.strava.com/activities/2505799146
7/4/2019|67.41|02:36:09|900|0|0|0|0||0|0|25.9|59.8|74|96|0|0|0|0|1,501|28|03:05:29|Garmin Edge 1030|https://www.strava.com/activities/2503089765
8/31/2019|188.27|04:32:00|1690|0|0|0|0||0|0|41.5|82.8|80|125|0|0|0|0|3,182|32|04:32:26|Garmin Edge 1030|https://www.strava.com/activities/2668028191
8/30/2019|199.51|04:22:40|2268|0|0|0|0||0|0|45.6|85.3|84|127|0|0|0|0|4,059|24|04:23:09|Garmin Edge 1030|https://www.strava.com/activities/2664812661
8/29/2019|166.19|03:49:14|1390|0|0|0|0||0|0|43.5|89.3|80|131|0|0|0|0|2,772|25|03:49:40|Garmin Edge 1030|https://www.strava.com/activities/2662535400
8/28/2019|57.27|01:42:13|153|0|0|0|0||0|0|33.6|43.6|79|101|0|0|0|0|1,004|28|01:43:07|Garmin Edge 1030|https://www.strava.com/activities/2658387955
8/27/2019|91.06|02:50:13|576|0|0|0|0||0|0|32.1|67|78|107|0|0|0|0||27|02:59:11|Garmin Edge 1030|https://www.strava.com/activities/2655929091
8/26/2019|49.62|01:32:17|145|0|0|0|0||0|0|32.3|47.2|78|117|0|0|0|0|845|32|01:35:54|Garmin Edge 1030|https://www.strava.com/activities/2652824374
8/25/2019|215.9|04:58:13|1343|0|0|0|0||0|0|43.4|84.6|81|114|0|0|0|0|3,493|28|04:58:38|Garmin Edge 1030|https://www.strava.com/activities/2650678091
8/23/2019|76.86|02:47:22|1888|0|0|0|0||0|0|27.6|77.8|74|100|0|0|0|0||20|02:49:53|Garmin Edge 1030|https://www.strava.com/activities/2643857958
8/22/2019|86.79|03:19:59|1898|0|0|0|0||0|0|26|66.2|64|96|0|0|0|0||23|03:24:58|Garmin Edge 1030|https://www.strava.com/activities/2640978499
8/21/2019|40.64|01:22:49|313|0|0|0|0||0|0|29.4|74.2|74|93|0|0|0|0||27|01:23:09|Garmin Edge 1030|https://www.strava.com/activities/2637816596
8/20/2019|118.11|04:07:06|2353|0|0|0|0||0|0|28.7|67|72|102|0|0|0|0||22|04:19:37|Garmin Edge 1030|https://www.strava.com/activities/2635062086
8/19/2019|82.69|03:10:59|1944|0|0|0|0||0|0|26|71.6|63|98|0|0|0|0||26|03:17:56|Garmin Edge 1030|https://www.strava.com/activities/2633150244
8/18/2019|39.31|01:29:44|495|0|0|0|0||0|0|26.3|63.4|76|96|0|0|0|0||24|01:30:03|Garmin Edge 1030|https://www.strava.com/activities/2633149254
8/15/2019|103.97|03:47:41|2050|0|0|0|0||0|0|27.4|76|75|106|0|0|0|0||22|03:54:23|Garmin Edge 1030|https://www.strava.com/activities/2620829681
8/14/2019|41.94|01:39:36|558|0|0|0|0||0|0|25.3|58.7|72|96|0|0|0|0||23|01:40:59|Garmin Edge 1030|https://www.strava.com/activities/2617884078
8/13/2019|155.93|05:55:09|4070|0|0|0|0||0|0|26.3|82.1|71|109|0|0|0|0||23|06:21:26|Garmin Edge 1030|https://www.strava.com/activities/2615253016
8/9/2019|98.32|03:44:18|2116|0|0|0|0||0|0|26.3|70.6|64|97|0|0|0|0||29|03:56:25|Garmin Edge 1030|https://www.strava.com/activities/2604194443
8/8/2019|42.7|01:39:28|614|0|0|0|0||0|0|25.8|62.6|73|95|0|0|0|0||23|01:40:10|Garmin Edge 1000|https://www.strava.com/activities/2600919489
8/7/2019|136.87|05:00:18|3576|0|0|0|0||0|0|27.3|72.4|75|104|0|0|0|0||22|05:12:10|Garmin Edge 1000|https://www.strava.com/activities/2598549359
8/6/2019|86.68|02:55:56|1255|0|0|0|0||0|0|29.6|69.5|74|100|0|0|0|0||25|03:03:10|Garmin Edge 1000|https://www.strava.com/activities/2595147154
8/5/2019|59.85|02:06:03|883|0|0|0|0||0|0|28.5|67|68|100|0|0|0|0||26|02:07:28|Garmin Edge 1000|https://www.strava.com/activities/2592370001
8/3/2019|223.8|05:49:23|3524|0|0|0|0||0|0|38.4|90|81|133|0|0|0|0|4,816|27|05:50:22|Garmin Edge 1000|https://www.strava.com/activities/2587224137
8/2/2019|18.41|00:45:21|218|0|0|0|0||0|0|24.4|53.6|69|143|0|0|0|0|376|25|00:46:24|Garmin Edge 1000|https://www.strava.com/activities/2584265614
8/1/2019|111.5|03:13:46|1153|0|0|0|0||0|0|34.5|73.4|81|129|0|0|0|0||29|03:51:28|Garmin Edge 1000|https://www.strava.com/activities/2581193396
8/17/2019|123.53|03:49:19|1698|0|0|0|0||0|0|32.3|78.5|81|120|0|0|0|0||24|04:14:08|Garmin Edge 1030|https://www.strava.com/activities/2626384400
8/16/2019|90.27|03:38:01|2053|0|0|0|0||0|0|24.8|62.3|64|104|0|0|0|0||23|04:04:29|Garmin Edge 1030|https://www.strava.com/activities/2623707139
8/12/2019|95.2|03:34:01|2057|0|0|0|0||0|0|26.7|69.5|65|99|0|0|0|0||26|03:50:41|Garmin Edge 1030|https://www.strava.com/activities/2612574818
8/10/2019|159.78|05:55:59|3411|0|0|0|0||0|0|26.9|66.6|70|104|0|0|0|0||25|06:27:02|Garmin Edge 1030|https://www.strava.com/activities/2606885154
9/29/2019|94.36|03:12:50|1361|0|0|0|0||0|0|29.4|63.7|73|95|0|0|0|0||16|03:14:01|Garmin Edge 1030|https://www.strava.com/activities/2748825936
9/28/2019|45.45|01:40:03|330|0|0|0|0||0|0|27.3|70.9|70|90|0|0|0|0||19|01:48:48|Garmin Edge 1030|https://www.strava.com/activities/2745779185
9/27/2019|110.31|03:52:36|2075|0|0|0|0||0|0|28.5|64.4|73|99|0|0|0|0||17|04:09:22|Garmin Edge 1030|https://www.strava.com/activities/2743684858
9/26/2019|82.79|03:05:06|1776|0|0|0|0||0|0|26.8|77.4|69|100|0|0|0|0||15|03:11:37|Garmin Edge 1030|https://www.strava.com/activities/2741050756
9/25/2019|39.35|01:38:30|485|0|0|0|0||0|0|24|62.6|70|99|0|0|0|0||17|01:38:59|Garmin Edge 1030|https://www.strava.com/activities/2738206860
9/24/2019|127.44|04:27:38|2742|0|0|0|0||0|0|28.6|77|72|109|0|0|0|0||14|04:39:49|Garmin Edge 1030|https://www.strava.com/activities/2735836171
9/23/2019|85.55|03:16:59|1985|0|0|0|0||0|0|26.1|61.9|66|102|0|0|0|0|2,425|11|03:19:02|Garmin Edge 1030|https://www.strava.com/activities/2733219306
9/21/2019|180.31|06:33:01|4303|0|0|0|0||0|0|27.5|70.9|69|110|0|0|0|0||13|06:48:59|Garmin Edge 1030|https://www.strava.com/activities/2727656441
9/20/2019|37.27|01:21:14|381|0|0|0|0||0|0|27.5|60.1|74|95|0|0|0|0||16|01:57:15|Garmin Edge 1030|https://www.strava.com/activities/2724595858
9/19/2019|119.57|04:11:00|2192|0|0|0|0||0|0|28.6|63.4|77|97|0|0|0|0||13|04:18:01|Garmin Edge 1030|https://www.strava.com/activities/2722053139
9/18/2019|99.27|03:12:22|1696|0|0|0|0||0|0|31|64.4|77|100|0|0|0|0||19|03:16:20|Garmin Edge 1030|https://www.strava.com/activities/2719079760
9/15/2019|222.61|06:09:28|4422|0|0|0|0||0|0|36.2|81|79|126|0|0|0|0|5,162|15|06:10:31|Garmin Edge 1030|https://www.strava.com/activities/2712306954
9/14/2019|24.56|01:05:18|479|0|0|0|0||0|0|22.6|56.2|68|122|0|0|0|0|562|22|01:07:19|Garmin Edge 1030|https://www.strava.com/activities/2712303436
9/13/2019|200.6|05:11:32|2865|0|0|0|0||0|0|38.6|91.4|81|124|0|0|0|0|4,360|16|05:12:56|Garmin Edge 1030|https://www.strava.com/activities/2706052430
9/12/2019|49.48|01:48:33|598|0|0|0|0||0|0|27.3|74.2|70|110|0|0|0|0|918|17|02:36:40|Garmin Edge 1030|https://www.strava.com/activities/2702471707
9/11/2019|99.81|03:03:06|531|0|0|0|0||0|0|32.7|75.2|78|103|0|0|0|0|2,048|9|03:10:22|Garmin Edge 1030|https://www.strava.com/activities/2700794732
9/9/2019|138.79|05:02:06|3121|0|0|0|0||0|0|27.6|64.8|71|107|0|0|0|0||16|05:10:15|Garmin Edge 1030|https://www.strava.com/activities/2693265562
9/8/2019|24|00:50:47|155|0|0|0|0||0|0|28.4|43.9|75|92|0|0|0|0||13|00:50:47|Garmin Edge 1030|https://www.strava.com/activities/2690042483
9/7/2019|98.28|03:50:17|2557|0|0|0|0||0|0|25.6|66.6|71|112|0|0|0|0||15|03:58:20|Garmin Edge 1030|https://www.strava.com/activities/2687131246
9/5/2019|185.27|06:18:52|3640|0|0|0|0||0|0|29.3|72.4|67|103|0|0|0|0||21|06:57:06|Garmin Edge 1030|https://www.strava.com/activities/2682017843
9/4/2019|78.23|02:41:44|1014|0|0|0|0||0|0|29|53.6|75|101|0|0|0|0||21|03:02:50|Garmin Edge 1030|https://www.strava.com/activities/2680039955
9/3/2019|63.39|02:02:46|797|0|0|0|0||0|0|31|66.2|75|96|0|0|0|0||23|02:08:31|Garmin Edge 1030|https://www.strava.com/activities/2675715331
9/2/2019|23.49|00:49:36|211|0|0|0|0||0|0|28.4|49.3|72|97|0|0|0|0|486|24|01:11:40|Garmin Edge 1030|https://www.strava.com/activities/2672819630
9/1/2019|157.88|03:48:58|2182|0|0|0|0||0|0|41.4|85|80|130|0|0|0|0|3,215|20|03:49:31|Garmin Edge 1030|https://www.strava.com/activities/2671395980
10/27/2019|52.07|01:51:04|860|0|0|0|0||0|0|28.1|60.5|73|94|0|0|0|0|1,334|14|01:52:05|Garmin Edge 1030|https://www.strava.com/activities/2820275150
10/26/2019|120|04:25:10|2046|0|0|0|0||0|0|27.2|67.3|74|106|0|0|0|0|3,106|14|04:43:28|Garmin Edge 1030|https://www.strava.com/activities/2818105209
10/25/2019|138.88|04:40:07|1224|0|0|0|0||0|0|29.7|64.8|74|102|0|0|0|0|3,148|14|04:55:15|Garmin Edge 1030|https://www.strava.com/activities/2815626939
10/22/2019|167.05|03:41:38|808|0|0|0|0||0|0|45.2|78.1|79|121|0|0|0|0|2,411|20|03:42:07|Garmin Edge 1030|https://www.strava.com/activities/2815624916
10/22/2019|2.7|00:05:31|5|0|0|0|0||0|0|29.4|40.3|67|84|0|0|0|0|30|23|00:05:31|Garmin Edge 1030|https://www.strava.com/activities/2815623206
10/21/2019|212.27|05:03:21|1406|0|0|0|0||0|0|42|76.7|78|121|0|0|0|0|3,004|30|05:04:20|Garmin Edge 1030|https://www.strava.com/activities/2815623413
10/21/2019|6.19|00:16:05|34|0|0|0|0||0|0|23.1|43.9|64|81|0|0|0|0|59|26|00:17:21|Garmin Edge 1030|https://www.strava.com/activities/2815621318
10/20/2019|160.71|03:49:19|1183|0|0|0|0||0|0|42.1|75.2|82|114|0|0|0|0|2,386|29|03:49:47|Garmin Edge 1030|https://www.strava.com/activities/2803280915
10/20/2019|7.32|00:18:19|34|0|0|0|0||0|0|24|38.9|66|92|0|0|0|0|62|26|00:24:59|Garmin Edge 1030|https://www.strava.com/activities/2803389678
10/19/2019|7.01|00:16:22|35|0|0|0|0||0|0|25.7|46.8|69|92|0|0|0|0|86|32|00:17:45|Garmin Edge 1030|https://www.strava.com/activities/2803389007
10/19/2019|140.1|03:23:59|1424|0|0|0|0||0|0|41.2|85.7|81|124|0|0|0|0|2,395|29|03:24:37|Garmin Edge 1030|https://www.strava.com/activities/2803388712
10/19/2019|5.53|00:13:19|32|0|0|0|0||0|0|24.9|40|67|88|0|0|0|0|70|26|00:20:06|Garmin Edge 1030|https://www.strava.com/activities/2803383059
10/18/2019|150.5|03:36:37|492|0|0|0|0||0|0|41.7|65.2|80|119|0|0|0|0|2,116|28|03:37:11|Garmin Edge 1030|https://www.strava.com/activities/2797646657
10/18/2019|2.65|00:05:53|4|0|0|0|0||0|0|27.1|32.4|69|86|0|0|0|0|32|31|00:05:53|Garmin Edge 1030|https://www.strava.com/activities/2797645626
10/18/2019|5.78|00:12:16|14|0|0|0|0||0|0|28.3|36.4|72|97|0|0|0|0|64|26|00:12:37|Garmin Edge 1030|https://www.strava.com/activities/2797645497
10/17/2019|135.27|02:57:24|455|0|0|0|0||0|0|45.8|75.6|82|119|0|0|0|0|2,081|30|02:57:24|Garmin Edge 1030|https://www.strava.com/activities/2797645456
10/17/2019|3.16|00:06:06|5|0|0|0|0||0|0|31.2|37.8|74|92|0|0|0|0|40|35|00:06:06|Garmin Edge 1030|https://www.strava.com/activities/2797644679
10/17/2019|5.73|00:14:24|14|0|0|0|0||0|0|23.9|33.1|72|104|0|0|0|0|85|29|00:14:24|Garmin Edge 1030|https://www.strava.com/activities/2797644590
10/16/2019|54.78|01:52:44|153|0|0|0|0||0|0|29.2|52.2|74|106|0|0|0|0|833|30|02:05:35|Garmin Edge 1030|https://www.strava.com/activities/2792656488
10/13/2019|36.64|01:36:33|281|0|0|0|0||0|0|22.8|54.7|66|84|0|0|0|0|583|14|02:02:06|Garmin Edge 1030|https://www.strava.com/activities/2785032973
10/12/2019|238.55|05:58:47|3655|0|0|0|0||0|0|39.9|88.6|81|133|0|0|0|0|5,292|15|06:00:06|Garmin Edge 1030|https://www.strava.com/activities/2783374088
10/11/2019|30.43|01:06:06|105|0|0|0|0||0|0|27.6|45|69|100|0|0|0|0|447|16|01:56:03|Garmin Edge 1030|https://www.strava.com/activities/2783365372
10/10/2019|181.72|04:23:40|2105|0|0|0|0||0|0|41.4|76.3|80|118|0|0|0|0|3,645|16|04:24:16|Garmin Edge 1030|https://www.strava.com/activities/2777968532
10/9/2019|42.42|01:33:46|732|0|0|0|0||0|0|27.1|61.9|71|106|0|0|0|0||11|01:34:32|Garmin Edge 1030|https://www.strava.com/activities/2774702732
10/8/2019|72.97|02:42:39|1183|0|0|0|0||0|0|26.9|61.9|71|100|0|0|0|0||11|03:02:35|Garmin Edge 1030|https://www.strava.com/activities/2772224087
10/7/2019|30.33|01:20:39|244|0|0|0|0||0|0|22.6|49.7|67|87|0|0|0|0|719|15|02:35:19|Garmin Edge 1030|https://www.strava.com/activities/2769743306
10/6/2019|153.78|03:21:55|665|0|0|0|0||0|0|45.7|70.6|81|129|0|0|0|0|2,873|14|03:22:26|Garmin Edge 1030|https://www.strava.com/activities/2769742586
10/6/2019|2.59|00:06:43|17|0|0|0|0||0|0|23.2|51.5|61|81|0|0|0|0|28|20|00:06:43|Garmin Edge 1030|https://www.strava.com/activities/2769739332
10/5/2019|134.52|03:39:27|3033|0|0|0|0||0|0|36.8|95.4|82|120|0|0|0|0|3,560|14|03:40:22|Garmin Edge 1030|https://www.strava.com/activities/2765204336
10/4/2019|153.45|03:29:12|1532|0|0|0|0||0|0|44|81|83|129|0|0|0|0|2,836|18|03:30:28|Garmin Edge 1030|https://www.strava.com/activities/2762498978
10/3/2019|44.45|01:01:20|635|0|0|0|0||0|0|43.5|75.2|86|122|0|0|0|0|1,059|14|01:01:20|Garmin Edge 1030|https://www.strava.com/activities/2761453680
10/3/2019|19.25|00:38:03|153|0|0|0|0||0|0|30.4|62.3|76|97|0|0|0|0|411|8|00:39:56|Garmin Edge 1030|https://www.strava.com/activities/2761452962
10/3/2019|8.86|00:17:38|100|0|0|0|0||0|0|30.2|50|74|98|0|0|0|0|193|11|00:18:02|Garmin Edge 1030|https://www.strava.com/activities/2761452472
10/2/2019|181.99|04:23:43|1470|0|0|0|0||0|0|41.4|84.2|81|134|0|0|0|0|3,441|18|04:24:44|Garmin Edge 1030|https://www.strava.com/activities/2761452500
10/1/2019|198.98|04:26:55|992|0|0|0|0||0|0|44.7|81.7|82|114|0|0|0|0|3,089|25|04:27:31|Garmin Edge 1030|https://www.strava.com/activities/2761450135
10/1/2019|9.74|00:19:13|7|0|0|0|0||0|0|30.4|41.8|68|97|0|0|0|0|96|26|00:19:13|Garmin Edge 1030|https://www.strava.com/activities/2761447354
11/30/2019|110.28|04:03:59|1750|0|0|0|0||0|0|27.1|72|73|102|0|0|0|0|2,727|8|04:29:09|Garmin Edge 1030|https://www.strava.com/activities/2901714733
11/29/2019|57.19|02:17:24|1140|0|0|0|0||0|0|25|64.4|73|105|0|0|0|0|1,557|8|03:01:46|Garmin Edge 1030|https://www.strava.com/activities/2899775955
11/28/2019|118.76|04:16:12|1606|0|0|0|0||0|0|27.8|64.1|72|98|0|0|0|0|2,844|7|04:34:37|Garmin Edge 1030|https://www.strava.com/activities/2897178218
11/26/2019|110.32|03:54:32|1453|0|0|0|0||0|0|28.2|64.1|74|97|0|0|0|0|2,673|8|04:22:02|Garmin Edge 1030|https://www.strava.com/activities/2892646928
11/25/2019|116.8|03:51:02|1223|0|0|0|0||0|0|30.3|72.7|77|101|0|0|0|0|2,834|13|03:53:50|Garmin Edge 1030|https://www.strava.com/activities/2890480523
11/21/2019|65.69|02:13:19|612|0|0|0|0||0|0|29.6|59.8|76|106|0|0|0|0|1,573|8|02:15:12|Garmin Edge 1030|https://www.strava.com/activities/2880784222
11/20/2019|89.69|03:14:34|1370|0|0|0|0||0|0|27.7|63|74|107|0|0|0|0|2,312|9|03:21:03|Garmin Edge 1030|https://www.strava.com/activities/2878609505
11/18/2019|76.88|02:41:35|913|0|0|0|0||0|0|28.5|59.8|75|106|0|0|0|0|1,958|6|02:45:01|Garmin Edge 1030|https://www.strava.com/activities/2873652282
11/16/2019|63.25|02:12:51|685|0|0|0|0||0|0|28.6|67|75|98|0|0|0|0|1,341|8|02:14:53|Garmin Edge 1030|https://www.strava.com/activities/2868375215
11/14/2019|65.63|02:17:14|691|0|0|0|0||0|0|28.7|67|74|94|0|0|0|0|1,407|7|02:25:30|Garmin Edge 1030|https://www.strava.com/activities/2864813832
11/13/2019|49.64|01:47:09|544|0|0|0|0||0|0|27.8|64.1|76|102|0|0|0|0|1,206|7|01:57:35|Garmin Edge 1030|https://www.strava.com/activities/2861792690
11/4/2019|80.37|03:00:01|1093|0|0|0|0||0|0|26.8|65.9|72|174|0|0|0|0|1,865|11|03:09:03|Garmin Edge 1030|https://www.strava.com/activities/2841569770
12/18/2019|102.61|03:22:35|1151|0|0|0|0||0|0|30.4|70.9|69|124|0|0|0|0||12|04:20:10|Garmin Edge 1030|https://www.strava.com/activities/2940776229
12/17/2019|163.32|05:24:18|2825|0|0|0|0||0|0|30.2|77.8|70|114|0|0|0|0||11|06:14:23|Garmin Edge 1030|https://www.strava.com/activities/2938988487
12/16/2019|50.61|01:47:29|407|0|0|0|0||0|0|28.3|52.6|65|91|0|0|0|0|1,493|13|02:23:04|Garmin Edge 1030|https://www.strava.com/activities/2936668487
12/15/2019|171.35|05:31:04|2904|0|0|0|0||0|0|31.1|74.5|71|119|0|0|0|0||11|06:12:00|Garmin Edge 1030|https://www.strava.com/activities/2934850201
12/14/2019|122.69|03:46:14|1833|0|0|0|0||0|0|32.5|75.2|71|132|0|0|0|0||14|04:38:29|Garmin Edge 1030|https://www.strava.com/activities/2932148719
12/10/2019|148.41|04:56:37|1923|0|0|0|0||0|0|30|67.7|72|106|0|0|0|0||8|05:10:46|Garmin Edge 1030|https://www.strava.com/activities/2924011536
12/9/2019|84.58|03:10:37|1780|0|0|0|0||0|0|26.6|61.2|65|135|0|0|0|0||2|03:12:43|Garmin Edge 1030|https://www.strava.com/activities/2922203489
12/8/2019|39.13|01:42:30|297|0|0|0|0||0|0|22.9|44.3|67|110|0|0|0|0||6|02:05:10|Garmin Edge 1030|https://www.strava.com/activities/2919335792
12/5/2019|48.02|01:41:27|786|0|0|0|0||0|0|28.4|57.6|72|102|0|0|0|0|1,237|4|01:42:55|Garmin Edge 1030|https://www.strava.com/activities/2912988649
12/4/2019|62.58|02:14:56|758|0|0|0|0||0|0|27.8|68.8|70|95|0|0|0|0|1,263|4|02:30:24|Garmin Edge 1030|https://www.strava.com/activities/2910506676
12/3/2019|68.25|02:53:08|1866|0|0|0|0||0|0|23.7|87.5|70|119|0|0|0|0|2,024|2|02:56:16|Garmin Edge 1030|https://www.strava.com/activities/2910505895
12/2/2019|110.72|04:00:55|1825|0|0|0|0||0|0|27.6|72.7|71|116|0|0|0|0|2,442|3|04:38:00|Garmin Edge 1030|https://www.strava.com/activities/2906204431
12/1/2019|56.57|02:12:09|1116|0|0|0|0||0|0|25.7|62.6|70|101|0|0|0|0|1,400|3|02:19:06|Garmin Edge 1030|https://www.strava.com/activities/2904536513
12/7/2019|113|04:10:40|2203|0|0|0|0||0|0|27|76.3|70|102|0|0|0|0|3,123|5|04:25:38|Garmin Edge 1030|https://www.strava.com/activities/2917196123
12/6/2019|107.09|04:00:17|1906|0|0|0|0||0|0|26.7|63|70|113|0|0|0|0|2,793|2|04:08:21|Garmin Edge 1030|https://www.strava.com/activities/2917194073
1/31/2020|30.56|01:08:57|233|0|0|0|0||0|0|26.6|52.9|71|102|0|0|0|0|617|18|01:08:57|Garmin Edge 830|https://www.strava.com/activities/3058814049
1/30/2020|168.01|03:41:18|937|0|0|0|0||0|0|45.6|79.6|83|119|0|0|0|0|3,145|18|03:41:49|Garmin Edge 830|https://www.strava.com/activities/3056557896
1/28/2020|137.29|04:33:47|2865|0|0|0|0||0|0|30.1|79.9|77|112|0|0|0|0|3,725|15|05:14:37|Garmin Edge 830|https://www.strava.com/activities/3050836331
1/27/2020|60.18|01:55:41|383|0|0|0|0||0|0|31.2|58.7|74|94|0|0|0|0|1,373|13|02:28:30|Garmin Edge 830|https://www.strava.com/activities/3047852118
1/21/2020|41.65|01:28:20|351|0|0|0|0||0|0|28.3|70.6|71|91|0|0|0|0|840|4|01:39:23|Garmin Edge 1030|https://www.strava.com/activities/3030384498
1/31/2020|30.56|01:08:57|233|0|0|0|0||0|0|26.6|52.9|71|102|0|0|0|0|617|18|01:08:57|Garmin Edge 830|https://www.strava.com/activities/3058814049
1/30/2020|168.01|03:41:18|937|0|0|0|0||0|0|45.6|79.6|83|119|0|0|0|0|3,145|18|03:41:49|Garmin Edge 830|https://www.strava.com/activities/3056557896
1/28/2020|137.29|04:33:47|2865|0|0|0|0||0|0|30.1|79.9|77|112|0|0|0|0|3,725|15|05:14:37|Garmin Edge 830|https://www.strava.com/activities/3050836331
1/27/2020|60.18|01:55:41|383|0|0|0|0||0|0|31.2|58.7|74|94|0|0|0|0|1,373|13|02:28:30|Garmin Edge 830|https://www.strava.com/activities/3047852118
1/21/2020|41.65|01:28:20|351|0|0|0|0||0|0|28.3|70.6|71|91|0|0|0|0|840|4|01:39:23|Garmin Edge 1030|https://www.strava.com/activities/3030384498
3/31/2020|39.11|01:16:08|657|0|0|0|0||0|0|30.8|78.5|74|96|0|0|0|0|||01:17:47|Zwift|https://www.strava.com/activities/3237688209
3/30/2020|45.63|01:20:42|749|0|0|0|0||0|0|33.9|70.9|75|101|0|0|0|0|||01:20:42|Zwift|https://www.strava.com/activities/3234163014
3/28/2020|79.66|02:01:04|479|0|0|0|0||0|0|39.5|62.3|77|113|0|0|0|0|||02:03:21|Zwift|https://www.strava.com/activities/3226788648
3/27/2020|68.85|01:45:46|436|0|0|0|0||0|0|39.1|61.9|75|96|0|0|0|0|||01:45:46|Zwift|https://www.strava.com/activities/3223063773
3/26/2020|58.07|01:37:28|577|0|0|0|0||0|0|35.7|79.2|76|105|0|0|0|0|||01:39:12|Zwift|https://www.strava.com/activities/3219632251
3/25/2020|54.39|01:32:50|813|0|0|0|0||0|0|35.2|74.9|78|97|0|0|0|0|||01:34:38|Zwift|https://www.strava.com/activities/3215979043
3/21/2020|30.96|00:57:25|554|0|0|0|0||0|0|32.4|85.7|79|111|0|0|0|0|||00:57:25|Zwift|https://www.strava.com/activities/3202891085
3/20/2020|47.31|01:24:44|819|0|0|0|0||0|0|33.5|89.3|79|102|0|0|0|0|||01:25:03|Zwift|https://www.strava.com/activities/3199843732
3/19/2020|10.62|00:19:53|127|0|0|0|0||0|0|32.1|57.2|82|94|0|0|0|0|||00:20:08|Zwift|https://www.strava.com/activities/3196689750
3/19/2020|2.92|00:05:25|25|0|0|0|0||0|0|32.4|52.6|75|89|0|0|0|0|||00:05:25|Zwift|https://www.strava.com/activities/3196643249
3/18/2020|12.86|00:23:23|170|0|0|0|0||0|0|33|60.1|67|96|0|0|0|0|||00:23:23|Zwift|https://www.strava.com/activities/3193834552
3/18/2020|21.86|00:47:14|292|0|0|0|0||0|0|27.8|73.4|78|118|0|0|0|0|||00:48:33|Zwift|https://www.strava.com/activities/3193718018
3/15/2020|3.96|01:08:39|0|0|0|0|0||0|0|0|0|0|0|0|0|0|0|||00:00:00||https://www.strava.com/activities/3185908317
3/15/2020|43.7|01:44:52|1270|0|0|0|0||0|0|25|73.1|69|99|0|0|0|0|1,382|11|01:48:13|Garmin Edge 1030|https://www.strava.com/activities/3185057887
3/14/2020|81.97|03:21:11|2125|0|0|0|0||0|0|24.4|78.5|69|101|0|0|0|0||13|04:00:38|Garmin Edge 1030|https://www.strava.com/activities/3182429431
3/13/2020|111.11|03:50:53|1923|0|0|0|0||0|0|28.9|69.1|73|101|0|0|0|0||12|04:20:55|Garmin Edge 1030|https://www.strava.com/activities/3179655084
3/12/2020|26.75|01:09:26|584|0|0|0|0||0|0|23.1|59.8|69|122|0|0|0|0|706|18|01:29:41|Garmin Edge 1030|https://www.strava.com/activities/3176962017
3/11/2020|151.12|05:19:00|2447|0|0|0|0||0|0|28.4|69.8|72|114|0|0|0|0||16|05:56:56|Garmin Edge 1030|https://www.strava.com/activities/3174319879
3/10/2020|77.46|03:08:43|2255|0|0|0|0||0|0|24.6|68.8|62|99|0|0|0|0||11|03:09:46|Garmin Edge 1030|https://www.strava.com/activities/3171294829
3/9/2020|61.78|02:09:51|934|0|0|0|0||0|0|28.5|73.1|75|102|0|0|0|0||8|02:10:47|Garmin Edge 1030|https://www.strava.com/activities/3168125259
3/24/2020|49.83|01:26:20|760|0|0|0|0||0|0|34.6|70.6|78|101|0|0|0|0|||01:27:56|Zwift|https://www.strava.com/activities/3212531945
3/19/2020|49.46|01:23:13|550|0|0|0|0||0|0|35.7|65.9|75|121|0|0|0|0|||01:24:00|Zwift|https://www.strava.com/activities/3196884592
4/30/2020|50.28|01:20:26|361|0|0|0|0||0|0|37.5|69.5|73|89|0|0|0|0|||01:21:59|Zwift|https://www.strava.com/activities/3374533116
4/29/2020|50.63|01:19:43|367|0|0|0|0||0|0|38.1|66.2|72|97|0|0|0|0|||01:19:43|Zwift|https://www.strava.com/activities/3369974709
4/28/2020|40.7|01:07:21|318|0|0|0|0||0|0|36.3|66.2|74|106|0|0|0|0|||01:08:33|Zwift|https://www.strava.com/activities/3365127854
4/27/2020|49.97|01:11:31|266|0|0|0|0||0|0|41.9|60.5|76|98|0|0|0|0|||01:11:31|Zwift|https://www.strava.com/activities/3360400037
4/27/2020|4.67|00:09:00|46|0|0|0|0||0|0|31.2|53.6|70|84|0|0|0|0|||00:09:00|Zwift|https://www.strava.com/activities/3360166194
4/26/2020|57.2|01:30:11|459|0|0|0|0||0|0|38.1|69.5|73|101|0|0|0|0|||01:31:10|Zwift|https://www.strava.com/activities/3355196268
4/25/2020|57.63|01:32:35|458|0|0|0|0||0|0|37.3|70.6|74|113|0|0|0|0|||01:32:35|Zwift|https://www.strava.com/activities/3349889406
4/24/2020|63|01:40:46|502|0|0|0|0||0|0|37.5|69.1|73|97|0|0|0|0|||01:42:40|Zwift|https://www.strava.com/activities/3345169623
4/23/2020|39.96|01:10:23|380|0|0|0|0||0|0|34.1|61.9|76|91|0|0|0|0|||01:11:55|Zwift|https://www.strava.com/activities/3340049927
4/23/2020|6.83|00:13:36|100|0|0|0|0||0|0|30.2|61.2|69|101|0|0|0|0|||00:20:59|Zwift|https://www.strava.com/activities/3339799303
4/22/2020|39.35|01:10:33|361|0|0|0|0||0|0|33.5|64.8|78|95|0|0|0|0|||01:11:57|Zwift|https://www.strava.com/activities/3335090449
4/22/2020|3.2|00:05:11|26|0|0|0|0||0|0|37|52.6|76|83|0|0|0|0|||00:05:11|Zwift|https://www.strava.com/activities/3334842284
4/21/2020|54.03|01:26:07|606|0|0|0|0||0|0|37.6|80.3|74|102|0|0|0|0|||01:26:07|Zwift|https://www.strava.com/activities/3330038015
4/20/2020|47.62|01:18:03|336|0|0|0|0||0|0|36.6|68.4|74|101|0|0|0|0|||01:18:03|Zwift|https://www.strava.com/activities/3325410054
4/19/2020|55.55|01:32:39|832|0|0|0|0||0|0|36|77.4|75|95|0|0|0|0|||01:32:39|Zwift|https://www.strava.com/activities/3320460187
4/17/2020|35.12|01:21:22|1057|0|0|0|0||0|0|25.9|86.8|75|102|0|0|0|0|||01:21:22|Zwift|https://www.strava.com/activities/3310911268
4/16/2020|51.39|01:29:10|821|0|0|0|0||0|0|34.6|84.2|75|105|0|0|0|0|||01:29:10|Zwift|https://www.strava.com/activities/3306230247
4/15/2020|4.26|00:08:31|58|0|0|0|0||0|0|30.1|59.8|64|76|0|0|0|0|||00:08:31|Zwift|https://www.strava.com/activities/3301565760
4/15/2020|34.93|00:54:45|193|0|0|0|0||0|0|38.3|60.8|75|101|0|0|0|0|||00:54:45|Zwift|https://www.strava.com/activities/3301531306
4/13/2020|51.34|01:26:13|779|0|0|0|0||0|0|35.7|82.8|79|93|0|0|0|0|||01:26:13|Zwift|https://www.strava.com/activities/3292633378
4/10/2020|16.9|00:49:35|628|0|0|0|0||0|0|20.5|86.4|73|94|0|0|0|0|||00:50:16|Zwift|https://www.strava.com/activities/3278989196
4/9/2020|51.61|01:24:31|545|0|0|0|0||0|0|36.6|77.4|78|106|0|0|0|0|||01:24:31|Zwift|https://www.strava.com/activities/3274677964
4/8/2020|34.49|01:00:17|428|0|0|0|0||0|0|34.3|77|77|94|0|0|0|0|||01:00:17|Zwift|https://www.strava.com/activities/3270300939
4/7/2020|48.87|01:23:31|703|0|0|0|0||0|0|35.1|80.6|78|95|0|0|0|0|||01:23:31|Zwift|https://www.strava.com/activities/3265725215
4/6/2020|42.6|01:12:56|678|0|0|0|0||0|0|35.1|74.9|75|99|0|0|0|0|||01:12:56|Zwift|https://www.strava.com/activities/3261707711
4/5/2020|19.51|00:34:46|616|0|0|0|0||0|0|33.7|95|84|98|0|0|0|0|||00:34:46|Zwift|https://www.strava.com/activities/3257097632
4/4/2020|48.66|01:18:16|408|0|0|0|0||0|0|37.3|62.6|77|110|0|0|0|0|||01:18:39|Zwift|https://www.strava.com/activities/3252905672
4/3/2020|26.56|00:41:42|163|0|0|0|0||0|0|38.2|70.2|78|113|0|0|0|0|||00:43:00|Zwift|https://www.strava.com/activities/3249049500
4/2/2020|40.73|01:08:48|406|0|0|0|0||0|0|35.5|77.4|76|110|0|0|0|0|||01:12:38|Zwift|https://www.strava.com/activities/3245336423
4/2/2020|22.98|00:39:49|261|0|0|0|0||0|0|34.6|76.3|80|90|0|0|0|0|||00:40:59|Zwift|https://www.strava.com/activities/3245171364
4/1/2020|56.65|01:30:57|331|0|0|0|0||0|0|37.4|59.4|77|114|0|0|0|0|||01:31:34|Zwift|https://www.strava.com/activities/3241543469
5/19/2020|36.22|01:15:18|219|0|0|0|0||0|0|28.9|55.8|70|91|0|0|0|0|740|20|01:17:39|Garmin Edge 1030|https://www.strava.com/activities/3475789598
5/3/2020|38.72|01:02:24|366|0|0|0|0||0|0|37.2|68|73|111|0|0|0|0|||01:02:24|Zwift|https://www.strava.com/activities/3389859604
5/2/2020|48.53|01:15:34|361|0|0|0|0||0|0|38.5|72|75|98|0|0|0|0|||01:15:34|Zwift|https://www.strava.com/activities/3384244926
5/1/2020|57.78|01:31:37|445|0|0|0|0||0|0|37.8|68.4|73|89|0|0|0|0|||01:31:37|Zwift|https://www.strava.com/activities/3379031685
7/31/2020|66.15|02:32:41|1424|0|0|0|0||0|0|26|77|68|105|0|0|0|0|1,676|37|02:36:37|Garmin Edge 830|https://www.strava.com/activities/3842769039
7/28/2020|98.76|02:55:36|1390|0|0|0|0||0|0|33.7|69.5|78|118|0|0|0|0||28|03:09:26|Garmin Edge 1030|https://www.strava.com/activities/3833021473
7/26/2020|12.99|00:37:40|401|0|0|0|0||0|0|20.7|64.1|59|93|0|0|0|0|368|15|00:38:48|Garmin Edge 1030|https://www.strava.com/activities/3833009557
7/25/2020|146.63|04:38:21|2643|0|0|0|0||0|0|31.6|85|71|111|0|0|0|0||26|05:34:41|Garmin Edge 1030|https://www.strava.com/activities/3833009101
7/24/2020|158.97|04:31:35|2013|0|0|0|0||0|0|35.1|73.1|75|112|0|0|0|0||27|05:09:02|Garmin Edge 1030|https://www.strava.com/activities/3833000449
7/23/2020|32.63|01:34:47|934|0|0|0|0||0|0|20.7|72.4|64|103|0|0|0|0|910|21|02:26:22|Garmin Edge 1030|https://www.strava.com/activities/3832994526
7/22/2020|140.6|04:54:45|3992|0|0|0|0||0|0|28.6|86.4|73|116|0|0|0|0||24|05:35:43|Garmin Edge 1030|https://www.strava.com/activities/3800616777
7/19/2020|219.97|06:15:53|2920|0|0|0|0||0|0|35.1|84.2|73|121|0|0|0|0||25|07:15:21|Garmin Edge 1030|https://www.strava.com/activities/3786213136
7/18/2020|108.66|03:39:09|2617|0|0|0|0||0|0|29.7|88.2|72|112|0|0|0|0||22|03:54:19|Garmin Edge 1030|https://www.strava.com/activities/3779881916
7/16/2020|21.91|01:06:23|445|0|0|0|0||0|0|19.8|65.2|58|105|0|0|0|0|450|15|01:14:01|Garmin Edge 1030|https://www.strava.com/activities/3770540569
7/15/2020|142.21|05:03:51|3850|0|0|0|0||0|0|28.1|87.5|68|117|0|0|0|0||16|05:41:58|Garmin Edge 1030|https://www.strava.com/activities/3766053484
7/8/2020|40.49|01:25:32|898|0|0|0|0||0|0|28.4|67|75|105|0|0|0|0||24|01:26:32|Garmin Edge 1030|https://www.strava.com/activities/3730798248
8/14/2020|51.28|01:35:04|182|0|0|0|0||0|0|32.4|57.2|73|115|0|0|0|0|772|29|02:05:18|Garmin Edge 1030|https://www.strava.com/activities/3911031022
8/13/2020|45.18|01:29:34|128|0|0|0|0||0|0|30.3|42.5|72|92|0|0|0|0|716|27|01:57:01|Garmin Edge 1030|https://www.strava.com/activities/3910632861
8/12/2020|184.82|04:38:25|2762|0|0|0|0||0|0|39.8|82.4|80|137|0|0|0|0|3,821|33|04:39:00|Garmin Edge 1030|https://www.strava.com/activities/3903112164
8/11/2020|52.04|01:48:53|115|0|0|0|0||0|0|28.7|47.2|71|110|0|0|0|0|912|29|01:52:33|Garmin Edge 1030|https://www.strava.com/activities/3896495288
8/9/2020|28.28|01:05:08|81|0|0|0|0||0|0|26.1|38.2|70|86|0|0|0|0|412|32|01:06:07|Garmin Edge 1030|https://www.strava.com/activities/3887020794
8/8/2020|301.47|07:12:10|2580|0|0|0|0||0|0|41.9|100.8|78|132|0|0|0|0|4,873|33|07:13:04|Garmin Edge 1030|https://www.strava.com/activities/3883732569
8/7/2020|53.86|01:44:16|139|0|0|0|0||0|0|31|46.8|70|106|0|0|0|0|795|28|02:09:57|Garmin Edge 1030|https://www.strava.com/activities/3877265169
8/6/2020|48.99|01:37:04|142|0|0|0|0||0|0|30.3|42.1|70|95|0|0|0|0|782|29|02:07:52|Garmin Edge 1030|https://www.strava.com/activities/3872604788
8/5/2020|198.65|04:20:53|1118|0|0|0|0||0|0|45.7|75.2|83|117|0|0|0|0|4,347|29|04:20:53|Garmin Edge 1030|https://www.strava.com/activities/3869019365
8/10/2020|92.01|03:21:29|1786|0|0|0|0||0|0|27.4|63.4|70|120|0|0|0|0||29|03:27:38|Garmin Edge 1030|https://www.strava.com/activities/3892205136
9/30/2020|39.55|01:25:41|470|0|0|0|0||0|0|27.7|56.5|61|93|0|0|0|0|609|23|01:27:59|Garmin Edge 1030|https://www.strava.com/activities/4133115924
9/19/2020|189.81|04:34:29|2754|0|0|0|0||0|0|41.5|85.3|83|124|0|0|0|0|3,939|21|04:34:55|Garmin Edge 1030|https://www.strava.com/activities/4082105003
9/18/2020|43.02|01:36:12|566|0|0|0|0||0|0|26.8|64.4|70|110|0|0|0|0|896|25|01:36:12|Garmin Edge 1030|https://www.strava.com/activities/4076763908
9/14/2020|10.14|00:12:35|36|0|0|0|0||0|0|48.4|56.5|86|104|0|0|0|0|289|29|00:12:35|Garmin Edge 1030|https://www.strava.com/activities/4058578632
9/13/2020|182.14|04:19:03|2875|0|0|0|0||0|0|42.2|88.6|79|132|0|0|0|0|3,535|31|04:19:32|Garmin Edge 1030|https://www.strava.com/activities/4054312314
9/12/2020|170.63|03:59:18|1908|0|0|0|0||0|0|42.8|83.2|78|117|0|0|0|0|3,031|29|03:59:45|Garmin Edge 1030|https://www.strava.com/activities/4049604208
9/11/2020|201.65|05:33:38|4365|0|0|0|0||0|0|36.3|99|78|125|0|0|0|0|4,644|26|05:35:45|Garmin Edge 1030|https://www.strava.com/activities/4044170000
9/10/2020|193.72|04:48:50|3177|0|0|0|0||0|0|40.2|87.1|80|128|0|0|0|0|3,951|29|04:50:08|Garmin Edge 1030|https://www.strava.com/activities/4039575087
9/9/2020|216.69|05:22:33|3340|0|0|0|0||0|0|40.3|81.7|79|120|0|0|0|0|4,163|33|05:23:03|Garmin Edge 1030|https://www.strava.com/activities/4034744719
9/8/2020|200.42|05:00:16|1655|0|0|0|0||0|0|40|82.4|74|123|0|0|0|0|2,937|33|05:01:18|Garmin Edge 1030|https://www.strava.com/activities/4029965085
9/7/2020|132.65|02:57:49|1174|0|0|0|0||0|0|44.8|81.4|81|123|0|0|0|0|2,289|30|02:57:49|Garmin Edge 1030|https://www.strava.com/activities/4029961395
9/6/2020|28.49|01:00:16|193|0|0|0|0||0|0|28.4|53.6|73|107|0|0|0|0|592|29|01:04:27|Garmin Edge 1030|https://www.strava.com/activities/4020997606
10/25/2020|15.34|00:19:39|11|0|0|0|0||0|0|46.9|54|87|100|0|0|0|0|410|15|00:19:39|Garmin Edge 1030|https://www.strava.com/activities/4242669715
10/24/2020|187.68|04:55:02|3479|0|0|0|0||0|0|38.2|86|87|123|0|0|0|0|4,929|13|04:59:37|Garmin Edge 1030|https://www.strava.com/activities/4237130322
10/23/2020|123.54|02:42:21|485|0|0|0|0||0|0|45.7|75.2|81|115|0|0|0|0|1,931|11|02:42:38|Garmin Edge 1030|https://www.strava.com/activities/4233208264
10/22/2020|199.32|06:47:01|5478|0|0|0|0||0|0|29.4|91.8|75|131|0|0|0|0|6,068|8|06:53:58|Garmin Edge 1030|https://www.strava.com/activities/4229165436
10/21/2020|201.47|05:53:35|5273|0|0|0|0||0|0|34.2|95|83|139|0|0|0|0|6,003|11|05:54:13|Garmin Edge 1030|https://www.strava.com/activities/4224509643
10/20/2020|225.37|06:14:50|3838|0|0|0|0||0|0|36.1|84.6|78|129|0|0|0|0|5,204|13|06:25:33|Garmin Edge 1030|https://www.strava.com/activities/4220392633
10/18/2020|179.78|05:12:54|4184|0|0|0|0||0|0|34.5|86|82|122|0|0|0|0|5,571|11|05:18:20|Garmin Edge 1030|https://www.strava.com/activities/4212447894
10/17/2020|33.84|00:48:50|518|0|0|0|0||0|0|41.6|73.1|86|112|0|0|0|0|1,037|13|00:48:50|Garmin Edge 1030|https://www.strava.com/activities/4206838253
10/16/2020|191.64|04:22:03|946|0|0|0|0||0|0|43.9|83.9|82|130|0|0|0|0|3,331|13|04:23:33|Garmin Edge 1030|https://www.strava.com/activities/4202402606
10/15/2020|66.73|01:53:35|256|0|0|0|0||0|0|35.3|69.1|74|111|0|0|0|0|1,583|6|01:53:35|Garmin Edge 1030|https://www.strava.com/activities/4202399883
10/15/2020|131.67|03:52:59|2224|0|0|0|0||0|0|33.9|103|78|123|0|0|0|0|3,490|12|03:56:13|Garmin Edge 1030|https://www.strava.com/activities/4202399540
10/14/2020|178|03:59:27|1094|0|0|0|0||0|0|44.6|120.6|79|119|0|0|0|0|2,922|19|04:05:50|Garmin Edge 1030|https://www.strava.com/activities/4194025902
10/13/2020|175.62|04:03:53|1751|0|0|0|0||0|0|43.2|84.6|85|126|0|0|0|0|4,280|13|04:03:53|Garmin Edge 1030|https://www.strava.com/activities/4189587617
10/11/2020|206.27|05:45:55|3503|0|0|0|0||0|0|35.8|96.8|81|122|0|0|0|0|5,529|12|05:46:52|Garmin Edge 1030|https://www.strava.com/activities/4181439957
10/10/2020|200.88|05:03:30|2221|0|0|0|0||0|0|39.7|78.1|79|122|0|0|0|0|3,907|22|05:04:23|Garmin Edge 1030|https://www.strava.com/activities/4176451404
10/9/2020|143.56|02:48:26|472|0|0|0|0||0|0|51.1|84.2|87|123|0|0|0|0|2,494|22|02:48:26|Garmin Edge 1030|https://www.strava.com/activities/4171875918
10/8/2020|187.22|04:53:58|2547|0|0|0|0||0|0|38.2|94.3|78|127|0|0|0|0|3,919|18|04:54:53|Garmin Edge 1030|https://www.strava.com/activities/4167905407
10/7/2020|222.09|06:08:18|4503|0|0|0|0||0|0|36.2|87.1|80|127|0|0|0|0|5,701|15|06:09:46|Garmin Edge 1030|https://www.strava.com/activities/4166459103
10/6/2020|139.42|03:21:59|1718|0|0|0|0||0|0|41.4|82.1|82|115|0|0|0|0|2,748|21|03:22:32|Garmin Edge 1030|https://www.strava.com/activities/4159016681
10/5/2020|148.7|04:14:23|3326|0|0|0|0||0|0|35.1|82.8|80|123|0|0|0|0|3,735|23|04:14:53|Garmin Edge 1030|https://www.strava.com/activities/4154685560
10/4/2020|148.85|03:23:35|1891|0|0|0|0||0|0|43.9|86.8|81|131|0|0|0|0|2,547|29|03:24:46|Garmin Edge 1030|https://www.strava.com/activities/4151566704
10/3/2020|14.92|00:18:23|78|0|0|0|0||0|0|48.7|80.3|88|109|0|0|0|0|366|32|00:18:23|Garmin Edge 1030|https://www.strava.com/activities/4145883389
10/3/2020|15.17|00:23:12|77|0|0|0|0||0|0|39.2|68.8|77|110|0|0|0|0|226|34|00:23:12|Garmin Edge 1030|https://www.strava.com/activities/4144265330
10/2/2020|53.62|01:56:20|476|0|0|0|0||0|0|27.7|73.8|66|97|0|0|0|0|902|26|02:02:34|Garmin Edge 1030|https://www.strava.com/activities/4140808533
10/1/2020|89.18|03:13:50|1699|0|0|0|0||0|0|27.6|64.1|66|105|0|0|0|0|1,934|24|03:28:20|Garmin Edge 1030|https://www.strava.com/activities/4136673211
12/31/2020|140.96|06:00:09|4234|0|0|0|0||0|0|23.5|80.3|64|130|0|0|0|0||5|06:59:51|Garmin Edge 1030|https://www.strava.com/activities/4545033038
12/29/2020|108.56|04:46:20|2816|0|0|0|0||0|0|22.7|58.3|68|133|0|0|0|0||8|05:17:11|Garmin Edge 1030|https://www.strava.com/activities/4534415026
12/27/2020|121.98|04:52:12|3499|0|0|0|0||0|0|25|63|71|101|0|0|0|0||5|05:03:27|Garmin Edge 1030|https://www.strava.com/activities/4524732222
12/26/2020|80.29|03:08:23|2171|0|0|0|0||0|0|25.6|69.5|0|0|0|0|0|0||8|03:13:12|Garmin Edge 1030|https://www.strava.com/activities/4519548783
12/24/2020|159.63|05:57:00|3630|0|0|0|0||0|0|26.8|71.6|69|106|0|0|0|0||10|06:31:31|Garmin Edge 1030|https://www.strava.com/activities/4512819052
12/23/2020|27.6|01:07:56|506|0|0|0|0||0|0|24.4|58.7|71|112|0|0|0|0|649|12|01:14:08|Garmin Edge 1030|https://www.strava.com/activities/4507526963
12/22/2020|130.38|05:00:59|3132|0|0|0|0||0|0|26|70.6|70|104|0|0|0|0||9|05:32:08|Garmin Edge 1030|https://www.strava.com/activities/4504253991
12/21/2020|117.28|04:33:42|2954|0|0|0|0||0|0|25.7|126|69|102|0|0|0|0||9|04:54:21|Garmin Edge 1030|https://www.strava.com/activities/4500185007
loaded urls in 5.09:01:40.4990350
