date|distance|mov_time|elevation|relativeEffort|avg_power_weig|work_total|training_load|intensity|estAvgPower|energyOutput|avg_speed|max_speed|avg_cadence|max_cadence|avg_heartRate|max_heartRate|avg_power|max_power|avg_calories|avg_temperature|avg_elap_time|bicycle_model|url
31.01.2019|4,53|00:58:05|858|0|0|0|0||0|0|47|162|0|0|0|0|0|0||18|00:59:45|Wahoo ELEMNT BOLT|https://www.strava.com/activities/2120638740
31.01.2019|21,19|01:12:37|0|0|0|0|0||0|0|0|0|0|0|0|0|0|0|||00:00:00|Wahoo ELEMNT|https://www.strava.com/activities/2114963460
30.01.2019|26,93|04:35:13|2,996|0|0|0|0||0|0|59|716|0|0|0|0|0|0||17|05:44:40|Wahoo ELEMNT BOLT|https://www.strava.com/activities/2113438544
29.01.2019|7,55|00:32:02|0|0|0|0|0||0|0|0|0|0|0|0|0|0|0|||00:00:00||https://www.strava.com/activities/2111240998
29.01.2019|24,57|04:19:19|2,563|0|0|0|0||0|0|57|457|0|0|0|0|0|0||19|06:07:41|Wahoo ELEMNT|https://www.strava.com/activities/2111017376
28.01.2019|25,55|04:31:09|2,657|0|0|0|0||0|0|57|421|0|0|0|0|0|0||16|05:03:59|Wahoo ELEMNT|https://www.strava.com/activities/2108900081
26.01.2019|8,6|01:40:07|1,069|0|0|0|0||0|0|52|684|0|0|0|0|0|0||15|02:10:32|Wahoo ELEMNT|https://www.strava.com/activities/2108900336
25.01.2019|45,18|01:34:57|238|0|0|0|0||0|0|286|522|74|145|0|0|0|0||43|02:05:49|Wahoo ELEMNT BOLT|https://www.strava.com/activities/2213021358
24.01.2019|21,15|04:31:31|2,643|0|0|0|0||0|0|47|407|0|0|0|0|0|0||15|05:44:21|Wahoo ELEMNT BOLT|https://www.strava.com/activities/2100224854
23.01.2019|29,24|04:58:08|2,879|0|0|0|0||0|0|59|457|0|0|0|0|0|0||4|06:10:55|Wahoo ELEMNT|https://www.strava.com/activities/2098179503
23.01.2019|46,3|01:48:04|438|0|0|0|0||0|0|257|522|71|156|0|0|0|0||25|02:04:38|Wahoo ELEMNT BOLT|https://www.strava.com/activities/2213023017
22.01.2019|20,35|03:22:47|2,323|0|0|0|0||0|0|60|540|0|0|0|0|0|0||6|05:23:31|Wahoo ELEMNT|https://www.strava.com/activities/2097645648
21.01.2019|10,82|01:57:09|1,293|0|0|0|0||0|0|55|360|0|0|0|0|0|0||13|02:26:05|Wahoo ELEMNT|https://www.strava.com/activities/2093445384
20.01.2019|21,98|04:31:29|2,977|0|0|0|0||0|0|49|536|0|0|0|0|0|0||14|06:08:09|Wahoo ELEMNT BOLT|https://www.strava.com/activities/2091823805
19.01.2019|4,71|00:49:53|360|0|0|0|0||0|0|57|558|0|0|0|0|0|0|||02:03:09||https://www.strava.com/activities/2089510724
18.01.2019|4,57|01:32:47|0|0|0|0|0||0|0|0|0|0|0|0|0|0|0|||00:00:00|Wahoo ELEMNT|https://www.strava.com/activities/2088639607
17.01.2019|11,35|02:08:56|1,486|0|0|0|0||0|0|53|396|0|0|0|0|0|0||8|02:23:15|Wahoo ELEMNT|https://www.strava.com/activities/2086367300
17.01.2019|19,34|03:51:22|2,112|0|0|0|0||0|0|50|392|0|0|0|0|0|0||3|05:05:32|Wahoo ELEMNT|https://www.strava.com/activities/2084647369
16.01.2019|41,21|02:32:51|0|0|0|0|0||0|0|0|0|0|0|0|0|0|0|||00:00:00|Wahoo ELEMNT|https://www.strava.com/activities/2082406192
15.01.2019|14,16|01:18:56|157|0|0|0|0||0|0|108|227|0|0|0|0|0|0||8|01:33:32|Wahoo ELEMNT|https://www.strava.com/activities/2080673993
15.01.2019|42,98|03:12:04|751|0|0|0|0||0|0|134|378|0|0|0|0|0|0||14|03:37:13|Wahoo ELEMNT|https://www.strava.com/activities/2080042673
11.01.2019|117,6|04:02:25|1,762|0|0|0|0||0|0|291|619|82|156|0|0|0|0||7|05:23:44|Wahoo ELEMNT|https://www.strava.com/activities/2071042882
10.01.2019|115,84|04:00:51|1,897|0|0|0|0||0|0|289|630|87|179|0|0|0|0||8|04:20:55|Wahoo ELEMNT|https://www.strava.com/activities/2068743197
09.01.2019|34,06|01:21:16|396|0|0|0|0||0|0|252|493|81|171|0|0|0|0||15|02:37:31|Wahoo ELEMNT|https://www.strava.com/activities/2068553051
07.01.2019|129,44|04:45:43|2,198|0|0|0|0||0|0|272|590|83|165|0|0|0|0||10|06:04:07|Wahoo ELEMNT|https://www.strava.com/activities/2062137784
06.01.2019|193,07|06:08:24|2,401|0|0|0|0||0|0|314|803|84|171|0|0|0|0||11|06:16:18|Wahoo ELEMNT|https://www.strava.com/activities/2059763270
04.01.2019|137,61|04:13:49|1,139|0|0|0|0||0|0|325|648|90|178|0|0|0|0||10|04:30:28|Wahoo ELEMNT|https://www.strava.com/activities/2054850251
03.01.2019|103,22|03:13:09|919|0|0|0|0||0|0|321|648|89|167|0|0|0|0||10|03:18:51|Wahoo ELEMNT|https://www.strava.com/activities/2052638397
02.01.2019|103,45|02:59:45|1,031|0|0|0|0||0|0|345|1130|91|150|0|0|0|0||15|03:02:06|Wahoo ELEMNT|https://www.strava.com/activities/2050561774
08.01.2019|205,49|06:04:57|1,707|0|0|0|0||0|0|338|724|89|162|0|0|0|0||11|06:55:13|Wahoo ELEMNT|https://www.strava.com/activities/2064324788
28.02.2019|91,02|03:08:18|1,484|0|0|0|0||0|0|290|756|75|136|0|0|0|0||16|03:38:27|Wahoo ELEMNT BOLT|https://www.strava.com/activities/2181542724
27.02.2019|130,19|03:43:06|1,527|0|0|0|0||0|0|350|792|90|140|0|0|0|0||16|03:43:35|Wahoo ELEMNT BOLT|https://www.strava.com/activities/2179192172
26.02.2019|66,07|02:16:58|656|0|0|0|0||0|0|289|688|83|167|0|0|0|0||19|02:49:49|Wahoo ELEMNT|https://www.strava.com/activities/2177005038
25.02.2019|202,28|05:38:06|1,881|0|0|0|0||0|0|359|796|89|167|0|0|0|0||20|07:22:37|Wahoo ELEMNT|https://www.strava.com/activities/2174778869
24.02.2019|134,36|04:35:34|2,009|0|0|0|0||0|0|293|670|83|136|0|0|0|0||21|05:08:52|Wahoo ELEMNT|https://www.strava.com/activities/2172463094
23.02.2019|128,98|03:57:09|1,499|0|0|0|0||0|0|326|713|82|145|0|0|0|0||19|04:38:34|Wahoo ELEMNT|https://www.strava.com/activities/2169529105
22.02.2019|44,41|01:34:40|379|0|0|0|0||0|0|281|652|84|161|0|0|0|0||17|02:37:17|Wahoo ELEMNT|https://www.strava.com/activities/2166855913
21.02.2019|181,98|06:01:34|2,279|0|0|0|0||0|0|302|695|85|144|0|0|0|0||16|06:56:42|Wahoo ELEMNT|https://www.strava.com/activities/2165259675
20.02.2019|122,93|03:58:11|1,475|0|0|0|0||0|0|310|724|86|169|0|0|0|0||17|04:58:49|Wahoo ELEMNT|https://www.strava.com/activities/2163369827
19.02.2019|104,6|03:25:56|1,242|0|0|0|0||0|0|305|731|85|168|0|0|0|0||16|03:55:15|Wahoo ELEMNT|https://www.strava.com/activities/2160438515
10.02.2019|147,88|04:42:07|2,31|0|0|0|0||0|0|315|788|86|164|0|0|0|0||11|05:28:45|Wahoo ELEMNT|https://www.strava.com/activities/2137175541
09.02.2019|123,1|04:25:31|2,742|0|0|0|0||0|0|278|756|77|127|0|0|0|0||15|05:05:04|Wahoo ELEMNT|https://www.strava.com/activities/2134590051
08.02.2019|14,06|01:59:11|1,084|0|0|0|0||0|0|71|493|0|0|0|0|0|0||17|02:24:49|Wahoo ELEMNT|https://www.strava.com/activities/2132755274
07.02.2019|146,47|04:53:42|2,61|0|0|0|0||0|0|299|839|81|242|0|0|0|0||14|05:39:51|Wahoo ELEMNT|https://www.strava.com/activities/2130329801
06.02.2019|115,84|04:42:35|3,362|0|0|0|0||0|0|246|666|77|179|0|0|0|0||14|05:23:54|Wahoo ELEMNT|https://www.strava.com/activities/2128169611
05.02.2019|11,47|01:43:10|700|0|0|0|0||0|0|67|608|0|0|0|0|0|0||23|03:32:43|Wahoo ELEMNT|https://www.strava.com/activities/2125762132
04.02.2019|137,47|04:06:19|1,5|0|0|0|0||0|0|335|731|90|157|0|0|0|0||11|04:48:27|Wahoo ELEMNT BOLT|https://www.strava.com/activities/2123686940
03.02.2019|100,12|03:16:42|1,632|0|0|0|0||0|0|305|738|88|171|0|0|0|0||8|03:21:03|Wahoo ELEMNT BOLT|https://www.strava.com/activities/2121541583
02.02.2019|5,78|00:48:17|212|0|0|0|0||0|0|72|436|0|0|0|0|0|0||9|03:47:08|Wahoo ELEMNT|https://www.strava.com/activities/2119740995
02.02.2019|1,19|00:12:16|38|0|0|0|0||0|0|59|176|0|0|0|0|0|0|||00:13:22||https://www.strava.com/activities/2119444504
31.03.2019|253,72|05:43:19|2,048|0|0|0|0||0|0|443|864|91|238|0|0|0|0||13|05:44:41|Wahoo ELEMNT BOLT|https://www.strava.com/activities/2255297868
30.03.2019|35,27|01:21:39|117|0|0|0|0||0|0|259|486|81|141|0|0|0|0||19|02:15:01|Wahoo ELEMNT BOLT|https://www.strava.com/activities/2251629825
28.03.2019|62,53|02:00:23|148|0|0|0|0||0|0|312|551|85|146|0|0|0|0||12|02:32:48|Wahoo ELEMNT BOLT|https://www.strava.com/activities/2246727441
27.03.2019|59,09|01:43:23|370|0|0|0|0||0|0|343|677|92|141|0|0|0|0||3|01:45:03|Wahoo ELEMNT BOLT|https://www.strava.com/activities/2244001188
26.03.2019|82,76|02:50:01|1,332|0|0|0|0||0|0|292|670|85|129|0|0|0|0||4|02:56:09|Wahoo ELEMNT|https://www.strava.com/activities/2241805023
24.03.2019|34,48|01:06:47|216|0|0|0|0||0|0|310|796|88|137|0|0|0|0||12|02:10:42|Wahoo ELEMNT|https://www.strava.com/activities/2236190411
23.03.2019|300,39|07:05:15|1,871|0|0|0|0||0|0|424|835|89|153|0|0|0|0||20|07:11:53|Wahoo ELEMNT|https://www.strava.com/activities/2234536507
23.03.2019|0,75|00:07:16|0|0|0|0|0||0|0|62|155|0|0|0|0|0|0||18|00:17:02|Wahoo ELEMNT|https://www.strava.com/activities/2234540901
22.03.2019|38,39|01:13:13|193|0|0|0|0||0|0|315|464|85|137|0|0|0|0||15|01:32:24|Wahoo ELEMNT|https://www.strava.com/activities/2231483163
21.03.2019|101,86|03:01:16|628|0|0|0|0||0|0|337|659|85|149|0|0|0|0||12|03:27:25|Wahoo ELEMNT|https://www.strava.com/activities/2229254026
20.03.2019|33,94|01:12:19|159|0|0|0|0||0|0|282|461|85|141|0|0|0|0||14|01:44:07|Wahoo ELEMNT BOLT|https://www.strava.com/activities/2226781181
19.03.2019|21,95|00:37:30|42|0|0|0|0||0|0|351|569|88|124|0|0|0|0||12|02:44:49|Wahoo ELEMNT BOLT|https://www.strava.com/activities/2226781648
18.03.2019|196,92|04:58:48|2,458|0|0|0|0||0|0|395|886|84|159|0|0|0|0||12|05:17:30|Wahoo ELEMNT BOLT|https://www.strava.com/activities/2222310849
17.03.2019|179,46|05:03:32|3,19|0|0|0|0||0|0|355|868|80|138|0|0|0|0||18|05:20:18|Wahoo ELEMNT BOLT|https://www.strava.com/activities/2220346678
16.03.2019|224,04|05:40:50|3,553|0|0|0|0||0|0|394|864|86|160|0|0|0|0||18|05:40:50|Wahoo ELEMNT BOLT|https://www.strava.com/activities/2217364427
15.03.2019|228,46|05:46:51|2,975|0|0|0|0||0|0|395|954|83|160|0|0|0|0||20|06:00:20|Wahoo ELEMNT BOLT|https://www.strava.com/activities/2215163113
14.03.2019|201,03|05:04:30|2,283|0|0|0|0||0|0|396|817|85|157|0|0|0|0||16|05:08:54|Wahoo ELEMNT BOLT|https://www.strava.com/activities/2213020150
13.03.2019|68,18|02:02:10|161|0|0|0|0||0|0|335|608|93|171|0|0|0|0||9|03:13:04|Wahoo ELEMNT|https://www.strava.com/activities/2210850197
13.03.2019|0|00:00:00|0|0|0|0|0||0|0|0|0|0|112|0|0|0|0||0|00:35:41|Wahoo ELEMNT|https://www.strava.com/activities/2210850582
12.03.2019|102,77|03:03:06|138|0|0|0|0||0|0|337|583|88|174|0|0|0|0||15|03:32:12|Wahoo ELEMNT|https://www.strava.com/activities/2208881443
11.03.2019|68,95|02:14:50|932|0|0|0|0||0|0|307|706|86|194|0|0|0|0||12|02:34:02|Wahoo ELEMNT|https://www.strava.com/activities/2207845602
10.03.2019|31,12|01:07:07|308|0|0|0|0||0|0|278|598|0|0|0|0|0|0||11|01:17:48|Wahoo ELEMNT BOLT|https://www.strava.com/activities/2213022787
09.03.2019|160,51|06:15:41|4,271|0|0|0|0||0|0|256|709|77|191|0|0|0|0||13|06:28:15|Wahoo ELEMNT|https://www.strava.com/activities/2201585623
08.03.2019|99,65|03:37:03|2,165|0|0|0|0||0|0|275|857|78|238|0|0|0|0||12|03:52:06|Wahoo ELEMNT BOLT|https://www.strava.com/activities/2199061232
06.03.2019|105,98|03:39:42|1,705|0|0|0|0||0|0|289|821|85|147|0|0|0|0||9|03:48:41|Wahoo ELEMNT BOLT|https://www.strava.com/activities/2194886976
04.03.2019|183,66|06:06:34|3,08|0|0|0|0||0|0|301|857|83|143|0|0|0|0||10|06:11:38|Wahoo ELEMNT|https://www.strava.com/activities/2190652567
03.03.2019|88,31|03:14:04|2,072|0|0|0|0||0|0|273|806|78|139|0|0|0|0||11|03:28:03|Wahoo ELEMNT BOLT|https://www.strava.com/activities/2188363585
02.03.2019|161,25|04:47:02|1,487|0|0|0|0||0|0|337|724|87|138|0|0|0|0||13|05:17:24|Wahoo ELEMNT BOLT|https://www.strava.com/activities/2185930691
01.03.2019|37,23|01:19:44|685|0|0|0|0||0|0|280|806|87|157|0|0|0|0||10|01:26:35|Wahoo ELEMNT BOLT|https://www.strava.com/activities/2183841465
29.03.2019|207,68|05:08:39|2,2|0|0|0|0||0|0|404|864|88|201|0|0|0|0||18|05:12:40|Wahoo ELEMNT BOLT|https://www.strava.com/activities/2249696107
27.04.2019|0|00:00:00|0|0|0|0|0||0|0|0|0|0|109|0|0|0|0||0|00:48:55|Wahoo ELEMNT|https://www.strava.com/activities/2345714553
26.04.2019|39,25|01:23:55|570|0|0|0|0||0|0|281|662|84|151|0|0|0|0||10|01:25:31|Wahoo ELEMNT|https://www.strava.com/activities/2319860502
25.04.2019|29,3|01:01:52|191|0|0|0|0||0|0|284|450|84|158|0|0|0|0|335|17|01:07:07|Wahoo ELEMNT BOLT|https://www.strava.com/activities/2969475435
25.04.2019|123,18|03:57:29|1,154|0|0|0|0||0|0|311|619|85|132|0|0|0|0||24|04:20:01|Wahoo ELEMNT|https://www.strava.com/activities/2317828230
22.04.2019|48,61|02:04:41|752|0|0|0|0||0|0|234|666|76|142|0|0|0|0|747|25|02:12:04|Wahoo ELEMNT BOLT|https://www.strava.com/activities/2969475702
22.04.2019|26,07|00:49:23|131|0|0|0|0||0|0|317|716|88|109|0|0|0|0||21|00:54:43|Wahoo ELEMNT|https://www.strava.com/activities/2309529588
22.04.2019|5,62|00:30:37|19|0|0|0|0||0|0|110|367|0|0|0|0|0|0|334|22|00:33:22|Wahoo ELEMNT BOLT|https://www.strava.com/activities/2969475542
21.04.2019|264,01|06:42:39|3,637|0|0|0|0||0|0|393|864|83|254|0|0|0|0||24|06:42:39|Wahoo ELEMNT|https://www.strava.com/activities/2308223834
20.04.2019|35,75|01:05:16|122|0|0|0|0||0|0|329|468|86|133|0|0|0|0||25|01:42:18|Wahoo ELEMNT|https://www.strava.com/activities/2304137435
19.04.2019|38,11|01:14:31|147|0|0|0|0||0|0|307|472|84|128|0|0|0|0||21|01:17:38|Wahoo ELEMNT|https://www.strava.com/activities/2302591941
19.04.2019|58,99|02:08:07|934|0|0|0|0||0|0|276|742|77|147|0|0|0|0|1,346|21|02:13:47|Wahoo ELEMNT BOLT|https://www.strava.com/activities/2969475988
18.04.2019|118,89|03:53:56|1,628|0|0|0|0||0|0|305|832|82|146|0|0|0|0||19|04:17:50|Wahoo ELEMNT BOLT|https://www.strava.com/activities/2299192931
17.04.2019|84,34|02:54:49|604|0|0|0|0||0|0|289|529|83|137|0|0|0|0||18|03:44:53|Wahoo ELEMNT BOLT|https://www.strava.com/activities/2296479127
15.04.2019|28,55|01:00:03|121|0|0|0|0||0|0|285|587|81|153|0|0|0|0||9|01:55:29|Wahoo ELEMNT BOLT|https://www.strava.com/activities/2295971521
14.04.2019|263,51|06:16:37|1,584|0|0|0|0||0|0|420|817|89|178|0|0|0|0||6|06:20:39|Wahoo ELEMNT|https://www.strava.com/activities/2289869272
13.04.2019|25,78|00:58:14|171|0|0|0|0||0|0|266|511|81|179|0|0|0|0||8|01:36:42|Wahoo ELEMNT|https://www.strava.com/activities/2286102299
12.04.2019|94,11|02:25:13|612|0|0|0|0||0|0|389|742|90|178|0|0|0|0||11|02:26:27|Wahoo ELEMNT|https://www.strava.com/activities/2283954043
11.04.2019|78,22|02:30:20|209|0|0|0|0||0|0|312|511|89|138|0|0|0|0||11|02:42:27|Wahoo ELEMNT|https://www.strava.com/activities/2282709048
10.04.2019|216,52|05:01:06|569|0|0|0|0||0|0|431|688|57|124|0|0|0|0||12|05:02:38|Wahoo ELEMNT BOLT|https://www.strava.com/activities/2279652157
08.04.2019|31,7|01:12:10|116|0|0|0|0||0|0|264|421|80|134|0|0|0|0||10|02:10:33|Wahoo ELEMNT BOLT|https://www.strava.com/activities/2274325099
07.04.2019|280,08|06:48:40|2,445|0|0|0|0||0|0|411|1105|86|194|0|0|0|0||17|06:51:56|Wahoo ELEMNT BOLT|https://www.strava.com/activities/2272732700
06.04.2019|32,88|01:09:17|32|0|0|0|0||0|0|285|374|81|153|0|0|0|0||12|01:33:02|Wahoo ELEMNT BOLT|https://www.strava.com/activities/2269628503
05.04.2019|64,31|02:02:48|263|0|0|0|0||0|0|314|522|87|145|0|0|0|0||13|02:07:42|Wahoo ELEMNT BOLT|https://www.strava.com/activities/2266426920
04.04.2019|157,67|05:01:02|1,512|0|0|0|0||0|0|314|738|87|147|0|0|0|0||10|05:26:18|Wahoo ELEMNT BOLT|https://www.strava.com/activities/2264418490
03.04.2019|92,08|02:52:15|484|0|0|0|0||0|0|321|482|91|139|0|0|0|0||7|02:56:57|Wahoo ELEMNT BOLT|https://www.strava.com/activities/2261877138
01.04.2019|40,56|01:26:59|99|0|0|0|0||0|0|280|414|89|154|0|0|0|0||10|01:43:32|Wahoo ELEMNT BOLT|https://www.strava.com/activities/2256909200
28.04.2019|261,33|07:16:36|4,375|0|0|0|0||0|0|359|907|85|226|0|0|0|0||6|07:20:00|Wahoo ELEMNT BOLT|https://www.strava.com/activities/2326020844
31.05.2019|113,88|04:31:26|266|0|0|0|0||0|0|252|806|78|119|0|0|0|0||21|05:17:43|Wahoo ELEMNT|https://www.strava.com/activities/2411671709
30.05.2019|74,55|03:13:20|267|0|0|0|0||0|0|231|785|74|152|0|0|0|0||18|03:16:42|Wahoo ELEMNT|https://www.strava.com/activities/2412185515
29.05.2019|91,08|03:05:41|889|0|0|0|0||0|0|294|1037|87|254|0|0|0|0||7|03:11:17|Wahoo ELEMNT|https://www.strava.com/activities/2407358535
26.05.2019|59,84|01:17:05|368|0|0|0|0||0|0|466|706|95|159|0|0|0|0||9|01:24:22|Wahoo ELEMNT BOLT|https://www.strava.com/activities/2399472133
26.05.2019|141,27|04:21:32|1,008|0|0|0|0||0|0|324|583|89|250|0|0|0|0||11|06:32:47|Wahoo ELEMNT BOLT|https://www.strava.com/activities/2399474313
25.05.2019|131,09|03:37:05|905|0|0|0|0||0|0|362|1120|89|166|0|0|0|0||10|05:32:11|Wahoo ELEMNT BOLT|https://www.strava.com/activities/2396589302
24.05.2019|110,4|02:52:21|1,589|0|0|0|0||0|0|384|835|92|178|0|0|0|0||8|03:20:01|Wahoo ELEMNT BOLT|https://www.strava.com/activities/2394099496
24.05.2019|92,97|02:45:37|797|0|0|0|0||0|0|337|706|91|178|0|0|0|0||13|02:54:18|Wahoo ELEMNT BOLT|https://www.strava.com/activities/2393007526
22.05.2019|94,03|03:16:58|673|0|0|0|0||0|0|286|670|87|225|0|0|0|0||11|04:46:11|Wahoo ELEMNT|https://www.strava.com/activities/2387946425
19.05.2019|252,8|07:22:19|2,17|0|0|0|0||0|0|343|817|86|254|0|0|0|0||19|08:18:16|Wahoo ELEMNT|https://www.strava.com/activities/2380637207
18.05.2019|148,23|05:09:28|1,592|0|0|0|0||0|0|287|781|82|178|0|0|0|0||21|07:26:38|Wahoo ELEMNT BOLT|https://www.strava.com/activities/2377480525
17.05.2019|99,52|03:19:12|1,244|0|0|0|0||0|0|300|850|81|138|0|0|0|0||18|03:30:15|Wahoo ELEMNT|https://www.strava.com/activities/2374478250
16.05.2019|113,51|03:39:58|1,285|0|0|0|0||0|0|310|814|86|132|0|0|0|0||10|04:11:48|Wahoo ELEMNT|https://www.strava.com/activities/2372647342
14.05.2019|157,93|05:18:49|2,062|0|0|0|0||0|0|297|864|82|149|0|0|0|0||10|05:57:33|Wahoo ELEMNT BOLT|https://www.strava.com/activities/2366857334
14.05.2019|14,16|00:29:41|61|0|0|0|0||0|0|286|544|0|0|0|0|0|0|73|6|00:35:52|Wahoo ELEMNT BOLT|https://www.strava.com/activities/2969473891
13.05.2019|167,02|05:04:36|1,587|0|0|0|0||0|0|329|670|88|177|0|0|0|0||10|05:48:39|Wahoo ELEMNT BOLT|https://www.strava.com/activities/2364509046
13.05.2019|69,14|02:36:17|1,049|0|0|0|0||0|0|265|713|0|0|0|0|0|0|1,405|12|02:39:13|Wahoo ELEMNT BOLT|https://www.strava.com/activities/2969474565
12.05.2019|37,52|01:23:08|361|0|0|0|0||0|0|271|500|0|0|0|0|0|0|468|11|01:24:43|Wahoo ELEMNT BOLT|https://www.strava.com/activities/2969474235
11.05.2019|127,88|04:14:18|1,285|0|0|0|0||0|0|302|929|86|160|0|0|0|0||12|04:41:32|Wahoo ELEMNT BOLT|https://www.strava.com/activities/2358834175
11.05.2019|6,51|00:13:55|121|0|0|0|0||0|0|281|583|82|108|0|0|0|0||15|00:15:45|Wahoo ELEMNT|https://www.strava.com/activities/2359035896
10.05.2019|135,7|04:40:20|985|0|0|0|0||0|0|290|713|82|189|0|0|0|0||16|06:45:44|Wahoo ELEMNT|https://www.strava.com/activities/2356465779
10.05.2019|67,99|02:33:12|847|0|0|0|0||0|0|266|558|0|0|0|0|0|0|874|11|03:05:52|Wahoo ELEMNT BOLT|https://www.strava.com/activities/2969475324
09.05.2019|94,79|02:55:54|931|0|0|0|0||0|0|323|738|87|174|0|0|0|0||14|04:00:32|Wahoo ELEMNT|https://www.strava.com/activities/2353661466
08.05.2019|42,65|01:38:00|427|0|0|0|0||0|0|261|569|0|0|0|0|0|0|718|13|02:37:56|Wahoo ELEMNT BOLT|https://www.strava.com/activities/2969474824
08.05.2019|36,37|01:18:24|478|0|0|0|0||0|0|278|770|83|111|0|0|0|0||14|02:14:08|Wahoo ELEMNT|https://www.strava.com/activities/2353661946
07.05.2019|104,16|03:15:23|969|0|0|0|0||0|0|320|623|89|189|0|0|0|0||12|03:18:37|Wahoo ELEMNT|https://www.strava.com/activities/2348645147
06.05.2019|3,43|00:17:51|9|0|0|0|0||0|0|115|263|0|0|0|0|0|0|410|11|00:30:13|Wahoo ELEMNT BOLT|https://www.strava.com/activities/2969475170
06.05.2019|87,21|02:56:53|1,088|0|0|0|0||0|0|296|619|86|139|0|0|0|0||7|03:07:52|Wahoo ELEMNT|https://www.strava.com/activities/2346189970
03.05.2019|30,23|01:04:28|343|0|0|0|0||0|0|281|576|0|0|0|0|0|0|||01:13:12||https://www.strava.com/activities/2338688056
30.06.2019|179,65|04:31:33|3,314|0|0|0|0||0|0|397|918|93|190|0|0|0|0||36|04:37:32|Wahoo ELEMNT BOLT|https://www.strava.com/activities/2492607991
29.06.2019|36,95|01:12:40|580|0|0|0|0||0|0|305|767|85|128|0|0|0|0||32|01:24:56|Wahoo ELEMNT BOLT|https://www.strava.com/activities/2490075673
28.06.2019|17,39|00:42:05|271|0|0|0|0||0|0|248|677|0|0|0|0|0|0|||00:42:36||https://www.strava.com/activities/2488081335
27.06.2019|193,65|05:00:20|1,1|0|0|0|0||0|0|387|958|89|146|0|0|0|0|2,508|34|06:30:29|Wahoo ELEMNT BOLT|https://www.strava.com/activities/2484808754
26.06.2019|84,23|02:52:26|1,449|0|0|0|0||0|0|293|940|77|124|0|0|0|0|1,487|31|03:58:11|Wahoo ELEMNT BOLT|https://www.strava.com/activities/2483233815
26.06.2019|49,13|01:51:52|372|0|0|0|0||0|0|264|590|81|157|0|0|0|0|425|26|02:36:40|Wahoo ELEMNT BOLT|https://www.strava.com/activities/2969472776
25.06.2019|145,72|04:59:00|3,351|0|0|0|0||0|0|292|932|83|147|0|0|0|0|3,184|29|06:13:55|Wahoo ELEMNT BOLT|https://www.strava.com/activities/2479278533
25.06.2019|77,66|02:45:33|720|0|0|0|0||0|0|281|594|83|141|0|0|0|0|1,340|29|02:48:37|Wahoo ELEMNT BOLT|https://www.strava.com/activities/2969473253
24.06.2019|53,67|02:01:53|914|0|0|0|0||0|0|264|752|81|112|0|0|0|0|770|29|02:42:00|Wahoo ELEMNT BOLT|https://www.strava.com/activities/2476557917
23.06.2019|70,53|02:05:43|491|0|0|0|0||0|0|337|914|93|129|0|0|0|0|891|17|02:57:49|Wahoo ELEMNT|https://www.strava.com/activities/2474036650
21.06.2019|219,56|05:54:56|4,129|0|0|0|0||0|0|371|1008|86|173|0|0|0|0|4,195|19|05:56:15|Wahoo ELEMNT BOLT|https://www.strava.com/activities/2468566193
20.06.2019|132,19|03:28:27|1,962|0|0|0|0||0|0|380|857|82|166|0|0|0|0||18|03:31:52|Wahoo ELEMNT BOLT|https://www.strava.com/activities/2466018694
19.06.2019|180,63|04:36:17|2,872|0|0|0|0||0|0|392|882|90|144|0|0|0|0|4,030|28|04:37:22|Wahoo ELEMNT BOLT|https://www.strava.com/activities/2463215625
18.06.2019|165,09|04:07:13|1,896|0|0|0|0||0|0|401|1069|85|217|0|0|0|0|2,808|28|04:08:08|Wahoo ELEMNT BOLT|https://www.strava.com/activities/2460443298
17.06.2019|163,23|03:50:40|1,753|0|0|0|0||0|0|425|914|87|202|0|0|0|0|1,543|27|03:51:19|Wahoo ELEMNT BOLT|https://www.strava.com/activities/2457645756
16.06.2019|162,11|04:19:41|2,663|0|0|0|0||0|0|375|886|88|218|0|0|0|0|3,246|20|04:20:18|Wahoo ELEMNT BOLT|https://www.strava.com/activities/2455482615
15.06.2019|44,79|01:13:15|234|0|0|0|0||0|0|367|680|89|167|0|0|0|0|549|19|02:45:51|Wahoo ELEMNT BOLT|https://www.strava.com/activities/2452889396
15.06.2019|40,79|01:25:05|473|0|0|0|0||0|0|288|623|92|136|0|0|0|0||18|02:18:34|Wahoo ELEMNT BOLT|https://www.strava.com/activities/2451169724
14.06.2019|101,17|02:52:28|612|0|0|0|0||0|0|352|684|87|163|0|0|0|0||21|03:23:39|Wahoo ELEMNT BOLT|https://www.strava.com/activities/2449026827
13.06.2019|69,4|02:25:16|801|0|0|0|0||0|0|287|583|83|155|0|0|0|0|845|18|02:27:54|Wahoo ELEMNT BOLT|https://www.strava.com/activities/2969473615
13.06.2019|48,05|01:56:09|604|0|0|0|0||0|0|248|684|82|142|0|0|0|0||20|02:41:29|Wahoo ELEMNT BOLT|https://www.strava.com/activities/2446937638
12.06.2019|112,55|03:11:22|923|0|0|0|0||0|0|353|763|92|137|0|0|0|0||22|03:51:14|Wahoo ELEMNT BOLT|https://www.strava.com/activities/2443829205
11.06.2019|57,36|01:16:05|265|0|0|0|0||0|0|452|1307|106|132|0|0|0|0||18|01:17:15|Wahoo ELEMNT BOLT|https://www.strava.com/activities/2441074926
10.06.2019|103,46|03:15:01|786|0|0|0|0||0|0|318|889|87|134|0|0|0|0||13|03:35:58|Wahoo ELEMNT|https://www.strava.com/activities/2438884188
09.06.2019|185,95|06:59:39|4,011|0|0|0|0||0|0|266|983|79|157|0|0|0|0||17|07:44:07|Wahoo ELEMNT BOLT|https://www.strava.com/activities/2436596073
07.06.2019|234,48|07:46:32|3,395|0|0|0|0||0|0|302|1260|82|137|0|0|0|0||22|09:10:54|Wahoo ELEMNT BOLT|https://www.strava.com/activities/2431139888
06.06.2019|87,53|03:27:03|2,406|0|0|0|0||0|0|254|1001|80|136|0|0|0|0||18|04:23:20|Wahoo ELEMNT BOLT|https://www.strava.com/activities/2428137653
05.06.2019|142,2|05:23:37|3,402|0|0|0|0||0|0|264|832|74|159|0|0|0|0||26|06:03:48|Wahoo ELEMNT BOLT|https://www.strava.com/activities/2425541912
04.06.2019|97,62|03:17:25|863|0|0|0|0||0|0|297|857|87|138|0|0|0|0||19|03:53:26|Wahoo ELEMNT|https://www.strava.com/activities/2422548693
03.06.2019|66,05|02:12:12|559|0|0|0|0||0|0|300|612|86|131|0|0|0|0||23|02:53:54|Wahoo ELEMNT BOLT|https://www.strava.com/activities/2420012166
01.06.2019|181,31|06:30:08|3,788|0|0|0|0||0|0|279|889|83|148|0|0|0|0||22|07:00:07|Wahoo ELEMNT BOLT|https://www.strava.com/activities/2414466396
30.06.2019|179,65|04:31:33|3,314|0|0|0|0||0|0|397|918|93|190|0|0|0|0||36|04:37:32|Wahoo ELEMNT BOLT|https://www.strava.com/activities/2492607991
29.06.2019|36,95|01:12:40|580|0|0|0|0||0|0|305|767|85|128|0|0|0|0||32|01:24:56|Wahoo ELEMNT BOLT|https://www.strava.com/activities/2490075673
28.06.2019|17,39|00:42:05|271|0|0|0|0||0|0|248|677|0|0|0|0|0|0|||00:42:36||https://www.strava.com/activities/2488081335
27.06.2019|193,65|05:00:20|1,1|0|0|0|0||0|0|387|958|89|146|0|0|0|0|2,508|34|06:30:29|Wahoo ELEMNT BOLT|https://www.strava.com/activities/2484808754
26.06.2019|84,23|02:52:26|1,449|0|0|0|0||0|0|293|940|77|124|0|0|0|0|1,487|31|03:58:11|Wahoo ELEMNT BOLT|https://www.strava.com/activities/2483233815
26.06.2019|49,13|01:51:52|372|0|0|0|0||0|0|264|590|81|157|0|0|0|0|425|26|02:36:40|Wahoo ELEMNT BOLT|https://www.strava.com/activities/2969472776
25.06.2019|145,72|04:59:00|3,351|0|0|0|0||0|0|292|932|83|147|0|0|0|0|3,184|29|06:13:55|Wahoo ELEMNT BOLT|https://www.strava.com/activities/2479278533
25.06.2019|77,66|02:45:33|720|0|0|0|0||0|0|281|594|83|141|0|0|0|0|1,340|29|02:48:37|Wahoo ELEMNT BOLT|https://www.strava.com/activities/2969473253
24.06.2019|53,67|02:01:53|914|0|0|0|0||0|0|264|752|81|112|0|0|0|0|770|29|02:42:00|Wahoo ELEMNT BOLT|https://www.strava.com/activities/2476557917
23.06.2019|70,53|02:05:43|491|0|0|0|0||0|0|337|914|93|129|0|0|0|0|891|17|02:57:49|Wahoo ELEMNT|https://www.strava.com/activities/2474036650
21.06.2019|219,56|05:54:56|4,129|0|0|0|0||0|0|371|1008|86|173|0|0|0|0|4,195|19|05:56:15|Wahoo ELEMNT BOLT|https://www.strava.com/activities/2468566193
20.06.2019|132,19|03:28:27|1,962|0|0|0|0||0|0|380|857|82|166|0|0|0|0||18|03:31:52|Wahoo ELEMNT BOLT|https://www.strava.com/activities/2466018694
19.06.2019|180,63|04:36:17|2,872|0|0|0|0||0|0|392|882|90|144|0|0|0|0|4,030|28|04:37:22|Wahoo ELEMNT BOLT|https://www.strava.com/activities/2463215625
18.06.2019|165,09|04:07:13|1,896|0|0|0|0||0|0|401|1069|85|217|0|0|0|0|2,808|28|04:08:08|Wahoo ELEMNT BOLT|https://www.strava.com/activities/2460443298
17.06.2019|163,23|03:50:40|1,753|0|0|0|0||0|0|425|914|87|202|0|0|0|0|1,543|27|03:51:19|Wahoo ELEMNT BOLT|https://www.strava.com/activities/2457645756
16.06.2019|162,11|04:19:41|2,663|0|0|0|0||0|0|375|886|88|218|0|0|0|0|3,246|20|04:20:18|Wahoo ELEMNT BOLT|https://www.strava.com/activities/2455482615
15.06.2019|44,79|01:13:15|234|0|0|0|0||0|0|367|680|89|167|0|0|0|0|549|19|02:45:51|Wahoo ELEMNT BOLT|https://www.strava.com/activities/2452889396
15.06.2019|40,79|01:25:05|473|0|0|0|0||0|0|288|623|92|136|0|0|0|0||18|02:18:34|Wahoo ELEMNT BOLT|https://www.strava.com/activities/2451169724
14.06.2019|101,17|02:52:28|612|0|0|0|0||0|0|352|684|87|163|0|0|0|0||21|03:23:39|Wahoo ELEMNT BOLT|https://www.strava.com/activities/2449026827
13.06.2019|69,4|02:25:16|801|0|0|0|0||0|0|287|583|83|155|0|0|0|0|845|18|02:27:54|Wahoo ELEMNT BOLT|https://www.strava.com/activities/2969473615
13.06.2019|48,05|01:56:09|604|0|0|0|0||0|0|248|684|82|142|0|0|0|0||20|02:41:29|Wahoo ELEMNT BOLT|https://www.strava.com/activities/2446937638
12.06.2019|112,55|03:11:22|923|0|0|0|0||0|0|353|763|92|137|0|0|0|0||22|03:51:14|Wahoo ELEMNT BOLT|https://www.strava.com/activities/2443829205
11.06.2019|57,36|01:16:05|265|0|0|0|0||0|0|452|1307|106|132|0|0|0|0||18|01:17:15|Wahoo ELEMNT BOLT|https://www.strava.com/activities/2441074926
10.06.2019|103,46|03:15:01|786|0|0|0|0||0|0|318|889|87|134|0|0|0|0||13|03:35:58|Wahoo ELEMNT|https://www.strava.com/activities/2438884188
09.06.2019|185,95|06:59:39|4,011|0|0|0|0||0|0|266|983|79|157|0|0|0|0||17|07:44:07|Wahoo ELEMNT BOLT|https://www.strava.com/activities/2436596073
07.06.2019|234,48|07:46:32|3,395|0|0|0|0||0|0|302|1260|82|137|0|0|0|0||22|09:10:54|Wahoo ELEMNT BOLT|https://www.strava.com/activities/2431139888
06.06.2019|87,53|03:27:03|2,406|0|0|0|0||0|0|254|1001|80|136|0|0|0|0||18|04:23:20|Wahoo ELEMNT BOLT|https://www.strava.com/activities/2428137653
05.06.2019|142,2|05:23:37|3,402|0|0|0|0||0|0|264|832|74|159|0|0|0|0||26|06:03:48|Wahoo ELEMNT BOLT|https://www.strava.com/activities/2425541912
04.06.2019|97,62|03:17:25|863|0|0|0|0||0|0|297|857|87|138|0|0|0|0||19|03:53:26|Wahoo ELEMNT|https://www.strava.com/activities/2422548693
03.06.2019|66,05|02:12:12|559|0|0|0|0||0|0|300|612|86|131|0|0|0|0||23|02:53:54|Wahoo ELEMNT BOLT|https://www.strava.com/activities/2420012166
01.06.2019|181,31|06:30:08|3,788|0|0|0|0||0|0|279|889|83|148|0|0|0|0||22|07:00:07|Wahoo ELEMNT BOLT|https://www.strava.com/activities/2414466396
31.08.2019|195,03|04:45:41|1,848|0|0|0|0||0|0|410|914|85|169|0|0|0|0||31|04:46:34|Wahoo ELEMNT BOLT|https://www.strava.com/activities/2667965664
30.08.2019|206,18|04:49:20|2,381|0|0|0|0||0|0|428|972|87|203|0|0|0|0||24|04:49:20|Wahoo ELEMNT BOLT|https://www.strava.com/activities/2664714327
29.08.2019|173,5|04:12:19|1,476|0|0|0|0||0|0|413|972|87|161|0|0|0|0||24|04:12:35|Wahoo ELEMNT BOLT|https://www.strava.com/activities/2662072315
28.08.2019|42,27|01:19:16|280|0|0|0|0||0|0|320|623|89|139|0|0|0|0||29|01:23:19|Wahoo ELEMNT BOLT|https://www.strava.com/activities/2659080328
27.08.2019|76,34|02:20:29|621|0|0|0|0||0|0|326|684|86|160|0|0|0|0||24|02:27:18|Wahoo ELEMNT BOLT|https://www.strava.com/activities/2655330767
25.08.2019|222,76|05:10:42|1,42|0|0|0|0||0|0|430|817|86|223|0|0|0|0||27|05:30:57|Wahoo ELEMNT BOLT|https://www.strava.com/activities/2650678841
24.08.2019|46,18|01:26:44|85|0|0|0|0||0|0|319|446|0|0|0|0|0|0|||02:22:59||https://www.strava.com/activities/2646526885
23.08.2019|77,36|02:37:49|779|0|0|0|0||0|0|294|680|82|177|0|0|0|0||14|03:10:59|Wahoo ELEMNT BOLT|https://www.strava.com/activities/2643499019
22.08.2019|119,52|03:24:51|1,23|0|0|0|0||0|0|350|806|90|155|0|0|0|0||18|05:03:14|Wahoo ELEMNT BOLT|https://www.strava.com/activities/2641256814
21.08.2019|67,9|02:36:17|980|0|0|0|0||0|0|261|770|84|155|0|0|0|0||14|04:13:57|Wahoo ELEMNT BOLT|https://www.strava.com/activities/2638414653
20.08.2019|14,23|00:27:46|36|0|0|0|0||0|0|308|803|87|178|0|0|0|0||17|01:54:37|Wahoo ELEMNT BOLT|https://www.strava.com/activities/2638415627
18.08.2019|179,91|04:16:45|2,014|0|0|0|0||0|0|420|806|85|219|0|0|0|0||17|04:17:29|Wahoo ELEMNT BOLT|https://www.strava.com/activities/2629965460
17.08.2019|8,42|00:11:16|15|0|0|0|0||0|0|448|554|89|105|0|0|0|0||20|00:11:16|Wahoo ELEMNT BOLT|https://www.strava.com/activities/2629967600
16.08.2019|196,53|04:10:23|393|0|0|0|0||0|0|471|767|87|219|0|0|0|0||19|04:10:23|Wahoo ELEMNT BOLT|https://www.strava.com/activities/2624220078
15.08.2019|97,55|02:41:38|1,937|0|0|0|0||0|0|362|778|84|144|0|0|0|0||15|02:41:38|Wahoo ELEMNT BOLT|https://www.strava.com/activities/2621383325
14.08.2019|171,67|04:04:04|460|0|0|0|0||0|0|422|688|88|158|0|0|0|0||17|04:04:49|Wahoo ELEMNT BOLT|https://www.strava.com/activities/2618535089
13.08.2019|176,18|04:02:26|460|0|0|0|0||0|0|436|677|90|157|0|0|0|0||17|04:04:59|Wahoo ELEMNT BOLT|https://www.strava.com/activities/2615562994
12.08.2019|171,16|03:53:15|428|0|0|0|0||0|0|440|853|89|153|0|0|0|0||16|03:53:46|Wahoo ELEMNT BOLT|https://www.strava.com/activities/2612667672
11.08.2019|33,34|01:15:15|77|0|0|0|0||0|0|266|454|81|141|0|0|0|0||19|01:54:10|Wahoo ELEMNT BOLT|https://www.strava.com/activities/2609244148
09.08.2019|120,79|04:58:49|2,902|0|0|0|0||0|0|243|940|79|117|0|0|0|0||28|05:31:15|Wahoo ELEMNT BOLT|https://www.strava.com/activities/2604564866
08.08.2019|117,47|04:00:58|1,185|0|0|0|0||0|0|293|745|89|163|0|0|0|0||20|04:21:12|Wahoo ELEMNT BOLT|https://www.strava.com/activities/2601134385
07.08.2019|113,12|03:34:20|1,253|0|0|0|0||0|0|317|673|90|137|0|0|0|0||23|04:01:23|Wahoo ELEMNT BOLT|https://www.strava.com/activities/2598414502
04.08.2019|122,09|02:43:39|716|0|0|0|0||0|0|448|673|90|174|0|0|0|0||24|04:27:34|Wahoo ELEMNT BOLT|https://www.strava.com/activities/2592649926
01.08.2019|54,43|01:48:01|915|0|0|0|0||0|0|302|745|86|130|0|0|0|0||19|01:58:27|Wahoo ELEMNT BOLT|https://www.strava.com/activities/2580632277
29.09.2019|190,31|04:52:58|2,645|0|0|0|0||0|0|390|958|84|177|0|0|0|0||8|04:54:06|Wahoo ELEMNT BOLT|https://www.strava.com/activities/2753625730
28.09.2019|42,84|01:37:28|747|0|0|0|0||0|0|264|623|79|159|0|0|0|0||14|01:48:50|Wahoo ELEMNT BOLT|https://www.strava.com/activities/2746277889
26.09.2019|161,14|05:36:37|1,557|0|0|0|0||0|0|287|788|82|149|0|0|0|0|2,702|15|06:37:33|Wahoo ELEMNT BOLT|https://www.strava.com/activities/2741947371
25.09.2019|27,92|00:46:49|349|0|0|0|0||0|0|358|544|0|0|0|0|0|0|||03:06:08||https://www.strava.com/activities/2738423744
24.09.2019|31,11|01:09:48|371|0|0|0|0||0|0|267|749|86|165|0|0|0|0||17|01:59:56|Wahoo ELEMNT BOLT|https://www.strava.com/activities/2740777411
22.09.2019|195,36|04:27:38|2,012|0|0|0|0||0|0|438|821|87|154|0|0|0|0||24|04:27:38|Wahoo ELEMNT BOLT|https://www.strava.com/activities/2731207528
21.09.2019|203,16|04:52:12|1,891|0|0|0|0||0|0|417|792|89|165|0|0|0|0||24|04:52:44|Wahoo ELEMNT BOLT|https://www.strava.com/activities/2728094738
20.09.2019|25,49|00:50:00|247|0|0|0|0||0|0|306|659|86|116|0|0|0|0||18|00:50:00|Wahoo ELEMNT BOLT|https://www.strava.com/activities/2725320471
19.09.2019|90,85|03:06:30|986|0|0|0|0||0|0|292|727|89|156|0|0|0|0||15|04:38:30|Wahoo ELEMNT BOLT|https://www.strava.com/activities/2722793772
18.09.2019|34,57|01:22:50|471|0|0|0|0||0|0|250|904|82|134|0|0|0|0||17|02:32:11|Wahoo ELEMNT BOLT|https://www.strava.com/activities/2719408286
15.09.2019|172,53|05:01:23|3,648|0|0|0|0||0|0|343|824|81|174|0|0|0|0||16|05:03:43|Wahoo ELEMNT BOLT|https://www.strava.com/activities/2712363402
14.09.2019|13,41|00:38:21|253|0|0|0|0||0|0|210|562|74|181|0|0|0|0||22|00:59:55|Wahoo ELEMNT BOLT|https://www.strava.com/activities/2708779231
13.09.2019|200,07|05:18:32|3,105|0|0|0|0||0|0|377|839|85|179|0|0|0|0||17|05:23:27|Wahoo ELEMNT BOLT|https://www.strava.com/activities/2705808684
12.09.2019|51,35|01:45:00|495|0|0|0|0||0|0|293|644|84|174|0|0|0|0||20|02:13:32|Wahoo ELEMNT BOLT|https://www.strava.com/activities/2702626951
11.09.2019|55,83|01:50:23|379|0|0|0|0||0|0|303|727|88|146|0|0|0|0||10|02:01:34|Wahoo ELEMNT BOLT|https://www.strava.com/activities/2699774658
07.09.2019|37,79|01:36:09|348|0|0|0|0||0|0|236|454|0|0|0|0|0|0|||01:56:56||https://www.strava.com/activities/2687067888
06.09.2019|89,71|03:02:53|764|0|0|0|0||0|0|294|875|87|140|0|0|0|0||10|03:25:52|Wahoo ELEMNT BOLT|https://www.strava.com/activities/2684359043
05.09.2019|102,02|03:05:36|826|0|0|0|0||0|0|330|695|86|131|0|0|0|0||13|03:25:35|Wahoo ELEMNT BOLT|https://www.strava.com/activities/2684026656
04.09.2019|128,35|04:08:37|1,254|0|0|0|0||0|0|310|788|82|152|0|0|0|0||22|05:07:49|Wahoo ELEMNT BOLT|https://www.strava.com/activities/2681270144
03.09.2019|40,73|01:28:01|445|0|0|0|0||0|0|278|702|86|140|0|0|0|0||20|02:02:24|Wahoo ELEMNT BOLT|https://www.strava.com/activities/2675708808
01.09.2019|162,1|03:59:23|2,26|0|0|0|0||0|0|406|871|85|172|0|0|0|0||21|04:26:42|Wahoo ELEMNT BOLT|https://www.strava.com/activities/2670775741
21.10.2019|31,19|02:08:58|1,155|0|0|0|0||0|0|145|698|0|0|0|0|0|0|||02:31:47||https://www.strava.com/activities/2805378830
17.10.2019|28,38|01:57:29|1,06|0|0|0|0||0|0|145|684|0|0|0|0|0|0||11|03:05:21|Wahoo ELEMNT BOLT|https://www.strava.com/activities/2795469191
12.10.2019|0|00:00:00|0|0|0|0|0||0|0|0|0|0|0|0|0|0|0||0|00:04:00|Wahoo ELEMNT BOLT|https://www.strava.com/activities/2969472455
12.10.2019|6,56|00:17:31|112|0|0|0|0||0|0|225|540|0|0|0|0|0|0||21|00:25:00|Wahoo ELEMNT BOLT|https://www.strava.com/activities/2969472615
10.10.2019|17,02|01:35:08|250|0|0|0|0||0|0|107|421|0|0|0|0|0|0|||02:42:22||https://www.strava.com/activities/2777947389
03.10.2019|181,43|04:18:37|1,331|0|0|0|0||0|0|421|821|88|146|0|0|0|0||10|04:20:33|Wahoo ELEMNT BOLT|https://www.strava.com/activities/2759817112
02.10.2019|9,52|00:28:59|26|0|0|0|0||0|0|197|396|65|149|0|0|0|0||10|01:03:42|Wahoo ELEMNT BOLT|https://www.strava.com/activities/2759818104
30.11.2019|14,39|02:19:34|653|0|0|0|0||0|0|62|594|0|0|0|0|0|0||19|03:17:41|Wahoo ELEMNT|https://www.strava.com/activities/2901444784
28.11.2019|34,8|02:09:07|1,084|0|0|0|0||0|0|162|572|68|179|0|0|0|0||6|03:25:14|Wahoo ELEMNT|https://www.strava.com/activities/2900894756
27.11.2019|139,99|05:02:43|1,224|0|0|0|0||0|0|277|709|84|254|0|0|0|0||3|05:17:45|Wahoo ELEMNT|https://www.strava.com/activities/2894910975
26.11.2019|114,86|03:53:30|1,119|0|0|0|0||0|0|295|706|84|191|0|0|0|0||5|04:35:16|Wahoo ELEMNT|https://www.strava.com/activities/2892595781
25.11.2019|130,55|04:56:39|1,56|0|0|0|0||0|0|264|778|83|143|0|0|0|0||4|05:21:47|Wahoo ELEMNT|https://www.strava.com/activities/2890351800
23.11.2019|109,26|03:56:45|771|0|0|0|0||0|0|277|670|84|254|0|0|0|0||8|04:05:10|Wahoo ELEMNT|https://www.strava.com/activities/2885183151
22.11.2019|168,52|06:16:22|1,633|0|0|0|0||0|0|269|839|85|254|0|0|0|0||4|07:19:33|Wahoo ELEMNT|https://www.strava.com/activities/2883465464
21.11.2019|113,72|04:43:57|1,695|0|0|0|0||0|0|240|688|80|137|0|0|0|0||3|05:41:25|Wahoo ELEMNT|https://www.strava.com/activities/2881158863
21.11.2019|110,61|04:42:06|1,692|0|0|0|0||0|0|235|677|0|0|0|0|0|0|||05:23:27||https://www.strava.com/activities/2881159558
19.11.2019|120,41|04:50:08|1,221|0|0|0|0||0|0|249|713|84|165|0|0|0|0||3|05:24:36|Wahoo ELEMNT|https://www.strava.com/activities/2876185662
18.11.2019|55,92|03:01:52|1,443|0|0|0|0||0|0|185|680|72|165|0|0|0|0||3|04:38:57|Wahoo ELEMNT|https://www.strava.com/activities/2873818392
14.11.2019|15,14|02:50:11|577|0|0|0|0||0|0|53|432|0|0|0|0|0|0||18|04:13:41|Wahoo ELEMNT|https://www.strava.com/activities/2864342340
12.11.2019|122,7|05:02:49|1,308|0|0|0|0||0|0|243|634|82|254|0|0|0|0||3|05:43:20|Wahoo ELEMNT|https://www.strava.com/activities/2860108308
11.11.2019|105,24|04:03:06|1,278|0|0|0|0||0|0|260|598|83|138|0|0|0|0||8|04:22:43|Wahoo ELEMNT|https://www.strava.com/activities/2857267751
10.11.2019|21,36|03:28:35|583|0|0|0|0||0|0|61|342|0|0|0|0|0|0||18|06:32:51|Wahoo ELEMNT|https://www.strava.com/activities/2855072387
08.11.2019|50,66|01:49:07|252|0|0|0|0||0|0|279|554|85|165|0|0|0|0||3|02:36:20|Wahoo ELEMNT|https://www.strava.com/activities/2853870157
06.11.2019|69,79|02:42:59|760|0|0|0|0||0|0|257|652|83|179|0|0|0|0||6|03:27:26|Wahoo ELEMNT|https://www.strava.com/activities/2853870661
04.11.2019|53,91|02:01:43|710|0|0|0|0||0|0|266|590|80|137|0|0|0|0||12|03:18:19|Wahoo ELEMNT|https://www.strava.com/activities/2840183893
31.12.2019|2,23|00:40:47|33|0|0|0|0||0|0|33|126|0|0|0|0|0|0||13|02:08:10|Wahoo ELEMNT BOLT|https://www.strava.com/activities/2974826944
30.12.2019|26,28|04:21:54|2,747|0|0|0|0||0|0|60|407|0|0|0|0|0|0|4,217|18|06:11:05|Wahoo ELEMNT|https://www.strava.com/activities/2967945176
23.12.2019|85,78|03:06:18|1,033|0|0|0|0||0|0|276|626|84|174|0|0|0|0||15|03:31:29|Wahoo ELEMNT|https://www.strava.com/activities/2967081671
22.12.2019|133,15|04:27:09|1,571|0|0|0|0||0|0|299|774|90|125|0|0|0|0|2,354|15|04:48:08|Wahoo ELEMNT|https://www.strava.com/activities/2949132147
21.12.2019|160,19|05:30:18|1,61|0|0|0|0||0|0|291|706|87|168|0|0|0|0|3,030|16|06:33:09|Wahoo ELEMNT|https://www.strava.com/activities/2947171300
19.12.2019|208,47|07:03:02|3,112|0|0|0|0||0|0|296|853|80|191|0|0|0|0|3,837|11|07:58:47|Wahoo ELEMNT|https://www.strava.com/activities/2943296399
18.12.2019|170,15|05:04:01|1,124|0|0|0|0||0|0|336|702|86|146|0|0|0|0|2,740|15|05:49:22|Wahoo ELEMNT|https://www.strava.com/activities/2941219863
17.12.2019|38,81|01:33:27|86|0|0|0|0||0|0|249|418|84|110|0|0|0|0||16|03:33:21|Wahoo ELEMNT|https://www.strava.com/activities/2941220859
16.12.2019|230,26|06:36:42|1,619|0|0|0|0||0|0|348|673|87|186|0|0|0|0|3,542|15|07:39:18|Wahoo ELEMNT|https://www.strava.com/activities/2936983889
15.12.2019|166,02|05:36:50|2,452|0|0|0|0||0|0|296|695|81|135|0|0|0|0|3,191|12|06:28:21|Wahoo ELEMNT|https://www.strava.com/activities/2935012047
14.12.2019|136,07|04:30:19|1,874|0|0|0|0||0|0|302|713|87|133|0|0|0|0|2,773|15|05:16:43|Wahoo ELEMNT|https://www.strava.com/activities/2932347597
13.12.2019|22,69|00:57:02|84|0|0|0|0||0|0|239|464|78|200|0|0|0|0||16|02:05:13|Wahoo ELEMNT|https://www.strava.com/activities/2930508231
12.12.2019|180,39|06:17:30|2,37|0|0|0|0||0|0|287|781|85|167|111|143|0|0|3,289|11|07:13:39|Wahoo ELEMNT|https://www.strava.com/activities/2928386495
11.12.2019|156,18|05:01:12|1,864|0|0|0|0||0|0|311|670|80|157|0|0|0|0|2,776|13|05:50:39|Wahoo ELEMNT|https://www.strava.com/activities/2926254751
10.12.2019|123,24|04:13:56|1,769|0|0|0|0||0|0|291|652|87|129|0|0|0|0|2,223|13|04:54:10|Wahoo ELEMNT|https://www.strava.com/activities/2923936556
09.12.2019|22,44|00:51:04|54|0|0|0|0||0|0|264|400|87|128|0|0|0|0||15|01:20:09|Wahoo ELEMNT|https://www.strava.com/activities/2921624606
08.12.2019|155,24|05:03:51|1,487|0|0|0|0||0|0|307|652|87|123|107|150|0|0|2,441|13|05:33:00|Wahoo ELEMNT|https://www.strava.com/activities/2919947129
07.12.2019|142,04|04:17:23|830|0|0|0|0||0|0|331|612|89|124|105|152|0|0|2,015|13|04:59:56|Wahoo ELEMNT|https://www.strava.com/activities/2917248565
06.12.2019|15,86|00:31:55|161|0|0|0|0||0|0|298|446|87|111|0|0|0|0||12|04:23:36|Wahoo ELEMNT|https://www.strava.com/activities/2915608902
03.12.2019|72,61|02:34:36|573|0|0|0|0||0|0|282|515|88|141|0|0|0|0||0|02:44:16|Wahoo ELEMNT|https://www.strava.com/activities/2908180149
02.12.2019|0,33|00:03:02|0|0|0|0|0||0|0|65|43|92|127|0|0|0|0||19|01:00:00|Wahoo ELEMNT|https://www.strava.com/activities/2907039033
01.12.2019|70,07|02:39:49|338|0|0|0|0||0|0|263|756|85|205|0|0|0|0||0|02:52:46|Wahoo ELEMNT|https://www.strava.com/activities/2903810140
31.01.2020|162,9|05:11:31|2,081|0|0|0|0||0|0|314|788|88|126|0|0|0|0||9|06:02:32|Wahoo ELEMNT|https://www.strava.com/activities/3059401055
30.01.2020|2,96|00:55:49|350|0|0|0|0||0|0|32|94|0|0|0|0|0|0||18|00:59:03|Wahoo ELEMNT|https://www.strava.com/activities/3057393215
30.01.2020|127,25|04:05:17|1,052|0|0|0|0||0|0|311|680|90|119|0|0|0|0|1,419|5|04:33:39|Wahoo ELEMNT|https://www.strava.com/activities/3056468274
27.01.2020|127,98|04:26:51|1,691|0|0|0|0||0|0|288|760|88|129|0|0|0|0|1,626|5|05:14:37|Wahoo ELEMNT|https://www.strava.com/activities/3047886113
26.01.2020|80,22|02:32:51|554|0|0|0|0||0|0|315|738|92|161|0|0|0|0|412|3|02:37:16|Wahoo ELEMNT|https://www.strava.com/activities/3044756394
25.01.2020|42,42|01:30:56|536|0|0|0|0||0|0|280|544|86|120|0|0|0|0||0|01:32:30|Wahoo ELEMNT|https://www.strava.com/activities/3044760809
24.01.2020|222,16|07:23:25|2,936|0|0|0|0||0|0|301|835|85|119|0|0|0|0|1,932|11|07:52:04|Wahoo ELEMNT|https://www.strava.com/activities/3039217600
23.01.2020|186,07|06:03:48|2,429|0|0|0|0||0|0|307|698|87|128|0|0|0|0|2,502|12|07:04:15|Wahoo ELEMNT|https://www.strava.com/activities/3036525903
22.01.2020|154,19|05:05:37|1,82|0|0|0|0||0|0|303|688|87|155|0|0|0|0|1,969|12|05:57:36|Wahoo ELEMNT|https://www.strava.com/activities/3033628999
20.01.2020|110,56|03:34:49|714|0|0|0|0||0|0|309|616|93|177|0|0|0|0|1,931|11|03:50:25|Wahoo ELEMNT|https://www.strava.com/activities/3027817807
18.01.2020|212,71|07:03:23|2,701|0|0|0|0||0|0|301|763|86|124|112|142|0|0|3,756|10|08:03:49|Wahoo ELEMNT|https://www.strava.com/activities/3022371621
17.01.2020|167,14|05:27:09|1,894|0|0|0|0||0|0|307|612|86|113|0|0|0|0|3,064|14|06:17:05|Wahoo ELEMNT|https://www.strava.com/activities/3019192899
16.01.2020|160,58|05:03:29|1,352|0|0|0|0||0|0|317|695|90|124|0|0|0|0|3,101|13|05:42:38|Wahoo ELEMNT|https://www.strava.com/activities/3016426103
15.01.2020|141,85|04:48:41|1,86|0|0|0|0||0|0|295|673|89|148|0|0|0|0|2,664|12|05:31:39|Wahoo ELEMNT BOLT|https://www.strava.com/activities/3079699692
13.01.2020|100,04|03:43:11|925|0|0|0|0||0|0|269|662|88|140|0|0|0|0||0|04:14:41|Wahoo ELEMNT BOLT|https://www.strava.com/activities/3079700650
12.01.2020|78,19|02:40:17|835|0|0|0|0||0|0|293|727|95|179|0|0|0|0||1|02:46:41|Wahoo ELEMNT BOLT|https://www.strava.com/activities/3004348264
10.01.2020|29,93|05:36:54|3,501|0|0|0|0||0|0|53|450|0|0|0|0|0|0|4,949|11|07:10:46|Wahoo ELEMNT|https://www.strava.com/activities/2998736791
09.01.2020|30,5|05:32:06|3,308|0|0|0|0||0|0|55|443|0|0|0|0|0|0|4,092|12|06:37:36|Wahoo ELEMNT|https://www.strava.com/activities/2996120843
07.01.2020|98,65|03:37:59|783|0|0|0|0||0|0|272|634|90|137|0|0|0|0|1,938|0|04:04:56|Wahoo ELEMNT BOLT|https://www.strava.com/activities/2989906594
06.01.2020|29,53|04:46:32|2,867|0|0|0|0||0|0|62|414|0|0|0|0|0|0|4,472|10|06:06:28|Wahoo ELEMNT BOLT|https://www.strava.com/activities/2987359781
05.01.2020|25,53|04:48:44|2,596|0|0|0|0||0|0|53|374|0|0|0|0|0|0|4,145|15|06:35:54|Wahoo ELEMNT BOLT|https://www.strava.com/activities/2984637212
03.01.2020|0,52|00:06:44|45|0|0|0|0||0|0|47|101|0|0|0|0|0|0|102|19|00:08:32|Wahoo ELEMNT BOLT|https://www.strava.com/activities/2978393651
03.01.2020|100,53|03:24:50|1,137|0|0|0|0||0|0|294|763|90|137|0|0|0|0|2,334|0|03:36:20|Wahoo ELEMNT BOLT|https://www.strava.com/activities/2978137002
02.01.2020|101,44|03:40:58|807|0|0|0|0||0|0|275|810|89|156|0|0|0|0|1,888|1|03:45:55|Wahoo ELEMNT BOLT|https://www.strava.com/activities/2975378449
31.01.2020|162,9|05:11:31|2,081|0|0|0|0||0|0|314|788|88|126|0|0|0|0||9|06:02:32|Wahoo ELEMNT|https://www.strava.com/activities/3059401055
30.01.2020|2,96|00:55:49|350|0|0|0|0||0|0|32|94|0|0|0|0|0|0||18|00:59:03|Wahoo ELEMNT|https://www.strava.com/activities/3057393215
30.01.2020|127,25|04:05:17|1,052|0|0|0|0||0|0|311|680|90|119|0|0|0|0|1,419|5|04:33:39|Wahoo ELEMNT|https://www.strava.com/activities/3056468274
27.01.2020|127,98|04:26:51|1,691|0|0|0|0||0|0|288|760|88|129|0|0|0|0|1,626|5|05:14:37|Wahoo ELEMNT|https://www.strava.com/activities/3047886113
26.01.2020|80,22|02:32:51|554|0|0|0|0||0|0|315|738|92|161|0|0|0|0|412|3|02:37:16|Wahoo ELEMNT|https://www.strava.com/activities/3044756394
25.01.2020|42,42|01:30:56|536|0|0|0|0||0|0|280|544|86|120|0|0|0|0||0|01:32:30|Wahoo ELEMNT|https://www.strava.com/activities/3044760809
24.01.2020|222,16|07:23:25|2,936|0|0|0|0||0|0|301|835|85|119|0|0|0|0|1,932|11|07:52:04|Wahoo ELEMNT|https://www.strava.com/activities/3039217600
23.01.2020|186,07|06:03:48|2,429|0|0|0|0||0|0|307|698|87|128|0|0|0|0|2,502|12|07:04:15|Wahoo ELEMNT|https://www.strava.com/activities/3036525903
22.01.2020|154,19|05:05:37|1,82|0|0|0|0||0|0|303|688|87|155|0|0|0|0|1,969|12|05:57:36|Wahoo ELEMNT|https://www.strava.com/activities/3033628999
20.01.2020|110,56|03:34:49|714|0|0|0|0||0|0|309|616|93|177|0|0|0|0|1,931|11|03:50:25|Wahoo ELEMNT|https://www.strava.com/activities/3027817807
18.01.2020|212,71|07:03:23|2,701|0|0|0|0||0|0|301|763|86|124|112|142|0|0|3,756|10|08:03:49|Wahoo ELEMNT|https://www.strava.com/activities/3022371621
17.01.2020|167,14|05:27:09|1,894|0|0|0|0||0|0|307|612|86|113|0|0|0|0|3,064|14|06:17:05|Wahoo ELEMNT|https://www.strava.com/activities/3019192899
16.01.2020|160,58|05:03:29|1,352|0|0|0|0||0|0|317|695|90|124|0|0|0|0|3,101|13|05:42:38|Wahoo ELEMNT|https://www.strava.com/activities/3016426103
15.01.2020|141,85|04:48:41|1,86|0|0|0|0||0|0|295|673|89|148|0|0|0|0|2,664|12|05:31:39|Wahoo ELEMNT BOLT|https://www.strava.com/activities/3079699692
13.01.2020|100,04|03:43:11|925|0|0|0|0||0|0|269|662|88|140|0|0|0|0||0|04:14:41|Wahoo ELEMNT BOLT|https://www.strava.com/activities/3079700650
12.01.2020|78,19|02:40:17|835|0|0|0|0||0|0|293|727|95|179|0|0|0|0||1|02:46:41|Wahoo ELEMNT BOLT|https://www.strava.com/activities/3004348264
10.01.2020|29,93|05:36:54|3,501|0|0|0|0||0|0|53|450|0|0|0|0|0|0|4,949|11|07:10:46|Wahoo ELEMNT|https://www.strava.com/activities/2998736791
09.01.2020|30,5|05:32:06|3,308|0|0|0|0||0|0|55|443|0|0|0|0|0|0|4,092|12|06:37:36|Wahoo ELEMNT|https://www.strava.com/activities/2996120843
07.01.2020|98,65|03:37:59|783|0|0|0|0||0|0|272|634|90|137|0|0|0|0|1,938|0|04:04:56|Wahoo ELEMNT BOLT|https://www.strava.com/activities/2989906594
06.01.2020|29,53|04:46:32|2,867|0|0|0|0||0|0|62|414|0|0|0|0|0|0|4,472|10|06:06:28|Wahoo ELEMNT BOLT|https://www.strava.com/activities/2987359781
05.01.2020|25,53|04:48:44|2,596|0|0|0|0||0|0|53|374|0|0|0|0|0|0|4,145|15|06:35:54|Wahoo ELEMNT BOLT|https://www.strava.com/activities/2984637212
03.01.2020|0,52|00:06:44|45|0|0|0|0||0|0|47|101|0|0|0|0|0|0|102|19|00:08:32|Wahoo ELEMNT BOLT|https://www.strava.com/activities/2978393651
03.01.2020|100,53|03:24:50|1,137|0|0|0|0||0|0|294|763|90|137|0|0|0|0|2,334|0|03:36:20|Wahoo ELEMNT BOLT|https://www.strava.com/activities/2978137002
02.01.2020|101,44|03:40:58|807|0|0|0|0||0|0|275|810|89|156|0|0|0|0|1,888|1|03:45:55|Wahoo ELEMNT BOLT|https://www.strava.com/activities/2975378449
31.01.2020|162,9|05:11:31|2,081|0|0|0|0||0|0|314|788|88|126|0|0|0|0||9|06:02:32|Wahoo ELEMNT|https://www.strava.com/activities/3059401055
30.01.2020|2,96|00:55:49|350|0|0|0|0||0|0|32|94|0|0|0|0|0|0||18|00:59:03|Wahoo ELEMNT|https://www.strava.com/activities/3057393215
30.01.2020|127,25|04:05:17|1,052|0|0|0|0||0|0|311|680|90|119|0|0|0|0|1,419|5|04:33:39|Wahoo ELEMNT|https://www.strava.com/activities/3056468274
27.01.2020|127,98|04:26:51|1,691|0|0|0|0||0|0|288|760|88|129|0|0|0|0|1,626|5|05:14:37|Wahoo ELEMNT|https://www.strava.com/activities/3047886113
26.01.2020|80,22|02:32:51|554|0|0|0|0||0|0|315|738|92|161|0|0|0|0|412|3|02:37:16|Wahoo ELEMNT|https://www.strava.com/activities/3044756394
25.01.2020|42,42|01:30:56|536|0|0|0|0||0|0|280|544|86|120|0|0|0|0||0|01:32:30|Wahoo ELEMNT|https://www.strava.com/activities/3044760809
24.01.2020|222,16|07:23:25|2,936|0|0|0|0||0|0|301|835|85|119|0|0|0|0|1,932|11|07:52:04|Wahoo ELEMNT|https://www.strava.com/activities/3039217600
23.01.2020|186,07|06:03:48|2,429|0|0|0|0||0|0|307|698|87|128|0|0|0|0|2,502|12|07:04:15|Wahoo ELEMNT|https://www.strava.com/activities/3036525903
22.01.2020|154,19|05:05:37|1,82|0|0|0|0||0|0|303|688|87|155|0|0|0|0|1,969|12|05:57:36|Wahoo ELEMNT|https://www.strava.com/activities/3033628999
20.01.2020|110,56|03:34:49|714|0|0|0|0||0|0|309|616|93|177|0|0|0|0|1,931|11|03:50:25|Wahoo ELEMNT|https://www.strava.com/activities/3027817807
18.01.2020|212,71|07:03:23|2,701|0|0|0|0||0|0|301|763|86|124|112|142|0|0|3,756|10|08:03:49|Wahoo ELEMNT|https://www.strava.com/activities/3022371621
17.01.2020|167,14|05:27:09|1,894|0|0|0|0||0|0|307|612|86|113|0|0|0|0|3,064|14|06:17:05|Wahoo ELEMNT|https://www.strava.com/activities/3019192899
16.01.2020|160,58|05:03:29|1,352|0|0|0|0||0|0|317|695|90|124|0|0|0|0|3,101|13|05:42:38|Wahoo ELEMNT|https://www.strava.com/activities/3016426103
15.01.2020|141,85|04:48:41|1,86|0|0|0|0||0|0|295|673|89|148|0|0|0|0|2,664|12|05:31:39|Wahoo ELEMNT BOLT|https://www.strava.com/activities/3079699692
13.01.2020|100,04|03:43:11|925|0|0|0|0||0|0|269|662|88|140|0|0|0|0||0|04:14:41|Wahoo ELEMNT BOLT|https://www.strava.com/activities/3079700650
12.01.2020|78,19|02:40:17|835|0|0|0|0||0|0|293|727|95|179|0|0|0|0||1|02:46:41|Wahoo ELEMNT BOLT|https://www.strava.com/activities/3004348264
10.01.2020|29,93|05:36:54|3,501|0|0|0|0||0|0|53|450|0|0|0|0|0|0|4,949|11|07:10:46|Wahoo ELEMNT|https://www.strava.com/activities/2998736791
09.01.2020|30,5|05:32:06|3,308|0|0|0|0||0|0|55|443|0|0|0|0|0|0|4,092|12|06:37:36|Wahoo ELEMNT|https://www.strava.com/activities/2996120843
07.01.2020|98,65|03:37:59|783|0|0|0|0||0|0|272|634|90|137|0|0|0|0|1,938|0|04:04:56|Wahoo ELEMNT BOLT|https://www.strava.com/activities/2989906594
06.01.2020|29,53|04:46:32|2,867|0|0|0|0||0|0|62|414|0|0|0|0|0|0|4,472|10|06:06:28|Wahoo ELEMNT BOLT|https://www.strava.com/activities/2987359781
05.01.2020|25,53|04:48:44|2,596|0|0|0|0||0|0|53|374|0|0|0|0|0|0|4,145|15|06:35:54|Wahoo ELEMNT BOLT|https://www.strava.com/activities/2984637212
03.01.2020|0,52|00:06:44|45|0|0|0|0||0|0|47|101|0|0|0|0|0|0|102|19|00:08:32|Wahoo ELEMNT BOLT|https://www.strava.com/activities/2978393651
03.01.2020|100,53|03:24:50|1,137|0|0|0|0||0|0|294|763|90|137|0|0|0|0|2,334|0|03:36:20|Wahoo ELEMNT BOLT|https://www.strava.com/activities/2978137002
02.01.2020|101,44|03:40:58|807|0|0|0|0||0|0|275|810|89|156|0|0|0|0|1,888|1|03:45:55|Wahoo ELEMNT BOLT|https://www.strava.com/activities/2975378449
27.04.2020|213,05|06:15:05|2,01|0|0|0|0||0|0|341|853|89|122|0|0|0|0||15|07:51:26|Wahoo ELEMNT BOLT|https://www.strava.com/activities/3361485314
26.04.2020|125,94|04:15:11|1,746|0|0|0|0||0|0|296|745|82|113|0|0|0|0||15|04:31:43|Wahoo ELEMNT BOLT|https://www.strava.com/activities/3355564772
23.04.2020|350,4|10:38:24|3,797|0|0|0|0||0|0|329|976|88|147|121|158|0|0|4,083|14|12:03:30|Wahoo ELEMNT BOLT|https://www.strava.com/activities/3342045437
17.04.2020|275,69|08:05:24|2,898|0|0|0|0||0|0|341|972|87|200|0|0|0|0||19|09:15:23|Wahoo ELEMNT BOLT|https://www.strava.com/activities/3312054438
11.04.2020|198,98|06:12:09|2,039|0|0|0|0||0|0|321|907|86|127|125|168|0|0|2,727|17|07:12:19|Wahoo ELEMNT BOLT|https://www.strava.com/activities/3284591650
10.04.2020|144,64|05:01:00|1,842|0|0|0|0||0|0|288|958|88|122|0|0|0|0|1,645|18|06:26:58|Wahoo ELEMNT BOLT|https://www.strava.com/activities/3279689533
09.04.2020|42,79|01:28:22|445|0|0|0|0||0|0|291|904|91|115|0|0|0|0||18|02:15:32|Wahoo ELEMNT BOLT|https://www.strava.com/activities/3274724592
07.04.2020|131,48|04:14:35|1,293|0|0|0|0||0|0|310|850|89|119|0|0|0|0|744|15|04:54:04|Wahoo ELEMNT BOLT|https://www.strava.com/activities/3270253326
06.04.2020|111,67|03:46:02|1,573|0|0|0|0||0|0|296|752|89|136|0|0|0|0|1,328|19|04:20:19|Wahoo ELEMNT BOLT|https://www.strava.com/activities/3262066127
03.04.2020|106,27|03:33:12|1,595|0|0|0|0||0|0|299|889|85|121|0|0|0|0|1,047|11|03:49:10|Wahoo ELEMNT BOLT|https://www.strava.com/activities/3249584822
02.04.2020|134,26|04:23:51|1,184|0|0|0|0||0|0|305|846|90|140|0|0|0|0||12|05:02:48|Wahoo ELEMNT|https://www.strava.com/activities/3245993532
01.04.2020|117,68|03:25:39|1,219|0|0|0|0||0|0|343|720|95|126|0|0|0|0|1,493|6|03:29:47|Wahoo ELEMNT|https://www.strava.com/activities/3241784140
21.05.2020|114,86|03:50:30|1,787|0|0|0|0||0|0|299|1008|84|132|0|0|0|0||17|03:59:08|Wahoo ELEMNT BOLT|https://www.strava.com/activities/3487600318
20.05.2020|113,95|04:00:32|1,613|0|0|0|0||0|0|284|749|87|145|0|0|0|0||15|04:27:04|Wahoo ELEMNT BOLT|https://www.strava.com/activities/3481925496
18.05.2020|197,55|06:28:33|1,417|0|0|0|0||0|0|305|796|86|128|0|0|0|0||20|07:11:14|Wahoo ELEMNT BOLT|https://www.strava.com/activities/3471555846
17.05.2020|119,57|04:10:59|2,188|0|0|0|0||0|0|286|860|77|139|0|0|0|0||20|04:40:20|Wahoo ELEMNT BOLT|https://www.strava.com/activities/3466267894
16.05.2020|147,99|04:55:28|1,631|0|0|0|0||0|0|301|767|87|136|0|0|0|0||12|05:42:44|Wahoo ELEMNT BOLT|https://www.strava.com/activities/3466272228
11.05.2020|110,02|03:35:45|1,22|0|0|0|0||0|0|306|749|89|168|0|0|0|0||14|03:49:41|Wahoo ELEMNT BOLT|https://www.strava.com/activities/3439129291
05.05.2020|156,57|05:22:36|1,306|0|0|0|0||0|0|291|666|87|119|0|0|0|0||8|06:12:35|Wahoo ELEMNT BOLT|https://www.strava.com/activities/3402176441
18.06.2020|200,51|07:01:53|4,144|0|0|0|0||0|0|285|943|80|200|0|0|0|0|3,550|17|08:01:16|Wahoo ELEMNT BOLT|https://www.strava.com/activities/3635097739
15.06.2020|151,87|04:16:58|1,575|0|0|0|0||0|0|355|878|89|183|0|0|0|0||11|04:24:48|Wahoo ELEMNT BOLT|https://www.strava.com/activities/3618836733
30.07.2020|85,55|03:03:40|1,73|0|0|0|0||0|0|279|781|82|200|0|0|0|0|1,337|37|03:21:18|Wahoo ELEMNT BOLT|https://www.strava.com/activities/3838964463
28.07.2020|139,98|04:35:03|1,318|0|0|0|0||0|0|305|994|86|187|0|0|0|0|1,548|26|05:06:14|Wahoo ELEMNT BOLT|https://www.strava.com/activities/3826241865
27.07.2020|96,31|03:08:25|1,269|0|0|0|0||0|0|307|943|85|200|0|0|0|0|878|23|04:31:03|Wahoo ELEMNT BOLT|https://www.strava.com/activities/3820052623
25.07.2020|210,4|06:07:53|2,741|0|0|0|0||0|0|343|929|90|155|133|180|0|0|3,572|19|07:12:19|Wahoo ELEMNT BOLT|https://www.strava.com/activities/3811466836
23.07.2020|203|06:01:13|1,614|0|0|0|0||0|0|337|958|90|161|114|157|0|0|1,168|22|07:08:13|Wahoo ELEMNT BOLT|https://www.strava.com/activities/3804953589
21.07.2020|90,91|02:59:54|1,121|0|0|0|0||0|0|303|950|85|158|0|0|0|0|804|29|03:33:48|Wahoo ELEMNT BOLT|https://www.strava.com/activities/3801289411
19.07.2020|33,04|01:07:13|365|0|0|0|0||0|0|295|594|0|0|0|0|0|0|||01:13:15||https://www.strava.com/activities/3785416083
15.07.2020|89,67|03:22:46|1,738|0|0|0|0||0|0|265|961|83|144|0|0|0|0|1,290|18|04:20:06|Wahoo ELEMNT BOLT|https://www.strava.com/activities/3765738976
14.07.2020|190,68|06:08:42|1,885|0|0|0|0||0|0|310|914|85|175|0|0|0|0|1,654|22|09:07:14|Wahoo ELEMNT BOLT|https://www.strava.com/activities/3764545116
13.07.2020|131,36|04:38:42|1,884|0|0|0|0||0|0|283|760|84|152|0|0|0|0||22|06:13:49|Wahoo ELEMNT BOLT|https://www.strava.com/activities/3759501520
12.07.2020|109,47|03:45:29|1,386|0|0|0|0||0|0|291|983|85|158|0|0|0|0||19|05:56:15|Wahoo ELEMNT BOLT|https://www.strava.com/activities/3759504007
24.08.2020|39,89|01:27:26|363|0|0|0|0||0|0|274|601|88|200|0|0|0|0||18|02:10:36|Wahoo ELEMNT BOLT|https://www.strava.com/activities/3959519340
23.08.2020|174,66|04:16:57|3,937|0|0|0|0||0|0|408|871|91|179|0|0|0|0||19|04:18:55|Wahoo ELEMNT BOLT|https://www.strava.com/activities/3954587640
22.08.2020|54,6|01:45:44|608|0|0|0|0||0|0|310|641|89|200|0|0|0|0|411|19|03:09:06|Wahoo ELEMNT BOLT|https://www.strava.com/activities/3950553983
20.08.2020|180,6|04:59:50|1,091|0|0|0|0||0|0|361|947|92|166|0|0|0|0|1,109|26|06:42:51|Wahoo ELEMNT BOLT|https://www.strava.com/activities/3943857863
18.08.2020|169,34|04:17:36|2,133|0|0|0|0||0|0|394|770|90|200|0|0|0|0||28|04:24:12|Wahoo ELEMNT BOLT|https://www.strava.com/activities/3930925127
17.08.2020|47,85|01:43:03|599|0|0|0|0||0|0|279|738|89|166|0|0|0|0||30|02:31:52|Wahoo ELEMNT BOLT|https://www.strava.com/activities/3926335520
16.08.2020|80,08|02:33:40|925|0|0|0|0||0|0|313|961|87|167|0|0|0|0||26|02:42:07|Wahoo ELEMNT BOLT|https://www.strava.com/activities/3921679576
14.08.2020|120,03|03:25:25|1,555|0|0|0|0||0|0|351|976|89|160|0|0|0|0|1,570|22|04:04:50|Wahoo ELEMNT BOLT|https://www.strava.com/activities/3911275458
08.08.2020|317,97|07:45:17|2,655|0|0|0|0||0|0|410|965|86|186|0|0|0|0||33|07:48:50|Wahoo ELEMNT BOLT|https://www.strava.com/activities/3883680115
05.08.2020|204,8|04:31:59|978|0|0|0|0||0|0|452|850|88|200|124|180|0|0|1,853|30|04:31:59|Wahoo ELEMNT BOLT|https://www.strava.com/activities/3869099286
03.08.2020|91,63|02:47:34|732|0|0|0|0||0|0|328|706|84|200|0|0|0|0|347|22|03:18:01|Wahoo ELEMNT BOLT|https://www.strava.com/activities/3858119537
02.08.2020|73,77|02:27:32|852|0|0|0|0||0|0|300|630|85|200|98|126|0|0|272|29|02:53:00|Wahoo ELEMNT BOLT|https://www.strava.com/activities/3852349078
01.08.2020|186,06|05:16:32|3,248|0|0|0|0||0|0|353|979|90|200|156|188|0|0|4,735|36|05:16:51|Wahoo ELEMNT BOLT|https://www.strava.com/activities/3849615053
30.09.2020|104,23|03:17:26|313|0|0|0|0||0|0|317|619|95|191|0|0|0|0|589|16|04:01:27|Wahoo ELEMNT BOLT|https://www.strava.com/activities/4133081742
29.09.2020|138,68|03:17:54|504|0|0|0|0||0|0|420|688|93|184|0|0|0|0|1,280|15|03:17:54|Wahoo ELEMNT BOLT|https://www.strava.com/activities/4128307468
21.10.2020|189,79|04:06:20|536|0|0|0|0||0|0|462|716|94|200|0|0|0|0||15|04:06:20|Wahoo ELEMNT BOLT|https://www.strava.com/activities/4224322137
19.10.2020|27,71|01:00:41|71|0|0|0|0||0|0|274|403|0|0|0|0|0|0|||01:02:44||https://www.strava.com/activities/4215083171
17.10.2020|40,02|01:20:41|116|0|0|0|0||0|0|298|468|89|200|0|0|0|0||8|01:54:03|Wahoo ELEMNT BOLT|https://www.strava.com/activities/4205520678
16.10.2020|24,54|01:00:34|34|0|0|0|0||0|0|243|367|84|200|0|0|0|0||10|01:22:50|Wahoo ELEMNT BOLT|https://www.strava.com/activities/4201721488
15.10.2020|119,44|03:37:31|1,191|0|0|0|0||0|0|329|850|88|200|0|0|0|0|975|10|03:42:43|Wahoo ELEMNT BOLT|https://www.strava.com/activities/4198089371
14.10.2020|174,37|03:39:49|140|0|0|0|0||0|0|476|760|93|193|139|178|0|0|2,369|10|03:40:31|Wahoo ELEMNT BOLT|https://www.strava.com/activities/4194480377
12.10.2020|41,43|01:25:52|122|0|0|0|0||0|0|290|450|87|200|0|0|0|0||12|01:56:36|Wahoo ELEMNT BOLT|https://www.strava.com/activities/4184712807
09.10.2020|91,11|02:31:31|724|0|0|0|0||0|0|361|724|94|198|0|0|0|0|544|13|02:32:54|Wahoo ELEMNT BOLT|https://www.strava.com/activities/4171371401
07.10.2020|265,75|06:17:26|2,757|0|0|0|0||0|0|422|896|91|181|0|0|0|0||13|06:32:38|Wahoo ELEMNT BOLT|https://www.strava.com/activities/4164158295
06.10.2020|47,28|01:40:17|226|0|0|0|0||0|0|283|565|90|155|0|0|0|0||9|01:44:26|Wahoo ELEMNT BOLT|https://www.strava.com/activities/4160296699
05.10.2020|122,51|03:35:41|794|0|0|0|0||0|0|341|666|91|157|0|0|0|0||11|04:21:23|Wahoo ELEMNT BOLT|https://www.strava.com/activities/4154658464
04.10.2020|63,91|02:16:29|538|0|0|0|0||0|0|281|882|0|0|0|0|0|0|||03:13:51||https://www.strava.com/activities/4149517421
02.10.2020|18,7|00:32:18|126|0|0|0|0||0|0|347|724|95|172|0|0|0|0||14|01:09:49|Wahoo ELEMNT BOLT|https://www.strava.com/activities/4141371097
18.10.2020|251,82|06:01:35|2,127|0|0|0|0||0|0|418|889|91|200|0|0|0|0||10|06:02:38|Wahoo ELEMNT BOLT|https://www.strava.com/activities/4211887261
11.10.2020|240,6|05:37:53|1,555|0|0|0|0||0|0|427|850|91|200|0|0|0|0||10|05:38:19|Wahoo ELEMNT BOLT|https://www.strava.com/activities/4181218113
03.10.2020|189,9|04:24:01|2,125|0|0|0|0||0|0|432|749|93|200|0|0|0|0||11|04:26:04|Wahoo ELEMNT BOLT|https://www.strava.com/activities/4145880001
01.10.2020|160|03:33:53|539|0|0|0|0||0|0|449|641|94|200|0|0|0|0|2,202|10|03:33:53|Wahoo ELEMNT BOLT|https://www.strava.com/activities/4140916038
22.12.2020|119,65|04:10:51|1,14|0|0|0|0||0|0|286|878|90|155|0|0|0|0|2,821|8|04:56:36|Wahoo ELEMNT BOLT|https://www.strava.com/activities/4504078698
loaded urls in 06:56:21.6399418
