date|distance|mov_time|elevation|relativeEffort|avg_power_weig|work_total|training_load|intensity|estAvgPower|energyOutput|avg_speed|max_speed|avg_cadence|max_cadence|avg_heartRate|max_heartRate|avg_power|max_power|avg_calories|avg_temperature|avg_elap_time|bicycle_model|url
26.01.2019|112,53|03:35:37|170|0|0|0|0||0|0|313|547|91|193|0|0|0|0|2,584|3|03:36:59|Garmin Edge 520|https://www.strava.com/activities/2207812134
25.01.2019|32,89|00:58:49|0|0|0|0|0||0|0|336|439|94|121|0|0|0|0|911|9|01:00:31|Garmin Edge 520|https://www.strava.com/activities/2207811803
24.01.2019|27,74|01:38:18|16|0|0|0|0||0|0|169|536|0|0|0|0|0|0|1,866|15|03:03:17|Garmin Edge 520|https://www.strava.com/activities/2207811752
23.01.2019|9,29|00:44:23|0|0|0|0|0||0|0|0|0|0|0|0|0|0|0|||00:00:00|Garmin fēnix 3|https://www.strava.com/activities/2097908614
23.01.2019|42,97|01:30:05|0|0|0|0|0||0|0|286|389|85|119|0|0|0|0|1,200|10|01:33:10|Garmin Edge 520|https://www.strava.com/activities/2207811750
21.01.2019|36,06|01:14:25|0|0|0|0|0||0|0|291|400|96|122|0|0|0|0|1,020|10|01:14:55|Garmin Edge 520|https://www.strava.com/activities/2207811561
19.01.2019|69,67|03:02:59|201|0|0|0|0||0|0|228|403|0|0|0|0|0|0|1,975|-1|03:14:59|Garmin Edge 520|https://www.strava.com/activities/2207811531
18.01.2019|22,59|00:30:11|0|0|0|0|0||0|0|449|558|97|110|0|0|0|0|345|13|00:30:11|Garmin Edge 520|https://www.strava.com/activities/2207811497
17.01.2019|6,73|00:31:51|0|0|0|0|0||0|0|0|0|0|0|0|0|0|0|||00:00:00|Garmin fēnix 3|https://www.strava.com/activities/2084545654
17.01.2019|1,04|00:04:11|0|0|0|0|0||0|0|150|169|0|0|0|0|0|0|10|26|00:43:57|Garmin fēnix 3|https://www.strava.com/activities/2084378366
05.01.2019|135,35|04:24:18|2,634|0|0|0|0||0|0|307|799|86|137|0|0|0|0||17|04:41:32|Bryton Rider 450|https://www.strava.com/activities/2057478280
03.01.2019|63,39|02:01:26|189|0|0|0|0||0|0|313|432|95|126|0|0|0|0|1,473|3|02:03:02|Garmin Edge 520|https://www.strava.com/activities/2207811572
03.01.2019|13,03|00:59:40|0|0|0|0|0||0|0|0|0|0|0|0|0|0|0|||00:00:00|Garmin fēnix 3|https://www.strava.com/activities/2052088040
02.01.2019|32,84|01:02:30|78|0|0|0|0||0|0|315|475|0|0|0|0|0|0|804|3|01:06:57|Garmin Edge 520|https://www.strava.com/activities/2207811220
06.01.2019|120,41|03:46:31|1,461|0|0|0|0||0|0|319|720|90|155|0|0|0|0|2,240|17|04:11:59|Bryton Rider 450|https://www.strava.com/activities/2060465780
28.02.2019|176,6|06:01:16|3,614|0|0|0|0||0|0|293|688|89|152|0|0|0|0|3,906|22|06:32:16|Bryton Rider 450|https://www.strava.com/activities/2181674589
27.02.2019|52,25|01:44:22|735|0|0|0|0||0|0|300|608|91|144|0|0|0|0|886|20|02:38:16|Bryton Rider 450|https://www.strava.com/activities/2178983880
26.02.2019|150,64|05:01:27|2,792|0|0|0|0||0|0|300|655|90|127|0|0|0|0|3,103|19|05:21:17|Bryton Rider 450|https://www.strava.com/activities/2178983939
25.02.2019|46,54|01:29:56|575|0|0|0|0||0|0|311|558|95|125|0|0|0|0|894|15|01:31:28|Bryton Rider 450|https://www.strava.com/activities/2178982669
25.02.2019|106,28|03:27:49|1,719|0|0|0|0||0|0|307|770|92|136|0|0|0|0|2,232|17|03:32:45|Bryton Rider 450|https://www.strava.com/activities/2178982506
24.02.2019|32,75|01:10:13|316|0|0|0|0||0|0|280|590|91|121|0|0|0|0|482|21|01:11:37|Bryton Rider 450|https://www.strava.com/activities/2171490415
23.02.2019|157,62|05:00:08|2,882|0|0|0|0||0|0|315|673|93|133|0|0|0|0|3,297|21|05:10:06|Bryton Rider 450|https://www.strava.com/activities/2169337664
22.02.2019|129,15|04:20:06|2,059|0|0|0|0||0|0|298|752|0|0|0|0|0|0|||04:20:06||https://www.strava.com/activities/2166909903
21.02.2019|40,08|01:23:01|602|0|0|0|0||0|0|290|598|94|122|0|0|0|0|845|15|01:23:48|Bryton Rider 450|https://www.strava.com/activities/2165329836
21.02.2019|88,96|02:58:54|1,807|0|0|0|0||0|0|298|655|93|136|0|0|0|0|2,000|15|03:00:00|Bryton Rider 450|https://www.strava.com/activities/2164576013
19.02.2019|62,37|01:58:58|173|0|0|0|0||0|0|315|490|94|115|0|0|0|0|1,477|5|02:05:01|Garmin Edge 520|https://www.strava.com/activities/2207812203
12.02.2019|31,94|01:06:51|0|0|0|0|0||0|0|287|464|94|150|0|0|0|0|847|11|01:14:58|Garmin Edge 520|https://www.strava.com/activities/2207812075
11.02.2019|36,33|02:00:34|21|0|0|0|0||0|0|181|587|0|0|0|0|0|0|1,622|17|02:15:01|Garmin Edge 520|https://www.strava.com/activities/2207812045
08.02.2019|5,71|00:30:16|0|0|0|0|0||0|0|0|0|0|0|0|0|0|0|||00:00:00|Garmin fēnix 3|https://www.strava.com/activities/2132014700
16.02.2019|179,87|04:27:36|2,352|0|0|0|0||0|0|403|770|95|163|0|0|0|0|3,228|18|04:29:54|Bryton Rider 450|https://www.strava.com/activities/2153270555
30.03.2019|179,61|05:57:41|3,579|0|0|0|0||0|0|301|706|90|127|0|0|0|0|3,768|18|06:40:05|Bryton Rider 450|https://www.strava.com/activities/2252118520
29.03.2019|102,25|03:25:49|2,125|0|0|0|0||0|0|298|666|92|127|0|0|0|0|2,327|17|03:32:27|Bryton Rider 450|https://www.strava.com/activities/2249063336
28.03.2019|32,69|01:11:15|312|0|0|0|0||0|0|275|590|91|125|0|0|0|0|504|24|01:34:37|Bryton Rider 450|https://www.strava.com/activities/2246610083
27.03.2019|90,89|02:56:19|1,134|0|0|0|0||0|0|309|644|93|126|0|0|0|0|1,788|20|03:37:49|Bryton Rider 450|https://www.strava.com/activities/2244365459
26.03.2019|136,93|04:33:58|2,545|0|0|0|0||0|0|300|662|92|124|0|0|0|0|7,057|17|04:35:43|Bryton Rider 450|https://www.strava.com/activities/2244365098
25.03.2019|116,2|03:51:31|2,166|0|0|0|0||0|0|301|670|93|159|0|0|0|0|2,824|23|04:05:42|Bryton Rider 450|https://www.strava.com/activities/2239637904
23.03.2019|19,33|00:39:42|37|0|0|0|0||0|0|292|414|90|108|0|0|0|0|723|12|02:16:17|Bryton Rider 450|https://www.strava.com/activities/2239637144
23.03.2019|36,39|01:13:15|45|0|0|0|0||0|0|298|385|92|108|0|0|0|0|486|9|01:14:13|Bryton Rider 450|https://www.strava.com/activities/2239636880
20.03.2019|0,09|00:00:00|0|0|0|0|0||0|0|496|356|88|92|0|0|0|0||18|00:00:07|Bryton Rider 450|https://www.strava.com/activities/2239635084
19.03.2019|28,34|00:57:21|63|0|0|0|0||0|0|297|464|94|115|0|0|0|0|362|12|01:13:25|Bryton Rider 450|https://www.strava.com/activities/2239635069
18.03.2019|52,31|01:50:07|346|0|0|0|0||0|0|285|706|92|122|0|0|0|0|1,412|0|01:51:18|Garmin Edge 520|https://www.strava.com/activities/2223853873
17.03.2019|106,86|03:55:58|1,816|0|0|0|0||0|0|272|731|89|121|0|0|0|0|2,943|5|04:01:31|Garmin Edge 520|https://www.strava.com/activities/2220240493
16.03.2019|143,83|05:03:23|1,728|0|0|0|0||0|0|284|731|90|196|0|0|0|0|4,009|5|05:22:49|Garmin Edge 520|https://www.strava.com/activities/2220239849
14.03.2019|0|00:00:00|0|0|0|0|0||0|0|0|0|0|116|0|0|0|0|576|0|00:50:23|Bryton Rider 450|https://www.strava.com/activities/2239634828
14.03.2019|0,02|00:00:00|0|0|0|0|0||0|0|27|22|96|113|0|0|0|0|921|13|01:35:30|Bryton Rider 450|https://www.strava.com/activities/2239634680
13.03.2019|156,78|05:07:52|480|0|0|0|0||0|0|306|511|93|133|0|0|0|0|3,330|8|05:14:47|Bryton Rider 450|https://www.strava.com/activities/2239634698
12.03.2019|40,15|01:08:50|18|0|0|0|0||0|0|350|590|97|124|0|0|0|0|896|11|01:10:00|Garmin Edge 520|https://www.strava.com/activities/2220239041
11.03.2019|2,34|00:04:57|3|0|0|0|0||0|0|285|353|93|104|0|0|0|0|29|8|00:04:57|Bryton Rider 450|https://www.strava.com/activities/2239633794
11.03.2019|54,85|01:49:19|133|0|0|0|0||0|0|301|482|92|143|0|0|0|0|1,026|8|01:50:28|Bryton Rider 450|https://www.strava.com/activities/2239633777
08.03.2019|2,35|00:41:52|2|0|0|0|0||0|0|34|144|0|0|0|0|0|0|1,130|22|05:59:05|Bryton Rider 450|https://www.strava.com/activities/2202435273
08.03.2019|88,36|02:31:51|1,674|0|0|0|0||0|0|349|1368|85|138|0|0|0|0|1,491|18|02:39:43|Bryton Rider 450|https://www.strava.com/activities/2202434629
07.03.2019|0|00:00:00|0|0|0|0|0||0|0|0|0|0|136|0|0|0|0|439|0|00:48:44|Bryton Rider 450|https://www.strava.com/activities/2202434153
07.03.2019|0|00:00:00|0|0|0|0|0||0|0|0|0|0|86|0|0|0|0||0|00:00:13|Bryton Rider 450|https://www.strava.com/activities/2202434005
07.03.2019|0|00:00:00|0|0|0|0|0||0|0|0|0|0|76|0|0|0|0||0|00:00:01|Bryton Rider 450|https://www.strava.com/activities/2202433881
06.03.2019|28,59|00:59:26|2|0|0|0|0||0|0|289|400|96|114|0|0|0|0|740|12|01:01:51|Garmin Edge 520|https://www.strava.com/activities/2207812181
04.03.2019|26,38|00:56:30|0|0|0|0|0||0|0|280|403|93|110|0|0|0|0|728|16|01:00:00|Garmin Edge 520|https://www.strava.com/activities/2207812179
03.03.2019|0,01|00:00:00|0|0|0|0|0||0|0|15|36|0|0|0|0|0|0|4|21|00:01:26|Bryton Rider 450|https://www.strava.com/activities/2202432750
02.03.2019|29,04|00:56:55|71|0|0|0|0||0|0|306|511|94|126|0|0|0|0|494|8|00:58:13|Bryton Rider 450|https://www.strava.com/activities/2202432733
01.03.2019|43,77|01:30:46|651|0|0|0|0||0|0|289|562|89|119|0|0|0|0|728|20|02:01:19|Bryton Rider 450|https://www.strava.com/activities/2202432634
22.03.2019|198,1|04:47:04|596|0|0|0|0||0|0|414|835|90|150|0|0|0|0|2,968|15|05:08:40|Bryton Rider 450|https://www.strava.com/activities/2239636772
21.03.2019|51,47|01:39:48|117|0|0|0|0||0|0|309|428|0|0|0|0|0|0|546|12|02:27:36|Bryton Rider 450|https://www.strava.com/activities/2239636080
20.03.2019|193,03|04:33:52|1,364|0|0|0|0||0|0|423|720|92|178|0|0|0|0|3,323|14|04:35:12|Bryton Rider 450|https://www.strava.com/activities/2239635997
09.03.2019|182,32|04:49:34|3,347|0|0|0|0||0|0|378|864|92|152|0|0|0|0|3,995|19|04:50:27|Bryton Rider 450|https://www.strava.com/activities/2202436093
05.03.2019|197,5|04:37:57|1,636|0|0|0|0||0|0|426|767|95|196|0|0|0|0|3,654|10|04:38:33|Bryton Rider 450|https://www.strava.com/activities/2202433947
03.03.2019|169,8|04:16:00|1,004|0|0|0|0||0|0|398|810|93|129|0|0|0|0|3,206|10|04:17:47|Bryton Rider 450|https://www.strava.com/activities/2202433472
27.04.2019|0|00:00:00|0|0|0|0|0||0|0|0|0|0|151|0|0|0|0|380|0|01:00:07|Bryton Rider 450|https://www.strava.com/activities/2322598107
26.04.2019|0,61|00:01:31|14|0|0|0|0||0|0|244|302|86|104|0|0|0|0|9|20|00:01:31|Bryton Rider 450|https://www.strava.com/activities/2320190589
23.04.2019|35,21|01:05:42|182|0|0|0|0||0|0|322|616|94|114|0|0|0|0|539|20|01:07:02|Bryton Rider 450|https://www.strava.com/activities/2315496827
16.04.2019|35,87|01:08:14|81|0|0|0|0||0|0|315|526|95|120|0|0|0|0|574|17|01:09:33|Bryton Rider 450|https://www.strava.com/activities/2301475654
13.04.2019|0|00:00:00|0|0|0|0|0||0|0|0|0|0|0|0|0|0|0||0|00:00:03|Bryton Rider 450|https://www.strava.com/activities/2301473378
13.04.2019|0,12|00:01:02|2|0|0|0|0||0|0|75|144|0|0|0|0|0|0|2|23|00:01:31|Bryton Rider 450|https://www.strava.com/activities/2301473282
13.04.2019|0|00:00:00|0|0|0|0|0||0|0|0|0|0|0|0|0|0|0||0|00:00:03|Bryton Rider 450|https://www.strava.com/activities/2301473141
08.04.2019|10,88|00:18:11|164|0|0|0|0||0|0|359|835|92|200|0|0|0|0|386|13|00:46:31|Bryton Rider 450|https://www.strava.com/activities/2277256015
08.04.2019|0|00:00:00|0|0|0|0|0||0|0|43|7|40|140|0|0|0|0|234|13|00:31:42|Bryton Rider 450|https://www.strava.com/activities/2277255569
05.04.2019|85,03|02:00:23|155|0|0|0|0||0|0|424|594|98|120|0|0|0|0|1,208|13|03:04:06|Bryton Rider 450|https://www.strava.com/activities/2277254114
04.04.2019|121,97|04:00:16|822|0|0|0|0||0|0|305|529|93|189|0|0|0|0|2,146|10|04:11:23|Bryton Rider 450|https://www.strava.com/activities/2277253569
03.04.2019|68,08|01:55:11|157|0|0|0|0||0|0|355|540|53|110|0|0|0|0|1,200|11|01:59:50|Bryton Rider 450|https://www.strava.com/activities/2277252391
01.04.2019|89,41|02:59:55|1,66|0|0|0|0||0|0|298|713|91|122|0|0|0|0|1,472|12|03:08:51|Bryton Rider 450|https://www.strava.com/activities/2256832573
28.04.2019|252,49|06:54:04|1,511|0|0|0|0||0|0|366|842|89|200|0|0|0|0|4,276|7|06:55:26|Bryton Rider 450|https://www.strava.com/activities/2330730753
26.04.2019|71,95|02:14:45|1,216|0|0|0|0||0|0|320|810|87|140|0|0|0|0|1,047|15|02:17:19|Bryton Rider 450|https://www.strava.com/activities/2320191199
25.04.2019|18,64|00:42:00|29|0|0|0|0||0|0|266|508|90|152|0|0|0|0|223|19|01:22:13|Bryton Rider 450|https://www.strava.com/activities/2320190531
24.04.2019|164,83|04:20:57|2,361|0|0|0|0||0|0|379|875|92|200|0|0|0|0|2,678|25|04:27:47|Bryton Rider 450|https://www.strava.com/activities/2315498193
21.04.2019|243,31|06:11:11|3,34|0|0|0|0||0|0|393|806|90|180|0|0|0|0|3,966|26|06:12:17|Bryton Rider 450|https://www.strava.com/activities/2308255402
20.04.2019|35,34|01:17:26|164|0|0|0|0||0|0|274|605|86|171|0|0|0|0|377|22|01:47:44|Bryton Rider 450|https://www.strava.com/activities/2308252830
19.04.2019|73,25|02:28:07|1,108|0|0|0|0||0|0|297|749|88|123|0|0|0|0|1,208|22|02:29:11|Bryton Rider 450|https://www.strava.com/activities/2301479517
18.04.2019|10,43|00:23:29|22|0|0|0|0||0|0|267|407|82|106|0|0|0|0|130|24|00:50:13|Bryton Rider 450|https://www.strava.com/activities/2301478151
17.04.2019|193,7|04:35:47|2,238|0|0|0|0||0|0|421|846|92|168|0|0|0|0|2,935|16|04:38:06|Bryton Rider 450|https://www.strava.com/activities/2301477828
15.04.2019|27,43|00:55:10|76|0|0|0|0||0|0|298|457|94|118|0|0|0|0|625|19|01:04:45|Garmin Edge 520|https://www.strava.com/activities/2339165954
13.04.2019|114,02|03:16:44|2,743|0|0|0|0||0|0|348|810|0|0|0|0|0|0|2,058|23|03:17:32|Bryton Rider 450|https://www.strava.com/activities/2301474962
10.04.2019|143,5|03:35:23|1,796|0|0|0|0||0|0|400|878|91|200|0|0|0|0|2,179|14|03:35:51|Bryton Rider 450|https://www.strava.com/activities/2279744683
10.04.2019|44,75|01:13:35|853|0|0|0|0||0|0|365|821|91|134|0|0|0|0|773|16|01:20:47|Bryton Rider 450|https://www.strava.com/activities/2279743407
09.04.2019|147,46|03:29:09|1,686|0|0|0|0||0|0|423|850|92|133|0|0|0|0|2,247|17|03:29:43|Bryton Rider 450|https://www.strava.com/activities/2277257638
07.04.2019|95,31|03:13:32|544|0|0|0|0||0|0|295|756|83|184|0|0|0|0|1,527|10|03:44:42|Bryton Rider 450|https://www.strava.com/activities/2277255333
31.05.2019|149,88|04:02:23|2,709|0|0|0|0||0|0|371|835|94|177|0|0|0|0|2,390|26|04:30:37|Bryton Rider 450|https://www.strava.com/activities/2564288335
30.05.2019|218,93|04:54:04|1,238|0|0|0|0||0|0|447|817|89|155|0|0|0|0|2,947|18|04:55:41|Bryton Rider 450|https://www.strava.com/activities/2564287765
30.05.2019|2,53|00:05:09|0|0|0|0|0||0|0|295|655|0|0|0|0|0|0|165|23|00:37:31|Bryton Rider 450|https://www.strava.com/activities/2564286613
29.05.2019|9,96|00:12:56|25|0|0|0|0||0|0|462|734|94|122|0|0|0|0|115|15|00:18:35|Bryton Rider 450|https://www.strava.com/activities/2564286488
29.05.2019|179,6|04:48:53|3,273|0|0|0|0||0|0|373|900|88|139|0|0|0|0|2,795|18|04:49:35|Bryton Rider 450|https://www.strava.com/activities/2564286988
28.05.2019|104,82|03:15:57|2,456|0|0|0|0||0|0|321|842|88|142|0|0|0|0|1,971|14|03:16:58|Bryton Rider 450|https://www.strava.com/activities/2564286658
27.05.2019|0|00:00:00|0|0|0|0|0||0|0|0|0|0|113|0|0|0|0|99|0|00:31:06|Bryton Rider 450|https://www.strava.com/activities/2564285097
26.05.2019|227,5|05:58:04|3,236|0|0|0|0||0|0|381|950|87|152|0|0|0|0|3,171|21|05:59:06|Bryton Rider 450|https://www.strava.com/activities/2564286008
25.05.2019|126,98|04:15:42|3,966|0|0|0|0||0|0|298|889|0|0|0|0|0|0|2,061|24|04:15:42|Bryton Rider 450|https://www.strava.com/activities/2564284689
24.05.2019|192,67|05:58:38|4,822|0|0|0|0||0|0|322|1062|88|159|0|0|0|0|3,735|24|06:00:33|Bryton Rider 450|https://www.strava.com/activities/2564284733
23.05.2019|156,03|03:56:22|1,913|0|0|0|0||0|0|396|882|88|172|0|0|0|0|2,237|28|03:56:56|Bryton Rider 450|https://www.strava.com/activities/2564283354
23.05.2019|0|00:00:00|0|0|0|0|0||0|0|122|0|39|39|0|0|0|0||22|00:00:01|Bryton Rider 450|https://www.strava.com/activities/2564282249
22.05.2019|218,78|05:17:01|495|0|0|0|0||0|0|414|590|88|130|0|0|0|0|2,536|30|05:18:45|Bryton Rider 450|https://www.strava.com/activities/2564282670
21.05.2019|144,83|03:37:54|229|0|0|0|0||0|0|399|648|91|125|0|0|0|0|1,817|27|03:38:23|Bryton Rider 450|https://www.strava.com/activities/2564281599
20.05.2019|23,95|00:56:13|25|0|0|0|0||0|0|256|338|80|173|0|0|0|0|164|27|01:19:45|Bryton Rider 450|https://www.strava.com/activities/2564280364
19.05.2019|34,02|00:55:56|649|0|0|0|0||0|0|365|652|94|123|0|0|0|0|577|13|00:55:56|Bryton Rider 450|https://www.strava.com/activities/2564280355
19.05.2019|0,01|00:00:00|0|0|0|0|0||0|0|54|72|29|32|0|0|0|0||16|00:00:11|Bryton Rider 450|https://www.strava.com/activities/2564279926
19.05.2019|0|00:00:00|0|0|0|0|0||0|0|0|0|0|144|0|0|0|0|149|0|00:26:17|Bryton Rider 450|https://www.strava.com/activities/2564279850
19.05.2019|0|00:00:00|0|0|0|0|0||0|0|0|0|0|54|0|0|0|0||0|00:00:02|Bryton Rider 450|https://www.strava.com/activities/2564279710
18.05.2019|238,54|05:41:57|1,881|0|0|0|0||0|0|419|781|87|132|0|0|0|0|2,627|22|05:43:13|Bryton Rider 450|https://www.strava.com/activities/2564280459
17.05.2019|182,79|04:07:14|2,589|0|0|0|0||0|0|444|886|92|143|0|0|0|0|2,594|25|04:08:32|Bryton Rider 450|https://www.strava.com/activities/2564279333
17.05.2019|0,1|00:00:00|0|0|0|0|0||0|0|189|338|52|62|0|0|0|0||25|00:00:20|Bryton Rider 450|https://www.strava.com/activities/2564278190
15.05.2019|140,58|03:37:15|1,307|0|0|0|0||0|0|388|760|88|123|0|0|0|0|1,918|9|03:37:15|Bryton Rider 450|https://www.strava.com/activities/2371620366
14.05.2019|233,69|05:59:35|3,092|0|0|0|0||0|0|390|922|87|146|0|0|0|0|2,908|19|06:01:42|Bryton Rider 450|https://www.strava.com/activities/2367068906
12.05.2019|156,9|03:31:21|1,524|0|0|0|0||0|0|445|889|94|143|0|0|0|0|2,294|17|03:31:59|Bryton Rider 450|https://www.strava.com/activities/2362252346
11.05.2019|17,52|00:33:55|286|0|0|0|0||0|0|310|608|86|121|0|0|0|0|341|21|00:36:33|Bryton Rider 450|https://www.strava.com/activities/2360665446
11.05.2019|0|00:00:00|0|0|0|0|0||0|0|0|0|0|138|0|0|0|0|216|0|00:28:30|Bryton Rider 450|https://www.strava.com/activities/2360665178
11.05.2019|25,89|00:45:38|104|0|0|0|0||0|0|340|572|88|114|0|0|0|0|403|25|00:47:36|Bryton Rider 450|https://www.strava.com/activities/2360665059
10.05.2019|37,27|01:10:38|405|0|0|0|0||0|0|317|605|88|144|0|0|0|0|512|23|01:36:42|Bryton Rider 450|https://www.strava.com/activities/2360664457
10.05.2019|18,42|00:41:41|306|0|0|0|0||0|0|265|583|80|112|0|0|0|0|253|22|00:45:28|Bryton Rider 450|https://www.strava.com/activities/2360664102
09.05.2019|68,73|02:09:49|644|0|0|0|0||0|0|318|540|91|146|0|0|0|0|963|21|02:38:35|Bryton Rider 450|https://www.strava.com/activities/2360664088
09.05.2019|10,6|00:25:19|246|0|0|0|0||0|0|251|482|79|158|0|0|0|0|168|15|00:26:41|Bryton Rider 450|https://www.strava.com/activities/2360663311
07.05.2019|141,46|04:05:51|585|0|0|0|0||0|0|345|562|94|127|0|0|0|0|3,244|10|04:18:02|Garmin Edge 520|https://www.strava.com/activities/2348673649
06.05.2019|45,29|01:24:47|111|0|0|0|0||0|0|321|436|95|119|0|0|0|0|716|7|01:25:35|Bryton Rider 450|https://www.strava.com/activities/2360663209
04.05.2019|0,01|00:00:00|0|0|0|0|0||0|0|55|65|29|29|0|0|0|0||9|00:00:06|Garmin Edge 520|https://www.strava.com/activities/2341084604
04.05.2019|162,52|05:22:15|1,314|0|0|0|0||0|0|303|659|91|132|0|0|0|0|3,974|7|05:30:24|Garmin Edge 520|https://www.strava.com/activities/2341085417
03.05.2019|50,84|01:19:50|87|0|0|0|0||0|0|382|518|93|117|0|0|0|0|1,239|7|01:21:07|Garmin Edge 520|https://www.strava.com/activities/2339166059
03.05.2019|30,54|00:56:36|65|0|0|0|0||0|0|324|450|95|118|0|0|0|0|482|9|00:57:23|Bryton Rider 450|https://www.strava.com/activities/2360662810
02.05.2019|65,08|02:01:24|91|0|0|0|0||0|0|322|432|94|154|0|0|0|0|1,061|10|02:02:30|Bryton Rider 450|https://www.strava.com/activities/2360662670
01.05.2019|45,71|01:23:31|102|0|0|0|0||0|0|328|461|94|110|0|0|0|0|752|11|01:23:31|Bryton Rider 450|https://www.strava.com/activities/2332915268
01.05.2019|80,78|02:36:49|135|0|0|0|0||0|0|309|439|92|119|0|0|0|0|1,272|10|02:41:43|Bryton Rider 450|https://www.strava.com/activities/2332914391
13.05.2019|219,01|05:23:59|1,876|0|0|0|0||0|0|406|868|87|138|0|0|0|0|2,677|16|05:29:53|Bryton Rider 450|https://www.strava.com/activities/2364495508
25.06.2019|0,02|00:00:00|0|0|0|0|0||0|0|46|104|0|0|0|0|0|0|2|32|00:00:22|Bryton Rider 450|https://www.strava.com/activities/2564296801
25.06.2019|101,61|03:00:15|138|0|0|0|0||0|0|338|569|94|128|0|0|0|0|1,605|28|03:06:08|Bryton Rider 450|https://www.strava.com/activities/2564297080
24.06.2019|69,74|02:01:28|436|0|0|0|0||0|0|345|630|92|115|0|0|0|0|1,142|31|02:07:27|Bryton Rider 450|https://www.strava.com/activities/2564296703
24.06.2019|48,86|01:30:22|297|0|0|0|0||0|0|324|594|93|166|0|0|0|0|834|28|01:31:18|Bryton Rider 450|https://www.strava.com/activities/2564296185
22.06.2019|151,34|05:03:36|986|0|0|0|0||0|0|299|655|89|125|0|0|0|0|2,249|21|05:54:42|Bryton Rider 450|https://www.strava.com/activities/2564296430
22.06.2019|1,12|00:02:06|0|0|0|0|0||0|0|320|349|93|101|0|0|0|0|13|21|00:02:06|Bryton Rider 450|https://www.strava.com/activities/2564295185
22.06.2019|0,19|00:00:00|0|0|0|0|0||0|0|236|259|0|0|0|0|0|0||24|00:00:30|Bryton Rider 450|https://www.strava.com/activities/2564295082
21.06.2019|0|00:00:00|0|0|0|0|0||0|0|0|0|0|115|0|0|0|0|447|0|01:04:30|Bryton Rider 450|https://www.strava.com/activities/2564295085
21.06.2019|0|00:00:00|0|0|0|0|0||0|0|0|0|0|113|0|0|0|0|12|0|00:01:36|Bryton Rider 450|https://www.strava.com/activities/2564294801
21.06.2019|45,43|01:23:55|78|0|0|0|0||0|0|325|472|93|115|0|0|0|0|717|15|01:23:55|Bryton Rider 450|https://www.strava.com/activities/2564294910
20.06.2019|153,19|04:51:42|469|0|0|0|0||0|0|315|511|91|189|0|0|0|0|2,498|20|05:44:11|Bryton Rider 450|https://www.strava.com/activities/2564295077
16.06.2019|0|00:00:00|0|0|0|0|0||0|0|3|11|0|0|0|0|0|0|3|26|00:00:47|Bryton Rider 450|https://www.strava.com/activities/2564293679
14.06.2019|8,9|00:11:16|42|0|0|0|0||0|0|474|580|97|112|0|0|0|0|141|27|00:11:16|Bryton Rider 450|https://www.strava.com/activities/2564292333
14.06.2019|0|00:00:00|0|0|0|0|0||0|0|0|0|0|140|0|0|0|0|187|0|00:30:03|Bryton Rider 450|https://www.strava.com/activities/2564292224
14.06.2019|18,82|00:32:02|81|0|0|0|0||0|0|353|536|85|110|0|0|0|0|293|20|00:33:54|Bryton Rider 450|https://www.strava.com/activities/2564292165
11.06.2019|41,46|01:24:42|115|0|0|0|0||0|0|294|482|92|125|0|0|0|0|531|17|01:48:09|Bryton Rider 450|https://www.strava.com/activities/2564290899
08.06.2019|127,47|03:58:55|604|0|0|0|0||0|0|320|569|93|121|0|0|0|0|2,049|17|04:22:05|Bryton Rider 450|https://www.strava.com/activities/2564290442
07.06.2019|60,9|01:54:23|122|0|0|0|0||0|0|319|468|93|121|0|0|0|0|890|19|02:37:16|Bryton Rider 450|https://www.strava.com/activities/2564289715
05.06.2019|55,92|01:43:50|132|0|0|0|0||0|0|323|497|92|116|0|0|0|0|771|15|01:45:08|Bryton Rider 450|https://www.strava.com/activities/2564289462
02.06.2019|16,56|00:24:27|222|0|0|0|0||0|0|406|706|93|121|0|0|0|0|248|32|00:44:18|Bryton Rider 450|https://www.strava.com/activities/2564289040
02.06.2019|0|00:00:00|0|0|0|0|0||0|0|0|0|0|0|0|0|0|0||0|00:00:01|Bryton Rider 450|https://www.strava.com/activities/2564288789
02.06.2019|0|00:00:00|0|0|0|0|0||0|0|15|25|102|185|0|0|0|0|76|27|00:24:03|Bryton Rider 450|https://www.strava.com/activities/2564288716
01.06.2019|191,23|06:18:17|5,312|0|0|0|0||0|0|303|846|85|128|0|0|0|0|3,001|26|06:18:17|Bryton Rider 450|https://www.strava.com/activities/2564289939
28.06.2019|53,74|01:38:57|83|0|0|0|0||0|0|326|508|91|111|0|0|0|0|879|28|01:39:26|Bryton Rider 450|https://www.strava.com/activities/2564297305
18.06.2019|59,6|01:52:30|97|0|0|0|0||0|0|318|497|90|118|0|0|0|0|843|29|02:34:50|Bryton Rider 450|https://www.strava.com/activities/2564294152
16.06.2019|156,26|03:21:19|610|0|0|0|0||0|0|466|709|94|126|0|0|0|0|2,280|21|03:21:19|Bryton Rider 450|https://www.strava.com/activities/2564294004
15.06.2019|149,85|03:46:18|2,415|0|0|0|0||0|0|397|871|93|134|0|0|0|0|2,495|24|03:46:18|Bryton Rider 450|https://www.strava.com/activities/2564293435
13.06.2019|179,06|04:25:45|1,304|0|0|0|0||0|0|404|756|93|130|0|0|0|0|2,664|16|04:27:03|Bryton Rider 450|https://www.strava.com/activities/2564292461
12.06.2019|181,15|04:14:03|168|0|0|0|0||0|0|428|605|94|168|0|0|0|0|2,529|12|04:15:30|Bryton Rider 450|https://www.strava.com/activities/2564291789
10.06.2019|97,79|03:02:17|391|0|0|0|0||0|0|322|616|92|124|0|0|0|0|1,475|17|03:07:11|Bryton Rider 450|https://www.strava.com/activities/2564290979
31.07.2019|85,24|01:58:22|316|0|0|0|0||0|0|432|691|96|124|0|0|0|0|1,158|19|02:00:22|Bryton Rider 450|https://www.strava.com/activities/2578430325
30.07.2019|153,87|04:28:31|992|0|0|0|0||0|0|344|601|93|127|0|0|0|0|2,395|22|04:33:35|Bryton Rider 450|https://www.strava.com/activities/2575174804
29.07.2019|56,41|02:10:06|90|0|0|0|0||0|0|260|392|85|110|0|0|0|0|892|25|03:17:52|Bryton Rider 450|https://www.strava.com/activities/2572451755
29.07.2019|0|00:00:00|0|0|0|0|0||0|0|10|25|29|29|0|0|0|0|10|25|00:03:34|Bryton Rider 450|https://www.strava.com/activities/2572451072
28.07.2019|0|00:00:00|0|0|0|0|0||0|0|0|0|0|0|0|0|0|0||0|00:00:04|Bryton Rider 450|https://www.strava.com/activities/2569486707
27.07.2019|65,61|01:56:41|139|0|0|0|0||0|0|337|472|94|120|0|0|0|0|1,020|20|01:56:41|Bryton Rider 450|https://www.strava.com/activities/2566446543
26.07.2019|0|00:00:00|0|0|0|0|0||0|0|0|0|0|146|0|0|0|0|429|0|00:54:30|Bryton Rider 450|https://www.strava.com/activities/2564307236
26.07.2019|0|00:00:00|0|0|0|0|0||0|0|0|0|0|94|0|0|0|0|2|0|00:00:24|Bryton Rider 450|https://www.strava.com/activities/2564306963
26.07.2019|61,76|01:53:05|138|0|0|0|0||0|0|328|454|92|143|0|0|0|0|987|27|02:24:11|Bryton Rider 450|https://www.strava.com/activities/2564307077
24.07.2019|163,8|04:01:45|304|0|0|0|0||0|0|407|637|94|121|0|0|0|0|2,236|28|04:52:15|Bryton Rider 450|https://www.strava.com/activities/2564307086
23.07.2019|97,48|02:55:56|699|0|0|0|0||0|0|332|605|92|118|0|0|0|0|1,562|25|03:01:41|Bryton Rider 450|https://www.strava.com/activities/2564306180
22.07.2019|90,28|02:41:41|187|0|0|0|0||0|0|335|565|92|124|0|0|0|0|1,469|24|03:06:14|Bryton Rider 450|https://www.strava.com/activities/2564305725
18.07.2019|26,08|00:55:57|365|0|0|0|0||0|0|280|569|90|175|0|0|0|0|430|22|01:43:41|Bryton Rider 450|https://www.strava.com/activities/2564303909
17.07.2019|43,08|01:32:21|1,172|0|0|0|0||0|0|280|1159|83|130|0|0|0|0|780|25|02:18:15|Bryton Rider 450|https://www.strava.com/activities/2564303862
16.07.2019|123,06|04:13:12|2,706|0|0|0|0||0|0|292|1163|87|200|0|0|0|0|2,077|24|04:59:29|Bryton Rider 450|https://www.strava.com/activities/2564303988
15.07.2019|88,85|02:50:08|1,444|0|0|0|0||0|0|313|1328|90|129|0|0|0|0|1,515|18|02:59:20|Bryton Rider 450|https://www.strava.com/activities/2564302848
15.07.2019|36,21|01:19:01|664|0|0|0|0||0|0|275|716|88|124|0|0|0|0|669|5|01:19:46|Bryton Rider 450|https://www.strava.com/activities/2564302183
14.07.2019|27,05|00:57:29|154|0|0|0|0||0|0|282|904|87|113|0|0|0|0|430|21|01:53:47|Bryton Rider 450|https://www.strava.com/activities/2564301898
13.07.2019|129,59|04:53:40|3,53|0|0|0|0||0|0|265|961|85|164|0|0|0|0|2,503|14|05:47:44|Bryton Rider 450|https://www.strava.com/activities/2564302517
12.07.2019|112,39|03:51:38|2,393|0|0|0|0||0|0|291|832|86|132|0|0|0|0|2,024|16|04:06:56|Bryton Rider 450|https://www.strava.com/activities/2564301666
11.07.2019|45,82|01:28:59|596|0|0|0|0||0|0|309|788|94|128|0|0|0|0|831|15|01:30:07|Bryton Rider 450|https://www.strava.com/activities/2564300712
11.07.2019|93,12|03:03:48|1,447|0|0|0|0||0|0|304|842|90|136|0|0|0|0|1,593|18|03:27:00|Bryton Rider 450|https://www.strava.com/activities/2564300676
10.07.2019|38,48|01:18:04|267|0|0|0|0||0|0|296|810|90|119|0|0|0|0|578|19|01:18:04|Bryton Rider 450|https://www.strava.com/activities/2564299850
05.07.2019|140,97|04:17:54|228|0|0|0|0||0|0|328|536|93|123|0|0|0|0|2,353|27|04:54:36|Bryton Rider 450|https://www.strava.com/activities/2564299101
05.07.2019|0,12|00:00:00|0|0|0|0|0||0|0|193|245|67|77|0|0|0|0||24|00:00:24|Bryton Rider 450|https://www.strava.com/activities/2564298072
04.07.2019|95,34|02:53:29|622|0|0|0|0||0|0|330|605|89|158|0|0|0|0|1,647|21|03:01:39|Bryton Rider 450|https://www.strava.com/activities/2564298348
03.07.2019|66,87|01:55:38|96|0|0|0|0||0|0|347|500|95|131|0|0|0|0|1,091|20|01:56:24|Bryton Rider 450|https://www.strava.com/activities/2564297725
01.07.2019|60,63|02:32:02|141|0|0|0|0||0|0|239|410|0|0|0|0|0|0|1,313|19|03:09:59|Garmin Edge 520|https://www.strava.com/activities/2735776470
28.07.2019|168,43|05:00:21|721|0|0|0|0||0|0|336|601|91|120|0|0|0|0|2,587|16|05:22:36|Bryton Rider 450|https://www.strava.com/activities/2569487230
23.07.2019|50,62|01:33:03|113|0|0|0|0||0|0|326|439|91|115|0|0|0|0|744|35|01:41:23|Bryton Rider 450|https://www.strava.com/activities/2564306234
20.07.2019|123,85|04:15:23|2,711|0|0|0|0||0|0|291|788|88|126|0|0|0|0|2,030|27|05:04:59|Bryton Rider 450|https://www.strava.com/activities/2564305766
19.07.2019|137,42|04:56:35|3,636|0|0|0|0||0|0|278|871|86|125|0|0|0|0|2,609|22|06:05:43|Bryton Rider 450|https://www.strava.com/activities/2564307439
17.07.2019|112,25|03:08:11|1,251|0|0|0|0||0|0|358|842|91|135|0|0|0|0|1,423|26|03:39:30|Bryton Rider 450|https://www.strava.com/activities/2564303779
09.07.2019|123,72|04:13:46|2,718|0|0|0|0||0|0|293|803|86|200|0|0|0|0|2,220|24|04:43:44|Bryton Rider 450|https://www.strava.com/activities/2564300248
08.07.2019|86,42|02:38:28|1,013|0|0|0|0||0|0|327|900|92|131|0|0|0|0|1,404|15|02:45:55|Bryton Rider 450|https://www.strava.com/activities/2564299395
28.08.2019|46,3|01:26:51|107|0|0|0|0||0|0|320|515|93|133|0|0|0|0|694|31|02:25:12|Bryton Rider 450|https://www.strava.com/activities/2672628606
27.08.2019|156,33|03:50:45|307|0|0|0|0||0|0|407|565|97|127|0|0|0|0|2,278|26|03:56:10|Bryton Rider 450|https://www.strava.com/activities/2655382824
24.08.2019|0|00:00:00|0|0|0|0|0||0|0|49|50|0|0|0|0|0|0||26|00:00:02|Bryton Rider 450|https://www.strava.com/activities/2649664963
24.08.2019|131,83|04:00:38|868|0|0|0|0||0|0|329|630|91|155|0|0|0|0|2,114|29|04:19:49|Bryton Rider 450|https://www.strava.com/activities/2647413842
23.08.2019|28,98|00:56:46|49|0|0|0|0||0|0|306|425|92|118|0|0|0|0|438|18|00:56:46|Bryton Rider 450|https://www.strava.com/activities/2643513104
22.08.2019|163,75|05:00:25|305|0|0|0|0||0|0|327|479|92|117|0|0|0|0|2,553|24|05:48:19|Bryton Rider 450|https://www.strava.com/activities/2641249306
21.08.2019|45,84|01:24:52|108|0|0|0|0||0|0|324|454|93|119|0|0|0|0|738|24|01:26:23|Bryton Rider 450|https://www.strava.com/activities/2638287081
20.08.2019|138,38|04:17:42|712|0|0|0|0||0|0|322|659|91|193|0|0|0|0|2,104|23|06:00:20|Bryton Rider 450|https://www.strava.com/activities/2635653116
19.08.2019|7,2|00:22:47|344|0|0|0|0||0|0|190|428|89|117|0|0|0|0|157|13|00:22:47|Bryton Rider 450|https://www.strava.com/activities/2635651541
18.08.2019|26,9|01:06:20|582|0|0|0|0||0|0|243|680|85|113|0|0|0|0|407|18|02:00:50|Bryton Rider 450|https://www.strava.com/activities/2628863542
17.08.2019|175,07|05:49:20|3,611|0|0|0|0||0|0|301|1181|88|155|0|0|0|0|3,013|19|07:04:11|Bryton Rider 450|https://www.strava.com/activities/2626948533
16.08.2019|115,41|03:44:02|2,101|0|0|0|0||0|0|309|860|89|133|0|0|0|0|2,007|20|04:46:51|Bryton Rider 450|https://www.strava.com/activities/2623817980
15.08.2019|29,15|00:56:54|151|0|0|0|0||0|0|307|961|93|120|0|0|0|0|440|14|01:24:11|Bryton Rider 450|https://www.strava.com/activities/2622246044
14.08.2019|0|00:00:00|0|0|0|0|0||0|0|17|29|0|0|0|0|0|0||19|00:00:13|Bryton Rider 450|https://www.strava.com/activities/2618129082
14.08.2019|117,81|03:55:32|2,425|0|0|0|0||0|0|300|875|89|128|0|0|0|0|2,043|16|04:09:03|Bryton Rider 450|https://www.strava.com/activities/2618129653
13.08.2019|102,75|03:42:33|2,45|0|0|0|0||0|0|277|1181|87|165|0|0|0|0|1,934|18|04:21:59|Bryton Rider 450|https://www.strava.com/activities/2618128797
11.08.2019|55,62|01:56:06|93|0|0|0|0||0|0|287|508|90|116|0|0|0|0|804|19|02:24:20|Bryton Rider 450|https://www.strava.com/activities/2618127049
09.08.2019|0,01|00:00:00|0|0|0|0|0||0|0|8|22|0|0|0|0|0|0|3|25|00:01:17|Bryton Rider 450|https://www.strava.com/activities/2608668753
05.08.2019|0,52|00:03:28|0|0|0|0|0||0|0|91|371|48|62|0|0|0|0|19|25|00:10:12|Bryton Rider 450|https://www.strava.com/activities/2595050617
03.08.2019|127,45|03:00:02|761|0|0|0|0||0|0|425|770|92|129|0|0|0|0|1,787|17|03:02:11|Bryton Rider 450|https://www.strava.com/activities/2589156994
02.08.2019|50,8|01:32:42|296|0|0|0|0||0|0|329|554|91|123|0|0|0|0|584|27|01:35:41|Bryton Rider 450|https://www.strava.com/activities/2589155216
01.08.2019|28,76|00:58:08|192|0|0|0|0||0|0|297|565|92|126|0|0|0|0|420|27|01:01:50|Bryton Rider 450|https://www.strava.com/activities/2589153493
31.08.2019|187,47|04:27:47|1,692|0|0|0|0||0|0|420|882|91|198|0|0|0|0|2,556|33|04:28:48|Bryton Rider 450|https://www.strava.com/activities/2672630093
30.08.2019|198,36|04:21:08|2,297|0|0|0|0||0|0|456|886|96|167|0|0|0|0|3,002|26|04:21:08|Bryton Rider 450|https://www.strava.com/activities/2672629679
29.08.2019|165,44|03:47:54|1,398|0|0|0|0||0|0|436|886|90|125|0|0|0|0|2,235|28|03:49:47|Bryton Rider 450|https://www.strava.com/activities/2672629233
25.08.2019|163,04|04:57:55|332|0|0|0|0||0|0|328|536|93|195|0|0|0|0|2,387|24|05:11:01|Bryton Rider 450|https://www.strava.com/activities/2649667472
21.08.2019|35,67|00:58:25|0|0|0|0|0||0|0|366|590|93|107|0|0|0|0|935|15|01:01:03|Garmin Edge 520|https://www.strava.com/activities/2735776574
09.08.2019|152,4|04:18:33|3,341|0|0|0|0||0|0|354|896|89|146|0|0|0|0|2,615|29|04:18:33|Bryton Rider 450|https://www.strava.com/activities/2608669148
08.08.2019|158,98|04:22:17|3,453|0|0|0|0||0|0|364|824|88|132|0|0|0|0|2,734|22|04:22:17|Bryton Rider 450|https://www.strava.com/activities/2602697571
07.08.2019|152,52|03:55:34|2,193|0|0|0|0||0|0|388|871|91|141|0|0|0|0|2,362|30|03:56:06|Bryton Rider 450|https://www.strava.com/activities/2598911349
06.08.2019|143,94|04:24:57|1,551|0|0|0|0||0|0|326|756|83|133|0|0|0|0|1,448|31|04:40:33|Bryton Rider 450|https://www.strava.com/activities/2598041442
05.08.2019|149,17|03:28:48|993|0|0|0|0||0|0|429|803|89|200|0|0|0|0|1,705|24|03:30:35|Bryton Rider 450|https://www.strava.com/activities/2595051594
04.08.2019|150,38|03:33:57|907|0|0|0|0||0|0|422|724|90|129|0|0|0|0|1,825|24|03:34:31|Bryton Rider 450|https://www.strava.com/activities/2592510745
30.09.2019|124,47|03:54:21|914|0|0|0|0||0|0|319|698|92|200|0|0|0|0|3,028|13|03:57:15|Garmin Edge 520|https://www.strava.com/activities/2751666044
28.09.2019|162,74|05:01:40|459|0|0|0|0||0|0|324|515|93|155|0|0|0|0|3,725|12|05:09:31|Garmin Edge 520|https://www.strava.com/activities/2746105524
27.09.2019|63,66|02:00:26|194|0|0|0|0||0|0|317|504|92|116|0|0|0|0|1,361|10|02:05:24|Garmin Edge 520|https://www.strava.com/activities/2744529252
26.09.2019|51,75|01:36:12|139|0|0|0|0||0|0|323|457|93|127|0|0|0|0|1,156|15|01:37:44|Garmin Edge 520|https://www.strava.com/activities/2742014295
26.09.2019|52,81|01:18:48|2|0|0|0|0||0|0|402|590|95|138|0|0|0|0|1,228|17|01:19:18|Garmin Edge 520|https://www.strava.com/activities/2742014024
25.09.2019|23,99|00:49:31|0|0|0|0|0||0|0|291|436|93|113|0|0|0|0|664|18|00:49:57|Garmin Edge 520|https://www.strava.com/activities/2742013826
24.09.2019|138,81|04:15:53|313|0|0|0|0||0|0|326|508|94|200|0|0|0|0|3,201|13|05:16:18|Garmin Edge 520|https://www.strava.com/activities/2735777581
23.09.2019|55,71|01:47:25|137|0|0|0|0||0|0|311|454|94|114|0|0|0|0|1,197|14|03:22:16|Garmin Edge 520|https://www.strava.com/activities/2735777097
21.09.2019|0|00:00:00|0|0|0|0|0||0|0|8|40|0|0|0|0|0|0||27|00:00:14|Bryton Rider 450|https://www.strava.com/activities/2729666516
21.09.2019|0|00:00:00|0|0|0|0|0||0|0|0|0|0|0|0|0|0|0||0|00:00:24|Bryton Rider 450|https://www.strava.com/activities/2729665684
19.09.2019|51,6|01:39:35|110|0|0|0|0||0|0|311|457|95|164|0|0|0|0|781|17|02:35:09|Bryton Rider 450|https://www.strava.com/activities/2721826408
18.09.2019|124,65|03:52:01|363|0|0|0|0||0|0|322|526|94|200|0|0|0|0|1,999|19|05:29:57|Bryton Rider 450|https://www.strava.com/activities/2719567127
18.09.2019|0,09|00:00:00|0|0|0|0|0||0|0|253|263|0|0|0|0|0|0||18|00:00:13|Bryton Rider 450|https://www.strava.com/activities/2719566083
18.09.2019|0,43|00:01:22|0|0|0|0|0||0|0|190|263|0|0|0|0|0|0|2|19|00:01:22|Bryton Rider 450|https://www.strava.com/activities/2719565981
17.09.2019|44,47|01:27:34|93|0|0|0|0||0|0|305|439|91|119|0|0|0|0|930|16|01:38:08|Garmin Edge 520|https://www.strava.com/activities/2735776858
14.09.2019|25,76|01:10:35|501|0|0|0|0||0|0|219|554|76|114|0|0|0|0|371|24|01:18:52|Bryton Rider 450|https://www.strava.com/activities/2718739408
12.09.2019|56,41|02:00:27|490|0|0|0|0||0|0|281|724|86|123|0|0|0|0|694|19|02:54:09|Bryton Rider 450|https://www.strava.com/activities/2718738427
09.09.2019|110,16|03:13:20|153|0|0|0|0||0|0|342|569|94|139|0|0|0|0|1,758|13|03:15:03|Bryton Rider 450|https://www.strava.com/activities/2692976035
07.09.2019|52,63|01:46:36|79|0|0|0|0||0|0|296|418|90|128|0|0|0|0|815|12|01:46:36|Bryton Rider 450|https://www.strava.com/activities/2692975430
06.09.2019|150,35|04:35:22|263|0|0|0|0||0|0|328|479|92|115|0|0|0|0|2,295|17|04:42:38|Bryton Rider 450|https://www.strava.com/activities/2684430672
06.09.2019|11,59|00:22:56|25|0|0|0|0||0|0|303|439|91|106|0|0|0|0|182|10|00:22:56|Bryton Rider 450|https://www.strava.com/activities/2684429525
05.09.2019|2,27|00:02:27|8|0|0|0|0||0|0|557|875|0|0|0|0|0|0|16|20|00:03:54|Bryton Rider 450|https://www.strava.com/activities/2682778307
05.09.2019|0,04|00:00:00|0|0|0|0|0||0|0|184|50|92|115|0|0|0|0|237|18|00:40:44|Bryton Rider 450|https://www.strava.com/activities/2682778159
04.09.2019|127,22|03:59:28|953|0|0|0|0||0|0|319|799|92|123|0|0|0|0|2,038|17|04:02:08|Bryton Rider 450|https://www.strava.com/activities/2678620787
03.09.2019|86,26|01:59:34|124|0|0|0|0||0|0|433|572|95|129|0|0|0|0|1,488|15|02:11:08|Garmin Edge 520|https://www.strava.com/activities/2735776843
02.09.2019|30,99|00:59:52|56|0|0|0|0||0|0|311|392|93|140|0|0|0|0|468|19|00:59:52|Bryton Rider 450|https://www.strava.com/activities/2672748891
21.09.2019|196,23|04:38:13|1,752|0|0|0|0||0|0|423|821|92|179|0|0|0|0|2,888|28|04:38:38|Bryton Rider 450|https://www.strava.com/activities/2729666877
20.09.2019|195,22|04:28:37|896|0|0|0|0||0|0|436|695|95|127|0|0|0|0|2,970|22|04:52:37|Bryton Rider 450|https://www.strava.com/activities/2729665961
15.09.2019|171,43|05:05:21|3,586|0|0|0|0||0|0|337|770|87|157|0|0|0|0|2,680|17|05:08:08|Bryton Rider 450|https://www.strava.com/activities/2718740657
13.09.2019|198,39|05:14:16|3,001|0|0|0|0||0|0|379|788|90|140|0|0|0|0|3,187|19|05:15:55|Bryton Rider 450|https://www.strava.com/activities/2718739471
09.09.2019|42,73|01:24:48|112|0|0|0|0||0|0|302|504|90|175|0|0|0|0|655|18|01:55:32|Bryton Rider 450|https://www.strava.com/activities/2693503583
05.09.2019|162,11|03:37:51|407|0|0|0|0||0|0|446|695|95|176|0|0|0|0|2,387|18|03:37:51|Bryton Rider 450|https://www.strava.com/activities/2682780213
01.09.2019|156,98|03:44:16|2,21|0|0|0|0||0|0|420|889|93|139|0|0|0|0|2,220|22|03:44:54|Bryton Rider 450|https://www.strava.com/activities/2672630403
11.10.2019|12,14|00:29:56|0|0|0|0|0||0|0|243|367|94|119|0|0|0|0|373|16|00:33:42|Garmin Edge 520|https://www.strava.com/activities/2860034889
06.10.2019|83,66|02:24:04|136|0|0|0|0||0|0|348|486|95|157|0|0|0|0|2,144|8|02:27:02|Garmin Edge 520|https://www.strava.com/activities/2766877723
04.10.2019|66,52|01:51:04|103|0|0|0|0||0|0|359|511|94|136|0|0|0|0|1,767|10|01:51:35|Garmin Edge 520|https://www.strava.com/activities/2761758701
03.10.2019|45,8|01:24:11|106|0|0|0|0||0|0|326|428|95|120|0|0|0|0|1,030|5|01:24:11|Garmin Edge 520|https://www.strava.com/activities/2759363480
01.10.2019|42,55|01:26:38|22|0|0|0|0||0|0|295|418|92|164|0|0|0|0|1,180|18|01:29:31|Garmin Edge 520|https://www.strava.com/activities/2754632408
02.10.2019|126,48|03:54:10|478|0|0|0|0||0|0|324|565|94|168|0|0|0|0|2,930|9|04:09:32|Garmin Edge 520|https://www.strava.com/activities/2759363790
30.11.2019|95,32|03:56:03|355|0|0|0|0||0|0|242|418|0|0|0|0|0|0|2,880|0|04:07:57|Garmin Edge 520|https://www.strava.com/activities/2901390123
29.11.2019|15,13|00:52:17|9|0|0|0|0||0|0|174|558|0|0|0|0|0|0|1,695|18|02:15:46|Garmin Edge 520|https://www.strava.com/activities/2901389872
28.11.2019|25|00:59:10|0|0|0|0|0||0|0|254|371|96|117|0|0|0|0|699|14|00:59:10|Garmin Edge 520|https://www.strava.com/activities/2901389911
27.11.2019|88,73|02:44:55|123|0|0|0|0||0|0|323|490|96|166|0|0|0|0|2,022|6|03:05:30|Garmin Edge 520|https://www.strava.com/activities/2894671649
25.11.2019|26,17|01:31:19|32|0|0|0|0||0|0|172|612|0|0|0|0|0|0|1,502|18|02:48:55|Garmin Edge 520|https://www.strava.com/activities/2891067837
23.11.2019|87,66|03:24:16|228|0|0|0|0||0|0|257|418|0|0|0|0|0|0|2,731|3|04:15:30|Garmin Edge 520|https://www.strava.com/activities/2885172265
22.11.2019|33,48|01:54:14|36|0|0|0|0||0|0|176|806|0|0|0|0|0|0|1,539|18|02:05:30|Garmin Edge 520|https://www.strava.com/activities/2883190393
19.11.2019|95,36|02:57:49|208|0|0|0|0||0|0|322|472|88|122|0|0|0|0|2,283|3|03:00:09|Garmin Edge 520|https://www.strava.com/activities/2875985824
16.11.2019|78,63|03:01:43|250|0|0|0|0||0|0|260|439|0|0|0|0|0|0|2,428|0|03:32:00|Garmin Edge 520|https://www.strava.com/activities/2869173654
14.11.2019|29,45|00:57:32|53|0|0|0|0||0|0|307|425|0|0|0|0|0|0|561|5|00:57:32|Garmin Edge 520|https://www.strava.com/activities/2864602066
10.11.2019|7,81|00:35:37|0|0|0|0|0||0|0|0|0|0|0|0|0|0|0|||00:00:00|Garmin fēnix 3|https://www.strava.com/activities/2864520568
06.11.2019|5,01|00:25:07|0|0|0|0|0||0|0|0|0|0|0|0|0|0|0|||00:00:00|Garmin fēnix 3|https://www.strava.com/activities/2864520521
26.11.2019|98,86|03:02:29|108|0|0|0|0||0|0|325|457|86|119|0|0|0|0|2,157|7|03:06:00|Garmin Edge 520|https://www.strava.com/activities/2892411873
21.11.2019|32,55|01:04:55|79|0|0|0|0||0|0|301|421|91|116|0|0|0|0|697|-1|01:04:55|Garmin Edge 520|https://www.strava.com/activities/2881484568
20.11.2019|99,63|03:09:39|311|0|0|0|0||0|0|315|562|92|137|0|0|0|0|2,238|2|03:15:33|Garmin Edge 520|https://www.strava.com/activities/2878851047
18.11.2019|30,21|01:38:08|45|0|0|0|0||0|0|185|432|0|0|0|0|0|0|1,821|16|02:41:15|Garmin Edge 520|https://www.strava.com/activities/2873998881
15.11.2019|40,13|02:11:21|42|0|0|0|0||0|0|183|569|0|0|0|0|0|0|1,762|15|02:49:08|Garmin Edge 520|https://www.strava.com/activities/2869173469
13.11.2019|70,65|02:22:06|173|0|0|0|0||0|0|298|407|0|0|0|0|0|0|1,330|6|02:41:13|Garmin Edge 520|https://www.strava.com/activities/2864287348
12.11.2019|38,98|01:59:34|44|0|0|0|0||0|0|196|547|0|0|0|0|0|0|1,779|16|02:32:37|Garmin Edge 520|https://www.strava.com/activities/2860034991
30.11.2019|95,32|03:56:03|355|0|0|0|0||0|0|242|418|0|0|0|0|0|0|2,880|0|04:07:57|Garmin Edge 520|https://www.strava.com/activities/2901390123
29.11.2019|15,13|00:52:17|9|0|0|0|0||0|0|174|558|0|0|0|0|0|0|1,695|18|02:15:46|Garmin Edge 520|https://www.strava.com/activities/2901389872
28.11.2019|25|00:59:10|0|0|0|0|0||0|0|254|371|96|117|0|0|0|0|699|14|00:59:10|Garmin Edge 520|https://www.strava.com/activities/2901389911
27.11.2019|88,73|02:44:55|123|0|0|0|0||0|0|323|490|96|166|0|0|0|0|2,022|6|03:05:30|Garmin Edge 520|https://www.strava.com/activities/2894671649
25.11.2019|26,17|01:31:19|32|0|0|0|0||0|0|172|612|0|0|0|0|0|0|1,502|18|02:48:55|Garmin Edge 520|https://www.strava.com/activities/2891067837
23.11.2019|87,66|03:24:16|228|0|0|0|0||0|0|257|418|0|0|0|0|0|0|2,731|3|04:15:30|Garmin Edge 520|https://www.strava.com/activities/2885172265
22.11.2019|33,48|01:54:14|36|0|0|0|0||0|0|176|806|0|0|0|0|0|0|1,539|18|02:05:30|Garmin Edge 520|https://www.strava.com/activities/2883190393
19.11.2019|95,36|02:57:49|208|0|0|0|0||0|0|322|472|88|122|0|0|0|0|2,283|3|03:00:09|Garmin Edge 520|https://www.strava.com/activities/2875985824
16.11.2019|78,63|03:01:43|250|0|0|0|0||0|0|260|439|0|0|0|0|0|0|2,428|0|03:32:00|Garmin Edge 520|https://www.strava.com/activities/2869173654
14.11.2019|29,45|00:57:32|53|0|0|0|0||0|0|307|425|0|0|0|0|0|0|561|5|00:57:32|Garmin Edge 520|https://www.strava.com/activities/2864602066
10.11.2019|7,81|00:35:37|0|0|0|0|0||0|0|0|0|0|0|0|0|0|0|||00:00:00|Garmin fēnix 3|https://www.strava.com/activities/2864520568
06.11.2019|5,01|00:25:07|0|0|0|0|0||0|0|0|0|0|0|0|0|0|0|||00:00:00|Garmin fēnix 3|https://www.strava.com/activities/2864520521
26.11.2019|98,86|03:02:29|108|0|0|0|0||0|0|325|457|86|119|0|0|0|0|2,157|7|03:06:00|Garmin Edge 520|https://www.strava.com/activities/2892411873
21.11.2019|32,55|01:04:55|79|0|0|0|0||0|0|301|421|91|116|0|0|0|0|697|-1|01:04:55|Garmin Edge 520|https://www.strava.com/activities/2881484568
20.11.2019|99,63|03:09:39|311|0|0|0|0||0|0|315|562|92|137|0|0|0|0|2,238|2|03:15:33|Garmin Edge 520|https://www.strava.com/activities/2878851047
18.11.2019|30,21|01:38:08|45|0|0|0|0||0|0|185|432|0|0|0|0|0|0|1,821|16|02:41:15|Garmin Edge 520|https://www.strava.com/activities/2873998881
15.11.2019|40,13|02:11:21|42|0|0|0|0||0|0|183|569|0|0|0|0|0|0|1,762|15|02:49:08|Garmin Edge 520|https://www.strava.com/activities/2869173469
13.11.2019|70,65|02:22:06|173|0|0|0|0||0|0|298|407|0|0|0|0|0|0|1,330|6|02:41:13|Garmin Edge 520|https://www.strava.com/activities/2864287348
12.11.2019|38,98|01:59:34|44|0|0|0|0||0|0|196|547|0|0|0|0|0|0|1,779|16|02:32:37|Garmin Edge 520|https://www.strava.com/activities/2860034991
29.01.2020|195,45|04:09:47|1,035|0|0|0|0||0|0|470|763|91|196|0|0|0|0|2,553|24|04:10:24|Wahoo ELEMNT ROAM|https://www.strava.com/activities/3055448040
28.01.2020|37,97|00:59:54|73|0|0|0|0||0|0|380|788|89|164|0|0|0|0|247|31|01:01:06|Wahoo ELEMNT ROAM|https://www.strava.com/activities/3052157016
28.01.2020|14,81|00:21:48|194|0|0|0|0||0|0|408|626|96|125|0|0|0|0|362|35|00:21:48|Wahoo ELEMNT ROAM|https://www.strava.com/activities/3052156441
28.01.2020|42,41|01:17:30|177|0|0|0|0||0|0|328|493|87|169|0|0|0|0|165|33|01:20:01|Wahoo ELEMNT ROAM|https://www.strava.com/activities/3051097371
27.01.2020|12,29|00:23:34|66|0|0|0|0||0|0|313|446|83|112|0|0|0|0|59|30|00:24:02|Wahoo ELEMNT ROAM|https://www.strava.com/activities/3051098207
27.01.2020|163,03|03:30:53|236|0|0|0|0||0|0|464|644|93|200|0|0|0|0|2,296|34|03:30:53|Wahoo ELEMNT ROAM|https://www.strava.com/activities/3050484258
27.01.2020|12,78|00:23:47|30|0|0|0|0||0|0|323|461|81|106|0|0|0|0|48|38|00:27:33|Wahoo ELEMNT ROAM|https://www.strava.com/activities/3051100224
26.01.2020|163,69|03:48:24|1,017|0|0|0|0||0|0|430|943|94|200|0|0|0|0|3,396|35|03:50:11|Wahoo ELEMNT ROAM|https://www.strava.com/activities/3046980149
25.01.2020|52,85|01:33:44|154|0|0|0|0||0|0|338|608|90|200|0|0|0|0|393|37|01:43:32|Wahoo ELEMNT ROAM|https://www.strava.com/activities/3042316884
24.01.2020|97,36|02:42:45|557|0|0|0|0||0|0|359|799|90|145|0|0|0|0|1,434|35|02:56:35|Wahoo ELEMNT ROAM|https://www.strava.com/activities/3039283536
23.01.2020|41,3|01:21:25|281|0|0|0|0||0|0|304|734|86|185|0|0|0|0|224|39|02:36:39|Wahoo ELEMNT ROAM|https://www.strava.com/activities/3036657272
22.01.2020|172,72|04:45:33|1,405|0|0|0|0||0|0|363|886|92|197|0|0|0|0|2,570|33|05:16:03|Wahoo ELEMNT ROAM|https://www.strava.com/activities/3034437513
21.01.2020|106,04|03:05:12|604|0|0|0|0||0|0|344|770|92|195|0|0|0|0|1,019|35|03:12:47|Wahoo ELEMNT ROAM|https://www.strava.com/activities/3034434467
16.01.2020|46,66|01:29:46|105|0|0|0|0||0|0|312|421|94|113|0|0|0|0|481|5|01:30:26|Wahoo ELEMNT ROAM|https://www.strava.com/activities/3015922281
14.01.2020|52,81|01:46:03|790|0|0|0|0||0|0|299|623|93|200|0|0|0|0|596|10|02:05:24|Wahoo ELEMNT ROAM|https://www.strava.com/activities/3009967388
12.01.2020|44,73|01:24:33|642|0|0|0|0||0|0|317|652|90|141|0|0|0|0|1,020|12|01:25:42|Wahoo ELEMNT ROAM|https://www.strava.com/activities/3005464699
06.01.2020|30,41|01:00:07|64|0|0|0|0||0|0|304|479|94|119|0|0|0|0|395|4|01:00:35|Wahoo ELEMNT ROAM|https://www.strava.com/activities/2986464573
03.01.2020|27,59|00:52:39|39|0|0|0|0||0|0|314|486|96|118|0|0|0|0|491|7|00:53:15|Wahoo ELEMNT ROAM|https://www.strava.com/activities/2977702857
02.01.2020|98,77|02:56:58|164|0|0|0|0||0|0|335|522|88|118|0|0|0|0|1,929|2|02:58:42|Wahoo ELEMNT ROAM|https://www.strava.com/activities/2975167819
01.01.2020|30,83|01:01:02|53|0|0|0|0||0|0|303|482|94|110|0|0|0|0|114|1|01:01:02|Wahoo ELEMNT ROAM|https://www.strava.com/activities/2972331107
19.01.2020|60,36|01:56:43|116|0|0|0|0||0|0|310|432|90|110|0|0|0|0|617|4|02:21:02|Wahoo ELEMNT ROAM|https://www.strava.com/activities/3024445130
18.01.2020|129,99|04:10:07|420|0|0|0|0||0|0|312|515|93|126|0|0|0|0|2,206|3|04:17:17|Wahoo ELEMNT ROAM|https://www.strava.com/activities/3021415561
13.01.2020|170,52|05:56:04|3,828|0|0|0|0||0|0|287|702|86|184|0|0|0|0|2,699|12|06:37:47|Wahoo ELEMNT ROAM|https://www.strava.com/activities/3007797474
12.01.2020|107,88|03:41:22|2,138|0|0|0|0||0|0|292|662|86|197|0|0|0|0|1,582|13|04:06:09|Wahoo ELEMNT ROAM|https://www.strava.com/activities/3004670920
11.01.2020|123,59|04:03:30|2,252|0|0|0|0||0|0|305|619|83|200|0|0|0|0|1,802|11|04:18:42|Wahoo ELEMNT ROAM|https://www.strava.com/activities/3003571726
10.01.2020|34,49|01:16:31|380|0|0|0|0||0|0|270|659|88|149|0|0|0|0|227|14|02:25:42|Wahoo ELEMNT ROAM|https://www.strava.com/activities/2998272384
09.01.2020|180,09|05:48:55|3,385|0|0|0|0||0|0|310|713|90|200|0|0|0|0|2,798|11|06:05:43|Wahoo ELEMNT ROAM|https://www.strava.com/activities/2995923068
08.01.2020|36,59|01:08:07|474|0|0|0|0||0|0|322|648|89|123|0|0|0|0|659|13|01:08:07|Wahoo ELEMNT ROAM|https://www.strava.com/activities/2993264712
08.01.2020|128,63|03:52:14|1,359|0|0|0|0||0|0|332|774|89|200|0|0|0|0|1,767|14|04:21:50|Wahoo ELEMNT ROAM|https://www.strava.com/activities/2992895825
07.01.2020|137,01|04:31:53|2,715|0|0|0|0||0|0|302|695|84|200|0|0|0|0|2,309|13|04:45:56|Wahoo ELEMNT ROAM|https://www.strava.com/activities/2989993327
04.01.2020|164,54|04:57:58|407|0|0|0|0||0|0|331|623|92|124|0|0|0|0|3,590|4|04:59:32|Wahoo ELEMNT ROAM|https://www.strava.com/activities/2980854718
29.01.2020|195,45|04:09:47|1,035|0|0|0|0||0|0|470|763|91|196|0|0|0|0|2,553|24|04:10:24|Wahoo ELEMNT ROAM|https://www.strava.com/activities/3055448040
28.01.2020|37,97|00:59:54|73|0|0|0|0||0|0|380|788|89|164|0|0|0|0|247|31|01:01:06|Wahoo ELEMNT ROAM|https://www.strava.com/activities/3052157016
28.01.2020|14,81|00:21:48|194|0|0|0|0||0|0|408|626|96|125|0|0|0|0|362|35|00:21:48|Wahoo ELEMNT ROAM|https://www.strava.com/activities/3052156441
28.01.2020|42,41|01:17:30|177|0|0|0|0||0|0|328|493|87|169|0|0|0|0|165|33|01:20:01|Wahoo ELEMNT ROAM|https://www.strava.com/activities/3051097371
27.01.2020|12,29|00:23:34|66|0|0|0|0||0|0|313|446|83|112|0|0|0|0|59|30|00:24:02|Wahoo ELEMNT ROAM|https://www.strava.com/activities/3051098207
27.01.2020|163,03|03:30:53|236|0|0|0|0||0|0|464|644|93|200|0|0|0|0|2,296|34|03:30:53|Wahoo ELEMNT ROAM|https://www.strava.com/activities/3050484258
27.01.2020|12,78|00:23:47|30|0|0|0|0||0|0|323|461|81|106|0|0|0|0|48|38|00:27:33|Wahoo ELEMNT ROAM|https://www.strava.com/activities/3051100224
26.01.2020|163,69|03:48:24|1,017|0|0|0|0||0|0|430|943|94|200|0|0|0|0|3,396|35|03:50:11|Wahoo ELEMNT ROAM|https://www.strava.com/activities/3046980149
25.01.2020|52,85|01:33:44|154|0|0|0|0||0|0|338|608|90|200|0|0|0|0|393|37|01:43:32|Wahoo ELEMNT ROAM|https://www.strava.com/activities/3042316884
24.01.2020|97,36|02:42:45|557|0|0|0|0||0|0|359|799|90|145|0|0|0|0|1,434|35|02:56:35|Wahoo ELEMNT ROAM|https://www.strava.com/activities/3039283536
23.01.2020|41,3|01:21:25|281|0|0|0|0||0|0|304|734|86|185|0|0|0|0|224|39|02:36:39|Wahoo ELEMNT ROAM|https://www.strava.com/activities/3036657272
22.01.2020|172,72|04:45:33|1,405|0|0|0|0||0|0|363|886|92|197|0|0|0|0|2,570|33|05:16:03|Wahoo ELEMNT ROAM|https://www.strava.com/activities/3034437513
21.01.2020|106,04|03:05:12|604|0|0|0|0||0|0|344|770|92|195|0|0|0|0|1,019|35|03:12:47|Wahoo ELEMNT ROAM|https://www.strava.com/activities/3034434467
16.01.2020|46,66|01:29:46|105|0|0|0|0||0|0|312|421|94|113|0|0|0|0|481|5|01:30:26|Wahoo ELEMNT ROAM|https://www.strava.com/activities/3015922281
14.01.2020|52,81|01:46:03|790|0|0|0|0||0|0|299|623|93|200|0|0|0|0|596|10|02:05:24|Wahoo ELEMNT ROAM|https://www.strava.com/activities/3009967388
12.01.2020|44,73|01:24:33|642|0|0|0|0||0|0|317|652|90|141|0|0|0|0|1,020|12|01:25:42|Wahoo ELEMNT ROAM|https://www.strava.com/activities/3005464699
06.01.2020|30,41|01:00:07|64|0|0|0|0||0|0|304|479|94|119|0|0|0|0|395|4|01:00:35|Wahoo ELEMNT ROAM|https://www.strava.com/activities/2986464573
03.01.2020|27,59|00:52:39|39|0|0|0|0||0|0|314|486|96|118|0|0|0|0|491|7|00:53:15|Wahoo ELEMNT ROAM|https://www.strava.com/activities/2977702857
02.01.2020|98,77|02:56:58|164|0|0|0|0||0|0|335|522|88|118|0|0|0|0|1,929|2|02:58:42|Wahoo ELEMNT ROAM|https://www.strava.com/activities/2975167819
01.01.2020|30,83|01:01:02|53|0|0|0|0||0|0|303|482|94|110|0|0|0|0|114|1|01:01:02|Wahoo ELEMNT ROAM|https://www.strava.com/activities/2972331107
19.01.2020|60,36|01:56:43|116|0|0|0|0||0|0|310|432|90|110|0|0|0|0|617|4|02:21:02|Wahoo ELEMNT ROAM|https://www.strava.com/activities/3024445130
18.01.2020|129,99|04:10:07|420|0|0|0|0||0|0|312|515|93|126|0|0|0|0|2,206|3|04:17:17|Wahoo ELEMNT ROAM|https://www.strava.com/activities/3021415561
13.01.2020|170,52|05:56:04|3,828|0|0|0|0||0|0|287|702|86|184|0|0|0|0|2,699|12|06:37:47|Wahoo ELEMNT ROAM|https://www.strava.com/activities/3007797474
12.01.2020|107,88|03:41:22|2,138|0|0|0|0||0|0|292|662|86|197|0|0|0|0|1,582|13|04:06:09|Wahoo ELEMNT ROAM|https://www.strava.com/activities/3004670920
11.01.2020|123,59|04:03:30|2,252|0|0|0|0||0|0|305|619|83|200|0|0|0|0|1,802|11|04:18:42|Wahoo ELEMNT ROAM|https://www.strava.com/activities/3003571726
10.01.2020|34,49|01:16:31|380|0|0|0|0||0|0|270|659|88|149|0|0|0|0|227|14|02:25:42|Wahoo ELEMNT ROAM|https://www.strava.com/activities/2998272384
09.01.2020|180,09|05:48:55|3,385|0|0|0|0||0|0|310|713|90|200|0|0|0|0|2,798|11|06:05:43|Wahoo ELEMNT ROAM|https://www.strava.com/activities/2995923068
08.01.2020|36,59|01:08:07|474|0|0|0|0||0|0|322|648|89|123|0|0|0|0|659|13|01:08:07|Wahoo ELEMNT ROAM|https://www.strava.com/activities/2993264712
08.01.2020|128,63|03:52:14|1,359|0|0|0|0||0|0|332|774|89|200|0|0|0|0|1,767|14|04:21:50|Wahoo ELEMNT ROAM|https://www.strava.com/activities/2992895825
07.01.2020|137,01|04:31:53|2,715|0|0|0|0||0|0|302|695|84|200|0|0|0|0|2,309|13|04:45:56|Wahoo ELEMNT ROAM|https://www.strava.com/activities/2989993327
04.01.2020|164,54|04:57:58|407|0|0|0|0||0|0|331|623|92|124|0|0|0|0|3,590|4|04:59:32|Wahoo ELEMNT ROAM|https://www.strava.com/activities/2980854718
31.03.2020|75,6|01:57:52|91|0|0|0|0||0|0|385|533|92|137|0|0|0|0|1,624|11|02:00:14|Wahoo ELEMNT ROAM|https://www.strava.com/activities/3238070401
31.03.2020|30,03|00:57:07|61|0|0|0|0||0|0|316|439|94|117|0|0|0|0|128|4|00:59:57|Wahoo ELEMNT ROAM|https://www.strava.com/activities/3237287935
30.03.2020|76,09|02:25:21|368|0|0|0|0||0|0|314|511|93|123|0|0|0|0|925|8|02:29:12|Wahoo ELEMNT ROAM|https://www.strava.com/activities/3234193032
27.03.2020|309,87|09:46:53|1,972|0|0|0|0||0|0|317|673|91|188|0|0|0|0|5,488|11|11:04:40|Wahoo ELEMNT ROAM|https://www.strava.com/activities/3224467715
26.03.2020|28,92|00:57:38|82|0|0|0|0||0|0|301|464|94|162|0|0|0|0|111|11|00:59:11|Wahoo ELEMNT ROAM|https://www.strava.com/activities/3220283926
24.03.2020|103,55|03:00:35|280|0|0|0|0||0|0|344|583|93|132|0|0|0|0|1,301|8|03:08:20|Wahoo ELEMNT ROAM|https://www.strava.com/activities/3212513303
21.03.2020|89,23|02:57:34|379|0|0|0|0||0|0|302|490|92|137|0|0|0|0|985|9|02:58:34|Wahoo ELEMNT ROAM|https://www.strava.com/activities/3202965659
19.03.2020|63,26|01:38:27|118|0|0|0|0||0|0|386|497|95|145|0|0|0|0|1,290|14|01:39:59|Wahoo ELEMNT ROAM|https://www.strava.com/activities/3197413634
17.03.2020|39,98|01:06:20|78|0|0|0|0||0|0|362|490|91|113|0|0|0|0|602|7|01:07:02|Wahoo ELEMNT ROAM|https://www.strava.com/activities/3190396906
16.03.2020|21,5|00:48:38|25|0|0|0|0||0|0|265|569|91|108|0|0|0|0|89|12|00:57:46|Wahoo ELEMNT ROAM|https://www.strava.com/activities/3188482155
15.03.2020|169,76|05:32:14|3,201|0|0|0|0||0|0|307|814|88|166|0|0|0|0|2,818|19|05:51:30|Wahoo ELEMNT ROAM|https://www.strava.com/activities/3186097716
14.03.2020|175,09|04:53:51|2,379|0|0|0|0||0|0|358|778|95|125|0|0|0|0|3,339|26|05:25:02|Wahoo ELEMNT ROAM|https://www.strava.com/activities/3182555983
13.03.2020|38,47|01:22:56|322|0|0|0|0||0|0|278|572|88|115|0|0|0|0|152|28|02:15:34|Wahoo ELEMNT ROAM|https://www.strava.com/activities/3179285095
12.03.2020|179,51|05:09:39|1,997|0|0|0|0||0|0|348|713|93|152|0|0|0|0|2,765|21|05:48:28|Wahoo ELEMNT ROAM|https://www.strava.com/activities/3177038445
11.03.2020|142,42|04:29:11|2,273|0|0|0|0||0|0|317|652|93|159|0|0|0|0|2,376|19|04:51:23|Wahoo ELEMNT ROAM|https://www.strava.com/activities/3174014166
10.03.2020|100,6|03:01:31|815|0|0|0|0||0|0|333|695|93|122|0|0|0|0|1,125|19|03:29:50|Wahoo ELEMNT ROAM|https://www.strava.com/activities/3170882337
06.03.2020|104,01|03:01:37|151|0|0|0|0||0|0|344|508|94|131|0|0|0|0|1,821|6|03:31:49|Wahoo ELEMNT ROAM|https://www.strava.com/activities/3158872275
05.03.2020|0,09|00:00:00|0|0|0|0|0||0|0|61|155|93|117|0|0|0|0|634|15|01:06:53|Wahoo ELEMNT ROAM|https://www.strava.com/activities/3155681280
04.03.2020|137,02|04:03:39|139|0|0|0|0||0|0|337|515|95|129|0|0|0|0|2,890|8|04:12:43|Wahoo ELEMNT ROAM|https://www.strava.com/activities/3153430159
03.03.2020|66,31|01:59:43|162|0|0|0|0||0|0|332|497|95|126|0|0|0|0|1,589|7|02:02:16|Wahoo ELEMNT ROAM|https://www.strava.com/activities/3150334233
03.03.2020|51,07|01:25:32|92|0|0|0|0||0|0|358|504|91|138|0|0|0|0|1,054|6|01:44:29|Wahoo ELEMNT ROAM|https://www.strava.com/activities/3149822416
02.03.2020|0,17|00:01:47|0|0|0|0|0||0|0|58|176|85|117|0|0|0|0|1,289|16|01:40:02|Wahoo ELEMNT ROAM|https://www.strava.com/activities/3147992555
28.03.2020|59,82|02:07:13|160|0|0|0|0||0|0|282|511|88|149|0|0|0|0|240|13|02:23:01|Wahoo ELEMNT ROAM|https://www.strava.com/activities/3227486915
25.03.2020|139,11|03:57:52|198|0|0|0|0||0|0|351|565|91|130|0|0|0|0|1,580|8|04:22:09|Wahoo ELEMNT ROAM|https://www.strava.com/activities/3216165861
23.03.2020|96,47|02:59:04|260|0|0|0|0||0|0|323|551|93|179|0|0|0|0|1,452|9|03:03:08|Wahoo ELEMNT ROAM|https://www.strava.com/activities/3209702368
18.03.2020|124,32|03:53:08|626|0|0|0|0||0|0|320|742|92|159|0|0|0|0|2,076|16|04:02:40|Wahoo ELEMNT ROAM|https://www.strava.com/activities/3194604790
07.03.2020|167,56|05:14:23|1,083|0|0|0|0||0|0|320|659|93|123|0|0|0|0|2,567|8|05:59:59|Wahoo ELEMNT ROAM|https://www.strava.com/activities/3162147429
30.04.2020|23,99|01:04:26|55|0|0|0|0||0|0|223|342|92|111|0|0|0|0||12|01:09:47|Wahoo ELEMNT ROAM|https://www.strava.com/activities/3374145555
29.04.2020|23,07|00:58:24|51|0|0|0|0||0|0|237|421|92|115|0|0|0|0|510|10|01:05:26|Wahoo ELEMNT ROAM|https://www.strava.com/activities/3369381741
27.04.2020|26,74|01:01:23|62|0|0|0|0||0|0|261|389|96|130|0|0|0|0|460|18|01:03:22|Wahoo ELEMNT ROAM|https://www.strava.com/activities/3361925744
25.04.2020|70,04|02:01:06|127|0|0|0|0||0|0|347|497|90|117|0|0|0|0|949|10|02:07:45|Wahoo ELEMNT ROAM|https://www.strava.com/activities/3349424497
23.04.2020|45,76|01:25:51|87|0|0|0|0||0|0|320|468|93|119|0|0|0|0|199|24|02:04:03|Wahoo ELEMNT ROAM|https://www.strava.com/activities/3340362095
14.04.2020|32,34|01:00:58|61|0|0|0|0||0|0|318|464|95|124|0|0|0|0|369|7|01:16:36|Wahoo ELEMNT ROAM|https://www.strava.com/activities/3296546478
12.04.2020|31,11|01:23:38|66|0|0|0|0||0|0|223|396|0|0|0|0|0|0||29|04:58:40|Wahoo ELEMNT ROAM|https://www.strava.com/activities/3293982189
09.04.2020|77,77|01:58:09|75|0|0|0|0||0|0|395|583|93|142|0|0|0|0|1,632|20|02:01:28|Wahoo ELEMNT ROAM|https://www.strava.com/activities/3275057575
09.04.2020|31,4|00:58:48|58|0|0|0|0||0|0|320|443|96|123|0|0|0|0|233|14|01:02:36|Wahoo ELEMNT ROAM|https://www.strava.com/activities/3274309571
08.04.2020|132,79|03:56:23|782|0|0|0|0||0|0|337|623|97|132|0|0|0|0|2,590|22|03:59:17|Wahoo ELEMNT ROAM|https://www.strava.com/activities/3270649644
07.04.2020|27,62|01:07:49|54|0|0|0|0||0|0|244|374|92|124|0|0|0|0|261|10|01:15:54|Wahoo ELEMNT ROAM|https://www.strava.com/activities/3265329938
06.04.2020|79,29|02:30:12|516|0|0|0|0||0|0|317|554|91|128|0|0|0|0|1,508|16|02:34:41|Wahoo ELEMNT ROAM|https://www.strava.com/activities/3261653392
03.04.2020|31,5|00:57:36|73|0|0|0|0||0|0|328|457|95|120|0|0|0|0|301|10|00:57:36|Wahoo ELEMNT ROAM|https://www.strava.com/activities/3248964867
02.04.2020|37,31|00:59:45|55|0|0|0|0||0|0|375|500|92|130|0|0|0|0|677|9|00:59:45|Wahoo ELEMNT ROAM|https://www.strava.com/activities/3245224348
29.04.2020|105,81|03:11:10|128|0|0|0|0||0|0|332|472|95|119|0|0|0|0|1,882|12|03:13:15|Wahoo ELEMNT ROAM|https://www.strava.com/activities/3370258085
27.04.2020|81,53|02:03:40|106|0|0|0|0||0|0|396|554|94|122|0|0|0|0|1,729|23|02:30:12|Wahoo ELEMNT ROAM|https://www.strava.com/activities/3361348321
19.04.2020|179,79|05:49:55|1,528|0|0|0|0||0|0|308|673|91|170|0|0|0|0|2,345|14|06:38:05|Wahoo ELEMNT ROAM|https://www.strava.com/activities/3321342492
15.04.2020|170,03|04:59:22|709|0|0|0|0||0|0|341|576|94|145|0|0|0|0|2,855|16|05:02:53|Wahoo ELEMNT ROAM|https://www.strava.com/activities/3302297413
14.04.2020|78,07|02:04:05|95|0|0|0|0||0|0|378|562|94|126|0|0|0|0|1,058|10|02:04:05|Wahoo ELEMNT ROAM|https://www.strava.com/activities/3297598730
13.04.2020|77,84|02:37:57|538|0|0|0|0||0|0|296|590|89|121|0|0|0|0|1,025|9|02:40:18|Wahoo ELEMNT ROAM|https://www.strava.com/activities/3292634198
11.04.2020|136,38|04:00:53|200|0|0|0|0||0|0|340|526|93|129|0|0|0|0|1,668|18|04:10:27|Wahoo ELEMNT ROAM|https://www.strava.com/activities/3283729167
10.04.2020|110,55|03:01:10|126|0|0|0|0||0|0|366|526|92|143|0|0|0|0|1,748|17|03:23:26|Wahoo ELEMNT ROAM|https://www.strava.com/activities/3279054927
04.04.2020|129,78|04:01:40|776|0|0|0|0||0|0|322|673|96|165|0|0|0|0|2,201|13|04:12:19|Wahoo ELEMNT ROAM|https://www.strava.com/activities/3253201962
03.04.2020|111,98|03:03:27|156|0|0|0|0||0|0|366|533|92|118|0|0|0|0|2,389|12|03:17:35|Wahoo ELEMNT ROAM|https://www.strava.com/activities/3249871043
01.04.2020|97,08|03:00:03|203|0|0|0|0||0|0|324|508|95|127|0|0|0|0|1,202|8|03:24:33|Wahoo ELEMNT ROAM|https://www.strava.com/activities/3241667828
31.05.2020|30,16|01:02:02|57|0|0|0|0||0|0|292|457|91|111|0|0|0|0|548|18|01:02:02|Wahoo ELEMNT ROAM|https://www.strava.com/activities/3540051509
30.05.2020|138,95|03:58:53|257|0|0|0|0||0|0|349|547|94|117|0|0|0|0|3,241|23|04:28:58|Wahoo ELEMNT ROAM|https://www.strava.com/activities/3535508327
28.05.2020|108,13|03:09:34|208|0|0|0|0||0|0|342|526|96|116|0|0|0|0|1,828|20|04:08:58|Wahoo ELEMNT ROAM|https://www.strava.com/activities/3524842036
27.05.2020|30,08|00:59:21|81|0|0|0|0||0|0|304|479|94|122|0|0|0|0||22|01:41:14|Wahoo ELEMNT ROAM|https://www.strava.com/activities/3519048545
25.05.2020|29,97|00:58:46|66|0|0|0|0||0|0|306|529|94|123|0|0|0|0||20|00:59:20|Wahoo ELEMNT ROAM|https://www.strava.com/activities/3507955494
21.05.2020|31,49|01:03:49|70|0|0|0|0||0|0|296|450|92|113|0|0|0|0|117|22|01:09:31|Wahoo ELEMNT ROAM|https://www.strava.com/activities/3492613078
19.05.2020|126,97|04:10:24|2,461|0|0|0|0||0|0|304|691|91|124|0|0|0|0|2,644|24|04:25:08|Wahoo ELEMNT ROAM|https://www.strava.com/activities/3476730160
18.05.2020|27,03|00:59:29|65|0|0|0|0||0|0|273|418|90|120|0|0|0|0|111|19|01:12:49|Wahoo ELEMNT ROAM|https://www.strava.com/activities/3470527685
15.05.2020|24,42|00:58:58|45|0|0|0|0||0|0|249|529|92|107|0|0|0|0|237|13|00:59:26|Wahoo ELEMNT ROAM|https://www.strava.com/activities/3453876645
14.05.2020|141,12|04:04:08|282|0|0|0|0||0|0|347|565|93|143|0|0|0|0|2,482|13|04:15:26|Wahoo ELEMNT ROAM|https://www.strava.com/activities/3449150043
13.05.2020|102,88|03:04:08|513|0|0|0|0||0|0|335|551|93|129|0|0|0|0|1,869|13|03:05:49|Wahoo ELEMNT ROAM|https://www.strava.com/activities/3444087004
12.05.2020|123,78|04:02:10|836|0|0|0|0||0|0|307|637|91|155|0|0|0|0|1,507|10|04:15:08|Wahoo ELEMNT ROAM|https://www.strava.com/activities/3438706594
11.05.2020|72,11|02:06:13|253|0|0|0|0||0|0|343|637|93|124|0|0|0|0|1,210|12|02:16:17|Wahoo ELEMNT ROAM|https://www.strava.com/activities/3433878008
07.05.2020|27,94|01:02:09|35|0|0|0|0||0|0|270|493|90|109|0|0|0|0|125|16|01:22:35|Wahoo ELEMNT ROAM|https://www.strava.com/activities/3418069936
04.05.2020|83,86|02:32:01|509|0|0|0|0||0|0|331|533|94|123|0|0|0|0|1,766|11|02:33:15|Wahoo ELEMNT ROAM|https://www.strava.com/activities/3395543315
29.05.2020|118,59|03:56:10|2,457|0|0|0|0||0|0|301|677|85|121|0|0|0|0|3,113|22|04:26:01|Wahoo ELEMNT ROAM|https://www.strava.com/activities/3530685778
24.05.2020|164,89|05:12:02|981|0|0|0|0||0|0|317|630|92|158|0|0|0|0|2,046|16|05:41:29|Wahoo ELEMNT ROAM|https://www.strava.com/activities/3503100562
23.05.2020|110,28|03:01:51|211|0|0|0|0||0|0|364|576|93|135|0|0|0|0|1,816|16|03:14:27|Wahoo ELEMNT ROAM|https://www.strava.com/activities/3497373025
22.05.2020|115,7|03:12:04|208|0|0|0|0||0|0|361|572|93|150|0|0|0|0|2,029|21|03:21:31|Wahoo ELEMNT ROAM|https://www.strava.com/activities/3492612069
20.05.2020|123,85|03:57:50|140|0|0|0|0||0|0|312|544|92|151|0|0|0|0|529|23|04:18:17|Wahoo ELEMNT ROAM|https://www.strava.com/activities/3481838312
17.05.2020|175,69|05:36:39|1,669|0|0|0|0||0|0|313|616|92|161|0|0|0|0|2,516|16|06:16:48|Wahoo ELEMNT ROAM|https://www.strava.com/activities/3465703927
16.05.2020|96,97|03:00:53|197|0|0|0|0||0|0|322|551|91|146|0|0|0|0|1,332|15|03:58:38|Wahoo ELEMNT ROAM|https://www.strava.com/activities/3459134454
09.05.2020|302,22|09:37:17|811|0|0|0|0||0|0|314|540|90|199|0|0|0|0|3,541|23|12:31:47|Wahoo ELEMNT ROAM|https://www.strava.com/activities/3425808751
08.05.2020|63,96|02:06:48|103|0|0|0|0||0|0|303|518|91|155|0|0|0|0|376|23|03:13:23|Wahoo ELEMNT ROAM|https://www.strava.com/activities/3419016197
06.05.2020|109,94|02:57:20|147|0|0|0|0||0|0|372|677|93|122|0|0|0|0|1,312|18|03:34:18|Wahoo ELEMNT ROAM|https://www.strava.com/activities/3407252020
05.05.2020|131,09|03:59:43|284|0|0|0|0||0|0|328|594|92|122|0|0|0|0|1,668|13|05:00:30|Wahoo ELEMNT ROAM|https://www.strava.com/activities/3401297040
03.05.2020|124,56|03:58:30|269|0|0|0|0||0|0|313|529|93|187|0|0|0|0|1,181|14|05:25:29|Wahoo ELEMNT ROAM|https://www.strava.com/activities/3390676544
01.05.2020|92,32|02:51:24|198|0|0|0|0||0|0|323|576|94|171|0|0|0|0|1,289|11|03:03:17|Wahoo ELEMNT ROAM|https://www.strava.com/activities/3378803808
30.06.2020|33,26|01:01:54|72|0|0|0|0||0|0|322|464|98|120|0|0|0|0|732|15|01:01:54|Wahoo ELEMNT ROAM|https://www.strava.com/activities/3691611191
25.06.2020|178,11|05:05:59|524|0|0|0|0||0|0|349|612|93|118|0|0|0|0|4,080|28|05:37:30|Wahoo ELEMNT ROAM|https://www.strava.com/activities/3668843111
24.06.2020|73,92|02:14:56|120|0|0|0|0||0|0|329|590|92|115|0|0|0|0|1,673|29|02:55:48|Wahoo ELEMNT ROAM|https://www.strava.com/activities/3663509797
23.06.2020|39,9|01:06:09|57|0|0|0|0||0|0|362|500|95|118|0|0|0|0|771|25|01:19:41|Wahoo ELEMNT ROAM|https://www.strava.com/activities/3657842276
22.06.2020|146,59|04:02:40|223|0|0|0|0||0|0|362|569|93|118|0|0|0|0|3,330|21|04:17:09|Wahoo ELEMNT ROAM|https://www.strava.com/activities/3653046922
21.06.2020|62,71|01:59:46|1,055|0|0|0|0||0|0|314|662|90|125|0|0|0|0|1,562|22|02:20:42|Wahoo ELEMNT ROAM|https://www.strava.com/activities/3647646074
19.06.2020|32,7|01:05:51|45|0|0|0|0||0|0|298|587|94|110|0|0|0|0|626|18|01:05:51|Wahoo ELEMNT ROAM|https://www.strava.com/activities/3637257534
15.06.2020|38,97|01:09:42|97|0|0|0|0||0|0|336|547|96|119|0|0|0|0|829|19|01:14:29|Wahoo ELEMNT ROAM|https://www.strava.com/activities/3617220067
13.06.2020|80,12|02:26:39|183|0|0|0|0||0|0|328|572|93|139|0|0|0|0|1,677|22|03:02:23|Wahoo ELEMNT ROAM|https://www.strava.com/activities/3606679137
10.06.2020|130,05|03:59:10|819|0|0|0|0||0|0|326|637|96|132|0|0|0|0|2,758|19|04:18:04|Wahoo ELEMNT ROAM|https://www.strava.com/activities/3592434036
09.06.2020|111,05|02:57:07|148|0|0|0|0||0|0|376|529|94|119|0|0|0|0|2,606|15|03:08:27|Wahoo ELEMNT ROAM|https://www.strava.com/activities/3587688453
08.06.2020|37,57|00:59:49|621|0|0|0|0||0|0|377|742|111|186|0|0|0|0|956||00:59:49|Zwift|https://www.strava.com/activities/3582558606
08.06.2020|69,41|02:00:37|1,1|0|0|0|0||0|0|345|785|96|183|0|0|0|0|1,725||02:05:11|Zwift|https://www.strava.com/activities/3581701914
05.06.2020|137,66|04:09:04|819|0|0|0|0||0|0|332|565|94|128|0|0|0|0|3,383|14|04:20:31|Wahoo ELEMNT ROAM|https://www.strava.com/activities/3567426373
04.06.2020|32,15|01:02:47|60|0|0|0|0||0|0|307|515|92|118|0|0|0|0|642|13|01:06:11|Wahoo ELEMNT ROAM|https://www.strava.com/activities/3563038801
02.06.2020|149,11|04:01:17|182|0|0|0|0||0|0|371|508|87|126|0|0|0|0|3,393|25|04:46:19|Wahoo ELEMNT ROAM|https://www.strava.com/activities/3552292954
01.06.2020|110,44|03:08:36|169|0|0|0|0||0|0|351|544|95|126|0|0|0|0|2,563|21|03:10:28|Wahoo ELEMNT ROAM|https://www.strava.com/activities/3546094428
27.06.2020|114,18|03:07:34|140|0|0|0|0||0|0|365|587|95|161|0|0|0|0|2,774|20|03:47:00|Wahoo ELEMNT ROAM|https://www.strava.com/activities/3677646399
26.06.2020|119,5|03:45:25|762|0|0|0|0||0|0|318|688|93|128|0|0|0|0|2,606|26|04:13:14|Wahoo ELEMNT ROAM|https://www.strava.com/activities/3673234630
20.06.2020|100,54|02:54:24|141|0|0|0|0||0|0|346|562|96|136|0|0|0|0|2,277|19|03:52:27|Wahoo ELEMNT ROAM|https://www.strava.com/activities/3643247446
18.06.2020|169,36|04:55:57|2,202|0|0|0|0||0|0|343|788|91|147|0|0|0|0|3,922|22|05:15:56|Wahoo ELEMNT ROAM|https://www.strava.com/activities/3633536219
17.06.2020|120,17|03:20:07|825|0|0|0|0||0|0|360|734|93|165|0|0|0|0||23|04:02:03|Wahoo ELEMNT ROAM|https://www.strava.com/activities/3629334943
16.06.2020|210,41|05:48:07|1,332|0|0|0|0||0|0|363|745|93|199|0|0|0|0|3,669|24|06:06:36|Wahoo ELEMNT ROAM|https://www.strava.com/activities/3623618140
12.06.2020|107,25|03:20:10|1,415|0|0|0|0||0|0|321|695|95|143|0|0|0|0|2,541|20|03:28:01|Wahoo ELEMNT ROAM|https://www.strava.com/activities/3602165600
06.06.2020|167,29|05:20:38|1,661|0|0|0|0||0|0|313|637|92|148|0|0|0|0|3,813|15|05:35:10|Wahoo ELEMNT ROAM|https://www.strava.com/activities/3571685493
03.06.2020|131,2|04:00:08|153|0|0|0|0||0|0|328|479|91|116|0|0|0|0|2,805|22|04:09:29|Wahoo ELEMNT ROAM|https://www.strava.com/activities/3558198085
28.07.2020|87,97|02:29:59|180|0|0|0|0||0|0|352|529|98|120|0|0|0|0|2,033|20|02:31:02|Wahoo ELEMNT ROAM|https://www.strava.com/activities/3825992260
27.07.2020|101,24|02:57:22|319|0|0|0|0||0|0|342|569|95|117|0|0|0|0|2,234|25|03:40:42|Wahoo ELEMNT ROAM|https://www.strava.com/activities/3821136109
20.07.2020|187,26|06:55:09|5,145|0|0|0|0||0|0|271|914|84|200|0|0|0|0|4,947|25|07:14:14|Wahoo ELEMNT ROAM|https://www.strava.com/activities/3790591871
05.07.2020|18,3|00:33:30|130|0|0|0|0||0|0|328|644|114|185|0|0|0|0|388||00:34:04|Zwift|https://www.strava.com/activities/3715368821
04.07.2020|8,8|00:15:11|104|0|0|0|0||0|0|348|623|111|187|0|0|0|0|199||00:15:29|Zwift|https://www.strava.com/activities/3711032535
03.07.2020|38,98|01:00:28|67|0|0|0|0||0|0|387|504|94|132|0|0|0|0|900|20|01:40:29|Wahoo ELEMNT ROAM|https://www.strava.com/activities/3719076480
02.07.2020|62,67|02:01:30|163|0|0|0|0||0|0|310|727|92|199|0|0|0|0|1,326|17|02:02:50|Wahoo ELEMNT ROAM|https://www.strava.com/activities/3701651879
31.07.2020|43,91|01:22:35|492|0|0|0|0||0|0|319|637|90|178|0|0|0|0|663|38|01:29:53|Wahoo ELEMNT ROAM|https://www.strava.com/activities/3842560922
30.07.2020|61,92|02:09:12|1,019|0|0|0|0||0|0|288|644|89|200|0|0|0|0|1,175|36|02:43:02|Wahoo ELEMNT ROAM|https://www.strava.com/activities/3839270944
29.07.2020|70,01|02:26:29|1,588|0|0|0|0||0|0|287|756|84|199|0|0|0|0|1,700|39|02:41:42|Wahoo ELEMNT ROAM|https://www.strava.com/activities/3832780806
25.07.2020|56,54|01:54:38|121|0|0|0|0||0|0|296|479|0|0|0|0|0|0||17|02:09:31|Wahoo ELEMNT ROAM|https://www.strava.com/activities/3816225766
23.07.2020|171,63|06:25:40|4,973|0|0|0|0||0|0|267|1004|82|200|0|0|0|0|4,863|24|06:47:13|Wahoo ELEMNT ROAM|https://www.strava.com/activities/3804880840
22.07.2020|135,64|04:27:54|2,654|0|0|0|0||0|0|304|1004|86|182|0|0|0|0|3,094|29|05:24:58|Wahoo ELEMNT ROAM|https://www.strava.com/activities/3800620145
21.07.2020|41,97|01:13:59|355|0|0|0|0||0|0|340|871|85|157|0|0|0|0|571|25|02:13:05|Wahoo ELEMNT ROAM|https://www.strava.com/activities/3794569283
19.07.2020|116|04:16:10|2,745|0|0|0|0||0|0|272|936|85|185|0|0|0|0|2,842|21|04:30:40|Wahoo ELEMNT ROAM|https://www.strava.com/activities/3785143357
18.07.2020|128,99|04:25:24|3,336|0|0|0|0||0|0|292|1022|85|179|0|0|0|0|3,645|20|05:27:07|Wahoo ELEMNT ROAM|https://www.strava.com/activities/3780142785
17.07.2020|44,51|01:34:56|841|0|0|0|0||0|0|281|1008|79|197|0|0|0|0|945|20|01:39:13|Wahoo ELEMNT ROAM|https://www.strava.com/activities/3774993302
16.07.2020|115,54|03:56:55|2,798|0|0|0|0||0|0|293|893|84|200|0|0|0|0|2,930|21|04:05:18|Wahoo ELEMNT ROAM|https://www.strava.com/activities/3770258845
14.07.2020|84,66|02:30:41|1,319|0|0|0|0||0|0|337|821|90|200|0|0|0|0|1,879|19|02:38:52|Wahoo ELEMNT ROAM|https://www.strava.com/activities/3759966391
13.07.2020|217,22|06:23:53|3,713|0|0|0|0||0|0|340|925|89|181|0|0|0|0|4,910|24|06:48:59|Wahoo ELEMNT ROAM|https://www.strava.com/activities/3756323181
12.07.2020|107,39|03:43:17|2,81|0|0|0|0||0|0|289|1001|79|194|0|0|0|0|2,993|23|03:58:01|Wahoo ELEMNT ROAM|https://www.strava.com/activities/3750468960
11.07.2020|40,39|01:20:22|552|0|0|0|0||0|0|302|670|86|120|0|0|0|0|894|22|01:21:20|Wahoo ELEMNT ROAM|https://www.strava.com/activities/3747741841
10.07.2020|184,68|06:40:24|4,519|0|0|0|0||0|0|277|756|84|200|0|0|0|0|4,850|30|07:29:15|Wahoo ELEMNT ROAM|https://www.strava.com/activities/3742793005
09.07.2020|121,95|04:09:16|2,69|0|0|0|0||0|0|294|889|87|194|0|0|0|0|2,942|28|04:25:36|Wahoo ELEMNT ROAM|https://www.strava.com/activities/3735985833
08.07.2020|39,79|01:28:24|899|0|0|0|0||0|0|270|871|83|174|0|0|0|0|890|26|02:30:31|Wahoo ELEMNT ROAM|https://www.strava.com/activities/3731127361
07.07.2020|91,06|03:12:08|2,101|0|0|0|0||0|0|284|896|0|0|0|0|0|0|62|26|03:52:01|Wahoo ELEMNT ROAM|https://www.strava.com/activities/3726222616
05.07.2020|160,58|03:42:42|1,185|0|0|0|0||0|0|433|810|93|199|0|0|0|0|3,430|21|03:44:03|Wahoo ELEMNT ROAM|https://www.strava.com/activities/3719075568
04.07.2020|41,31|00:58:03|483|0|0|0|0||0|0|427|853|106|202|0|0|0|0|1,445||01:01:13|Zwift|https://www.strava.com/activities/3712585576
31.08.2020|50,56|01:28:13|129|0|0|0|0||0|0|344|526|86|107|0|0|0|0|756|23|01:44:43|Wahoo ELEMNT ROAM|https://www.strava.com/activities/3990498590
28.08.2020|32,06|01:01:13|78|0|0|0|0||0|0|314|490|96|116|0|0|0|0|674|15|01:01:30|Wahoo ELEMNT ROAM|https://www.strava.com/activities/3976675379
26.08.2020|121,93|02:56:22|265|0|0|0|0||0|0|415|608|101|131|0|0|0|0|2,322|17|03:07:54|Wahoo ELEMNT ROAM|https://www.strava.com/activities/3967646108
25.08.2020|144,66|04:01:37|293|0|0|0|0||0|0|359|684|93|114|0|0|0|0|3,289|16|04:27:15|Wahoo ELEMNT ROAM|https://www.strava.com/activities/3963305688
24.08.2020|69,63|01:59:24|173|0|0|0|0||0|0|350|526|96|117|0|0|0|0|1,512|18|02:03:48|Wahoo ELEMNT ROAM|https://www.strava.com/activities/3958235128
22.08.2020|163,94|05:07:46|1,631|0|0|0|0||0|0|320|652|93|125|0|0|0|0|3,887|20|05:16:50|Wahoo ELEMNT ROAM|https://www.strava.com/activities/3949157594
21.08.2020|112,81|02:58:02|138|0|0|0|0||0|0|380|644|96|124|0|0|0|0|2,488|25|03:08:34|Wahoo ELEMNT ROAM|https://www.strava.com/activities/3944569737
20.08.2020|38,2|01:00:05|47|0|0|0|0||0|0|381|695|92|152|0|0|0|0|762|23|01:00:54|Wahoo ELEMNT ROAM|https://www.strava.com/activities/3940051192
19.08.2020|37,72|01:05:01|58|0|0|0|0||0|0|348|515|92|110|0|0|0|0|670|22|01:30:13|Wahoo ELEMNT ROAM|https://www.strava.com/activities/3935143830
17.08.2020|41,35|01:25:41|473|0|0|0|0||0|0|290|594|88|156|0|0|0|0|774|32|01:47:14|Wahoo ELEMNT ROAM|https://www.strava.com/activities/3925380771
10.08.2020|49,82|01:29:02|134|0|0|0|0||0|0|336|565|95|183|0|0|0|0|1,074|24|01:34:10|Wahoo ELEMNT ROAM|https://www.strava.com/activities/3894885579
09.08.2020|132,41|02:56:17|253|0|0|0|0||0|0|451|616|101|124|0|0|0|0|2,477|26|03:07:54|Wahoo ELEMNT ROAM|https://www.strava.com/activities/3886698672
08.08.2020|52,83|01:36:45|83|0|0|0|0||0|0|328|508|94|120|0|0|0|0|1,064|27|02:54:33|Wahoo ELEMNT ROAM|https://www.strava.com/activities/3881692099
06.08.2020|43,82|01:28:52|87|0|0|0|0||0|0|296|410|92|109|0|0|0|0|827|23|01:33:55|Wahoo ELEMNT ROAM|https://www.strava.com/activities/3872319074
05.08.2020|140,17|03:58:55|829|0|0|0|0||0|0|352|662|96|157|0|0|0|0|3,215|26|04:10:21|Wahoo ELEMNT ROAM|https://www.strava.com/activities/3867622330
04.08.2020|99,07|03:02:18|1,304|0|0|0|0||0|0|326|738|94|200|0|0|0|0|2,455|22|03:03:20|Wahoo ELEMNT ROAM|https://www.strava.com/activities/3862717099
03.08.2020|68,51|02:00:18|195|0|0|0|0||0|0|342|486|95|113|0|0|0|0|1,583|16|02:00:39|Wahoo ELEMNT ROAM|https://www.strava.com/activities/3856976733
30.08.2020|206,79|04:58:50|2,141|0|0|0|0||0|0|415|842|92|200|0|0|0|0|3,865|19|05:15:38|Wahoo ELEMNT ROAM|https://www.strava.com/activities/3986506332
29.08.2020|195,23|04:41:43|2,074|0|0|0|0||0|0|416|828|92|200|0|0|0|0|3,655|17|04:44:13|Wahoo ELEMNT ROAM|https://www.strava.com/activities/3982519358
27.08.2020|50,75|01:41:01|88|0|0|0|0||0|0|301|576|92|141|0|0|0|0|996|16|02:48:53|Wahoo ELEMNT ROAM|https://www.strava.com/activities/3972298826
18.08.2020|200,98|05:10:58|3,086|0|0|0|0||0|0|388|842|90|200|0|0|0|0|4,149|31|05:16:35|Wahoo ELEMNT ROAM|https://www.strava.com/activities/3931091074
15.08.2020|206,54|05:23:04|2,977|0|0|0|0||0|0|384|896|91|200|0|0|0|0|4,518|32|05:23:40|Wahoo ELEMNT ROAM|https://www.strava.com/activities/3917573422
14.08.2020|42,48|01:17:31|154|0|0|0|0||0|0|329|533|91|200|0|0|0|0|713|31|01:22:39|Wahoo ELEMNT ROAM|https://www.strava.com/activities/3910950275
13.08.2020|36,95|01:11:45|150|0|0|0|0||0|0|309|472|90|198|0|0|0|0|521|34|01:20:10|Wahoo ELEMNT ROAM|https://www.strava.com/activities/3908052308
12.08.2020|185,93|04:38:03|2,909|0|0|0|0||0|0|401|792|92|200|0|0|0|0|3,787|34|04:38:31|Wahoo ELEMNT ROAM|https://www.strava.com/activities/3903259745
11.08.2020|43,18|01:16:25|93|0|0|0|0||0|0|339|522|94|195|0|0|0|0|753|29|01:17:03|Wahoo ELEMNT ROAM|https://www.strava.com/activities/3896508671
07.08.2020|106,46|03:11:29|1,355|0|0|0|0||0|0|334|731|94|125|0|0|0|0|2,592|28|03:29:27|Wahoo ELEMNT ROAM|https://www.strava.com/activities/3877276109
01.08.2020|173,26|04:12:48|2,37|0|0|0|0||0|0|411|1289|80|200|0|0|0|0|2,523|40|05:59:32|Wahoo ELEMNT ROAM|https://www.strava.com/activities/3849583332
30.09.2020|91,28|02:51:19|1,159|0|0|0|0||0|0|320|1102|90|200|0|0|0|0|1,803|27|03:03:28|Wahoo ELEMNT ROAM|https://www.strava.com/activities/4132294842
29.09.2020|30,85|00:56:16|59|0|0|0|0||0|0|329|637|95|111|0|0|0|0|729|14|01:46:10|Wahoo ELEMNT ROAM|https://www.strava.com/activities/4126986023
27.09.2020|229,52|06:04:05|4,81|0|0|0|0||0|0|378|893|89|200|0|0|0|0|5,153|15|06:05:11|Wahoo ELEMNT ROAM|https://www.strava.com/activities/4119546600
26.09.2020|46,6|01:23:01|143|0|0|0|0||0|0|337|587|93|200|0|0|0|0|953|20|01:27:16|Wahoo ELEMNT ROAM|https://www.strava.com/activities/4113386637
25.09.2020|81,83|02:26:37|1,102|0|0|0|0||0|0|335|698|91|168|0|0|0|0|1,830|23|02:34:16|Wahoo ELEMNT ROAM|https://www.strava.com/activities/4109567714
24.09.2020|55|01:56:15|1,163|0|0|0|0||0|0|284|756|82|185|0|0|0|0|1,204|27|01:57:15|Wahoo ELEMNT ROAM|https://www.strava.com/activities/4105391745
23.09.2020|33,79|01:08:34|60|0|0|0|0||0|0|296|475|89|117|0|0|0|0|679|17|01:17:52|Wahoo ELEMNT ROAM|https://www.strava.com/activities/4100502604
22.09.2020|234,06|05:11:21|2,062|0|0|0|0||0|0|451|828|95|200|0|0|0|0|4,400|22|05:11:56|Wahoo ELEMNT ROAM|https://www.strava.com/activities/4098089252
21.09.2020|30,77|01:00:50|53|0|0|0|0||0|0|304|616|92|105|0|0|0|0|611|17|01:01:41|Wahoo ELEMNT ROAM|https://www.strava.com/activities/4091212417
19.09.2020|173,44|04:01:58|1,992|0|0|0|0||0|0|430|925|93|200|0|0|0|0|3,536|22|04:02:38|Wahoo ELEMNT ROAM|https://www.strava.com/activities/4090965463
18.09.2020|183,93|04:21:04|2,203|0|0|0|0||0|0|423|770|94|200|0|0|0|0|3,869|23|04:21:37|Wahoo ELEMNT ROAM|https://www.strava.com/activities/4077711152
17.09.2020|214,51|05:15:23|2,874|0|0|0|0||0|0|408|925|93|200|0|0|0|0|4,339|20|05:15:54|Wahoo ELEMNT ROAM|https://www.strava.com/activities/4073191977
16.09.2020|7,08|00:08:31|21|0|0|0|0||0|0|499|569|94|106|0|0|0|0|207|26|00:08:31|Wahoo ELEMNT ROAM|https://www.strava.com/activities/4068445649
16.09.2020|0,47|00:02:18|0|0|0|0|0||0|0|122|256|47|146|0|0|0|0|309|26|00:28:23|Wahoo ELEMNT ROAM|https://www.strava.com/activities/4068687414
16.09.2020|106,63|02:33:47|1,359|0|0|0|0||0|0|416|1037|95|187|0|0|0|0|2,316|25|02:34:05|Wahoo ELEMNT ROAM|https://www.strava.com/activities/4067418232
15.09.2020|34,35|00:58:16|197|0|0|0|0||0|0|354|641|89|121|0|0|0|0|526|26|01:07:08|Wahoo ELEMNT ROAM|https://www.strava.com/activities/4067419425
13.09.2020|106,01|03:33:56|2,085|0|0|0|0||0|0|297|943|86|200|0|0|0|0|2,306|21|04:03:05|Wahoo ELEMNT ROAM|https://www.strava.com/activities/4053393353
12.09.2020|177,25|05:49:34|4,251|0|0|0|0||0|0|304|940|87|200|0|0|0|0|4,391|19|06:22:31|Wahoo ELEMNT ROAM|https://www.strava.com/activities/4048608462
11.09.2020|117,36|04:13:57|3,21|0|0|0|0||0|0|277|968|81|185|0|0|0|0|3,135|21|04:37:04|Wahoo ELEMNT ROAM|https://www.strava.com/activities/4043722173
10.09.2020|30,1|01:02:44|407|0|0|0|0||0|0|288|824|94|153|0|0|0|0|665|14|01:02:44|Wahoo ELEMNT ROAM|https://www.strava.com/activities/4042781740
09.09.2020|141,14|04:59:21|3,412|0|0|0|0||0|0|283|864|88|200|0|0|0|0|3,622|22|05:12:19|Wahoo ELEMNT ROAM|https://www.strava.com/activities/4034614672
08.09.2020|63,49|02:00:36|941|0|0|0|0||0|0|316|1289|91|175|0|0|0|0|1,331|17|02:43:14|Wahoo ELEMNT ROAM|https://www.strava.com/activities/4029129337
07.09.2020|46,6|01:32:35|586|0|0|0|0||0|0|302|1260|94|162|0|0|0|0|896|13|01:38:32|Wahoo ELEMNT ROAM|https://www.strava.com/activities/4025136493
05.09.2020|30,39|01:13:14|403|0|0|0|0||0|0|249|857|82|166|0|0|0|0|572|24|01:58:50|Wahoo ELEMNT ROAM|https://www.strava.com/activities/4014513038
04.09.2020|145,64|03:45:54|2,255|0|0|0|0||0|0|387|886|90|200|0|0|0|0|3,220|31|03:47:45|Wahoo ELEMNT ROAM|https://www.strava.com/activities/4010099048
03.09.2020|165,73|04:46:34|3,675|0|0|0|0||0|0|347|799|90|200|0|0|0|0|4,500|26|04:46:34|Wahoo ELEMNT ROAM|https://www.strava.com/activities/4005603068
02.09.2020|165,43|04:47:28|3,526|0|0|0|0||0|0|345|871|91|200|0|0|0|0|3,948|30|05:09:40|Wahoo ELEMNT ROAM|https://www.strava.com/activities/4001022578
01.09.2020|9,23|00:20:14|17|0|0|0|0||0|0|274|389|0|0|0|0|0|0|159|25|00:20:14|Wahoo ELEMNT ROAM|https://www.strava.com/activities/3999653465
01.09.2020|13,17|00:15:19|41|0|0|0|0||0|0|516|666|101|120|0|0|0|0|326|29|00:15:19|Wahoo ELEMNT ROAM|https://www.strava.com/activities/3999653905
01.09.2020|4,3|00:08:22|0|0|0|0|0||0|0|308|493|76|149|0|0|0|0|359|25|00:37:13|Wahoo ELEMNT ROAM|https://www.strava.com/activities/3999654439
01.09.2020|97,26|02:08:45|688|0|0|0|0||0|0|453|853|93|200|0|0|0|0|1,858|24|02:10:13|Wahoo ELEMNT ROAM|https://www.strava.com/activities/3994895221
27.10.2020|54,82|01:50:49|117|0|0|0|0||0|0|297|457|92|166|0|0|0|0|209|8|01:54:39|Wahoo ELEMNT ROAM|https://www.strava.com/activities/4249348886
25.10.2020|15,51|00:19:14|4|0|0|0|0||0|0|484|644|96|109|0|0|0|0|288|15|00:19:14|Wahoo ELEMNT ROAM|https://www.strava.com/activities/4242251611
25.10.2020|1,01|00:02:25|0|0|0|0|0||0|0|252|385|74|144|0|0|0|0|162|18|00:35:28|Wahoo ELEMNT ROAM|https://www.strava.com/activities/4244883917
24.10.2020|1,43|00:03:37|4|0|0|0|0||0|0|238|623|63|88|0|0|0|0|7|10|00:03:55|Wahoo ELEMNT ROAM|https://www.strava.com/activities/4237208825
24.10.2020|189,05|04:55:23|3,539|0|0|0|0||0|0|384|846|94|200|0|0|0|0|3,327|15|04:55:23|Wahoo ELEMNT ROAM|https://www.strava.com/activities/4237211296
23.10.2020|0,74|00:03:13|3|0|0|0|0||0|0|139|227|56|165|0|0|0|0|6|11|00:03:13|Wahoo ELEMNT ROAM|https://www.strava.com/activities/4233164014
23.10.2020|123,72|02:42:32|496|0|0|0|0||0|0|457|781|91|176|0|0|0|0|669|11|02:43:23|Wahoo ELEMNT ROAM|https://www.strava.com/activities/4233165083
23.10.2020|12,82|00:29:08|32|0|0|0|0||0|0|264|454|66|160|0|0|0|0|54|8|00:33:43|Wahoo ELEMNT ROAM|https://www.strava.com/activities/4231854219
22.10.2020|11,36|00:21:32|22|0|0|0|0||0|0|317|691|77|200|0|0|0|0|39|6|00:21:32|Wahoo ELEMNT ROAM|https://www.strava.com/activities/4228935520
22.10.2020|205,3|06:28:47|5,556|0|0|0|0||0|0|317|983|87|200|0|0|0|0|4,134|10|06:30:24|Wahoo ELEMNT ROAM|https://www.strava.com/activities/4228937378
21.10.2020|7,28|00:12:06|23|0|0|0|0||0|0|361|580|84|200|0|0|0|0|23|8|00:20:04|Wahoo ELEMNT ROAM|https://www.strava.com/activities/4224627531
21.10.2020|202|06:00:33|5,315|0|0|0|0||0|0|336|1001|91|198|0|0|0|0|4,056|12|06:01:39|Wahoo ELEMNT ROAM|https://www.strava.com/activities/4224629994
20.10.2020|1,73|00:04:37|2|0|0|0|0||0|0|226|554|58|128|0|0|0|0|8|12|00:04:37|Wahoo ELEMNT ROAM|https://www.strava.com/activities/4220251466
20.10.2020|226,87|06:15:30|4,098|0|0|0|0||0|0|363|864|90|200|0|0|0|0|3,196|13|06:17:58|Wahoo ELEMNT ROAM|https://www.strava.com/activities/4220253127
19.10.2020|36,93|01:08:24|30|0|0|0|0||0|0|324|407|90|154|0|0|0|0||16|01:12:28|Wahoo ELEMNT ROAM|https://www.strava.com/activities/4215233909
18.10.2020|0,43|00:01:24|8|0|0|0|0||0|0|185|295|81|100|0|0|0|0|3|5|00:01:24|Wahoo ELEMNT ROAM|https://www.strava.com/activities/4211971299
18.10.2020|182,3|05:06:39|4,227|0|0|0|0||0|0|357|857|92|196|0|0|0|0|3,645|12|05:07:13|Wahoo ELEMNT ROAM|https://www.strava.com/activities/4212013213
17.10.2020|33,71|00:48:07|527|0|0|0|0||0|0|420|738|95|116|0|0|0|0|665|14|00:48:07|Wahoo ELEMNT ROAM|https://www.strava.com/activities/4207516397
17.10.2020|0,46|00:01:44|5|0|0|0|0||0|0|162|331|50|138|0|0|0|0|132|17|00:29:43|Wahoo ELEMNT ROAM|https://www.strava.com/activities/4207517678
16.10.2020|0,89|00:02:50|0|0|0|0|0||0|0|189|270|70|97|0|0|0|0|5|16|00:02:50|Wahoo ELEMNT ROAM|https://www.strava.com/activities/4202481996
16.10.2020|196,25|04:33:22|947|0|0|0|0||0|0|431|846|92|200|0|0|0|0|1,657|14|04:34:46|Wahoo ELEMNT ROAM|https://www.strava.com/activities/4202483714
16.10.2020|0,58|00:03:17|2|0|0|0|0||0|0|107|238|41|152|0|0|0|0|6|20|00:12:25|Wahoo ELEMNT ROAM|https://www.strava.com/activities/4203250339
15.10.2020|0,04|00:02:04|0|0|0|0|0||0|0|12|50|0|0|0|0|0|0||30|00:07:52|Wahoo ELEMNT ROAM|https://www.strava.com/activities/4201362149
14.10.2020|1,53|00:03:54|2|0|0|0|0||0|0|236|346|83|144|0|0|0|0|20|17|00:03:54|Wahoo ELEMNT ROAM|https://www.strava.com/activities/4194088522
14.10.2020|184,91|04:12:24|1,153|0|0|0|0||0|0|440|821|92|200|0|0|0|0|2,876|21|04:13:30|Wahoo ELEMNT ROAM|https://www.strava.com/activities/4194093588
13.10.2020|0,22|00:00:00|0|0|0|0|0||0|0|252|299|82|108|0|0|0|0|4|10|00:00:32|Wahoo ELEMNT ROAM|https://www.strava.com/activities/4189628667
13.10.2020|175,75|04:05:59|2,121|0|0|0|0||0|0|429|810|94|200|0|0|0|0|3,783|16|04:05:59|Wahoo ELEMNT ROAM|https://www.strava.com/activities/4189630624
12.10.2020|30,01|01:02:41|238|0|0|0|0||0|0|287|526|88|130|0|0|0|0|576|18|01:04:21|Wahoo ELEMNT ROAM|https://www.strava.com/activities/4184539956
11.10.2020|2,06|00:05:52|45|0|0|0|0||0|0|211|515|71|142|0|0|0|0|45|7|00:05:52|Wahoo ELEMNT ROAM|https://www.strava.com/activities/4181352806
11.10.2020|209,17|05:54:56|4,523|0|0|0|0||0|0|354|976|92|200|0|0|0|0|5,404|15|05:55:30|Wahoo ELEMNT ROAM|https://www.strava.com/activities/4181355435
10.10.2020|0,55|00:02:34|2|0|0|0|0||0|0|129|220|57|148|0|0|0|0|5|22|00:02:34|Wahoo ELEMNT ROAM|https://www.strava.com/activities/4176461164
10.10.2020|202,62|05:08:53|2,232|0|0|0|0||0|0|394|821|90|200|0|0|0|0|3,891|25|05:09:59|Wahoo ELEMNT ROAM|https://www.strava.com/activities/4176463492
09.10.2020|0,65|00:01:49|3|0|0|0|0||0|0|215|378|75|99|0|0|0|0|8|22|00:01:49|Wahoo ELEMNT ROAM|https://www.strava.com/activities/4171890353
09.10.2020|144,07|02:50:23|511|0|0|0|0||0|0|507|871|99|200|0|0|0|0|2,381|25|02:50:23|Wahoo ELEMNT ROAM|https://www.strava.com/activities/4171891303
08.10.2020|188,03|04:57:55|2,672|0|0|0|0||0|0|379|878|89|200|0|0|0|0|3,635|21|05:00:48|Wahoo ELEMNT ROAM|https://www.strava.com/activities/4168031941
07.10.2020|222,38|06:21:59|4,763|0|0|0|0||0|0|349|871|91|200|0|0|0|0|5,503|18|06:23:18|Wahoo ELEMNT ROAM|https://www.strava.com/activities/4163532737
06.10.2020|142,42|03:28:08|1,874|0|0|0|0||0|0|411|936|95|200|0|0|0|0|2,788|23|03:28:43|Wahoo ELEMNT ROAM|https://www.strava.com/activities/4158697765
05.10.2020|156,04|04:28:38|3,519|0|0|0|0||0|0|349|868|86|187|0|0|0|0|3,511|25|04:34:53|Wahoo ELEMNT ROAM|https://www.strava.com/activities/4154514382
04.10.2020|148,76|03:24:16|1,948|0|0|0|0||0|0|437|871|93|200|0|0|0|0|2,405|31|03:25:16|Wahoo ELEMNT ROAM|https://www.strava.com/activities/4150519274
03.10.2020|1,3|00:04:10|11|0|0|0|0||0|0|188|306|70|99|0|0|0|0|18|36|00:11:57|Wahoo ELEMNT ROAM|https://www.strava.com/activities/4145220489
03.10.2020|15|00:16:21|78|0|0|0|0||0|0|551|947|100|137|0|0|0|0|354|36|00:16:21|Wahoo ELEMNT ROAM|https://www.strava.com/activities/4145236420
03.10.2020|0,13|00:01:18|7|0|0|0|0||0|0|62|144|62|144|0|0|0|0|378|33|00:31:44|Wahoo ELEMNT ROAM|https://www.strava.com/activities/4145064734
03.10.2020|28,79|00:52:20|287|0|0|0|0||0|0|330|875|83|125|0|0|0|0|487|36|00:59:49|Wahoo ELEMNT ROAM|https://www.strava.com/activities/4144343907
02.10.2020|68,8|01:57:13|495|0|0|0|0||0|0|352|868|92|144|0|0|0|0|1,200|29|02:13:17|Wahoo ELEMNT ROAM|https://www.strava.com/activities/4140798951
01.10.2020|52,31|01:41:15|658|0|0|0|0||0|0|310|871|88|128|0|0|0|0|936|27|01:50:51|Wahoo ELEMNT ROAM|https://www.strava.com/activities/4136395436
30.11.2020|107,08|03:12:44|142|0|0|0|0||0|0|333|522|98|166|0|0|0|0|2,523|0|03:16:22|Wahoo ELEMNT ROAM|https://www.strava.com/activities/4411506083
27.11.2020|8,99|00:45:01|0|0|0|0|0||0|0|0|0|0|0|0|0|0|0|||00:00:00|Garmin fēnix 3|https://www.strava.com/activities/4396400348
25.11.2020|8,93|00:45:21|0|0|0|0|0||0|0|0|0|0|0|0|0|0|0|||00:00:00|Garmin fēnix 3|https://www.strava.com/activities/4387820698
23.11.2020|99,9|03:07:54|138|0|0|0|0||0|0|319|511|97|182|0|0|0|0|2,560|6|03:14:27|Wahoo ELEMNT ROAM|https://www.strava.com/activities/4379172768
23.11.2020|6,87|00:34:16|0|0|0|0|0||0|0|0|0|0|0|0|0|0|0|||00:00:00|Garmin fēnix 3|https://www.strava.com/activities/4378391537
20.11.2020|6,02|00:30:05|0|0|0|0|0||0|0|0|0|0|0|0|0|0|0|||00:00:00|Garmin fēnix 3|https://www.strava.com/activities/4365100979
17.11.2020|5,66|00:30:00|0|0|0|0|0||0|0|0|0|0|0|0|0|0|0|||00:00:00|Garmin fēnix 3|https://www.strava.com/activities/4349943561
16.11.2020|45,39|01:27:05|78|0|0|0|0||0|0|313|475|98|160|0|0|0|0|1,035|9|01:31:18|Wahoo ELEMNT ROAM|https://www.strava.com/activities/4345569751
12.11.2020|5,55|00:30:14|0|0|0|0|0||0|0|0|0|0|0|0|0|0|0|||00:00:00|Garmin fēnix 3|https://www.strava.com/activities/4326393788
08.11.2020|6|00:30:52|0|0|0|0|0||0|0|0|0|0|0|0|0|0|0|||00:00:00|Garmin fēnix 3|https://www.strava.com/activities/4305628953
07.11.2020|44,91|02:11:57|77|0|0|0|0||0|0|204|439|0|0|0|0|0|0||15|05:02:20|Wahoo ELEMNT ROAM|https://www.strava.com/activities/4302193173
05.11.2020|4,63|00:23:17|0|0|0|0|0||0|0|0|0|0|0|0|0|0|0|||00:00:00|Garmin fēnix 3|https://www.strava.com/activities/4289956475
28.11.2020|88,13|02:52:17|155|0|0|0|0||0|0|307|482|90|157|0|0|0|0|1,402|4|03:23:02|Wahoo ELEMNT ROAM|https://www.strava.com/activities/4401208832
26.11.2020|104,67|03:05:14|173|0|0|0|0||0|0|339|518|99|180|0|0|0|0|2,283|7|03:14:13|Wahoo ELEMNT ROAM|https://www.strava.com/activities/4392773684
24.11.2020|94,15|02:59:56|140|0|0|0|0||0|0|314|475|89|159|0|0|0|0|1,759|8|03:03:46|Wahoo ELEMNT ROAM|https://www.strava.com/activities/4383796975
21.11.2020|64,05|02:05:07|106|0|0|0|0||0|0|307|515|92|162|0|0|0|0||7|02:30:18|Wahoo ELEMNT ROAM|https://www.strava.com/activities/4368234199
18.11.2020|60,27|01:57:11|185|0|0|0|0||0|0|309|526|94|157|0|0|0|0|1,339|13|02:00:49|Wahoo ELEMNT ROAM|https://www.strava.com/activities/4355658922
31.12.2020|30,14|00:57:24|501|0|0|0|0||0|0|315|814|62|81|0|0|0|0|680||00:59:21|Zwift|https://www.strava.com/activities/4545372742
31.12.2020|10,1|00:17:21|24|0|0|0|0||0|0|349|619|66|69|0|0|0|0|167||00:22:12|Zwift|https://www.strava.com/activities/4544898466
29.12.2020|136,69|04:06:12|189|0|0|0|0||0|0|333|544|95|189|0|0|0|0|2,849|2|04:22:55|Wahoo ELEMNT ROAM|https://www.strava.com/activities/4534721729
24.12.2020|41,57|01:22:01|85|0|0|0|0||0|0|304|432|94|200|0|0|0|0|158|3|01:23:11|Wahoo ELEMNT ROAM|https://www.strava.com/activities/4512000676
23.12.2020|100,83|03:20:19|1,948|0|0|0|0||0|0|302|868|91|178|0|0|0|0|1,312|13|03:23:51|Wahoo ELEMNT ROAM|https://www.strava.com/activities/4507677332
22.12.2020|177,58|05:57:51|3,471|0|0|0|0||0|0|298|688|87|200|0|0|0|0|3,334|14|06:37:34|Wahoo ELEMNT ROAM|https://www.strava.com/activities/4504274988
18.12.2020|44,8|01:38:13|589|0|0|0|0||0|0|274|634|90|150|0|0|0|0|189|17|02:18:56|Wahoo ELEMNT ROAM|https://www.strava.com/activities/4486534946
17.12.2020|155,43|05:00:01|3,361|0|0|0|0||0|0|311|814|89|200|0|0|0|0|2,732|12|05:38:11|Wahoo ELEMNT ROAM|https://www.strava.com/activities/4483284021
13.12.2020|166,22|05:07:34|2,847|0|0|0|0||0|0|324|684|89|183|0|0|0|0|2,662|17|05:55:01|Wahoo ELEMNT ROAM|https://www.strava.com/activities/4467604312
10.12.2020|31,62|01:02:38|457|0|0|0|0||0|0|303|630|96|167|0|0|0|0|378|12|01:02:38|Wahoo ELEMNT ROAM|https://www.strava.com/activities/4453391713
05.12.2020|6,71|00:32:40|0|0|0|0|0||0|0|0|0|0|0|0|0|0|0|||00:00:00|Garmin fēnix 3|https://www.strava.com/activities/4431109394
04.12.2020|98,46|03:05:26|254|0|0|0|0||0|0|319|608|90|136|0|0|0|0|2,108|4|03:23:23|Wahoo ELEMNT ROAM|https://www.strava.com/activities/4428315208
02.12.2020|94,44|03:00:11|441|0|0|0|0||0|0|314|504|92|200|0|0|0|0|1,993|4|03:16:52|Wahoo ELEMNT ROAM|https://www.strava.com/activities/4420181749
02.12.2020|6,65|00:33:45|0|0|0|0|0||0|0|0|0|0|0|0|0|0|0|||00:00:00|Garmin fēnix 3|https://www.strava.com/activities/4419315294
30.12.2020|99,11|02:59:55|135|0|0|0|0||0|0|331|562|93|200|0|0|0|0|1,832|3|03:08:47|Wahoo ELEMNT ROAM|https://www.strava.com/activities/4538940543
28.12.2020|90,92|02:44:47|133|0|0|0|0||0|0|331|565|94|200|0|0|0|0|2,153|2|02:48:19|Wahoo ELEMNT ROAM|https://www.strava.com/activities/4528621025
26.12.2020|94,36|03:02:33|254|0|0|0|0||0|0|310|522|92|200|0|0|0|0|1,002|2|03:08:25|Wahoo ELEMNT ROAM|https://www.strava.com/activities/4519205280
20.12.2020|167,6|05:16:29|3,008|0|0|0|0||0|0|318|752|87|200|0|0|0|0|2,955|14|06:04:24|Wahoo ELEMNT ROAM|https://www.strava.com/activities/4496459869
19.12.2020|134,51|04:19:40|2,152|0|0|0|0||0|0|311|698|87|200|0|0|0|0|2,134|15|05:02:43|Wahoo ELEMNT ROAM|https://www.strava.com/activities/4491195021
16.12.2020|141,55|04:27:14|2,304|0|0|0|0||0|0|318|727|87|200|0|0|0|0|1,869|14|04:58:23|Wahoo ELEMNT ROAM|https://www.strava.com/activities/4479268811
15.12.2020|47,86|01:26:14|594|0|0|0|0||0|0|333|752|93|126|0|0|0|0|931|16|01:27:42|Wahoo ELEMNT ROAM|https://www.strava.com/activities/4475448682
15.12.2020|86,68|02:45:20|1,686|0|0|0|0||0|0|315|734|89|200|0|0|0|0|1,594|16|03:04:42|Wahoo ELEMNT ROAM|https://www.strava.com/activities/4474694184
14.12.2020|31,47|01:09:07|394|0|0|0|0||0|0|273|504|83|200|0|0|0|0|158|14|02:31:17|Wahoo ELEMNT ROAM|https://www.strava.com/activities/4470984488
12.12.2020|138,36|04:05:49|1,924|0|0|0|0||0|0|338|778|88|200|0|0|0|0|2,417|17|04:55:22|Wahoo ELEMNT ROAM|https://www.strava.com/activities/4462341314
11.12.2020|117,62|03:51:31|2,145|0|0|0|0||0|0|305|742|83|200|0|0|0|0|1,988|16|04:05:05|Wahoo ELEMNT ROAM|https://www.strava.com/activities/4458016086
09.12.2020|119,89|03:44:48|2,043|0|0|0|0||0|0|320|828|89|173|0|0|0|0|1,903|13|03:56:15|Wahoo ELEMNT ROAM|https://www.strava.com/activities/4449891278
08.12.2020|108,23|03:41:19|1,829|0|0|0|0||0|0|293|799|90|200|0|0|0|0|1,751|12|03:53:40|Wahoo ELEMNT ROAM|https://www.strava.com/activities/4445512623
06.12.2020|93,68|03:00:27|104|0|0|0|0||0|0|312|500|90|159|0|0|0|0|1,517|-1|03:13:17|Wahoo ELEMNT ROAM|https://www.strava.com/activities/4436516216
05.12.2020|100,73|03:00:34|196|0|0|0|0||0|0|335|626|97|191|0|0|0|0|2,138|2|03:09:41|Wahoo ELEMNT ROAM|https://www.strava.com/activities/4432074671
01.12.2020|101,96|03:10:06|199|0|0|0|0||0|0|322|500|85|200|0|0|0|0|2,176|7|03:12:35|Wahoo ELEMNT ROAM|https://www.strava.com/activities/4416177070
loaded urls in 14:32:17.8846884
