date|distance|mov_time|elevation|relativeEffort|avg_power_weig|work_total|training_load|intensity|estAvgPower|energyOutput|avg_speed|max_speed|avg_cadence|max_cadence|avg_heartRate|max_heartRate|avg_power|max_power|avg_calories|avg_temperature|avg_elap_time|bicycle_model|url
1/29/2019|92.91|03:11:45|750|0|0|0|0||0|0|29.1|69.8|78|123|0|0|0|0|2,729|2|03:53:12|Sigma Rox 12.0|https://www.strava.com/activities/2111167600
1/27/2019|127.92|04:33:25|1169|0|0|0|0||0|0|28.1|67.3|75|182|0|0|0|0|4,291|5|05:23:23|Sigma Rox 12.0|https://www.strava.com/activities/2107244464
1/26/2019|137.59|04:23:38|1402|0|0|0|0||0|0|31.3|68|74|124|0|0|0|0|4,225|3|04:28:41|Sigma Rox 12.0|https://www.strava.com/activities/2104521589
1/24/2019|131.09|04:51:54|1799|0|0|0|0||0|0|26.9|67.7|74|124|0|0|0|0|4,628|-3|05:42:24|Sigma Rox 12.0|https://www.strava.com/activities/2100644536
1/23/2019|126.27|04:24:48|1335|0|0|0|0||0|0|28.6|78.5|79|122|0|0|0|0|4,022|-2|05:19:33|Sigma Rox 12.0|https://www.strava.com/activities/2098548013
1/22/2019|86.89|03:10:50|1155|0|0|0|0||0|0|27.3|67.7|78|111|0|0|0|0|2,955|-1|03:43:58|Sigma Rox 12.0|https://www.strava.com/activities/2096989937
1/20/2019|154.74|05:17:27|1528|0|0|0|0||0|0|29.2|63.7|79|115|0|0|0|0|4,770|0|05:31:28|Sigma Rox 12.0|https://www.strava.com/activities/2092531728
1/19/2019|133.29|04:54:25|2066|0|0|0|0||0|0|27.2|66.6|79|119|0|0|0|0|4,693|0|05:15:44|Sigma Rox 12.0|https://www.strava.com/activities/2089783543
1/18/2019|10.81|00:51:53|0|0|0|0|0||0|0|0|0|0|0|0|0|0|0|||00:00:00|Garmin vívoactive HR|https://www.strava.com/activities/2086508635
1/17/2019|59.62|02:02:07|570|0|0|0|0||0|0|29.3|65.5|81|125|0|0|0|0|1,845|4|02:04:52|Sigma Rox 12.0|https://www.strava.com/activities/2085407442
1/16/2019|57.05|02:00:48|913|0|0|0|0||0|0|28.3|72.7|85|119|0|0|0|0|2,024|3|02:02:11|Sigma Rox 12.0|https://www.strava.com/activities/2085403775
1/15/2019|8.64|00:46:38|0|0|0|0|0||0|0|0|0|0|0|0|0|0|0|||00:00:00|Garmin vívoactive HR|https://www.strava.com/activities/2080780157
1/13/2019|67.64|02:32:19|577|0|0|0|0||0|0|26.6|66.2|78|115|0|0|0|0|2,251|6|02:43:12|Sigma Rox 12.0|https://www.strava.com/activities/2076886022
1/1/2019|129.44|04:27:04|1401|0|295|3671|0||0|0|29.1|69.8|81|143|0|0|229|1452|4,094|12|04:45:41|Sigma Rox 12.0|https://www.strava.com/activities/2048658886
2/28/2019|90.01|02:59:20|827|0|287|2697|0||0|0|30.1|87.1|80|111|0|0|251|1544|3,219|7|03:41:11|Sigma Rox 12.0|https://www.strava.com/activities/2181196975
2/27/2019|38.54|01:32:38|328|0|216|914|0||0|0|25|58.7|77|117|0|0|165|1117|1,392|16|02:39:02|Sigma Rox 12.0|https://www.strava.com/activities/2179618566
2/25/2019|27.69|00:58:06|70|0|237|722|0||0|0|28.6|45.7|81|152|0|0|207|1356|846|12|02:22:03|Sigma Rox 12.0|https://www.strava.com/activities/2174061547
2/24/2019|243.94|07:45:20|2309|0|0|0|0||0|0|31.5|82.8|79|120|0|0|0|0|8,840|13|08:52:20|Sigma Rox 12.0|https://www.strava.com/activities/2172959743
2/23/2019|189.19|05:44:37|1614|0|0|0|0||0|0|32.9|74.2|79|120|0|0|0|0|6,673|21|06:28:33|Sigma Rox 12.0|https://www.strava.com/activities/2169718450
2/22/2019|154.17|05:06:13|2700|0|0|0|0||0|0|30.2|73.1|73|118|0|0|0|0|4,770|16|06:44:19|Sigma Rox 12.0|https://www.strava.com/activities/2167245262
2/20/2019|172.24|05:31:56|2229|0|0|0|0||0|0|31.1|78.5|79|134|0|0|0|0|4,672|13|06:19:38|Sigma Rox 12.0|https://www.strava.com/activities/2162755195
2/19/2019|156.97|05:04:15|2444|0|0|0|0||0|0|31|81.7|81|129|0|0|0|0|4,880|14|06:08:17|Sigma Rox 12.0|https://www.strava.com/activities/2160364624
2/18/2019|110.8|03:09:23|686|0|0|0|0||0|0|35.1|73.1|90|155|0|0|0|0|2,755|16|03:57:50|Sigma Rox 12.0|https://www.strava.com/activities/2158760532
2/16/2019|110.19|03:35:10|1252|0|0|0|0||0|0|30.7|78.5|79|125|0|0|0|0|3,533|11|04:35:07|Sigma Rox 12.0|https://www.strava.com/activities/2153562282
2/15/2019|131.55|04:34:39|1660|0|278|3722|0||0|0|28.7|88.9|79|135|0|0|226|1572|4,150|13|05:31:12|Sigma Rox 12.0|https://www.strava.com/activities/2150843012
2/14/2019|120.81|04:21:18|746|0|204|2876|0||0|0|27.7|68|77|121|0|0|183|1639|3,207|11|04:31:19|Sigma Rox 12.0|https://www.strava.com/activities/2149603389
2/11/2019|138.42|04:34:58|1142|0|0|0|0||0|0|30.2|73.1|77|161|0|0|0|0|4,076|5|05:04:39|Sigma Rox 12.0|https://www.strava.com/activities/2139230512
2/10/2019|64.06|02:09:57|815|0|0|0|0||0|0|29.6|78.8|79|134|0|0|0|0|2,139|8|02:52:49|Sigma Rox 12.0|https://www.strava.com/activities/2136770443
2/9/2019|58.08|02:02:55|413|0|0|0|0||0|0|28.4|66.6|77|108|0|0|0|0|2,111|5|02:08:32|Sigma Rox 12.0|https://www.strava.com/activities/2134035853
2/7/2019|47.36|01:34:03|437|0|0|0|0||0|0|30.2|61.2|97|120|0|0|0|0|1,287|4|01:35:27|Sigma Rox 12.0|https://www.strava.com/activities/2131096571
2/6/2019|132.03|03:54:03|1187|0|290|3155|0||0|0|33.8|70.6|84|122|0|0|225|1007|3,517|3|04:08:27|Sigma Rox 12.0|https://www.strava.com/activities/2128952146
2/6/2019|20.03|00:41:14|186|0|243|522|0||0|0|29.1|64.8|84|107|0|0|211|1075|582|4|00:42:27|Sigma Rox 12.0|https://www.strava.com/activities/2128951683
2/5/2019|99.02|03:08:29|1280|0|0|0|0||0|0|31.5|80.3|84|120|0|0|0|0|2,982|4|03:32:19|Sigma Rox 12.0|https://www.strava.com/activities/2126562663
3/31/2019|172.46|04:05:18|1291|0|0|0|0||0|0|42.2|75.2|89|153|0|0|0|0|5,772|13|04:05:18|Sigma Rox 12.0|https://www.strava.com/activities/2256153994
3/30/2019|60.68|02:06:59|246|0|224|1317|0||0|0|28.7|56.5|87|147|0|0|173|1538|1,946|17|03:29:24|Sigma Rox 12.0|https://www.strava.com/activities/2251719719
3/29/2019|45.23|01:43:32|114|0|129|528|0||0|0|26.2|52.9|87|155|0|0|85|734|1,405|18|04:11:13|Sigma Rox 12.0|https://www.strava.com/activities/2249428542
3/28/2019|155.12|05:25:02|1293|0|234|3883|0||0|0|28.6|72|82|160|0|0|199|1576|5,532|11|05:48:34|Sigma Rox 12.0|https://www.strava.com/activities/2247144827
3/27/2019|132|04:32:27|1499|0|0|0|0||0|0|29.1|65.5|81|172|0|0|0|0|5,043|11|05:31:40|Sigma Rox 12.0|https://www.strava.com/activities/2244617844
3/26/2019|30.61|01:06:51|75|0|202|765|0||0|0|27.5|50.4|84|146|0|0|191|1308|939|11|01:44:11|Sigma Rox 12.0|https://www.strava.com/activities/2242933272
3/24/2019|98.98|02:16:18|522|0|0|0|0||0|0|43.6|64.1|90|118|0|0|0|0|3,099|13|02:16:18|Sigma Rox 12.0|https://www.strava.com/activities/2238147935
3/23/2019|159.44|05:15:08|1879|0|305|4736|0||0|0|30.4|97.6|81|121|0|0|250|1260|6,017|16|06:21:27|Sigma Rox 12.0|https://www.strava.com/activities/2234648381
3/22/2019|108.46|03:39:26|1263|0|244|2846|0||0|0|29.7|78.1|78|156|0|0|216|1517|4,102|15|04:16:01|Sigma Rox 12.0|https://www.strava.com/activities/2232066177
3/21/2019|33.73|01:18:47|360|0|257|957|0||0|0|25.7|52.9|80|113|0|0|203|1391|1,282|15|01:47:29|Sigma Rox 12.0|https://www.strava.com/activities/2229733345
3/20/2019|96.24|03:24:41|1444|0|299|2904|0||0|0|28.2|88.6|77|127|0|0|236|1296|3,953|10|03:46:38|Sigma Rox 12.0|https://www.strava.com/activities/2227435994
3/19/2019|58.04|02:04:49|648|0|282|1739|0||0|0|27.9|63|98|134|0|0|232|1336|2,201|10|02:43:28|Sigma Rox 12.0|https://www.strava.com/activities/2224789903
3/18/2019|41.34|01:24:47|439|0|268|1266|0||0|0|29.3|60.5|81|144|0|0|249|1661|1,552|8|02:08:31|Sigma Rox 12.0|https://www.strava.com/activities/2222458955
3/17/2019|136.43|04:31:36|1287|0|302|4080|0||0|0|30.1|80.3|78|114|0|0|250|1391|4,928|8|05:18:56|Sigma Rox 12.0|https://www.strava.com/activities/2219788234
3/16/2019|100.1|03:17:35|1420|0|338|3433|0||0|0|30.4|68|79|113|0|0|290|1235|3,988|8|03:57:23|Sigma Rox 12.0|https://www.strava.com/activities/2217660137
3/12/2019|45.05|01:41:28|743|0|0|0|0||190|1154|26.6|77|0|0|0|0|0|0|1,920|8|01:48:42|Sigma Rox 12.0|https://www.strava.com/activities/2208597972
3/10/2019|181.43|04:25:11|2233|0|321|4308|0||0|0|41.1|96.8|86|137|0|0|271|1268|6,770|22|04:25:11|Sigma Rox 12.0|https://www.strava.com/activities/2204463288
3/9/2019|156.07|03:53:59|2319|0|355|4264|0||0|0|40|91.8|88|163|0|0|304|1177|6,151|19|03:53:59|Sigma Rox 12.0|https://www.strava.com/activities/2201710283
3/8/2019|149.09|03:32:15|1862|0|0|0|0||0|0|42.1|78.8|88|138|0|0|0|0|5,577|20|03:32:15|Sigma Rox 12.0|https://www.strava.com/activities/2199279658
3/7/2019|36.24|01:14:09|217|0|228|763|0||0|0|29.3|58.3|95|133|0|0|171|1408|1,214|20|01:23:38|Sigma Rox 12.0|https://www.strava.com/activities/2196766051
3/6/2019|57.36|01:14:22|211|0|405|1708|0||0|0|46.3|60.8|92|127|0|0|383|1551|1,727|15|01:14:22|Sigma Rox 12.0|https://www.strava.com/activities/2195245286
3/6/2019|21.03|00:53:08|187|0|172|437|0||0|0|23.8|50.4|78|125|0|0|137|1273|791|18|01:14:38|Sigma Rox 12.0|https://www.strava.com/activities/2194627810
3/5/2019|147.33|04:48:34|1793|0|255|3611|0||0|0|30.6|73.4|79|142|0|0|209|1282|5,690|16|06:03:07|Sigma Rox 12.0|https://www.strava.com/activities/2192913117
3/4/2019|114.77|04:03:47|1487|0|247|2708|0||0|0|28.2|69.1|76|118|0|0|185|1408|4,584|17|04:47:43|Sigma Rox 12.0|https://www.strava.com/activities/2190570589
3/3/2019|189.12|04:21:22|1305|0|0|0|0||0|0|43.4|82.1|88|156|0|0|0|0|6,207|17|04:22:49|Sigma Rox 12.0|https://www.strava.com/activities/2188609174
3/2/2019|42.64|01:15:25|253|0|0|0|0||0|0|33.9|61.9|88|128|0|0|0|0|1,399|14|01:19:35|Sigma Rox 12.0|https://www.strava.com/activities/2185521643
4/28/2019|130.64|04:20:25|1234|0|0|0|0||0|0|30.1|75.2|80|132|0|0|0|0|4,760|7|04:47:59|Sigma Rox 12.0|https://www.strava.com/activities/2325319910
4/26/2019|129.47|03:54:57|756|0|0|0|0||0|0|33.1|84.2|83|166|0|0|0|0|4,294|10|04:05:22|Sigma Rox 12.0|https://www.strava.com/activities/2320966481
4/25/2019|152.13|05:17:44|1904|0|0|0|0||0|0|28.7|77.4|79|128|0|0|0|0|5,944|17|06:02:06|Sigma Rox 12.0|https://www.strava.com/activities/2317948129
4/24/2019|123.96|04:18:41|1956|0|0|0|0||0|0|28.8|86.8|79|140|0|0|0|0|5,132|24|05:10:16|Sigma Rox 12.0|https://www.strava.com/activities/2315692857
4/22/2019|122.9|04:07:17|911|0|0|0|0||0|0|29.8|78.1|83|123|0|0|0|0|4,234|22|05:14:40|Sigma Rox 12.0|https://www.strava.com/activities/2310102070
4/21/2019|103.58|03:58:06|1479|0|0|0|0||0|0|26.1|88.2|77|132|0|0|0|0|4,240|24|04:57:48|Sigma Rox 12.0|https://www.strava.com/activities/2307716147
4/18/2019|105.03|03:33:12|1599|0|0|0|0||0|0|29.6|95|81|137|0|0|0|0|4,288|20|04:35:46|Sigma Rox 12.0|https://www.strava.com/activities/2299643120
4/15/2019|42.42|01:37:27|792|0|0|0|0||0|0|26.1|82.8|78|112|0|0|0|0|1,914|17|01:49:10|Sigma Rox 12.0|https://www.strava.com/activities/2291835857
4/13/2019|166.6|04:11:33|1977|0|0|0|0||0|0|39.7|98.6|88|207|0|0|0|0|6,184|10|04:11:33|Sigma Rox 12.0|https://www.strava.com/activities/2287095520
4/12/2019|47.67|01:36:24|54|0|0|0|0||0|0|29.7|57.2|91|161|0|0|0|0|1,400|9|03:01:16|Sigma Rox 12.0|https://www.strava.com/activities/2284053461
4/11/2019|74.62|02:41:21|676|0|0|0|0||0|0|27.8|65.9|79|174|0|0|0|0|2,725|12|03:26:54|Sigma Rox 12.0|https://www.strava.com/activities/2282805597
4/10/2019|100.71|03:40:26|556|0|0|0|0||0|0|27.4|60.5|81|149|0|0|0|0|3,391|13|04:35:43|Sigma Rox 12.0|https://www.strava.com/activities/2279580118
4/8/2019|36.4|01:27:28|300|0|191|914|0||0|0|25|46.8|76|148|0|0|174|1250|1,308|17|01:59:50|Sigma Rox 12.0|https://www.strava.com/activities/2274646331
4/7/2019|147.2|03:34:31|1982|0|0|0|0||0|0|41.2|88.9|87|129|0|0|0|0|5,572|19|03:34:31|Sigma Rox 12.0|https://www.strava.com/activities/2272808182
4/6/2019|23.14|00:56:51|366|0|234|677|0||0|0|24.4|69.8|77|126|0|0|199|1511|996|16|01:20:58|Sigma Rox 12.0|https://www.strava.com/activities/2269498576
4/4/2019|44.71|01:31:01|619|0|0|0|0||0|0|29.5|65.2|87|125|0|0|0|0|1,811|9|01:45:12|Sigma Rox 12.0|https://www.strava.com/activities/2265058787
4/2/2019|49.5|01:54:17|756|0|0|0|0||0|0|26|84.2|78|134|0|0|0|0|2,061|17|02:21:07|Sigma Rox 12.0|https://www.strava.com/activities/2259938187
4/1/2019|36.26|01:21:36|460|0|221|983|0||0|0|26.7|87.5|81|124|0|0|201|915|1,423|15|02:32:24|Sigma Rox 12.0|https://www.strava.com/activities/2257021053
5/31/2019|107.69|02:59:59|436|0|0|0|0||0|0|35.9|74.5|93|151|0|0|0|0|3,341|23|03:26:49|Sigma Rox 12.0|https://www.strava.com/activities/2411623035
5/30/2019|101.98|03:18:12|772|0|0|0|0||0|0|30.9|83.2|79|118|0|0|0|0|3,501|15|04:27:10|Sigma Rox 12.0|https://www.strava.com/activities/2409703259
5/29/2019|98.49|03:33:28|1496|0|0|0|0||0|0|27.7|69.5|77|134|0|0|0|0|4,119|14|04:25:19|Sigma Rox 12.0|https://www.strava.com/activities/2407120465
5/27/2019|47.78|01:37:41|666|0|0|0|0||0|0|29.4|71.3|82|119|0|0|0|0|1,936|16|01:47:46|Sigma Rox 12.0|https://www.strava.com/activities/2401672695
5/26/2019|106.18|02:52:25|2107|0|390|3608|0||0|0|37|78.8|87|125|0|0|349|1278|4,631|21|02:52:25|Sigma Rox 12.0|https://www.strava.com/activities/2399187039
5/26/2019|25.17|00:45:13|154|0|205|489|0||0|0|33.4|72.4|88|117|0|0|180|830|827|18|01:07:33|Sigma Rox 12.0|https://www.strava.com/activities/2399186170
5/25/2019|24.84|00:55:02|439|0|255|761|0||0|0|27.1|78.1|89|121|0|0|231|1004|1,097|12|00:55:02|Sigma Rox 12.0|https://www.strava.com/activities/2396764050
5/25/2019|10.54|00:24:36|556|0|0|0|0||0|0|25.7|72.7|85|106|0|0|0|0|762|13|00:26:37|Sigma Rox 12.0|https://www.strava.com/activities/2396763968
5/24/2019|134.63|03:02:44|714|0|0|0|0||0|0|44.2|74.9|86|122|0|0|0|0|4,177|22|03:03:26|Sigma Rox 12.0|https://www.strava.com/activities/2393524599
5/23/2019|11.99|00:22:01|22|0|150|173|0||0|0|32.7|47.5|88|113|0|0|131|449|356|15|00:22:01|Sigma Rox 12.0|https://www.strava.com/activities/2391474894
5/23/2019|122.28|02:42:36|360|0|351|3025|0||0|0|45.1|66.6|89|125|0|0|310|1397|3,603|18|02:42:36|Sigma Rox 12.0|https://www.strava.com/activities/2391475360
5/23/2019|33.27|01:08:09|72|0|211|760|0||0|0|29.3|50.8|79|126|0|0|186|681|1,017|13|01:42:20|Sigma Rox 12.0|https://www.strava.com/activities/2390352970
5/22/2019|169.26|03:36:10|838|0|300|3264|0||0|0|47|69.5|91|171|0|0|252|1281|3,640|13|03:36:58|Sigma Rox 12.0|https://www.strava.com/activities/2388214076
5/22/2019|14.06|00:30:18|29|0|167|268|0||0|0|27.8|49.7|93|131|0|0|147|1402|429|12|00:56:27|Sigma Rox 12.0|https://www.strava.com/activities/2388213415
5/21/2019|32.32|01:12:06|77|0|0|0|0||0|0|26.9|55.4|84|126|0|0|0|0|986|15|03:16:52|Sigma Rox 12.0|https://www.strava.com/activities/2385904981
5/19/2019|177.14|04:45:45|2282|0|0|0|0||0|0|37.2|81|86|121|0|0|0|0|6,724|23|06:09:34|Sigma Rox 12.0|https://www.strava.com/activities/2380892331
5/18/2019|63.24|02:06:06|527|0|0|0|0||0|0|30.1|59|82|116|0|0|0|0|2,242|20|03:53:52|Sigma Rox 12.0|https://www.strava.com/activities/2377314924
5/17/2019|131.95|04:26:41|2064|0|311|4018|0||0|0|29.7|87.1|81|137|0|0|251|1305|5,458|15|05:14:34|Sigma Rox 12.0|https://www.strava.com/activities/2374703866
5/16/2019|108.65|03:31:08|1355|0|0|0|0||0|0|30.9|80.6|82|160|0|0|0|0|4,182|14|04:30:18|Sigma Rox 12.0|https://www.strava.com/activities/2373117545
5/15/2019|77.18|02:50:52|1434|0|267|2418|0||0|0|27.1|91.1|77|125|0|0|236|991|3,417|15|03:30:55|Sigma Rox 12.0|https://www.strava.com/activities/2369892132
5/12/2019|149.07|03:46:02|2209|0|0|0|0||0|0|39.6|79.9|85|131|0|0|0|0|5,871|7|03:46:26|Sigma Rox 12.0|https://www.strava.com/activities/2362199832
5/12/2019|20.61|00:31:27|331|0|359|612|0||0|0|39.3|72.7|91|115|0|0|324|1169|824|5|00:31:27|Sigma Rox 12.0|https://www.strava.com/activities/2362199104
5/11/2019|33.28|01:12:28|383|0|269|987|0||0|0|27.6|61.2|84|126|0|0|227|1507|1,288|12|01:58:02|Sigma Rox 12.0|https://www.strava.com/activities/2359641466
5/10/2019|114.87|03:51:46|1307|0|245|2998|0||0|0|29.7|85.3|79|114|0|0|216|1242|3,343|16|04:25:33|Sigma Rox 12.0|https://www.strava.com/activities/2357096368
5/9/2019|75.88|02:21:58|427|0|338|2569|0||0|0|32.1|63|85|114|0|0|302|1345|2,865|10|03:13:17|Sigma Rox 12.0|https://www.strava.com/activities/2354799550
5/6/2019|25.85|00:56:51|152|0|0|0|0||0|0|27.3|52.6|81|109|0|0|0|0|878|8|01:52:44|Sigma Rox 12.0|https://www.strava.com/activities/2346412830
5/6/2019|23.99|01:00:33|193|0|0|0|0||0|0|23.8|51.8|78|130|0|0|0|0|861|7|02:20:27|Sigma Rox 12.0|https://www.strava.com/activities/2346412985
5/5/2019|184.91|04:08:17|1519|0|0|0|0||0|0|44.7|81.7|87|169|0|0|0|0|6,213|12|04:08:37|Sigma Rox 12.0|https://www.strava.com/activities/2344335720
5/4/2019|179.79|04:14:36|1025|0|0|0|0||0|0|42.4|74.9|90|172|0|0|0|0|5,699|8|04:15:01|Sigma Rox 12.0|https://www.strava.com/activities/2341370105
5/3/2019|41.48|01:29:53|330|0|0|0|0||0|0|27.7|58.7|82|199|0|0|0|0|1,475|16|02:58:30|Sigma Rox 12.0|https://www.strava.com/activities/2338806860
5/2/2019|38.66|01:34:30|379|0|0|0|0||0|0|24.5|52.6|75|137|0|0|0|0|1,456|14|02:26:30|Sigma Rox 12.0|https://www.strava.com/activities/2335781453
5/1/2019|117.71|02:46:12|1592|0|0|0|0||0|0|42.5|95|90|149|0|0|0|0|4,413|18|02:46:12|Sigma Rox 12.0|https://www.strava.com/activities/2333782281
6/30/2019|178.52|04:33:55|3011|0|0|0|0||0|0|39.1|99.4|87|145|0|0|0|0|7,364|36|04:33:55|Sigma Rox 12.0|https://www.strava.com/activities/2492574678
6/29/2019|50.17|01:47:51|520|0|0|0|0||0|0|27.9|73.4|85|122|0|0|0|0|1,892|31|02:46:11|Sigma Rox 12.0|https://www.strava.com/activities/2490160144
6/28/2019|30.52|01:06:46|86|0|0|0|0||0|0|27.4|56.2|87|118|0|0|0|0|956|21|01:27:27|Sigma Rox 12.0|https://www.strava.com/activities/2487940780
6/28/2019|33.67|00:41:43|163|0|0|0|0||0|0|48.4|67|94|112|0|0|0|0|1,042|22|00:41:43|Sigma Rox 12.0|https://www.strava.com/activities/2487940766
6/28/2019|45.17|01:24:39|55|0|0|0|0||0|0|32|52.6|90|133|0|0|0|0|1,318|21|01:47:46|Sigma Rox 12.0|https://www.strava.com/activities/2486948252
6/27/2019|18.44|00:38:19|50|0|0|0|0||0|0|28.9|53.6|97|119|0|0|0|0|570|20|00:39:03|Sigma Rox 12.0|https://www.strava.com/activities/2485709890
6/26/2019|36.97|01:18:56|385|0|0|0|0||0|0|28.1|61.9|85|168|0|0|0|0|1,398|33|01:31:18|Sigma Rox 12.0|https://www.strava.com/activities/2482895087
6/25/2019|110.03|03:22:00|332|0|290|2932|0||0|0|32.7|56.5|84|118|0|0|242|1074|3,362|35|04:28:52|Sigma Rox 12.0|https://www.strava.com/activities/2479611146
6/24/2019|32.88|01:14:18|303|0|0|0|0||0|0|26.6|51.8|82|113|0|0|0|0|1,209|30|02:09:35|Sigma Rox 12.0|https://www.strava.com/activities/2477432358
6/23/2019|67.31|02:12:50|633|0|0|0|0||0|0|30.4|65.9|85|120|0|0|0|0|2,434|21|03:08:27|Sigma Rox 12.0|https://www.strava.com/activities/2474080254
6/22/2019|56.72|01:49:02|533|0|0|0|0||0|0|31.2|75.6|83|121|0|0|0|0|2,054|21|02:42:55|Sigma Rox 12.0|https://www.strava.com/activities/2470675411
6/20/2019|65.67|01:59:48|193|0|0|0|0||0|0|32.9|55.8|84|112|0|0|0|0|2,009|21|03:44:28|Sigma Rox 12.0|https://www.strava.com/activities/2465963454
6/19/2019|48.92|01:34:42|85|0|0|0|0||0|0|31|47.9|89|111|0|0|0|0|1,456|29|01:36:56|Sigma Rox 12.0|https://www.strava.com/activities/2463232512
6/17/2019|36.36|01:22:10|462|0|0|0|0||0|0|26.6|78.8|79|108|0|0|0|0|1,431|26|02:30:31|Sigma Rox 12.0|https://www.strava.com/activities/2457605115
6/16/2019|143.58|03:45:22|2160|0|0|0|0||0|0|38.2|78.8|85|192|0|0|0|0|5,714|21|03:45:22|Sigma Rox 12.0|https://www.strava.com/activities/2455784827
6/15/2019|164.86|03:58:59|1928|0|0|0|0||0|0|41.4|84.2|87|134|0|0|0|0|6,029|24|03:59:30|Sigma Rox 12.0|https://www.strava.com/activities/2452169153
6/14/2019|48.35|01:49:02|781|0|0|0|0||0|0|26.6|68.8|84|133|0|0|0|0|2,069|25|01:51:01|Sigma Rox 12.0|https://www.strava.com/activities/2452168873
6/13/2019|42.6|01:33:45|667|0|0|0|0||0|0|27.3|71.3|79|113|0|0|0|0|1,790|15|01:46:09|Sigma Rox 12.0|https://www.strava.com/activities/2446199982
6/12/2019|90.8|03:15:45|1570|0|0|0|0||0|0|27.8|80.6|77|140|0|0|0|0|3,942|17|03:42:12|Sigma Rox 12.0|https://www.strava.com/activities/2444451709
6/10/2019|50.77|02:00:53|585|0|0|0|0||0|0|25.2|70.6|75|130|0|0|0|0|1,976|17|02:24:20|Sigma Rox 12.0|https://www.strava.com/activities/2438788544
6/9/2019|173.61|04:18:55|2877|0|0|0|0||0|0|40.2|80.3|85|129|0|0|0|0|7,048|19|04:19:27|Sigma Rox 12.0|https://www.strava.com/activities/2436535634
6/8/2019|176.66|04:30:27|3044|0|0|0|0||0|0|39.2|90|84|144|0|0|0|0|7,341|15|04:30:54|Sigma Rox 12.0|https://www.strava.com/activities/2433835109
6/7/2019|163.53|03:59:56|2006|0|0|0|0||0|0|40.9|85|86|137|0|0|0|0|6,085|21|04:00:30|Sigma Rox 12.0|https://www.strava.com/activities/2431449440
6/6/2019|189.09|04:47:37|2846|0|0|0|0||0|0|39.4|88.2|84|131|0|0|0|0|7,479|12|04:48:36|Sigma Rox 12.0|https://www.strava.com/activities/2428640556
6/5/2019|13.27|00:29:12|201|0|0|0|0||0|0|27.3|64.8|85|115|0|0|0|0|559|20|00:31:32|Sigma Rox 12.0|https://www.strava.com/activities/2426684352
6/5/2019|2|00:03:24|56|0|0|0|0||0|0|35.4|61.2|89|116|0|0|0|0|101|23|00:03:24|Sigma Rox 12.0|https://www.strava.com/activities/2426684305
6/5/2019|33.2|01:19:22|599|0|0|0|0||0|0|25.1|88.6|76|117|0|0|0|0|1,483|21|02:06:24|Sigma Rox 12.0|https://www.strava.com/activities/2425137629
6/3/2019|31.42|01:14:17|266|0|0|0|0||0|0|25.4|55.4|80|115|0|0|0|0|1,141|31|02:12:22|Sigma Rox 12.0|https://www.strava.com/activities/2421043567
6/2/2019|207.81|04:59:39|2352|0|0|0|0||0|0|41.6|94.3|88|131|0|0|0|0|7,545|30|04:59:39|Sigma Rox 12.0|https://www.strava.com/activities/2418069310
6/1/2019|45|01:32:00|125|0|0|0|0||0|0|29.3|60.1|91|120|0|0|0|0|1,378|26|02:02:37|Sigma Rox 12.0|https://www.strava.com/activities/2414241758
7/31/2019|14.24|00:28:36|20|0|0|0|0||0|0|29.9|51.1|84|104|0|0|0|0|430|19|00:28:55|Sigma Rox 12.0|https://www.strava.com/activities/2579594698
7/31/2019|4.25|00:05:18|7|0|0|0|0||0|0|48.2|55.8|96|112|0|0|0|0|120|22|00:05:18|Sigma Rox 12.0|https://www.strava.com/activities/2579589932
7/31/2019|18.79|00:37:34|35|0|0|0|0||0|0|30|42.5|86|112|0|0|0|0|571|25|00:37:34|Sigma Rox 12.0|https://www.strava.com/activities/2579590123
7/30/2019|54.07|01:58:56|750|0|229|1335|0||0|0|27.3|72|78|104|0|0|187|1002|2,185|27|02:26:45|Sigma Rox 12.0|https://www.strava.com/activities/2576126988
7/29/2019|33.62|01:15:22|635|0|0|0|0||0|0|26.8|70.6|80|113|0|0|0|0|1,474|20|01:30:28|Sigma Rox 12.0|https://www.strava.com/activities/2572820782
7/28/2019|105.6|02:46:31|472|0|0|0|0||0|0|38.1|97.9|87|137|0|0|0|0|3,248|13|02:47:45|Sigma Rox 12.0|https://www.strava.com/activities/2570314889
7/27/2019|54.28|01:55:00|845|0|0|0|0||0|0|28.3|80.3|85|136|0|0|0|0|2,278|23|03:05:43|Sigma Rox 12.0|https://www.strava.com/activities/2567856099
7/26/2019|67.19|02:14:47|501|0|0|0|0||0|0|29.9|70.9|81|134|0|0|0|0|2,336|32|03:11:08|Sigma Rox 12.0|https://www.strava.com/activities/2564327919
7/24/2019|122.97|04:15:42|1527|0|0|0|0||0|0|28.9|84.6|81|130|0|0|0|0|4,803|29|05:35:04|Sigma Rox 12.0|https://www.strava.com/activities/2558949858
7/23/2019|79.81|02:51:10|1236|0|0|0|0||0|0|28|90|81|125|0|0|0|0|3,347|32|03:42:55|Sigma Rox 12.0|https://www.strava.com/activities/2556874136
7/20/2019|190.63|06:44:38|3954|0|0|0|0||0|0|28.3|89.3|75|140|0|0|0|0|8,896|21|08:35:13|Sigma Rox 12.0|https://www.strava.com/activities/2548378967
7/19/2019|141.58|05:47:28|3752|0|307|5286|0||0|0|24.4|83.5|73|135|0|0|254|1193|7,471|22|07:37:26|Sigma Rox 12.0|https://www.strava.com/activities/2545610454
7/18/2019|139.33|05:14:41|3575|0|318|5286|0||0|0|26.6|145.4|76|122|0|0|280|1269|7,054|18|06:57:00|Sigma Rox 12.0|https://www.strava.com/activities/2542802353
7/16/2019|169.95|06:39:34|4555|0|315|6486|0||0|0|25.5|95|73|137|0|0|271|1762|8,870|23|07:32:34|Sigma Rox 12.0|https://www.strava.com/activities/2537181612
7/15/2019|30.85|01:20:54|1011|0|0|0|0||0|0|22.9|84.2|77|124|0|0|0|0|1,804|16|01:31:31|Sigma Rox 12.0|https://www.strava.com/activities/2534103672
7/15/2019|91.42|03:02:40|1790|0|0|0|0||0|0|30|107.6|80|121|0|0|0|0|4,128|18|03:53:06|Sigma Rox 12.0|https://www.strava.com/activities/2534104093
7/14/2019|108.62|04:01:46|2794|0|0|0|0||0|0|27|97.2|78|122|0|0|0|0|5,535|19|05:07:52|Sigma Rox 12.0|https://www.strava.com/activities/2531376069
7/12/2019|120.66|04:34:51|2735|0|0|0|0||0|0|26.3|92.9|78|141|0|0|0|0|5,857|18|05:17:40|Sigma Rox 12.0|https://www.strava.com/activities/2525656547
7/11/2019|77.37|03:10:29|2264|0|0|0|0||0|0|24.4|89.3|77|123|0|0|0|0|4,224|20|03:46:42|Sigma Rox 12.0|https://www.strava.com/activities/2522995801
7/10/2019|74.69|02:44:16|1231|0|0|0|0||0|0|27.3|122|82|130|0|0|0|0|3,126|21|03:21:39|Sigma Rox 12.0|https://www.strava.com/activities/2520197014
7/9/2019|50.08|01:57:10|979|0|0|0|0||0|0|25.6|83.2|83|122|0|0|0|0|2,324|21|02:36:05|Sigma Rox 12.0|https://www.strava.com/activities/2517144308
7/8/2019|29.66|00:58:31|223|0|0|0|0||0|0|30.4|59|92|136|0|0|0|0|1,030|18|01:24:50|Sigma Rox 12.0|https://www.strava.com/activities/2514590994
7/5/2019|46.85|01:30:16|421|0|0|0|0||0|0|31.1|57.2|83|108|0|0|0|0|1,682|27|02:09:43|Sigma Rox 12.0|https://www.strava.com/activities/2508406430
8/31/2019|187.84|04:29:18|1732|0|0|0|0||0|0|41.9|90|83|135|0|0|0|0|6,508|32|04:29:18|Sigma Rox 12.0|https://www.strava.com/activities/2668443096
8/30/2019|198.94|04:37:16|2287|0|0|0|0||0|0|43.1|91.4|84|166|0|0|0|0|7,217|25|04:37:16|Sigma Rox 12.0|https://www.strava.com/activities/2665015744
8/29/2019|165.61|03:49:45|1397|0|0|0|0||0|0|43.2|95.4|86|158|0|0|0|0|5,619|26|03:49:45|Sigma Rox 12.0|https://www.strava.com/activities/2662144515
8/28/2019|29.99|01:00:45|93|0|0|0|0||0|0|29.6|59|81|127|0|0|0|0|927|32|01:21:00|Sigma Rox 12.0|https://www.strava.com/activities/2660167865
8/27/2019|53.03|01:51:55|352|0|214|1309|0||0|0|28.4|65.2|81|132|0|0|195|1312|1,820|32|02:19:04|Sigma Rox 12.0|https://www.strava.com/activities/2656004974
8/26/2019|47.93|01:41:51|517|0|0|0|0||0|0|28.2|67.3|80|117|0|0|0|0|1,809|25|01:52:27|Sigma Rox 12.0|https://www.strava.com/activities/2654045393
8/22/2019|3.74|00:05:57|80|0|0|0|0||0|0|37.7|67.7|83|109|0|0|0|0|170|25|00:07:11|Sigma Rox 12.0|https://www.strava.com/activities/2654045123
8/21/2019|25.38|01:05:39|622|0|0|0|0||0|0|23.2|74.5|75|119|0|0|0|0|1,294|20|02:11:31|Sigma Rox 12.0|https://www.strava.com/activities/2638623062
8/20/2019|123.41|02:55:51|465|0|0|0|0||0|0|42.1|75.2|89|132|0|0|0|0|3,718|9|02:55:51|Sigma Rox 12.0|https://www.strava.com/activities/2635268980
8/19/2019|160.52|04:06:28|2384|0|0|0|0||0|0|39.1|82.4|88|140|0|0|0|0|6,374|15|04:07:13|Sigma Rox 12.0|https://www.strava.com/activities/2632782195
8/18/2019|7.22|00:20:20|97|0|0|0|0||0|0|21.3|48.2|77|123|0|0|0|0|311|32|00:26:04|Sigma Rox 12.0|https://www.strava.com/activities/2630229858
8/18/2019|159.42|03:56:46|2075|0|0|0|0||0|0|40.4|83.9|87|161|0|0|0|0|6,025|28|03:56:46|Sigma Rox 12.0|https://www.strava.com/activities/2630230744
8/17/2019|163.54|04:02:41|2485|0|360|4408|0||0|0|40.4|85.3|86|147|0|0|303|1330|6,479|29|04:02:41|Sigma Rox 12.0|https://www.strava.com/activities/2627033283
8/16/2019|13.23|00:28:19|193|0|214|301|0||0|0|28|69.8|83|130|0|0|177|1181|541|28|00:29:37|Sigma Rox 12.0|https://www.strava.com/activities/2625720002
8/16/2019|32.4|00:39:33|312|0|0|0|0||0|0|49.2|83.2|98|134|0|0|0|0|1,108|25|00:39:33|Sigma Rox 12.0|https://www.strava.com/activities/2625720367
8/15/2019|21.87|00:43:47|310|0|0|0|0||0|0|30|63.7|79|119|0|0|0|0|887|19|00:44:02|Sigma Rox 12.0|https://www.strava.com/activities/2625720456
8/15/2019|129.97|02:59:50|1110|0|343|3163|0||0|0|43.4|79.6|87|125|0|0|293|1381|4,441|23|02:59:50|Sigma Rox 12.0|https://www.strava.com/activities/2621448985
8/14/2019|26.7|01:00:19|268|0|249|625|0||0|0|26.6|56.9|83|122|0|0|173|1392|1,006|28|02:28:03|Sigma Rox 12.0|https://www.strava.com/activities/2618352629
8/13/2019|97.38|03:24:49|1519|0|293|2900|0||0|0|28.5|79.2|80|123|0|0|236|1535|4,061|19|04:19:30|Sigma Rox 12.0|https://www.strava.com/activities/2615509149
8/11/2019|133.78|04:34:44|1958|0|281|3852|0||0|0|29.2|75.2|77|112|0|0|234|998|5,441|25|05:32:19|Sigma Rox 12.0|https://www.strava.com/activities/2610261255
8/10/2019|103.22|03:34:42|1616|0|305|3031|0||0|0|28.8|70.6|79|117|0|0|235|1382|4,323|23|04:32:00|Sigma Rox 12.0|https://www.strava.com/activities/2610260895
8/9/2019|93.64|03:26:25|1382|0|259|2551|0||0|0|27.2|79.2|78|119|0|0|206|1211|3,887|25|04:31:43|Sigma Rox 12.0|https://www.strava.com/activities/2604558287
8/8/2019|80.7|02:57:24|1184|0|0|0|0||0|0|27.3|75.2|80|128|0|0|0|0|3,338|22|03:35:55|Sigma Rox 12.0|https://www.strava.com/activities/2601429503
8/6/2019|41.05|01:19:35|526|0|0|0|0||0|0|31|81|82|126|0|0|0|0|1,589|21|01:21:16|Sigma Rox 12.0|https://www.strava.com/activities/2596057291
8/4/2019|143.91|03:13:34|1154|0|0|0|0||0|0|44.6|77|88|193|0|0|0|0|4,851|30|03:13:34|Sigma Rox 12.0|https://www.strava.com/activities/2590842526
8/3/2019|160.93|04:36:15|4003|0|0|0|0||0|0|35|85|86|192|0|0|0|0|7,686|23|04:38:36|Sigma Rox 12.0|https://www.strava.com/activities/2587378197
8/2/2019|14.68|00:23:53|33|0|0|0|0||0|0|36.9|87.8|82|129|0|0|0|0|428|22|00:27:56|Sigma Rox 12.0|https://www.strava.com/activities/2584486012
8/2/2019|143.99|03:37:21|2315|0|0|0|0||0|0|39.7|84.2|87|182|0|0|0|0|5,863|27|03:37:21|Sigma Rox 12.0|https://www.strava.com/activities/2584486708
8/1/2019|153.76|03:19:31|167|0|299|3240|0||0|0|46.2|62.3|90|132|0|0|271|1363|4,301|28|03:19:31|Sigma Rox 12.0|https://www.strava.com/activities/2581583354
9/27/2019|172.66|03:56:45|502|0|372|4781|0||0|0|43.8|78.1|87|177|0|0|337|1851|5,081|10|03:56:45|Sigma Rox 12.0|https://www.strava.com/activities/2745691252
9/26/2019|38.22|01:26:58|733|0|0|0|0||0|0|26.4|74.9|84|121|0|0|0|0|1,728|15|01:30:09|Sigma Rox 12.0|https://www.strava.com/activities/2741107760
9/25/2019|85.31|03:00:07|1534|0|268|2404|0||0|0|28.4|70.9|82|131|0|0|222|1207|3,772|14|03:13:29|Sigma Rox 12.0|https://www.strava.com/activities/2738611666
9/23/2019|44.77|01:41:06|348|0|204|1079|0||0|0|26.6|65.9|86|114|0|0|178|1235|1,584|16|02:26:06|Sigma Rox 12.0|https://www.strava.com/activities/2733163709
9/22/2019|138.11|03:35:11|2397|0|0|0|0||0|0|38.5|91.4|88|128|0|0|0|0|5,766|24|03:36:28|Sigma Rox 12.0|https://www.strava.com/activities/2731193326
9/21/2019|41.61|01:19:57|563|0|0|0|0||0|0|31.2|72|71|104|0|0|0|0|1,652|23|01:45:11|Sigma Rox 12.0|https://www.strava.com/activities/2728584561
9/19/2019|130.7|02:52:56|185|0|361|3348|0||0|0|45.3|59|87|129|0|0|323|1521|3,699|17|02:52:56|Sigma Rox 12.0|https://www.strava.com/activities/2722706500
9/19/2019|26.71|00:53:52|87|0|0|0|0||0|0|29.8|46.4|81|108|0|0|0|0|828|16|01:04:12|Sigma Rox 12.0|https://www.strava.com/activities/2722706125
9/18/2019|35.15|01:11:18|69|0|0|0|0||0|0|29.6|42.5|92|118|0|0|0|0|1,067|14|01:14:30|Sigma Rox 12.0|https://www.strava.com/activities/2720525942
9/18/2019|8.61|00:23:49|168|0|0|0|0||0|0|21.7|42.5|79|122|0|0|0|0|403|13|00:46:03|Sigma Rox 12.0|https://www.strava.com/activities/2720525819
9/16/2019|146.11|04:41:46|1686|0|0|0|0||0|0|31.1|73.8|86|143|0|0|0|0|5,545|22|05:40:53|Sigma Rox 12.0|https://www.strava.com/activities/2713808355
9/15/2019|130.51|03:15:56|2056|0|384|3851|0||0|0|40|78.1|86|146|0|0|328|1853|5,237|23|03:15:56|Sigma Rox 12.0|https://www.strava.com/activities/2711371730
9/14/2019|29.32|01:00:17|432|0|298|735|0||0|0|29.2|61.6|79|116|0|0|203|1300|1,206|17|01:14:54|Sigma Rox 12.0|https://www.strava.com/activities/2708721021
9/13/2019|32.24|01:26:14|325|0|100|107|0||0|0|22.4|51.8|93|114|0|0|21|818|1,243|21|02:22:22|Sigma Rox 12.0|https://www.strava.com/activities/2705202851
9/12/2019|146.57|04:56:23|2081|0|0|0|0||0|0|29.7|86|82|118|0|0|0|0|5,922|20|05:51:27|Sigma Rox 12.0|https://www.strava.com/activities/2702815635
9/11/2019|126.84|04:10:48|1697|0|0|0|0||0|0|30.3|76.7|80|119|0|0|0|0|5,016|20|04:49:05|Sigma Rox 12.0|https://www.strava.com/activities/2699134243
9/10/2019|108.74|04:07:50|2034|0|269|3186|0||0|0|26.3|68|79|142|0|0|214|1495|4,894|16|04:48:57|Sigma Rox 12.0|https://www.strava.com/activities/2696500889
9/9/2019|26.34|00:57:09|346|0|0|0|0||0|0|27.7|65.9|81|122|0|0|0|0|1,062|12|01:24:18|Sigma Rox 12.0|https://www.strava.com/activities/2694119239
9/8/2019|46.86|00:52:26|36|0|435|1333|0||0|0|53.6|58.7|95|120|0|0|424|1168|1,308|18|00:52:26|Sigma Rox 12.0|https://www.strava.com/activities/2691043801
9/8/2019|20.91|00:43:32|53|0|0|0|0||0|0|28.8|40|89|117|0|0|0|0|650|16|01:01:24|Sigma Rox 12.0|https://www.strava.com/activities/2691043716
9/7/2019|35.65|00:56:58|37|0|0|0|0||0|0|37.6|61.6|84|111|0|0|0|0|1,013|18|01:00:09|Sigma Rox 12.0|https://www.strava.com/activities/2687782543
9/6/2019|60.73|02:04:23|630|0|0|0|0||0|0|29.3|56.5|84|118|0|0|0|0|2,272|11|02:04:23|Sigma Rox 12.0|https://www.strava.com/activities/2684174388
9/4/2019|58.49|02:01:57|648|0|0|0|0||0|0|28.8|68.8|86|143|0|0|0|0|2,230|24|02:14:47|Sigma Rox 12.0|https://www.strava.com/activities/2679155557
9/2/2019|26.99|00:55:22|265|0|0|0|0||0|0|29.2|88.9|82|111|0|0|0|0|995|20|01:08:35|Sigma Rox 12.0|https://www.strava.com/activities/2679155448
9/1/2019|157.58|03:51:45|2218|0|0|0|0||0|0|40.8|82.1|84|138|0|0|0|0|6,092|21|03:51:45|Sigma Rox 12.0|https://www.strava.com/activities/2670898368
10/30/2019|96.69|03:28:26|713|0|0|0|0||0|0|27.8|72.4|81|125|0|0|0|0|3,418|6|04:09:29|Sigma Rox 12.0|https://www.strava.com/activities/2828947326
10/29/2019|66.63|02:21:00|608|0|0|0|0||0|0|28.4|69.5|82|141|0|0|0|0|2,437|7|02:37:49|Sigma Rox 12.0|https://www.strava.com/activities/2826497223
10/27/2019|37.43|01:18:18|294|0|0|0|0||0|0|28.7|58|84|120|0|0|0|0|1,327|16|02:27:04|Sigma Rox 12.0|https://www.strava.com/activities/2821783053
10/26/2019|113.97|03:50:38|315|0|0|0|0||0|0|29.7|50.8|80|119|0|0|0|0|3,537|12|04:45:31|Sigma Rox 12.0|https://www.strava.com/activities/2818323997
10/24/2019|160.72|05:38:43|1073|0|0|0|0||0|0|28.5|74.2|80|129|0|0|0|0|5,554|13|08:57:13|Sigma Rox 12.0|https://www.strava.com/activities/2813668023
10/23/2019|111.89|04:01:24|1061|0|0|0|0||0|0|27.8|70.6|79|122|0|0|0|0|4,157|12|04:46:39|Sigma Rox 12.0|https://www.strava.com/activities/2811378103
10/22/2019|81.6|03:00:13|841|0|0|0|0||0|0|27.2|73.4|80|122|0|0|0|0|3,093|15|03:31:31|Sigma Rox 12.0|https://www.strava.com/activities/2809186976
10/20/2019|75.54|02:52:09|804|0|227|1930|0||0|0|26.3|86|79|119|0|0|187|1300|2,898|15|03:36:35|Sigma Rox 12.0|https://www.strava.com/activities/2803393089
10/19/2019|102.86|03:40:33|1122|0|249|3029|0||0|0|28|60.8|81|162|0|0|229|1452|3,941|12|04:43:03|Sigma Rox 12.0|https://www.strava.com/activities/2800677519
10/17/2019|51.19|01:52:57|434|0|0|0|0||0|0|27.2|61.6|82|112|0|0|0|0|1,844|13|02:46:22|Sigma Rox 12.0|https://www.strava.com/activities/2800677117
10/15/2019|45.56|01:40:59|507|0|0|0|0||0|0|27.1|63.7|82|121|0|0|0|0|1,730|16|02:20:52|Sigma Rox 12.0|https://www.strava.com/activities/2791032795
10/13/2019|37.56|01:16:01|270|0|0|0|0||0|0|29.7|52.2|89|127|0|0|0|0|1,303|23|02:05:43|Sigma Rox 12.0|https://www.strava.com/activities/2785952014
10/12/2019|127.73|04:24:16|1107|0|233|3220|0||0|0|29|63|84|146|0|0|203|1261|4,580|19|05:36:40|Sigma Rox 12.0|https://www.strava.com/activities/2785952536
10/5/2019|79.79|02:58:02|1302|0|0|0|0||0|0|26.9|70.9|79|134|0|0|0|0|3,435|9|04:02:19|Sigma Rox 12.0|https://www.strava.com/activities/2765212585
10/2/2019|53.11|01:42:15|406|0|0|0|0||0|0|31.2|70.6|81|117|0|0|0|0|1,836|9|01:47:28|Sigma Rox 12.0|https://www.strava.com/activities/2759069319
11/30/2019|105.76|03:04:58|377|0|0|0|0||0|0|34.3|53.3|93|126|0|0|0|0||2|04:20:36|Sigma Rox 12.0|https://www.strava.com/activities/2901884097
11/28/2019|191.39|06:52:49|1152|0|0|0|0||0|0|27.8|72|82|134|0|0|0|0||8|08:11:14|Sigma Rox 12.0|https://www.strava.com/activities/2897938613
11/27/2019|90.38|03:18:47|1244|0|0|0|0||0|0|27.3|70.9|73|115|0|0|0|0||6|03:55:03|Sigma Rox 12.0|https://www.strava.com/activities/2895344706
11/25/2019|139.75|04:51:12|422|0|0|0|0||0|0|28.8|56.5|88|153|0|0|0|0||3|05:09:45|Sigma Rox 12.0|https://www.strava.com/activities/2890825861
11/24/2019|102.58|03:46:16|1177|0|0|0|0||0|0|27.2|70.9|82|150|0|0|0|0||5|04:51:20|Sigma Rox 12.0|https://www.strava.com/activities/2888477824
11/22/2019|134.27|04:35:26|914|0|0|0|0||0|0|29.2|63.7|86|139|0|0|0|0||2|05:23:37|Sigma Rox 12.0|https://www.strava.com/activities/2883491192
11/21/2019|53.62|02:05:21|711|0|0|0|0||0|0|25.7|63|93|135|0|0|0|0||0|02:29:01|Sigma Rox 12.0|https://www.strava.com/activities/2880818353
11/20/2019|54.2|01:46:53|176|0|0|0|0||167|1074|30.4|47.2|0|0|0|0|0|0|1,197|1|02:06:51|Sigma Rox 12.0|https://www.strava.com/activities/2879106469
11/20/2019|80.43|02:35:34|235|0|259|2295|0||0|0|31|53.6|91|122|0|0|246|1012|2,559|3|02:49:24|Sigma Rox 12.0|https://www.strava.com/activities/2879106885
11/19/2019|82.42|02:58:56|1025|0|0|0|0||0|0|27.6|79.6|82|135|0|0|0|0|2,872|4|03:06:27|Sigma Rox 12.0|https://www.strava.com/activities/2876494363
11/17/2019|97.22|03:48:17|1392|0|228|2891|0||0|0|25.6|77.4|86|128|0|0|211|1128|3,224|3|03:58:09|Sigma Rox 12.0|https://www.strava.com/activities/2871987870
11/16/2019|96.53|03:25:44|1356|0|267|3110|0||0|0|28.2|74.2|96|129|0|0|252|1264|3,467|3|04:00:46|Sigma Rox 12.0|https://www.strava.com/activities/2869330327
11/15/2019|124.62|04:36:54|1538|0|0|0|0||0|0|27|79.6|92|143|0|0|0|0|4,024|3|05:29:33|Sigma Rox 12.0|https://www.strava.com/activities/2866737628
11/13/2019|130.08|04:28:44|429|0|0|0|0||0|0|29|59|96|135|0|0|0|0|3,921|3|06:12:34|Sigma Rox 12.0|https://www.strava.com/activities/2862218250
11/12/2019|87.81|03:06:38|484|0|0|0|0||0|0|28.2|65.9|95|128|0|0|0|0|3,149|5|03:54:43|Sigma Rox 12.0|https://www.strava.com/activities/2860602524
11/10/2019|105.03|03:39:03|609|0|0|0|0||0|0|28.8|60.8|98|142|0|0|0|0|3,554|0|04:34:21|Sigma Rox 12.0|https://www.strava.com/activities/2855293210
11/9/2019|87.61|02:54:06|549|0|241|2361|0||0|0|30.2|65.5|89|121|0|0|226|1353|2,969|5|03:11:07|Sigma Rox 12.0|https://www.strava.com/activities/2852440857
11/5/2019|48.38|01:46:51|356|0|0|0|0||0|0|27.2|72|83|120|0|0|0|0|1,708|7|01:52:55|Sigma Rox 12.0|https://www.strava.com/activities/2843643548
11/3/2019|62.31|02:23:08|734|0|0|0|0||0|0|26.1|80.6|83|125|0|0|0|0|2,450|12|03:03:31|Sigma Rox 12.0|https://www.strava.com/activities/2843643653
12/31/2019|112.84|03:53:30|1595|0|0|0|0||0|0|29|64.8|82|114|0|0|0|0||8|04:43:35|Garmin Edge 1030|https://www.strava.com/activities/2970575332
12/30/2019|44.15|01:48:32|299|0|0|0|0||0|0|24.4|57.2|84|121|0|0|0|0||9|02:49:31|Garmin Edge 1030|https://www.strava.com/activities/2967730409
12/29/2019|119.26|04:03:28|1547|0|0|0|0||0|0|29.4|68.4|84|121|0|0|0|0||8|05:13:42|Garmin Edge 1030|https://www.strava.com/activities/2965541560
12/28/2019|115.25|03:50:23|1470|0|0|0|0||0|0|30|76.3|84|122|0|0|0|0||9|04:03:44|Garmin Edge 1030|https://www.strava.com/activities/2962617209
12/26/2019|70.4|02:23:25|1208|0|0|0|0||0|0|29.5|62.3|81|129|0|0|0|0|2,321|1|02:27:29|Garmin Edge 1030|https://www.strava.com/activities/2957211109
12/23/2019|148.36|05:02:12|367|0|0|0|0||0|0|29.5|57.2|81|109|0|0|0|0|3,720|4|05:24:31|Garmin Edge 1030|https://www.strava.com/activities/2951550110
12/21/2019|95.91|03:18:01|1507|0|0|0|0||0|0|29.1|70.6|83|115|0|0|0|0|4,046|4|04:18:44|Sigma Rox 12.0|https://www.strava.com/activities/2947193974
12/19/2019|129.76|04:25:03|2098|0|0|0|0||0|0|29.4|67.3|77|115|0|0|0|0||10|04:42:02|Garmin Edge 1030|https://www.strava.com/activities/2943132499
12/18/2019|206.28|05:48:51|1527|0|0|0|0||0|0|35.5|68|86|118|0|0|0|0||11|07:01:14|Garmin Edge 1030|https://www.strava.com/activities/2941299283
12/17/2019|167.75|05:07:37|1924|0|0|0|0||0|0|32.7|83.5|84|129|0|0|0|0||10|05:23:23|Garmin Edge 1030|https://www.strava.com/activities/2938912165
12/16/2019|35.72|01:14:11|308|0|0|0|0||0|0|28.9|53.6|85|116|0|0|0|0||6|01:29:37|Garmin Edge 1030|https://www.strava.com/activities/2936850490
12/15/2019|153.82|04:55:32|2059|0|0|0|0||0|0|31.2|76.7|83|124|0|0|0|0||11|05:19:30|Garmin Edge 1030|https://www.strava.com/activities/2934704960
12/14/2019|122.29|03:50:22|1388|0|0|0|0||0|0|31.9|79.9|88|152|0|0|0|0||12|04:07:45|Sigma Rox 12.0|https://www.strava.com/activities/2932267038
12/13/2019|96.13|03:13:54|1344|0|0|0|0||0|0|29.7|62.3|86|126|0|0|0|0||13|03:20:52|Sigma Rox 12.0|https://www.strava.com/activities/2930204796
12/10/2019|112.42|04:01:05|962|0|0|0|0||0|0|28|65.2|89|130|0|0|0|0||3|04:22:30|Sigma Rox 12.0|https://www.strava.com/activities/2924076384
12/8/2019|50.99|02:01:10|602|0|0|0|0||0|0|25.3|68.4|83|130|0|0|0|0||7|02:10:37|Sigma Rox 12.0|https://www.strava.com/activities/2919203950
12/5/2019|82.5|02:48:34|459|0|0|0|0||0|0|29.4|56.2|89|132|0|0|0|0||-2|03:22:29|Sigma Rox 12.0|https://www.strava.com/activities/2913288585
12/4/2019|150.74|05:24:22|962|0|0|0|0||0|0|27.9|73.8|82|120|0|0|0|0||2|07:06:30|Sigma Rox 12.0|https://www.strava.com/activities/2911003085
12/2/2019|132.59|04:29:38|742|0|0|0|0||0|0|29.5|64.8|93|134|0|0|0|0||0|05:12:59|Sigma Rox 12.0|https://www.strava.com/activities/2906976780
12/1/2019|104.84|03:25:56|877|0|0|0|0||0|0|30.5|68.8|93|121|0|0|0|0||0|04:17:45|Sigma Rox 12.0|https://www.strava.com/activities/2904242647
1/31/2020|83.49|02:46:09|523|0|0|0|0||0|0|30.2|62.6|81|124|0|0|0|0||34|03:55:22|Garmin Edge 1030|https://www.strava.com/activities/3058128406
1/30/2020|131.53|03:01:31|1272|0|0|0|0||0|0|43.5|87.5|83|123|0|0|0|0||31|03:01:31|Garmin Edge 1030|https://www.strava.com/activities/3055885538
1/30/2020|41.67|01:18:01|126|0|0|0|0||0|0|32.1|53.6|91|124|0|0|0|0||26|01:19:00|Garmin Edge 1030|https://www.strava.com/activities/3055231922
1/29/2020|68.16|02:12:32|639|0|0|0|0||0|0|30.9|68.4|83|119|0|0|0|0||23|02:45:35|Garmin Edge 1030|https://www.strava.com/activities/3052547776
1/28/2020|67.56|02:13:22|860|0|0|0|0||0|0|30.4|74.9|83|122|0|0|0|0||19|02:40:36|Garmin Edge 1030|https://www.strava.com/activities/3049565395
1/26/2020|52.78|01:33:44|387|0|0|0|0||0|0|33.8|73.1|78|120|0|0|0|0||28|01:46:35|Garmin Edge 1030|https://www.strava.com/activities/3043788040
1/26/2020|153.1|03:27:08|1668|0|0|0|0||0|0|44.3|86.4|88|119|0|0|0|0||23|03:27:08|Garmin Edge 1030|https://www.strava.com/activities/3043787679
1/25/2020|157.21|03:54:52|1679|0|0|0|0||0|0|40.2|87.8|81|128|0|0|0|0||24|03:58:50|Garmin Edge 1030|https://www.strava.com/activities/3040596984
1/24/2020|162|03:51:59|1549|0|0|0|0||0|0|41.9|95|82|137|0|0|0|0||22|03:56:06|Garmin Edge 1030|https://www.strava.com/activities/3038174393
1/23/2020|23.29|00:41:51|108|0|0|0|0||0|0|33.4|63|74|112|0|0|0|0||21|00:43:36|Garmin Edge 1030|https://www.strava.com/activities/3035501919
1/23/2020|136.42|03:32:38|2233|0|0|0|0||0|0|38.5|89.3|81|136|0|0|0|0||16|03:37:14|Garmin Edge 1030|https://www.strava.com/activities/3035501166
1/22/2020|18.62|00:36:25|124|0|0|0|0||0|0|30.7|70.2|74|112|0|0|0|0||17|00:40:20|Garmin Edge 1030|https://www.strava.com/activities/3032686558
1/22/2020|134.84|03:31:16|2056|0|0|0|0||0|0|38.3|83.9|83|128|0|0|0|0||24|03:31:54|Garmin Edge 1030|https://www.strava.com/activities/3032686446
1/21/2020|150.05|03:28:32|1160|0|0|0|0||0|0|43.2|74.5|82|124|0|0|0|0||28|03:29:49|Garmin Edge 1030|https://www.strava.com/activities/3029667606
1/20/2020|28.59|01:10:48|86|0|0|0|0||0|0|24.2|52.6|76|118|0|0|0|0||14|01:37:03|Garmin Edge 1030|https://www.strava.com/activities/3026849648
1/19/2020|48.66|01:04:16|105|0|0|0|0||0|0|45.4|69.1|83|126|0|0|0|0||15|01:04:16|Garmin Edge 1030|https://www.strava.com/activities/3026597322
1/19/2020|20.01|00:34:20|121|0|0|0|0||0|0|35|74.2|79|132|0|0|0|0||15|00:36:06|Garmin Edge 1030|https://www.strava.com/activities/3023481626
1/19/2020|18.54|00:51:57|570|0|0|0|0||0|0|21.4|74.5|80|116|0|0|0|0||16|00:57:43|Garmin Edge 1030|https://www.strava.com/activities/3023433280
1/18/2020|97.39|03:16:03|1525|0|0|0|0||0|0|29.8|73.1|78|119|0|0|0|0||20|03:24:46|Garmin Edge 1030|https://www.strava.com/activities/3020463771
1/17/2020|119.34|03:41:41|1444|0|0|0|0||0|0|32.3|85.3|84|135|0|0|0|0||20|04:25:59|Garmin Edge 1030|https://www.strava.com/activities/3018247834
1/16/2020|44.3|01:36:47|561|0|0|0|0||0|0|27.5|69.1|85|120|0|0|0|0||23|02:20:12|Garmin Edge 1030|https://www.strava.com/activities/3015228965
1/15/2020|103.49|03:29:33|2104|0|0|0|0||0|0|29.6|79.6|80|117|0|0|0|0||27|03:44:18|Garmin Edge 1030|https://www.strava.com/activities/3012312310
1/14/2020|161.09|05:12:28|3010|0|0|0|0||0|0|30.9|82.8|83|137|0|0|0|0||32|06:01:41|Garmin Edge 1030|https://www.strava.com/activities/3009553463
1/13/2020|52.47|01:55:21|1144|0|0|0|0||0|0|27.3|80.3|84|133|0|0|0|0||32|02:32:16|Garmin Edge 1030|https://www.strava.com/activities/3006735766
1/12/2020|111.73|03:47:12|2325|0|0|0|0||0|0|29.5|74.2|83|122|0|0|0|0||26|04:50:47|Garmin Edge 1030|https://www.strava.com/activities/3003373971
1/11/2020|64.6|02:20:39|1268|0|0|0|0||0|0|27.6|65.9|79|119|0|0|0|0||23|03:36:20|Garmin Edge 1030|https://www.strava.com/activities/3000145523
1/7/2020|43.42|01:35:52|255|0|0|0|0||0|0|27.2|64.4|80|128|0|0|0|0||3|02:28:55|Garmin Edge 1030|https://www.strava.com/activities/2989653575
1/6/2020|122.17|04:19:23|1681|0|0|0|0||0|0|28.3|58.7|77|125|0|0|0|0||8|05:16:24|Garmin Edge 1030|https://www.strava.com/activities/2987323548
1/5/2020|133.21|04:57:34|1874|0|0|0|0||0|0|26.9|66.2|79|116|0|0|0|0||9|06:24:29|Garmin Edge 1030|https://www.strava.com/activities/2984727076
1/4/2020|110.45|03:50:09|1541|0|0|0|0||0|0|28.8|64.8|78|113|0|0|0|0||7|04:15:49|Garmin Edge 1030|https://www.strava.com/activities/2981330582
1/3/2020|29.4|01:21:45|421|0|0|0|0||0|0|21.6|59.8|71|107|0|0|0|0||9|02:47:44|Garmin Edge 1030|https://www.strava.com/activities/2978478998
1/2/2020|165.09|05:52:12|1946|0|0|0|0||0|0|28.1|69.1|78|120|0|0|0|0||5|07:08:47|Garmin Edge 1030|https://www.strava.com/activities/2975955053
1/1/2020|128.09|04:40:00|1807|0|0|0|0||0|0|27.4|58.3|78|112|0|0|0|0||5|05:17:35|Garmin Edge 1030|https://www.strava.com/activities/2973134809
1/31/2020|83.49|02:46:09|523|0|0|0|0||0|0|30.2|62.6|81|124|0|0|0|0||34|03:55:22|Garmin Edge 1030|https://www.strava.com/activities/3058128406
1/30/2020|131.53|03:01:31|1272|0|0|0|0||0|0|43.5|87.5|83|123|0|0|0|0||31|03:01:31|Garmin Edge 1030|https://www.strava.com/activities/3055885538
1/30/2020|41.67|01:18:01|126|0|0|0|0||0|0|32.1|53.6|91|124|0|0|0|0||26|01:19:00|Garmin Edge 1030|https://www.strava.com/activities/3055231922
1/29/2020|68.16|02:12:32|639|0|0|0|0||0|0|30.9|68.4|83|119|0|0|0|0||23|02:45:35|Garmin Edge 1030|https://www.strava.com/activities/3052547776
1/28/2020|67.56|02:13:22|860|0|0|0|0||0|0|30.4|74.9|83|122|0|0|0|0||19|02:40:36|Garmin Edge 1030|https://www.strava.com/activities/3049565395
1/26/2020|52.78|01:33:44|387|0|0|0|0||0|0|33.8|73.1|78|120|0|0|0|0||28|01:46:35|Garmin Edge 1030|https://www.strava.com/activities/3043788040
1/26/2020|153.1|03:27:08|1668|0|0|0|0||0|0|44.3|86.4|88|119|0|0|0|0||23|03:27:08|Garmin Edge 1030|https://www.strava.com/activities/3043787679
1/25/2020|157.21|03:54:52|1679|0|0|0|0||0|0|40.2|87.8|81|128|0|0|0|0||24|03:58:50|Garmin Edge 1030|https://www.strava.com/activities/3040596984
1/24/2020|162|03:51:59|1549|0|0|0|0||0|0|41.9|95|82|137|0|0|0|0||22|03:56:06|Garmin Edge 1030|https://www.strava.com/activities/3038174393
1/23/2020|23.29|00:41:51|108|0|0|0|0||0|0|33.4|63|74|112|0|0|0|0||21|00:43:36|Garmin Edge 1030|https://www.strava.com/activities/3035501919
1/23/2020|136.42|03:32:38|2233|0|0|0|0||0|0|38.5|89.3|81|136|0|0|0|0||16|03:37:14|Garmin Edge 1030|https://www.strava.com/activities/3035501166
1/22/2020|18.62|00:36:25|124|0|0|0|0||0|0|30.7|70.2|74|112|0|0|0|0||17|00:40:20|Garmin Edge 1030|https://www.strava.com/activities/3032686558
1/22/2020|134.84|03:31:16|2056|0|0|0|0||0|0|38.3|83.9|83|128|0|0|0|0||24|03:31:54|Garmin Edge 1030|https://www.strava.com/activities/3032686446
1/21/2020|150.05|03:28:32|1160|0|0|0|0||0|0|43.2|74.5|82|124|0|0|0|0||28|03:29:49|Garmin Edge 1030|https://www.strava.com/activities/3029667606
1/20/2020|28.59|01:10:48|86|0|0|0|0||0|0|24.2|52.6|76|118|0|0|0|0||14|01:37:03|Garmin Edge 1030|https://www.strava.com/activities/3026849648
1/19/2020|48.66|01:04:16|105|0|0|0|0||0|0|45.4|69.1|83|126|0|0|0|0||15|01:04:16|Garmin Edge 1030|https://www.strava.com/activities/3026597322
1/19/2020|20.01|00:34:20|121|0|0|0|0||0|0|35|74.2|79|132|0|0|0|0||15|00:36:06|Garmin Edge 1030|https://www.strava.com/activities/3023481626
1/19/2020|18.54|00:51:57|570|0|0|0|0||0|0|21.4|74.5|80|116|0|0|0|0||16|00:57:43|Garmin Edge 1030|https://www.strava.com/activities/3023433280
1/18/2020|97.39|03:16:03|1525|0|0|0|0||0|0|29.8|73.1|78|119|0|0|0|0||20|03:24:46|Garmin Edge 1030|https://www.strava.com/activities/3020463771
1/17/2020|119.34|03:41:41|1444|0|0|0|0||0|0|32.3|85.3|84|135|0|0|0|0||20|04:25:59|Garmin Edge 1030|https://www.strava.com/activities/3018247834
1/16/2020|44.3|01:36:47|561|0|0|0|0||0|0|27.5|69.1|85|120|0|0|0|0||23|02:20:12|Garmin Edge 1030|https://www.strava.com/activities/3015228965
1/15/2020|103.49|03:29:33|2104|0|0|0|0||0|0|29.6|79.6|80|117|0|0|0|0||27|03:44:18|Garmin Edge 1030|https://www.strava.com/activities/3012312310
1/14/2020|161.09|05:12:28|3010|0|0|0|0||0|0|30.9|82.8|83|137|0|0|0|0||32|06:01:41|Garmin Edge 1030|https://www.strava.com/activities/3009553463
1/13/2020|52.47|01:55:21|1144|0|0|0|0||0|0|27.3|80.3|84|133|0|0|0|0||32|02:32:16|Garmin Edge 1030|https://www.strava.com/activities/3006735766
1/12/2020|111.73|03:47:12|2325|0|0|0|0||0|0|29.5|74.2|83|122|0|0|0|0||26|04:50:47|Garmin Edge 1030|https://www.strava.com/activities/3003373971
1/11/2020|64.6|02:20:39|1268|0|0|0|0||0|0|27.6|65.9|79|119|0|0|0|0||23|03:36:20|Garmin Edge 1030|https://www.strava.com/activities/3000145523
1/7/2020|43.42|01:35:52|255|0|0|0|0||0|0|27.2|64.4|80|128|0|0|0|0||3|02:28:55|Garmin Edge 1030|https://www.strava.com/activities/2989653575
1/6/2020|122.17|04:19:23|1681|0|0|0|0||0|0|28.3|58.7|77|125|0|0|0|0||8|05:16:24|Garmin Edge 1030|https://www.strava.com/activities/2987323548
1/5/2020|133.21|04:57:34|1874|0|0|0|0||0|0|26.9|66.2|79|116|0|0|0|0||9|06:24:29|Garmin Edge 1030|https://www.strava.com/activities/2984727076
1/4/2020|110.45|03:50:09|1541|0|0|0|0||0|0|28.8|64.8|78|113|0|0|0|0||7|04:15:49|Garmin Edge 1030|https://www.strava.com/activities/2981330582
1/3/2020|29.4|01:21:45|421|0|0|0|0||0|0|21.6|59.8|71|107|0|0|0|0||9|02:47:44|Garmin Edge 1030|https://www.strava.com/activities/2978478998
1/2/2020|165.09|05:52:12|1946|0|0|0|0||0|0|28.1|69.1|78|120|0|0|0|0||5|07:08:47|Garmin Edge 1030|https://www.strava.com/activities/2975955053
1/1/2020|128.09|04:40:00|1807|0|0|0|0||0|0|27.4|58.3|78|112|0|0|0|0||5|05:17:35|Garmin Edge 1030|https://www.strava.com/activities/2973134809
3/31/2020|74.27|02:43:17|1477|0|0|0|0||0|0|27.3|79.9|76|128|129|174|0|0|2,377|5|03:04:19|Garmin Edge 1030|https://www.strava.com/activities/3238492453
3/30/2020|70.06|02:31:04|1228|0|0|0|0||0|0|27.8|69.5|79|113|125|168|0|0|2,181|3|02:40:30|Garmin Edge 1030|https://www.strava.com/activities/3234537207
3/28/2020|61.26|02:17:22|1014|0|0|0|0||0|0|26.8|68|84|119|122|157|0|0|1,760|13|02:18:12|Garmin Edge 1030|https://www.strava.com/activities/3226959032
3/25/2020|48.01|01:54:21|461|0|0|0|0||0|0|25.2|60.1|80|106|104|137|0|0|1,181|9|02:12:41|Garmin Edge 1030|https://www.strava.com/activities/3216716037
3/22/2020|75.77|02:55:32|1159|0|0|0|0||0|0|25.9|68.4|82|113|0|0|0|0|2,218|5|03:03:36|Garmin Edge 1030|https://www.strava.com/activities/3207906450
3/20/2020|190.43|06:11:39|1620|0|0|0|0||0|0|30.7|72|83|122|0|0|0|0|4,899|14|08:22:47|Garmin Edge 1030|https://www.strava.com/activities/3200561449
3/19/2020|157.48|05:04:06|924|0|0|0|0||0|0|31.1|64.8|86|119|0|0|0|0|3,886|14|06:06:56|Garmin Edge 1030|https://www.strava.com/activities/3197350662
3/18/2020|26.27|01:04:53|159|0|0|0|0||0|0|24.3|49|74|108|0|0|0|0|590|13|02:10:08|Garmin Edge 1030|https://www.strava.com/activities/3194271887
3/17/2020|84.93|02:32:49|520|0|0|0|0||0|0|33.3|69.1|85|111|0|0|0|0|2,158|8|02:39:29|Garmin Edge 1030|https://www.strava.com/activities/3191873659
3/17/2020|98.87|03:30:07|543|0|0|0|0||0|0|28.2|56.2|85|119|0|0|0|0|2,470|8|05:50:56|Garmin Edge 1030|https://www.strava.com/activities/3191849876
3/16/2020|212.51|06:49:06|1388|0|0|0|0||0|0|31.2|65.2|88|119|0|0|0|0|5,387|12|09:26:34|Garmin Edge 1030|https://www.strava.com/activities/3188797634
3/15/2020|33.44|01:22:36|494|0|0|0|0||0|0|24.3|70.9|81|128|0|0|0|0|906|11|01:43:52|Garmin Edge 1030|https://www.strava.com/activities/3185779700
3/14/2020|179.65|05:34:49|1512|0|0|0|0||0|0|32.2|66.6|91|144|0|0|0|0|4,579|6|07:54:30|Garmin Edge 1030|https://www.strava.com/activities/3183025184
3/13/2020|122.81|04:15:59|1070|0|0|0|0||0|0|28.8|63.4|88|123|0|0|0|0|3,226|6|05:21:06|Garmin Edge 1030|https://www.strava.com/activities/3180612457
3/12/2020|87.3|03:06:06|869|0|0|0|0||0|0|28.1|78.1|89|141|0|0|0|0|2,464|8|03:34:18|Garmin Edge 1030|https://www.strava.com/activities/3177514873
3/11/2020|64.14|02:17:32|513|0|0|0|0||0|0|28|61.9|91|124|0|0|0|0|1,709|11|02:42:13|Garmin Edge 1030|https://www.strava.com/activities/3174697594
3/9/2020|54.29|02:01:13|615|0|0|0|0||0|0|26.9|68|91|130|0|0|0|0|1,456|6|02:55:51|Garmin Edge 1030|https://www.strava.com/activities/3168999908
3/8/2020|159.05|05:07:41|1197|0|0|0|0||0|0|31|69.1|89|123|0|0|0|0|4,182|6|06:12:01|Garmin Edge 1030|https://www.strava.com/activities/3165928269
3/8/2020|159.05|05:07:41|1197|0|0|0|0||0|0|31|69.1|89|123|0|0|0|0|4,182|6|06:12:01|Garmin Edge 1030|https://www.strava.com/activities/3162081739
3/4/2020|118.54|04:10:57|382|0|0|0|0||0|0|28.3|48.6|86|120|0|0|0|0||7|05:30:42|Garmin Edge 1030|https://www.strava.com/activities/3153666837
3/3/2020|37.89|01:30:34|730|0|0|0|0||0|0|25.1|68.4|82|117|0|0|0|0||2|01:31:11|Garmin Edge 1030|https://www.strava.com/activities/3150579849
3/2/2020|29.19|01:14:05|246|0|0|0|0||0|0|23.6|62.6|83|116|0|0|0|0||8|02:12:36|Garmin Edge 1030|https://www.strava.com/activities/3150578201
3/1/2020|201.16|04:52:45|1859|0|0|0|0||0|0|41.2|86.8|80|119|0|0|0|0||6|04:53:32|Garmin Edge 1030|https://www.strava.com/activities/3150577301
4/30/2020|90.56|03:06:30|764|0|0|0|0||0|0|29.1|55.8|86|118|0|0|0|0|2,204|7|03:26:26|Garmin Edge 1030|https://www.strava.com/activities/3374120997
4/29/2020|72.11|02:18:39|443|0|0|0|0||0|0|31.2|72.7|81|119|0|0|0|0|1,907|9|02:34:28|Garmin Edge 1030|https://www.strava.com/activities/3371263884
4/28/2020|35.45|01:15:06|224|0|0|0|0||0|0|28.3|55.1|87|124|0|0|0|0|852|6|02:13:23|Garmin Edge 1030|https://www.strava.com/activities/3364472336
4/26/2020|36.66|01:26:23|562|0|0|0|0||0|0|25.5|68.4|78|106|0|0|0|0|1,011|12|01:28:48|Garmin Edge 1030|https://www.strava.com/activities/3354729723
4/25/2020|87.51|03:22:20|1479|0|0|0|0||0|0|26|61.6|78|115|0|0|0|0|2,473|12|03:46:46|Garmin Edge 1030|https://www.strava.com/activities/3350303919
4/24/2020|89.76|03:13:43|1022|0|0|0|0||0|0|27.8|79.2|83|127|0|0|0|0|2,326|20|03:47:50|Garmin Edge 1030|https://www.strava.com/activities/3345591016
4/21/2020|162.56|06:11:20|2786|0|0|0|0||0|0|26.3|70.9|79|118|0|0|0|0|4,701|17|07:33:37|Garmin Edge 1030|https://www.strava.com/activities/3331573619
4/20/2020|96.33|03:26:10|1227|0|0|0|0||0|0|28|77.8|83|111|0|0|0|0|2,587|16|03:47:34|Garmin Edge 1030|https://www.strava.com/activities/3326072725
4/19/2020|36.19|01:18:43|601|0|0|0|0||0|0|27.6|58|91|131|0|0|0|0|1,030|14|01:34:58|Garmin Edge 1030|https://www.strava.com/activities/3322639945
4/18/2020|33.33|01:06:05|354|0|0|0|0||0|0|30.3|64.8|83|114|0|0|0|0|750|21|01:06:22|Garmin Edge 1030|https://www.strava.com/activities/3316736257
4/18/2020|110.09|03:56:10|1621|0|0|0|0||0|0|28|65.2|82|124|0|0|0|0|3,022|19|05:22:02|Garmin Edge 1030|https://www.strava.com/activities/3316733763
4/16/2020|112.13|03:43:42|1552|0|0|0|0||0|0|30.1|72|83|116|0|0|0|0|3,249|21|1.15:33:39|Garmin Edge 1030|https://www.strava.com/activities/3311665312
4/15/2020|130.4|04:27:22|1363|0|0|0|0||0|0|29.3|65.2|85|114|0|0|0|0|3,280|11|05:00:50|Garmin Edge 1030|https://www.strava.com/activities/3302442437
4/14/2020|93.85|03:14:43|881|0|0|0|0||0|0|28.9|60.8|92|124|0|0|0|0|2,489|3|03:20:17|Garmin Edge 1030|https://www.strava.com/activities/3297131026
4/13/2020|97.89|02:58:19|863|0|324|2708|0||0|0|32.9|71.3|84|113|0|0|253|1110|2,705|17|10:02:43|Garmin Edge 1030|https://www.strava.com/activities/3293221543
4/12/2020|62.47|01:59:35|474|0|319|1522|0||0|0|31.3|61.9|85|115|0|0|212|1273|1,517|20|02:01:50|Garmin Edge 1030|https://www.strava.com/activities/3289445529
4/11/2020|140.85|04:32:23|1024|0|174|372|0||0|0|31|73.8|90|109|0|0|23|611|5,879|18|04:55:27|Garmin Edge 1030|https://www.strava.com/activities/3284471628
4/10/2020|70.69|02:18:30|648|0|0|0|0||0|0|30.6|65.9|87|114|130|176|0|0|1,849|10|02:33:42|Garmin Edge 1030|https://www.strava.com/activities/3278607742
4/9/2020|46.57|01:34:59|389|0|0|0|0||0|0|29.4|64.8|87|135|121|174|0|0|1,140|20|01:59:48|Garmin Edge 1030|https://www.strava.com/activities/3275243923
4/8/2020|129.96|04:22:58|699|0|0|0|0||0|0|29.7|59.8|87|116|0|0|0|0|3,109|18|05:09:09|Garmin Edge 1030|https://www.strava.com/activities/3271080286
4/7/2020|116.02|03:36:00|716|0|0|0|0||0|0|32.2|69.8|82|114|128|179|0|0|3,074|19|04:00:35|Garmin Edge 1030|https://www.strava.com/activities/3266626223
4/7/2020|11.3|00:27:24|63|0|0|0|0||0|0|24.8|45.4|0|0|129|150|0|0|272|11|00:39:03|Garmin Edge 1030|https://www.strava.com/activities/3265276832
4/6/2020|7.64|00:29:23|14|0|0|0|0||0|0|15.6|26.3|0|0|0|0|0|0|82|15|00:42:44|Garmin Edge 1030|https://www.strava.com/activities/3261432013
4/5/2020|155.38|05:07:09|1232|0|0|0|0||0|0|30.4|64.1|88|117|124|178|0|0|3,927|14|05:48:42|Garmin Edge 1030|https://www.strava.com/activities/3259214109
4/4/2020|127.7|04:19:01|930|0|0|0|0||0|0|29.6|64.8|89|128|117|173|0|0|3,202|12|05:10:00|Garmin Edge 1030|https://www.strava.com/activities/3254330060
4/4/2020|11.31|00:28:19|65|0|0|0|0||0|0|24|46.1|0|0|126|144|0|0|264|7|00:32:38|Garmin Edge 1030|https://www.strava.com/activities/3252322309
4/3/2020|81.52|02:42:18|590|0|0|0|0||0|0|30.1|61.6|90|118|124|174|0|0|2,133|10|04:20:41|Garmin Edge 1030|https://www.strava.com/activities/3249855028
4/1/2020|96.98|03:28:52|917|0|0|0|0||0|0|27.9|75.6|87|119|117|156|0|0|2,609|6|03:41:31|Garmin Edge 1030|https://www.strava.com/activities/3241938049
5/31/2020|119.28|04:34:06|1880|0|0|0|0||0|0|26.1|70.2|83|118|0|0|0|0|3,262|16|05:06:54|Garmin Edge 1030|https://www.strava.com/activities/3541785011
5/30/2020|89.18|02:49:36|1174|0|0|0|0||0|0|31.6|78.8|83|113|0|0|0|0|2,625|19|03:04:34|Garmin Edge 830|https://www.strava.com/activities/3535315563
5/29/2020|57.75|01:48:18|562|0|0|0|0||0|0|32|75.6|84|116|0|0|0|0|1,515|19|02:28:47|Garmin Edge 830|https://www.strava.com/activities/3530277595
5/28/2020|125.26|04:36:28|1774|0|0|0|0||0|0|27.2|75.2|85|131|0|0|0|0|3,381|17|05:47:19|Garmin Edge 1030|https://www.strava.com/activities/3525211866
5/27/2020|82.06|02:20:27|603|0|0|0|0||0|0|35.1|72.4|87|117|0|0|0|0|2,486|19|02:21:01|Garmin Edge 1030|https://www.strava.com/activities/3521343419
5/26/2020|31.76|01:11:07|435|0|0|0|0||0|0|26.8|60.5|89|119|0|0|0|0|866|15|01:52:00|Garmin Edge 1030|https://www.strava.com/activities/3513294327
5/25/2020|116.94|04:05:39|1896|0|0|0|0||0|0|28.6|78.8|81|123|0|0|0|0|3,453|15|04:38:47|Garmin Edge 1030|https://www.strava.com/activities/3509717949
5/24/2020|99.25|03:17:46|940|0|0|0|0||0|0|30.1|73.1|87|117|0|0|0|0|2,594|12|03:32:48|Garmin Edge 1030|https://www.strava.com/activities/3502715017
5/23/2020|17.71|00:45:09|555|0|0|0|0||0|0|23.5|47.9|0|0|0|0|0|0|687||00:45:09|Zwift|https://www.strava.com/activities/3498049341
5/23/2020|64.38|02:08:48|611|0|0|0|0||0|0|30|58|83|123|0|0|0|0|1,685|18|02:16:20|Garmin Edge 1030|https://www.strava.com/activities/3497573944
5/21/2020|62.1|02:00:35|588|0|0|0|0||0|0|30.9|62.6|85|140|0|0|0|0|1,577|19|02:39:48|Garmin Edge 1030|https://www.strava.com/activities/3487971393
5/17/2020|119.72|04:14:17|1399|0|0|0|0||0|0|28.2|67.7|82|117|0|0|0|0|3,200|14|04:42:16|Garmin Edge 1030|https://www.strava.com/activities/3466003496
5/16/2020|127.29|04:35:29|1739|0|0|0|0||0|0|27.7|81.4|81|127|0|0|0|0|3,589|16|04:44:41|Garmin Edge 1030|https://www.strava.com/activities/3460144006
5/14/2020|108.64|03:51:41|1830|0|0|0|0||0|0|28.1|71.3|77|121|0|0|0|0|3,386|11|04:21:28|Garmin Edge 1030|https://www.strava.com/activities/3451075478
5/13/2020|79.18|02:45:11|849|0|0|0|0||0|0|28.8|74.5|83|121|0|0|0|0|2,103|10|02:50:01|Garmin Edge 1030|https://www.strava.com/activities/3444794285
5/13/2020|26.25|01:22:21|1167|0|0|0|0||0|0|19.1|54|82|169|0|0|0|0|1,263||01:27:49|Zwift|https://www.strava.com/activities/3443138768
5/12/2020|87.83|03:18:08|1297|0|0|0|0||0|0|26.6|76.7|0|0|0|0|0|0|1,810|9|03:29:42|Garmin Edge 1030|https://www.strava.com/activities/3439450010
5/10/2020|97.38|03:49:43|1769|0|0|0|0||0|0|25.4|71.6|77|114|0|0|0|0|2,852|19|04:01:26|Garmin Edge 1030|https://www.strava.com/activities/3429578382
5/9/2020|103.78|03:24:44|1532|0|0|0|0||0|0|30.4|80.3|79|120|0|0|0|0|2,994|16|04:05:31|Garmin Edge 1030|https://www.strava.com/activities/3424081257
5/8/2020|83.7|02:59:40|1128|0|0|0|0||0|0|28|76.7|80|123|0|0|0|0|2,237|21|03:07:26|Garmin Edge 1030|https://www.strava.com/activities/3418341923
5/7/2020|32.17|01:05:29|433|0|0|0|0||0|0|29.5|65.2|84|108|0|0|0|0|897|19|01:05:29|Garmin Edge 1030|https://www.strava.com/activities/3413747744
5/7/2020|43.77|00:58:12|356|0|0|0|0||0|0|45.1|74.2|91|114|0|0|0|0|1,509||01:00:56|Zwift|https://www.strava.com/activities/3413141133
5/7/2020|30.97|01:00:46|488|0|0|0|0||0|0|30.6|66.2|81|114|0|0|0|0|798||01:00:46|Zwift|https://www.strava.com/activities/3411602872
5/6/2020|104.44|03:35:08|1155|0|0|0|0||0|0|29.1|75.6|81|115|0|0|0|0|2,741|14|03:36:29|Garmin Edge 1030|https://www.strava.com/activities/3408176619
5/5/2020|81.7|03:01:22|1179|0|0|0|0||0|0|27|73.8|78|117|0|0|0|0|2,315|13|03:04:32|Garmin Edge 1030|https://www.strava.com/activities/3402052581
5/3/2020|110.01|03:41:04|785|0|0|0|0||0|0|29.9|57.6|83|112|0|0|0|0|2,664|9|04:05:52|Garmin Edge 1030|https://www.strava.com/activities/3390594438
5/2/2020|112.19|03:36:04|463|0|0|0|0||0|0|31.2|59.8|83|111|0|0|0|0|3,104|8|03:41:14|Garmin Edge 1030|https://www.strava.com/activities/3385356406
5/1/2020|50.07|01:48:42|463|0|0|0|0||0|0|27.6|81.4|83|123|0|0|0|0|1,191|10|01:50:58|Garmin Edge 1030|https://www.strava.com/activities/3378866295
6/29/2020|49.35|02:03:49|602|0|0|0|0||0|0|23.9|63|83|116|0|0|0|0|1,169|25|02:54:25|Garmin Edge 830|https://www.strava.com/activities/3688404111
6/28/2020|140.9|05:07:15|2230|0|0|0|0||0|0|27.5|74.9|88|125|0|0|0|0|4,007|19|05:48:56|Garmin Edge 830|https://www.strava.com/activities/3683857650
6/27/2020|79.62|02:59:35|1607|0|0|0|0||0|0|26.6|84.6|83|130|0|0|0|0|2,464|26|03:28:04|Garmin Edge 830|https://www.strava.com/activities/3678781223
6/24/2020|21.15|00:50:47|331|0|0|0|0||0|0|25|59.8|86|119|0|0|0|0|635|25|00:57:07|Garmin Edge 1030|https://www.strava.com/activities/3663071327
6/23/2020|147.21|05:06:42|1648|0|0|0|0||0|0|28.8|86|90|150|0|0|0|0|3,732|21|06:20:48|Garmin Edge 1030|https://www.strava.com/activities/3658399568
6/22/2020|105.64|03:14:26|1141|0|0|0|0||0|0|32.6|67.7|87|118|0|0|0|0|2,949|22|03:31:38|Garmin Edge 1030|https://www.strava.com/activities/3653613151
6/21/2020|160.85|05:00:48|807|0|0|0|0||0|0|32.1|61.6|93|123|0|0|0|0|3,807|17|05:42:15|Garmin Edge 1030|https://www.strava.com/activities/3648333342
6/20/2020|39.29|01:16:52|364|0|0|0|0||0|0|30.7|62.3|91|128|0|0|0|0|1,073|15|01:23:09|Garmin Edge 1030|https://www.strava.com/activities/3642608602
6/19/2020|79.52|02:16:13|404|0|0|0|0||0|0|35|64.4|85|118|0|0|0|0|2,480|10|02:22:29|Garmin Edge 1030|https://www.strava.com/activities/3638994750
6/18/2020|55.05|01:49:48|456|0|0|0|0||0|0|30.1|60.5|85|122|0|0|0|0|1,267|15|01:52:27|Garmin Edge 1030|https://www.strava.com/activities/3632785081
6/17/2020|109.15|04:00:34|1409|0|0|0|0||0|0|27.2|84.2|94|138|0|0|0|0|2,913|12|04:27:16|Garmin Edge 1030|https://www.strava.com/activities/3627608893
6/16/2020|97.76|03:14:41|978|0|0|0|0||0|0|30.1|73.4|80|115|0|0|0|0|3,268|14|03:33:11|Garmin Edge 1030|https://www.strava.com/activities/3624799168
6/15/2020|73.83|02:10:14|207|0|0|0|0||0|0|34|55.1|81|112|0|0|0|0|1,954|19|02:20:28|Garmin Edge 830|https://www.strava.com/activities/3618490863
6/14/2020|23.18|00:55:34|243|0|0|0|0||0|0|25|62.3|85|116|0|0|0|0|532|17|01:33:25|Garmin Edge 1030|https://www.strava.com/activities/3612831656
6/13/2020|145.42|04:49:54|1134|0|0|0|0||0|0|30.1|64.8|94|130|0|0|0|0|3,463|22|05:51:25|Garmin Edge 1030|https://www.strava.com/activities/3607742426
6/12/2020|154.49|05:05:07|2020|0|0|0|0||0|0|30.4|80.6|82|131|0|0|0|0|4,385|21|06:34:05|Garmin Edge 1030|https://www.strava.com/activities/3602823439
6/11/2020|61.64|02:02:55|798|0|0|0|0||0|0|30.1|77.4|83|122|0|0|0|0|1,841|13|02:05:52|Garmin Edge 1030|https://www.strava.com/activities/3598433475
6/10/2020|73.55|02:24:55|542|0|0|0|0||0|0|30.5|65.5|97|138|0|0|0|0|1,797|15|02:26:35|Garmin Edge 1030|https://www.strava.com/activities/3594417816
6/10/2020|45.7|01:30:32|813|0|0|0|0||0|0|30.3|82.4|87|128|0|0|0|0|1,150||01:30:32|Zwift|https://www.strava.com/activities/3591614776
6/9/2020|39.67|01:30:20|1171|0|0|0|0||0|0|26.4|79.6|0|0|0|0|0|0|1,490||01:31:45|Zwift|https://www.strava.com/activities/3587730312
6/9/2020|26.1|00:55:24|200|0|0|0|0||0|0|28.3|49.3|83|110|0|0|0|0|659|18|01:01:08|Garmin Edge 830|https://www.strava.com/activities/3587176114
6/8/2020|105.32|03:50:46|1841|0|0|0|0||0|0|27.4|70.6|83|124|0|0|0|0|3,236|13|04:09:00|Garmin Edge 1030|https://www.strava.com/activities/3582344754
6/6/2020|35.77|01:12:45|366|0|0|0|0||0|0|29.5|67|84|118|0|0|0|0|831|13|01:12:45|Garmin Edge 1030|https://www.strava.com/activities/3571139188
6/6/2020|29.42|01:02:21|188|0|0|0|0||0|0|28.3|61.6|88|120|0|0|0|0|745|13|01:02:57|Garmin Edge 1030|https://www.strava.com/activities/3571134955
6/5/2020|84.12|02:47:01|678|0|0|0|0||0|0|30.2|58.7|87|128|0|0|0|0|2,151|12|04:02:06|Garmin Edge 1030|https://www.strava.com/activities/3568766036
6/4/2020|111.98|03:51:37|810|0|0|0|0||0|0|29|70.9|94|140|0|0|0|0|2,726|13|04:12:46|Garmin Edge 1030|https://www.strava.com/activities/3561991993
6/3/2020|30.48|01:00:51|361|0|0|0|0||0|0|30.1|87.5|82|135|0|0|0|0|823|17|01:12:17|Garmin Edge 1030|https://www.strava.com/activities/3557926204
6/3/2020|70.53|02:16:14|1175|0|0|0|0||0|0|31.1|79.2|84|129|0|0|0|0|2,369|22|02:33:36|Garmin Edge 1030|https://www.strava.com/activities/3557924178
6/2/2020|93.74|02:56:55|1293|0|0|0|0||0|0|31.8|82.4|82|115|0|0|0|0|2,689|26|02:58:40|Garmin Edge 830|https://www.strava.com/activities/3553357652
6/1/2020|33.53|01:20:17|418|0|0|0|0||0|0|25.1|58|90|127|0|0|0|0|784|25|02:03:38|Garmin Edge 1030|https://www.strava.com/activities/3546809183
7/30/2020|64.85|02:03:47|481|0|0|0|0||0|0|31.4|68.8|86|125|0|0|0|0|1,601|23|02:33:51|Garmin Edge 830|https://www.strava.com/activities/3837440265
7/29/2020|123.9|04:00:07|866|0|0|0|0||0|0|31|63|84|131|0|0|0|0|3,033|24|04:39:14|Garmin Edge 830|https://www.strava.com/activities/3832617409
7/28/2020|151.33|04:42:35|1263|0|0|0|0||0|0|32.1|70.6|86|116|0|0|0|0|3,999|27|05:24:31|Garmin Edge 830|https://www.strava.com/activities/3826946609
7/27/2020|61.21|02:02:11|476|0|0|0|0||0|0|30.1|64.8|86|130|0|0|0|0|1,442|28|03:31:45|Garmin Edge 830|https://www.strava.com/activities/3822088788
7/26/2020|92.11|02:43:18|1201|0|0|0|0||0|0|33.8|67.7|79|109|0|0|0|0|2,770|21|03:09:31|Garmin Edge 830|https://www.strava.com/activities/3814714515
7/24/2020|190.44|06:35:20|2319|0|0|0|0||0|0|28.9|79.2|83|120|0|0|0|0|5,063|27|07:04:19|Garmin Edge 830|https://www.strava.com/activities/3813657032
7/23/2020|139.3|04:29:25|1827|0|0|0|0||0|0|31|81.4|84|130|0|0|0|0|3,856|22|05:33:04|Garmin Edge 830|https://www.strava.com/activities/3813644919
7/22/2020|131.57|03:42:02|1270|0|0|0|0||0|0|35.6|68.8|80|107|0|0|0|0|3,596|22|04:03:35|Garmin Edge 830|https://www.strava.com/activities/3800170079
7/20/2020|221.05|07:25:26|2928|0|0|0|0||0|0|29.8|88.9|81|126|0|0|0|0|6,345|26|08:57:24|Garmin Edge 830|https://www.strava.com/activities/3791234439
7/19/2020|44.59|00:57:04|259|0|0|0|0||0|0|46.9|69.5|84|106|0|0|0|0|1,898||00:59:42|Zwift|https://www.strava.com/activities/3786125648
7/18/2020|47.56|01:35:24|520|0|0|0|0||0|0|29.9|69.1|87|116|0|0|0|0|1,257|22|01:35:24|Garmin Edge 830|https://www.strava.com/activities/3781596821
7/17/2020|160.01|05:18:43|1625|0|0|0|0||0|0|30.1|79.6|86|126|0|0|0|0|4,166|20|07:19:30|Garmin Edge 830|https://www.strava.com/activities/3775645590
7/16/2020|75.02|02:45:27|2335|0|0|0|0||0|0|27.2|82.8|85|114|0|0|0|0|2,799||02:45:49|Zwift|https://www.strava.com/activities/3770185200
7/15/2020|69.8|02:03:21|406|0|0|0|0||0|0|34|56.2|84|114|0|0|0|0|1,911||02:03:21|Zwift|https://www.strava.com/activities/3765540114
7/14/2020|121.87|04:35:40|2293|0|0|0|0||0|0|26.5|70.9|82|117|0|0|0|0|3,497|24|05:17:26|Garmin Edge 830|https://www.strava.com/activities/3761133129
7/13/2020|20.78|01:26:25|680|0|0|0|0||0|0|14.4|48.6|32|224|0|0|0|0|1,225|24|02:36:23|Garmin Edge 830|https://www.strava.com/activities/3757791652
7/12/2020|102.82|03:37:32|1401|0|0|0|0||0|0|28.4|77.8|86|123|0|0|0|0|2,796|23|05:19:17|Garmin Edge 830|https://www.strava.com/activities/3751342071
7/11/2020|30.48|01:14:40|669|0|0|0|0||0|0|24.5|62.6|81|118|0|0|0|0|905|19|01:15:02|Garmin Edge 830|https://www.strava.com/activities/3746980657
7/11/2020|50.51|01:05:33|266|0|0|0|0||0|0|46.2|66.6|86|112|0|0|0|0|1,840||01:05:48|Zwift|https://www.strava.com/activities/3746319246
7/11/2020|32.36|01:04:30|307|0|0|0|0||0|0|30.1|58.3|90|119|0|0|0|0|773|17|01:05:12|Garmin Edge 830|https://www.strava.com/activities/3744594526
7/10/2020|113.47|04:07:08|2072|0|0|0|0||0|0|27.5|78.5|85|129|0|0|0|0|3,404|22|04:46:33|Garmin Edge 830|https://www.strava.com/activities/3741098113
7/9/2020|28.91|00:50:08|133|0|0|0|0||0|0|34.6|55.4|87|138|0|0|0|0|740||00:50:08|Zwift|https://www.strava.com/activities/3735709874
7/8/2020|152.89|05:14:56|2565|0|0|0|0||0|0|29.1|73.4|87|132|0|0|0|0|4,660|16|06:36:28|Garmin Edge 830|https://www.strava.com/activities/3732013485
7/7/2020|109.66|03:17:01|909|0|0|0|0||0|0|33.4|70.9|82|107|0|0|0|0|2,876|16|03:23:54|Garmin Edge 830|https://www.strava.com/activities/3726012986
7/6/2020|64.6|02:06:47|998|0|0|0|0||0|0|30.6|76.7|85|126|0|0|0|0|1,852|18|02:07:43|Garmin Edge 830|https://www.strava.com/activities/3722272075
7/4/2020|211.28|07:21:32|2823|0|0|0|0||0|0|28.7|70.2|83|112|0|0|0|0|5,858|23|08:40:40|Garmin Edge 830|https://www.strava.com/activities/3713277001
7/3/2020|134.05|04:46:29|2027|0|0|0|0||0|0|28.1|70.9|84|117|0|0|0|0|3,962|16|05:25:33|Garmin Edge 830|https://www.strava.com/activities/3708280488
7/2/2020|125.99|04:29:42|1904|0|0|0|0||0|0|28|85.3|84|130|0|0|0|0|3,674|23|05:19:52|Garmin Edge 830|https://www.strava.com/activities/3702481644
8/31/2020|99.72|03:08:23|736|0|0|0|0||0|0|31.8|81.7|88|119|0|0|0|0|2,515|18|03:14:50|Garmin Edge 830|https://www.strava.com/activities/3991775181
8/28/2020|83.25|02:43:54|530|0|0|0|0||0|0|30.5|55.8|91|163|0|0|0|0|2,020|17|03:23:37|Garmin Edge 830|https://www.strava.com/activities/3976771958
8/27/2020|67.34|02:14:48|552|0|0|0|0||0|0|30|52.6|90|124|0|0|0|0|1,654|19|02:25:21|Garmin Edge 830|https://www.strava.com/activities/3972845751
8/22/2020|110.97|03:20:49|1175|0|0|0|0||0|0|33.2|62.3|88|126|0|0|0|0|2,695|20|03:33:12|Garmin Edge 830|https://www.strava.com/activities/3950426860
8/20/2020|90.01|02:53:19|514|0|0|0|0||0|0|31.2|56.2|89|125|0|0|0|0|2,181|21|03:32:10|Garmin Edge 830|https://www.strava.com/activities/3939658234
8/19/2020|162.82|05:16:38|1208|0|0|0|0||0|0|30.9|69.5|91|124|0|0|0|0|4,000|23|06:10:25|Garmin Edge 830|https://www.strava.com/activities/3935867592
8/18/2020|113.53|03:36:41|818|0|0|0|0||0|0|31.4|65.9|87|118|0|0|0|0|2,699|20|03:56:13|Garmin Edge 830|https://www.strava.com/activities/3930064337
8/16/2020|143.01|04:41:56|1152|0|0|0|0||0|0|30.4|74.9|87|131|0|0|0|0|3,468|25|05:30:13|Garmin Edge 830|https://www.strava.com/activities/3921491579
8/15/2020|93|02:53:36|775|0|0|0|0||0|0|32.1|64.8|84|117|0|0|0|0|2,334|26|03:48:07|Garmin Edge 830|https://www.strava.com/activities/3916131836
8/14/2020|104.65|03:39:06|1574|0|0|0|0||0|0|28.7|68.8|83|129|0|0|0|0|2,881|21|04:18:38|Garmin Edge 830|https://www.strava.com/activities/3911512471
8/12/2020|73.84|02:45:45|1070|0|0|0|0||0|0|26.7|69.8|80|128|0|0|0|0|1,979|32|03:07:54|Garmin Edge 830|https://www.strava.com/activities/3902457070
8/11/2020|78.55|02:49:47|1170|0|0|0|0||0|0|27.8|79.2|83|123|0|0|0|0|1,995|28|03:33:27|Garmin Edge 830|https://www.strava.com/activities/3896787888
8/9/2020|187.59|04:30:50|2226|0|0|0|0||0|0|41.6|94.3|83|128|0|0|0|0|3,954|28|04:31:23|Garmin Edge 830|https://www.strava.com/activities/3889060961
8/8/2020|152.5|04:16:43|3047|0|0|0|0||0|0|35.6|92.9|79|144|0|0|0|0|4,297|26|04:16:43|Garmin Edge 830|https://www.strava.com/activities/3883997641
8/7/2020|202.76|05:12:20|3177|0|0|0|0||0|0|39|83.9|83|130|0|0|0|0|5,105|30|05:12:20|Garmin Edge 830|https://www.strava.com/activities/3878926731
8/6/2020|150.8|03:27:03|853|0|0|0|0||0|0|43.7|76.7|87|123|0|0|0|0|2,744|26|03:27:03|Garmin Edge 830|https://www.strava.com/activities/3874131214
8/5/2020|195.34|04:31:03|1484|0|0|0|0||0|0|43.2|83.5|88|135|0|0|0|0|3,905|23|04:32:05|Garmin Edge 830|https://www.strava.com/activities/3870095687
8/3/2020|105.09|02:51:53|547|0|0|0|0||0|0|36.7|69.5|91|126|0|0|0|0|2,204|22|03:03:24|Garmin Edge 830|https://www.strava.com/activities/3857563845
8/2/2020|98.73|02:54:36|708|0|0|0|0||0|0|33.9|59.4|86|122|0|0|0|0|2,204|26|03:06:03|Garmin Edge 830|https://www.strava.com/activities/3853560751
8/1/2020|98.32|03:03:29|711|0|0|0|0||0|0|32.2|65.9|86|125|0|0|0|0|2,586|21|03:15:36|Garmin Edge 830|https://www.strava.com/activities/3847333332
9/30/2020|96.41|02:48:07|162|0|0|0|0||0|0|34.4|59|86|122|0|0|0|0|2,271|15|03:04:00|Garmin Edge 1030 Plus|https://www.strava.com/activities/4132130940
9/29/2020|130.74|02:59:42|299|0|0|0|0||0|0|43.7|67.7|85|136|0|0|0|0|2,585|18|03:00:12|Garmin Edge 1030 Plus|https://www.strava.com/activities/4128427071
9/28/2020|47.2|01:28:37|59|0|0|0|0||0|0|32|52.6|92|130|0|0|0|0|991|15|01:32:06|Garmin Edge 1030 Plus|https://www.strava.com/activities/4122967200
9/27/2020|106.06|03:11:17|280|0|0|0|0||0|0|33.3|62.6|90|130|0|0|0|0|2,526|15|03:19:17|Garmin Edge 1030 Plus|https://www.strava.com/activities/4118510348
9/26/2020|77.2|02:30:49|214|0|0|0|0||0|0|30.7|58|86|128|0|0|0|0|2,087|11|02:54:13|Garmin Edge 1030 Plus|https://www.strava.com/activities/4113967523
9/23/2020|120.7|03:51:26|762|0|0|0|0||0|0|31.3|59|88|124|0|0|0|0|2,805|19|04:29:24|Garmin Edge 830|https://www.strava.com/activities/4102349196
9/22/2020|103|03:04:23|932|0|0|0|0||0|0|33.5|70.6|85|131|0|0|0|0|2,550|22|03:46:38|Garmin Edge 830|https://www.strava.com/activities/4096400866
9/21/2020|60.01|02:00:45|563|0|0|0|0||0|0|29.8|66.6|86|123|0|0|0|0|1,465|22|02:04:37|Garmin Edge 830|https://www.strava.com/activities/4092453012
9/20/2020|105.01|03:23:27|925|0|0|0|0||0|0|31|66.2|85|116|0|0|0|0|2,710|22|04:35:08|Garmin Edge 830|https://www.strava.com/activities/4088506668
9/20/2020|15.14|00:18:47|78|0|0|0|0||0|0|48.4|66.2|84|109|0|0|0|0|501|16|00:18:47|Garmin Edge 830|https://www.strava.com/activities/4086097110
9/19/2020|61.31|01:53:26|474|0|0|0|0||0|0|32.4|68|87|127|0|0|0|0|1,646|20|01:55:45|Garmin Edge 830|https://www.strava.com/activities/4082712918
9/18/2020|54.84|01:55:04|572|0|0|0|0||0|0|28.6|63.4|86|120|0|0|0|0|1,371|20|02:27:16|Garmin Edge 830|https://www.strava.com/activities/4077427845
9/17/2020|97.66|02:56:37|974|0|0|0|0||0|0|33.2|63.7|84|114|0|0|0|0|2,749|21|03:02:02|Garmin Edge 830|https://www.strava.com/activities/4073547827
9/16/2020|136.5|03:59:02|944|0|0|0|0||0|0|34.3|67|91|135|0|0|0|0|3,230|26|04:40:59|Garmin Edge 830|https://www.strava.com/activities/4069268525
9/16/2020|76.35|02:03:20|579|0|0|0|0||0|0|37.1|72.4|84|110|0|0|0|0|2,062|20|02:13:09|Garmin Edge 830|https://www.strava.com/activities/4067351706
9/14/2020|155.08|04:46:42|793|0|0|0|0||0|0|32.5|62.6|88|116|0|0|0|0|3,883|26|05:27:18|Garmin Edge 830|https://www.strava.com/activities/4059145848
9/13/2020|93.44|02:50:14|491|0|0|0|0||0|0|32.9|55.4|87|116|0|0|0|0|2,416|19|03:06:29|Garmin Edge 830|https://www.strava.com/activities/4052620364
9/11/2020|94.7|02:56:50|137|0|0|0|0||0|0|32.1|46.4|100|122|0|0|0|0|2,503|21|04:19:52|Garmin Edge 830|https://www.strava.com/activities/4044085291
9/10/2020|122.07|04:15:36|1426|0|0|0|0||0|0|28.7|67.3|86|122|0|0|0|0|3,293|18|04:41:15|Garmin Edge 830|https://www.strava.com/activities/4038953954
9/9/2020|40.9|01:24:55|232|0|0|0|0||0|0|28.9|58|88|125|0|0|0|0|983|24|01:52:46|Garmin Edge 830|https://www.strava.com/activities/4034765376
9/9/2020|71.02|02:04:41|173|0|0|0|0||0|0|34.2|52.6|85|111|0|0|0|0|1,756|20|02:32:26|Garmin Edge 830|https://www.strava.com/activities/4033924739
9/8/2020|100.57|03:28:33|1050|0|0|0|0||0|0|28.9|65.9|85|122|0|0|0|0|2,741|17|03:42:15|Garmin Edge 830|https://www.strava.com/activities/4029572916
9/7/2020|32.93|01:14:01|527|0|0|0|0||0|0|26.7|70.9|83|119|0|0|0|0|955|12|01:29:01|Garmin Edge 830|https://www.strava.com/activities/4024108080
9/6/2020|116|04:16:14|1699|0|0|0|0||0|0|27.2|73.1|85|125|0|0|0|0|3,323|17|04:51:08|Garmin Edge 830|https://www.strava.com/activities/4020485344
9/5/2020|119.13|03:14:52|1222|0|0|0|0||0|0|36.7|71.3|90|117|0|0|0|0|2,971|19|04:08:31|Garmin Edge 830|https://www.strava.com/activities/4014989651
9/4/2020|100|03:27:24|1410|0|0|0|0||0|0|28.9|83.9|88|137|0|0|0|0|2,762|22|04:07:25|Garmin Edge 830|https://www.strava.com/activities/4009715243
9/2/2020|125.54|04:24:42|1848|0|0|0|0||0|0|28.5|77.4|87|130|0|0|0|0|3,508|17|04:59:58|Garmin Edge 830|https://www.strava.com/activities/4000777588
9/1/2020|109.56|03:35:51|936|0|0|0|0||0|0|30.5|81.4|90|129|0|0|0|0|2,972|20|04:39:53|Garmin Edge 830|https://www.strava.com/activities/3997598064
10/21/2020|109.12|02:20:45|276|0|0|0|0||0|0|46.5|70.9|88|116|0|0|0|0|2,887|16|02:20:45|Garmin Edge 1030 Plus|https://www.strava.com/activities/4224087716
10/20/2020|62|01:53:40|75|0|0|0|0||0|0|32.7|50.8|88|119|0|0|0|0|1,353|12|02:06:27|Garmin Edge 1030 Plus|https://www.strava.com/activities/4219388155
10/19/2020|42.01|01:26:41|63|0|0|0|0||0|0|29.1|44.3|83|112|0|0|0|0|772|12|01:37:12|Garmin Edge 1030 Plus|https://www.strava.com/activities/4215177050
10/18/2020|242.4|05:51:52|2031|0|0|0|0||0|0|41.3|86.4|85|128|0|0|0|0|6,222|12|05:53:49|Garmin Edge 1030 Plus|https://www.strava.com/activities/4212837301
10/17/2020|54.16|01:44:03|56|0|0|0|0||0|0|31.2|46.8|88|116|0|0|0|0|1,277|8|01:46:44|Garmin Edge 1030 Plus|https://www.strava.com/activities/4205642153
10/16/2020|89.29|02:53:55|126|0|0|0|0||0|0|30.8|52.6|86|121|138|179|0|0|2,217|10|03:05:38|Garmin Edge 1030 Plus|https://www.strava.com/activities/4201778747
10/15/2020|41.89|01:26:27|45|0|0|0|0||0|0|29.1|39.6|87|176|0|0|0|0|860|10|01:27:50|Garmin Edge 1030 Plus|https://www.strava.com/activities/4197438754
10/14/2020|170.01|05:17:15|1841|0|0|0|0||0|0|32.2|67.7|84|126|0|0|0|0|4,426|11|05:47:15|Garmin Edge 1030 Plus|https://www.strava.com/activities/4194367738
10/13/2020|59.12|02:09:53|82|0|0|0|0||0|0|27.3|39.2|86|115|0|0|0|0|1,350|11|02:19:03|Garmin Edge 1030 Plus|https://www.strava.com/activities/4188953308
10/11/2020|183.39|04:20:13|1113|0|0|0|0||0|0|42.3|84.6|86|120|0|0|0|0|4,473|12|04:21:34|Garmin Edge 1030 Plus|https://www.strava.com/activities/4182990563
10/10/2020|53.63|01:41:44|74|0|0|0|0||0|0|31.6|63.4|93|129|0|0|0|0|1,186|11|01:59:05|Garmin Edge 1030 Plus|https://www.strava.com/activities/4175387522
10/9/2020|53|01:45:36|64|0|0|0|0||0|0|30.1|40.3|92|120|0|0|0|0|1,223|13|02:13:54|Garmin Edge 1030 Plus|https://www.strava.com/activities/4171101862
10/8/2020|76.99|02:24:11|123|0|0|0|0||0|0|32|53.6|85|111|0|0|0|0|2,200|15|02:33:36|Garmin Edge 1030 Plus|https://www.strava.com/activities/4166902698
10/7/2020|160.06|05:29:23|896|0|0|0|0||0|0|29.2|62.6|88|133|0|0|0|0|4,176|15|05:51:34|Garmin Edge 1030 Plus|https://www.strava.com/activities/4163488608
10/6/2020|122.01|03:59:20|413|0|0|0|0||0|0|30.6|54|83|111|0|0|0|0|3,353|16|04:48:45|Garmin Edge 1030 Plus|https://www.strava.com/activities/4158436634
10/5/2020|49.5|01:39:57|79|0|0|0|0||0|0|29.7|63.7|0|0|0|0|0|0|1,052|12|01:49:12|Garmin Edge 1030 Plus|https://www.strava.com/activities/4153416123
10/4/2020|37.58|01:12:37|47|0|0|0|0||0|0|31.1|44.3|0|0|0|0|0|0|771|11|01:12:37|Garmin Edge 1030 Plus|https://www.strava.com/activities/4148953806
10/3/2020|182.97|04:18:33|1946|0|0|0|0||0|0|42.5|76.7|0|0|0|0|0|0|3,797|13|04:19:02|Garmin Edge 1030 Plus|https://www.strava.com/activities/4146161815
10/2/2020|7.99|00:10:37|129|0|0|0|0||0|0|45.2|79.9|89|121|0|0|0|0|300|16|00:10:37|Garmin Edge 830|https://www.strava.com/activities/4141396107
10/2/2020|16.91|00:29:32|240|0|0|0|0||0|0|34.4|72|80|106|0|0|0|0|468|14|00:30:23|Garmin Edge 1030 Plus|https://www.strava.com/activities/4140820157
10/1/2020|157.07|03:26:24|307|0|0|0|0||0|0|45.7|64.4|85|127|0|0|0|0|3,403|14|03:26:24|Garmin Edge 1030 Plus|https://www.strava.com/activities/4137538661
11/30/2020|82.93|03:00:59|1315|0|0|0|0||0|0|27.5|68.8|85|127|0|0|0|0|2,737|0|03:21:15|Garmin Edge 1030 Plus|https://www.strava.com/activities/4412191032
11/29/2020|149.06|05:27:00|705|0|0|0|0||0|0|27.4|49.3|86|146|0|0|0|0|4,121|3|06:16:56|Garmin Edge 1030 Plus|https://www.strava.com/activities/4408342803
11/27/2020|91.43|03:23:15|856|0|0|0|0||0|0|27|83.2|90|119|0|0|0|0|2,594|3|03:45:03|Garmin Edge 1030 Plus|https://www.strava.com/activities/4397246620
11/26/2020|62.83|02:46:41|1034|0|0|0|0||0|0|22.6|68.4|79|130|0|0|0|0|2,150|2|03:09:31|Garmin Edge 1030 Plus|https://www.strava.com/activities/4394011183
11/25/2020|98|03:12:22|344|0|0|0|0||0|0|30.6|56.2|87|121|0|0|0|0|2,857|4|03:33:57|Garmin Edge 1030 Plus|https://www.strava.com/activities/4388536442
11/24/2020|64.12|02:25:12|313|0|0|0|0||0|0|26.5|50.4|93|129|0|0|0|0|1,706|5|02:42:13|Garmin Edge 1030 Plus|https://www.strava.com/activities/4383262788
11/23/2020|5.4|00:27:46|0|0|0|0|0||0|0|0|0|0|0|0|0|0|0|||00:00:00|Garmin fēnix 6X|https://www.strava.com/activities/4378894404
11/22/2020|139.01|04:35:01|433|0|0|0|0||0|0|30.3|59.4|88|117|0|0|0|0|3,818|6|05:16:48|Garmin Edge 1030 Plus|https://www.strava.com/activities/4375906542
11/21/2020|96.36|03:40:53|1361|0|0|0|0||0|0|26.2|81.4|89|131|0|0|0|0|3,037|3|03:46:50|Garmin Edge 1030 Plus|https://www.strava.com/activities/4369549007
11/20/2020|4.77|00:26:21|0|0|0|0|0||0|0|0|0|0|0|0|0|0|0|||00:00:00|Garmin fēnix 6X|https://www.strava.com/activities/4363253390
11/19/2020|58.64|02:47:15|1196|0|0|0|0||0|0|21|69.1|77|127|0|0|0|0|2,326|7|03:06:09|Garmin Edge 1030 Plus|https://www.strava.com/activities/4361259239
11/18/2020|119.48|03:50:09|543|0|0|0|0||0|0|31.1|68.8|91|130|0|0|0|0|3,101|10|05:03:05|Garmin Edge 1030 Plus|https://www.strava.com/activities/4355556026
11/17/2020|81.32|02:48:19|336|0|0|0|0||0|0|29|56.5|93|127|0|0|0|0|2,138|11|03:00:32|Garmin Edge 1030 Plus|https://www.strava.com/activities/4350132234
11/16/2020|5.13|00:28:37|0|0|0|0|0||0|0|0|0|0|0|0|0|0|0|||00:00:00|Garmin fēnix 6X|https://www.strava.com/activities/4344783331
11/15/2020|132.3|04:39:07|660|0|0|0|0||0|0|28.4|62.6|86|117|0|0|0|0|3,247|15|04:55:19|Garmin Edge 1030 Plus|https://www.strava.com/activities/4342679228
11/14/2020|23.99|00:58:50|420|0|0|0|0||0|0|24.5|63.4|81|121|0|0|0|0|814|10|01:34:07|Garmin Edge 1030 Plus|https://www.strava.com/activities/4338493029
11/13/2020|71|02:33:57|969|0|0|0|0||0|0|27.7|81|82|128|0|0|0|0|1,965|12|02:49:18|Garmin Edge 1030 Plus|https://www.strava.com/activities/4333138891
11/12/2020|4.84|00:23:34|0|0|0|0|0||0|0|0|0|0|0|0|0|0|0|||00:00:00|Garmin fēnix 6X|https://www.strava.com/activities/4325754817
11/11/2020|69.05|02:23:20|392|0|0|0|0||0|0|28.9|70.9|85|114|0|0|0|0|1,853|5|02:29:22|Garmin Edge 1030 Plus|https://www.strava.com/activities/4321249252
11/10/2020|48.58|01:56:17|923|0|0|0|0||0|0|25.1|60.8|0|0|0|0|0|0|1,399|11|02:05:26|Garmin fēnix 6X|https://www.strava.com/activities/4316397501
11/8/2020|95.57|03:39:31|1560|0|0|0|0||0|0|26.1|73.1|82|120|0|0|0|0|2,827|9|03:45:51|Garmin Edge 1030 Plus|https://www.strava.com/activities/4309671136
11/7/2020|82.25|02:59:01|707|0|0|0|0||0|0|27.6|72.4|84|127|0|0|0|0|2,211|10|03:09:28|Garmin Edge 1030 Plus|https://www.strava.com/activities/4302926637
11/5/2020|31.34|01:11:56|599|0|0|0|0||0|0|26.1|64.4|0|0|0|0|0|0|898|12|01:13:36|Garmin fēnix 6X|https://www.strava.com/activities/4288319064
12/31/2020|10.45|00:56:16|0|0|0|0|0||0|0|0|0|0|0|0|0|0|0|||00:00:00|Garmin fēnix 6X|https://www.strava.com/activities/4542869593
12/30/2020|96.01|03:30:05|1280|0|0|0|0||0|0|27.4|70.2|82|117|0|0|0|0|2,928|3|03:44:13|Garmin Edge 1030 Plus|https://www.strava.com/activities/4538800250
12/29/2020|89.14|03:02:53|1944|0|0|0|0||0|0|29.2|86.4|80|124|0|0|0|0|2,832||03:03:08|Zwift|https://www.strava.com/activities/4534537890
12/28/2020|73.01|02:20:21|982|0|0|0|0||0|0|31.2|65.2|82|143|0|0|0|0|2,260||02:22:21|Zwift|https://www.strava.com/activities/4528843913
12/26/2020|156.72|05:09:42|1439|0|0|0|0||0|0|30.4|59.4|87|125|0|0|0|0|4,378|0|05:22:25|Garmin Edge 1030 Plus|https://www.strava.com/activities/4520123306
12/24/2020|81.65|02:47:15|778|0|0|0|0||0|0|29.3|75.6|84|119|0|0|0|0|2,021|8|03:08:41|Garmin Edge 1030 Plus|https://www.strava.com/activities/4511981413
12/23/2020|78.06|02:15:55|977|0|0|0|0||0|0|34.5|78.5|80|167|0|0|0|0|2,046||02:16:10|Zwift|https://www.strava.com/activities/4507517058
12/22/2020|70.4|01:58:09|539|0|0|0|0||0|0|35.8|56.5|83|144|0|0|0|0|1,740||02:00:39|Zwift|https://www.strava.com/activities/4504178666
12/21/2020|4.57|00:25:37|0|0|0|0|0||0|0|0|0|0|0|0|0|0|0|||00:00:00|Garmin fēnix 6X|https://www.strava.com/activities/4498990397
12/20/2020|131.59|04:29:19|1449|0|0|0|0||0|0|29.3|67.3|86|122|0|0|0|0|3,671|15|05:34:20|Garmin Edge 1030 Plus|https://www.strava.com/activities/4496888299
12/19/2020|166.5|05:37:29|2232|0|0|0|0||0|0|29.6|69.5|87|126|0|0|0|0|4,751|15|06:42:23|Garmin Edge 1030 Plus|https://www.strava.com/activities/4491761186
12/18/2020|125.11|04:28:49|2262|0|0|0|0||0|0|27.9|73.1|85|185|0|0|0|0|3,931|15|05:00:36|Garmin Edge 1030 Plus|https://www.strava.com/activities/4487119299
12/17/2020|43.48|01:43:47|438|0|0|0|0||0|0|25.1|53.6|83|125|0|0|0|0|1,148|19|02:50:34|Garmin Edge 1030 Plus|https://www.strava.com/activities/4483195167
12/16/2020|157.21|04:58:09|1402|0|0|0|0||0|0|31.6|63.4|90|125|0|0|0|0|4,109|18|05:29:50|Garmin Edge 1030 Plus|https://www.strava.com/activities/4479496136
12/15/2020|69.31|02:18:27|369|0|0|0|0||0|0|30|61.2|91|118|0|0|0|0|1,730|17|02:21:15|Garmin Edge 1030 Plus|https://www.strava.com/activities/4474641503
12/14/2020|141.57|05:06:49|2410|0|0|0|0||0|0|27.7|76.3|86|123|0|0|0|0|4,391|15|05:44:04|Garmin Edge 1030 Plus|https://www.strava.com/activities/4471438648
12/13/2020|127.69|04:05:02|1309|0|0|0|0||0|0|31.3|65.9|87|120|0|0|0|0|3,645|16|05:17:17|Garmin Edge 1030 Plus|https://www.strava.com/activities/4467671836
12/12/2020|53.7|01:39:33|259|0|0|0|0||0|0|32.4|65.2|90|146|0|0|0|0|1,297|14|01:40:33|Garmin Edge 1030 Plus|https://www.strava.com/activities/4464466755
12/11/2020|101.02|03:43:25|446|0|0|0|0||0|0|27.1|47.5|84|122|0|0|0|0|2,945|3|05:11:35|Garmin Edge 1030 Plus|https://www.strava.com/activities/4458436950
12/10/2020|12.5|00:59:14|0|0|0|0|0||0|0|0|0|0|0|0|0|0|0|||00:00:00|Garmin fēnix 6X|https://www.strava.com/activities/4454082157
12/9/2020|43.85|01:45:49|1291|0|0|0|0||0|0|24.9|70.2|80|127|0|0|0|0|1,796||01:45:49|Zwift|https://www.strava.com/activities/4450040888
12/8/2020|51.28|01:50:53|702|0|0|0|0||0|0|27.8|64.4|90|124|0|0|0|0|1,492|3|01:56:07|Garmin Edge 1030 Plus|https://www.strava.com/activities/4447061331
12/7/2020|4.85|00:23:50|0|0|0|0|0||0|0|0|0|0|0|0|0|0|0|||00:00:00|Garmin fēnix 6X|https://www.strava.com/activities/4440743816
12/6/2020|57.3|01:44:52|654|0|0|0|0||0|0|32.8|81.4|81|118|0|0|0|0|1,576||01:45:41|Zwift|https://www.strava.com/activities/4436701297
12/5/2020|93.96|03:25:32|886|0|0|0|0||0|0|27.4|61.2|87|123|0|0|0|0|2,659|4|04:13:28|Garmin Edge 1030 Plus|https://www.strava.com/activities/4433691693
12/4/2020|76.83|02:52:22|283|0|0|0|0||0|0|26.7|49|85|126|0|0|0|0|2,416|3|02:56:04|Garmin Edge 1030 Plus|https://www.strava.com/activities/4429649283
12/3/2020|62.83|01:50:07|364|0|0|0|0||0|0|34.2|56.5|86|112|0|0|0|0|1,493||01:50:07|Zwift|https://www.strava.com/activities/4423556345
12/2/2020|5.1|00:24:40|0|0|0|0|0||0|0|0|0|0|0|0|0|0|0|||00:00:00|Garmin fēnix 6X|https://www.strava.com/activities/4419211390
12/1/2020|60.06|01:41:56|328|0|0|0|0||0|0|35.4|56.9|86|108|0|0|0|0|1,414||01:41:56|Zwift|https://www.strava.com/activities/4415429123
loaded urls in 16:47:58.1039551
