date|distance|mov_time|elevation|relativeEffort|avg_power_weig|work_total|training_load|intensity|estAvgPower|energyOutput|avg_speed|max_speed|avg_cadence|max_cadence|avg_heartRate|max_heartRate|avg_power|max_power|avg_calories|avg_temperature|avg_elap_time|bicycle_model|url
13.01.2021|70,47|02:30:04|1,32|0|196|1,718|201|89%|0|0|282|839|87|115|0|0|191|392|1,916||02:32:02|Zwift|https://www.strava.com/activities/4613258023
12.01.2021|65,01|02:00:31|1,143|0|198|1,388|163|90%|0|0|324|810|84|120|0|0|192|295|1,548||02:00:31|Zwift|https://www.strava.com/activities/4608054336
11.01.2021|32,76|01:15:06|804|0|211|937|115|96%|0|0|262|799|92|114|0|0|208|284|1,045||01:15:06|Zwift|https://www.strava.com/activities/4602561835
25.02.2019|41,75|01:49:47|788|0|184|952|143|84%|0|0|228|565|76|108|0|0|145|488|912|14|03:02:36|Lezyne Mega XL GPS|https://www.strava.com/activities/2174258099
13.02.2019|50,54|01:27:06|34|0|0|0|0||226|1,179|348|533|0|0|0|0|0|0|1,411|12|01:28:34|Lezyne Mega C|https://www.strava.com/activities/2150939447
23.02.2019|199,63|05:29:43|3,96|0|299|5,191|1035|137%|0|0|363|796|87|146|0|0|262|970|5,385|9|05:32:02|Lezyne Mega C|https://www.strava.com/activities/2171263634
22.02.2019|162,66|04:16:46|2,613|0|285|3,762|733|130%|0|0|380|806|93|135|0|0|244|1,017|3,905|13|04:20:11|Lezyne Mega C|https://www.strava.com/activities/2167316041
20.02.2019|94,87|03:12:04|1,144|0|242|2,26|410|111%|0|0|296|619|90|130|0|0|196|878|2,340|10|03:26:49|Lezyne Mega C|https://www.strava.com/activities/2162700123
15.02.2019|195,32|05:09:30|2,653|0|270|4,161|791|123%|0|0|379|853|88|138|0|0|224|1,099|4,319|13|05:43:49|Lezyne Mega C|https://www.strava.com/activities/2150909764
11.02.2019|140,91|04:57:37|5,324|0|247|3,562|651|113%|0|0|284|720|83|128|0|0|199|936|3,687|8|05:06:41|Lezyne Mega C|https://www.strava.com/activities/2139008238
10.02.2019|117,18|03:48:38|1,543|0|277|3,002|632|126%|0|0|308|619|83|136|0|0|219|916|3,109|6|03:58:50|Lezyne Mega C|https://www.strava.com/activities/2136668999
08.02.2019|155,72|05:09:17|1,63|0|231|3,357|585|105%|0|0|302|767|77|136|0|0|181|812|3,458|10|05:47:33|Lezyne Mega C|https://www.strava.com/activities/2132312121
07.02.2019|150,62|05:01:02|1,394|0|219|3,385|517|100%|0|0|300|641|81|128|0|0|187|619|3,501|7|05:10:38|Lezyne Mega C|https://www.strava.com/activities/2130170224
05.02.2019|71,3|02:36:33|638|0|179|1,488|196|82%|0|0|273|583|78|110|0|0|158|573|1,684|7|02:56:20|Lezyne Mega C|https://www.strava.com/activities/2128802307
30.03.2019|49,23|01:51:13|889|0|196|1,087|152|89%|0|0|266|565|88|126|0|0|163|453|1,082|13|01:54:33|Lezyne Mega XL GPS|https://www.strava.com/activities/2251232434
29.03.2019|70,75|02:16:48|883|0|190|1,408|176|87%|0|0|310|652|79|115|0|0|172|563|1,570|18|02:19:54|SRM PC8|https://www.strava.com/activities/2249846332
24.03.2019|95,61|03:00:25|1,045|0|249|2,209|394|114%|0|0|318|580|92|129|0|0|204|932|2,244|21|03:02:46|Lezyne Mega XL GPS|https://www.strava.com/activities/2239539480
31.03.2019|200|07:03:06|4,092|0|247|5,267|938|113%|0|0|284|832|81|131|0|0|207|872|5,873|15|08:08:18|Lezyne Mega XL GPS|https://www.strava.com/activities/2255206813
30.03.2019|66,19|02:30:01|1,385|0|263|1,711|369|120%|0|0|265|598|80|117|0|0|190|980|1,908|19|02:34:02|Lezyne Mega XL GPS|https://www.strava.com/activities/2252252621
28.03.2019|108,52|04:11:01|2,738|0|254|2,882|560|116%|0|0|259|670|74|198|0|0|191|779|3,214|16|04:16:55|Lezyne Mega XL GPS|https://www.strava.com/activities/2246782151
25.03.2019|117,51|04:01:30|1,818|0|216|2,768|408|99%|0|0|292|659|85|122|0|0|191|799|3,087|15|04:26:25|Lezyne Mega XL GPS|https://www.strava.com/activities/2239535978
21.03.2019|85,4|03:05:57|786|0|174|1,671|196|79%|0|0|276|540|82|116|0|0|150|478|1,726|14|03:09:00|Lezyne Mega XL GPS|https://www.strava.com/activities/2229085835
17.03.2019|109,18|02:47:52|2,095|0|335|3,049|654|153%|0|0|390|857|84|136|0|0|303|1,066|3,399|10|02:47:52|Lezyne Mega XL GPS|https://www.strava.com/activities/2221766589
16.03.2019|182,41|05:10:04|3,874|0|296|4,841|971|135%|0|0|353|749|88|136|0|0|260|1,12|67|17|05:50:49|Lezyne Mega XL GPS|https://www.strava.com/activities/2217733392
15.03.2019|175,23|04:12:59|5,155|0|278|3,499|681|127%|0|0|416|965|89|181|0|0|231|1,108|3,902|21|04:13:28|Lezyne Mega XL GPS|https://www.strava.com/activities/2215174063
14.03.2019|30,53|00:53:01|182|0|280|741|216|128%|0|0|346|634|88|134|0|0|233|680|949|14|01:23:54|Lezyne Mega XL GPS|https://www.strava.com/activities/2212929341
13.03.2019|210,73|04:59:32|3,105|0|254|3,813|678|116%|0|0|422|907|89|164|0|0|212|977|4,251|9|05:03:23|Lezyne Mega XL GPS|https://www.strava.com/activities/2210975977
12.03.2019|199,18|05:14:39|779|0|210|3,065|488|96%|0|0|380|713|85|140|0|0|162|1,029|1|14|05:18:46|Lezyne Mega XL GPS|https://www.strava.com/activities/2208929711
11.03.2019|164,76|03:16:21|835|0|306|3,217|640|140%|0|0|503|806|92|195|0|0|273|1,056|67|9|03:16:21|Lezyne Mega XL GPS|https://www.strava.com/activities/2206360603
10.03.2019|136,99|03:19:30|1,175|0|264|2,49|487|121%|0|0|412|832|89|135|0|0|208|1,022|2,776|10|03:20:23|Lezyne Mega XL GPS|https://www.strava.com/activities/2206378403
06.03.2019|89,52|02:34:27|491|0|232|1,742|296|106%|0|0|348|752|86|111|0|0|188|636|1,942|17|02:38:37|SRM PC8|https://www.strava.com/activities/2194917876
04.03.2019|139,33|05:00:18|1,941|0|189|2,925|379|86%|0|0|278|616|82|122|0|0|162|522|3,261|12|05:13:54|Lezyne Mega XL GPS|https://www.strava.com/activities/2190549288
03.03.2019|168,39|06:00:56|2,676|0|248|4,279|806|113%|0|0|280|652|84|127|0|0|198|932|4,772|13|06:36:20|Lezyne Mega XL GPS|https://www.strava.com/activities/2188648518
02.03.2019|131,07|04:34:17|1,406|0|202|2,928|399|92%|0|0|287|684|86|138|0|0|178|1,079|3,264|14|04:42:16|Lezyne Mega XL GPS|https://www.strava.com/activities/2185894717
05.04.2019|49,65|01:53:01|657|0|167|962|114|76%|0|0|264|598|82|116|0|0|142|411|950|16|02:05:11|Lezyne Mega XL GPS|https://www.strava.com/activities/2268588760
02.04.2019|87,24|02:51:31|1,157|0|240|1,907|361|110%|0|0|305|749|82|116|0|0|185|718|2,126|20|03:19:27|SRM PC8|https://www.strava.com/activities/2259330577
28.04.2019|253,99|06:51:37|3,12|0|283|6,057|1144|129%|0|0|370|846|87|148|0|0|245|906|6,307|4|06:52:02|Lezyne Mega XL GPS|https://www.strava.com/activities/2325904643
25.04.2019|39,54|01:58:08|1,526|0|171|809|135|78%|0|0|201|637|73|117|0|0|114|515|845|21|11:41:40|Lezyne Mega XL GPS|https://www.strava.com/activities/2323094029
18.04.2019|151,36|05:00:28|3,744|0|251|3,816|694|115%|0|0|302|796|85|150|0|0|212|1,014|3,785|19|05:35:28|Lezyne Mega XL GPS|https://www.strava.com/activities/2299182460
12.04.2019|150,43|04:10:38|3,013|0|135|120|83|62%|0|0|360|994|97|122|0|0|8|780|4,054|20|04:13:17|Lezyne Mega C|https://www.strava.com/activities/2285020064
10.04.2019|208,68|05:30:00|2,925|0|261|4,313|787|119%|0|0|379|918|86|158|0|0|218|1,043|4,503|12|05:33:07|Lezyne Mega XL GPS|https://www.strava.com/activities/2279834626
09.04.2019|147,97|03:41:13|2,058|0|288|3,209|643|132%|0|0|401|846|89|166|0|0|242|1,055|3,323|14|03:42:34|Lezyne Mega XL GPS|https://www.strava.com/activities/2277314027
04.04.2019|162,39|05:07:19|2,281|0|234|3,809|615|107%|0|0|317|810|87|138|0|0|207|821|4,247|10|05:22:56|Lezyne Mega XL GPS|https://www.strava.com/activities/2265135312
31.05.2019|45,72|01:35:01|435|0|243|1,098|204|111%|0|0|289|554|86|152|0|0|193|814|1,090|19|01:39:29|Lezyne Mega XL GPS|https://www.strava.com/activities/2411080751
30.05.2019|91,25|02:45:05|799|0|215|1,852|283|98%|0|0|332|637|88|134|0|0|187|692|2,065|18|02:59:14|Lezyne Mega XL GPS|https://www.strava.com/activities/2409166282
26.05.2019|9,2|00:15:49|119|0|192|172|20|88%|0|0|349|558|82|107|0|0|181|389|192|31|00:15:49|Lezyne Mega XL GPS|https://www.strava.com/activities/2398657555
14.05.2019|141,62|05:17:07|2,724|0|220|3,502|542|100%|0|0|268|652|84|154|0|0|184|836|3,905|21|05:36:50|Lezyne Mega XL GPS|https://www.strava.com/activities/2366691961
13.05.2019|116,27|04:02:09|2,061|0|228|2,899|451|104%|0|0|288|756|86|132|0|0|200|715|2,906|20|04:18:42|Lezyne Mega XL GPS|https://www.strava.com/activities/2364105689
11.05.2019|67,65|02:01:13|1|0|241|1,421|250|110%|0|0|335|778|86|110|0|0|195|665|1,585|19|02:09:35|SRM PC8|https://www.strava.com/activities/2359464657
09.05.2019|105,46|03:55:45|1,833|0|214|2,485|391|98%|0|0|268|601|90|153|0|0|176|661|2,522|19|04:05:29|Lezyne Mega XL GPS|https://www.strava.com/activities/2354651139
28.05.2019|163,31|06:03:54|4,338|0|235|4,487|733|107%|0|0|269|720|78|133|0|0|205|534|5,003|27|06:31:56|Lezyne Mega XL GPS|https://www.strava.com/activities/2403941011
27.05.2019|123,68|04:16:46|3,119|0|261|3,229|643|119%|0|0|289|803|81|154|0|0|210|673|3,600|27|04:58:15|Lezyne Mega XL GPS|https://www.strava.com/activities/2401253728
26.05.2019|83,72|01:54:28|703|0|264|1,375|294|121%|0|0|439|698|91|148|0|0|200|640|1,533|27|02:14:02|Lezyne Mega XL GPS|https://www.strava.com/activities/2398654076
25.05.2019|104,22|03:56:55|3,124|0|268|3,035|608|122%|0|0|264|788|79|139|0|0|214|1,08|3,384|18|04:05:33|Lezyne Mega XL GPS|https://www.strava.com/activities/2395722155
24.05.2019|21,69|01:03:36|740|0|214|668|106|98%|0|0|205|623|69|104|0|0|175|540|634|13|01:13:14|Lezyne Mega XL GPS|https://www.strava.com/activities/2393117008
23.05.2019|217,65|07:22:09|5,115|0|255|5,65|1025|116%|0|0|295|785|81|149|0|0|213|807|6,300|26|08:22:22|Lezyne Mega XL GPS|https://www.strava.com/activities/2390941300
22.05.2019|136,65|03:42:23|2,077|0|195|894|194|89%|0|0|369|760|85|150|0|0|67|640|997|21|04:06:12|Lezyne Mega XL GPS|https://www.strava.com/activities/2388025040
20.05.2019|118,45|04:12:55|3,321|0|266|3,404|640|121%|0|0|281|734|81|134|0|0|224|1,021|3,795|18|04:25:59|Lezyne Mega XL GPS|https://www.strava.com/activities/2382644152
19.05.2019|25,18|01:11:49|742|0|207|738|117|95%|0|0|210|644|69|127|0|0|171|454|823|6|01:18:36|Lezyne Mega XL GPS|https://www.strava.com/activities/2379396380
17.05.2019|108,71|03:05:47|1,828|0|0|0|0||300|3,347|351|767|0|0|0|0|0|0|3,731|15|03:13:09|Lezyne Mega XL GPS|https://www.strava.com/activities/2375276023
16.05.2019|91,64|02:38:22|1,278|0|0|0|0||215|2,044|347|778|0|0|0|0|0|0|2,279|23|02:46:04|Lezyne Mega XL GPS|https://www.strava.com/activities/2375277990
10.05.2019|136,91|05:00:13|2,512|0|209|3,28|475|95%|0|0|274|727|85|126|0|0|182|838|3,657|19|05:43:37|Lezyne Mega XL GPS|https://www.strava.com/activities/2356117041
06.05.2019|81,78|02:52:19|739|0|180|1,607|201|82%|0|0|285|709|95|124|0|0|155|681|1,619|15|02:59:38|Lezyne Mega XL GPS|https://www.strava.com/activities/2350891183
26.06.2019|20,85|00:27:02|11|0|0|0|0||68|110|463|799|0|0|0|0|0|0|123|32|00:27:02|Lezyne Mega XL GPS|https://www.strava.com/activities/2482723055
26.06.2019|12,09|00:19:48|67|0|0|0|0||214|254|367|644|0|0|0|0|0|0|283|24|00:19:48|Lezyne Mega XL GPS|https://www.strava.com/activities/2482718707
22.06.2019|87,82|03:04:59|1,61|0|0|0|0||185|2,05|285|691|0|0|0|0|0|0|2,285|25|03:10:34|Lezyne Mega XL GPS|https://www.strava.com/activities/2470429263
21.06.2019|119,07|04:00:26|1,626|0|0|0|0||190|2,741|297|644|0|0|0|0|0|0|3,056|28|04:18:06|Lezyne Mega XL GPS|https://www.strava.com/activities/2469144360
17.06.2019|41,04|01:31:40|365|0|0|0|0||151|830|269|598|0|0|0|0|0|0|1,138|27|02:03:20|Lezyne Mega XL GPS|https://www.strava.com/activities/2457060608
06.06.2019|64,65|02:05:00|741|0|0|0|0||208|1,558|310|814|0|0|0|0|0|0|1,771|22|02:32:26|Lezyne Mega XL GPS|https://www.strava.com/activities/2430819991
30.06.2019|250,83|05:56:22|3,124|0|287|5,115|1017|131%|0|0|422|774|89|171|0|0|239|1,028|5,703|28|05:56:22|Lezyne Mega XL GPS|https://www.strava.com/activities/2492716050
29.06.2019|60,26|01:49:09|490|0|0|0|0||209|1,37|331|684|0|0|0|0|0|0|1,676|32|02:05:59|Lezyne Mega XL GPS|https://www.strava.com/activities/2489530631
27.06.2019|59,88|02:28:13|1,234|0|0|0|0||154|1,366|242|752|0|0|0|0|0|0|1,523|30|02:30:29|Lezyne Mega XL GPS|https://www.strava.com/activities/2484369259
26.06.2019|135,98|05:36:48|4,219|0|0|0|0||204|4,115|242|752|0|0|0|0|0|0|4,588|32|06:18:25|Lezyne Mega XL GPS|https://www.strava.com/activities/2482730006
25.06.2019|90,65|03:01:04|1,493|0|0|0|0||201|2,186|300|846|0|0|0|0|0|0|2,437|30|03:04:31|Lezyne Mega XL GPS|https://www.strava.com/activities/2479169849
23.06.2019|126,68|05:02:54|3,64|0|0|0|0||187|3,396|251|745|0|0|0|0|0|0|3,787|25|05:30:44|Lezyne Mega XL GPS|https://www.strava.com/activities/2473977834
16.06.2019|113,48|03:11:41|2,747|0|307|3,033|637|140%|0|0|355|911|86|193|0|0|264|1,06|3,158|25|03:14:50|Lezyne Mega XL GPS|https://www.strava.com/activities/2457061109
15.06.2019|131,07|04:07:55|4,099|0|333|4,686|950|152%|0|0|317|907|86|162|0|0|315|974|4,847|18|04:07:55|Lezyne Mega XL GPS|https://www.strava.com/activities/2452206292
14.06.2019|232,4|06:16:07|3,529|0|271|5,213|966|124%|0|0|371|893|89|154|0|0|231|998|5,431|20|06:17:51|Lezyne Mega XL GPS|https://www.strava.com/activities/2449398400
13.06.2019|199,24|04:59:29|2,069|0|260|3,759|702|119%|0|0|399|871|88|169|0|0|209|1,076|3,976|28|05:01:46|Lezyne Mega XL GPS|https://www.strava.com/activities/2447016991
10.06.2019|260,58|04:20:59|3,156|0|320|4,425|927|146%|0|0|599|1584|91|156|0|0|283|991|4,598|8|04:20:59|Lezyne Mega XL GPS|https://www.strava.com/activities/2439211859
09.06.2019|140,68|03:24:22|2,44|0|213|2,097|326|97%|0|0|413|911|95|149|0|0|171|888|2,173|13|03:28:43|Lezyne Mega XL GPS|https://www.strava.com/activities/2438200577
08.06.2019|51,56|01:41:47|732|0|218|1,098|170|100%|0|0|304|706|83|182|0|0|180|1|1,121|14|01:42:45|Lezyne Mega XL GPS|https://www.strava.com/activities/2432688055
07.06.2019|79,06|02:46:14|1,698|0|261|2,123|399|119%|0|0|285|634|82|122|0|0|213|697|2,168|22|02:50:42|Lezyne Mega XL GPS|https://www.strava.com/activities/2430819597
05.06.2019|95,22|03:06:17|1,701|0|0|0|0||223|2,489|307|806|0|0|0|0|0|0|2,623|21|03:11:15|Lezyne Mega XL GPS|https://www.strava.com/activities/2425090984
04.06.2019|131,31|04:21:36|5,216|0|0|0|0||208|3,271|301|864|0|0|0|0|0|0|3,606|22|04:41:58|Lezyne Mega XL GPS|https://www.strava.com/activities/2422498484
03.06.2019|79,96|02:32:00|732|0|0|0|0||204|1,864|316|745|0|0|0|0|0|0|2,079|26|02:43:23|Lezyne Mega XL GPS|https://www.strava.com/activities/2422500795
01.06.2019|186,84|04:38:21|2,616|0|287|3,673|799|131%|0|0|403|817|87|131|0|0|220|1,067|4,095|30|04:39:24|Lezyne Mega XL GPS|https://www.strava.com/activities/2415328179
03.07.2019|59,41|02:05:42|841|0|0|0|0||186|1,4|284|626|0|0|0|0|0|0|1,642|31|02:07:49|Lezyne Mega XL GPS|https://www.strava.com/activities/2507884317
02.07.2019|48,75|01:49:19|779|0|0|0|0||168|1,102|268|716|0|0|0|0|0|0|1,347|29|01:54:31|Lezyne Mega XL GPS|https://www.strava.com/activities/2507883517
31.07.2019|89,35|02:16:18|1,196|0|281|2,05|374|128%|0|0|393|634|87|135|0|0|251|851|2,125|19|02:16:56|Lezyne Mega XL GPS|https://www.strava.com/activities/2581923896
30.07.2019|69,47|01:51:53|515|0|0|0|0||273|1,835|373|590|0|0|0|0|0|0|1,895|15|01:55:41|Lezyne Mega XL GPS|https://www.strava.com/activities/2581924961
07.07.2019|66,45|01:37:24|444|0|268|1,291|312|122%|0|0|409|814|88|137|0|0|221|842|1,610|21|03:11:44|Lezyne Mega XL GPS|https://www.strava.com/activities/2512513616
05.07.2019|92,17|02:36:41|662|0|201|989|184|92%|0|0|353|785|90|125|0|0|105|676|1,103|24|03:02:03|Lezyne Mega XL GPS|https://www.strava.com/activities/2507880903
04.07.2019|50,5|01:38:14|492|0|191|865|132|87%|0|0|308|580|89|132|0|0|147|978|883|25|01:50:48|Lezyne Mega XL GPS|https://www.strava.com/activities/2507883101
28.08.2019|27,56|00:53:39|124|0|217|549|90|99%|0|0|308|511|88|140|0|0|170|953|570|32|00:56:20|Lezyne Mega XL GPS|https://www.strava.com/activities/2659062295
26.08.2019|64,31|02:28:20|1,55|0|0|0|0||180|1,602|260|662|0|0|0|0|0|0|1,773|31|02:35:25|Lezyne Mega XL GPS|https://www.strava.com/activities/2653119930
24.08.2019|40,26|01:16:45|170|0|201|813|108|92%|0|0|315|486|87|133|0|0|177|648|906|30|01:16:45|Lezyne Mega XL GPS|https://www.strava.com/activities/2651154613
20.08.2019|68,8|02:19:31|844|0|0|0|0||187|1,567|296|691|0|0|0|0|0|0|1,747|26|02:19:31|Lezyne Mega XL GPS|https://www.strava.com/activities/2656188184
18.08.2019|57|01:58:16|500|0|0|0|0||173|1,228|289|605|0|0|0|0|0|0|1,578|30|01:59:46|Lezyne Mega XL GPS|https://www.strava.com/activities/2632017283
17.08.2019|167,91|06:05:30|2,893|0|0|0|0||176|3,869|276|698|0|0|0|0|0|0|4,314|27|06:07:28|Lezyne Mega XL GPS|https://www.strava.com/activities/2626918072
16.08.2019|108,4|04:00:55|2,343|0|0|0|0||183|2,65|270|662|0|0|0|0|0|0|2,955|29|04:10:39|Lezyne Mega XL GPS|https://www.strava.com/activities/2624421276
14.08.2019|119,48|03:59:58|1,872|0|0|0|0||193|2,776|299|846|0|0|0|0|0|0|3,096|25|04:10:09|Lezyne Mega XL GPS|https://www.strava.com/activities/2617988676
13.08.2019|112,36|04:00:39|2,003|0|0|0|0||177|2,561|280|688|0|0|0|0|0|0|2,855|23|04:07:12|Lezyne Mega XL GPS|https://www.strava.com/activities/2614974655
02.08.2019|69,09|02:00:33|352|0|243|1,579|248|111%|0|0|344|583|92|121|0|0|218|781|1,630|25|02:01:17|Lezyne Mega XL GPS|https://www.strava.com/activities/2583730840
31.08.2019|195|04:43:46|1,853|0|249|3,304|613|114%|0|0|412|889|85|151|0|0|194|988|3,684|32|04:47:10|Garmin Edge 830|https://www.strava.com/activities/2668258168
29.08.2019|172,39|04:01:29|1,428|0|248|2,829|516|113%|0|0|428|918|88|146|0|0|195|1,028|3,154|28|04:02:02|Lezyne Mega XL GPS|https://www.strava.com/activities/2662130459
25.08.2019|222,99|05:09:59|1,389|0|240|3,525|622|110%|0|0|432|745|88|147|0|0|190|1,132|3,930|30|05:09:59|Lezyne Mega XL GPS|https://www.strava.com/activities/2651154573
23.08.2019|99,21|03:27:03|1,752|0|0|0|0||179|2,222|287|734|0|0|0|0|0|0|2,477|25|03:40:30|Lezyne Mega XL GPS|https://www.strava.com/activities/2656193605
21.08.2019|114,91|04:13:41|1,919|0|0|0|0||162|2,469|272|706|0|0|0|0|0|0|2,752|24|04:43:03|Lezyne Mega XL GPS|https://www.strava.com/activities/2656191403
19.08.2019|90,87|03:00:01|1,656|0|0|0|0||198|2,134|303|637|0|0|0|0|0|0|2,380|25|03:01:38|Lezyne Mega XL GPS|https://www.strava.com/activities/2632016077
11.08.2019|104,14|02:26:21|620|0|274|2,032|384|125%|0|0|427|626|90|143|0|0|231|1,074|2,265|24|02:27:32|Lezyne Mega XL GPS|https://www.strava.com/activities/2613325603
10.08.2019|66,89|01:45:11|681|0|296|1,642|319|135%|0|0|382|583|86|172|0|0|260|1,044|1,830|20|01:45:11|Lezyne Mega XL GPS|https://www.strava.com/activities/2608118366
07.08.2019|85,97|02:18:44|1,429|0|280|1,958|387|128%|0|0|372|670|83|132|0|0|235|958|2,183|21|02:24:09|Lezyne Mega XL GPS|https://www.strava.com/activities/2601942418
06.08.2019|82,09|02:18:56|1,763|0|320|2,187|491|146%|0|0|355|691|85|138|0|0|262|910|2,312|28|02:18:56|Lezyne Mega XL GPS|https://www.strava.com/activities/2596940897
19.09.2019|69,85|02:37:42|1,349|0|0|0|0||166|1,566|266|634|0|0|0|0|0|0|1,746|23|02:47:08|Garmin Edge 830|https://www.strava.com/activities/2721792903
14.09.2019|169,35|04:07:25|2,218|0|275|3,269|653|126%|0|0|411|904|85|147|0|0|220|951|3,327|18|04:07:50|Garmin Edge 830|https://www.strava.com/activities/2707710194
13.09.2019|188,96|04:08:16|2,013|0|286|3,564|707|131%|0|0|457|907|89|153|0|0|239|1,082|3,690|20|04:08:16|Garmin Edge 830|https://www.strava.com/activities/2704846394
12.09.2019|16,07|00:29:19|92|0|315|478|177|144%|0|0|329|749|86|122|0|0|272|724|533|22|01:00:06|Lezyne Mega XL GPS|https://www.strava.com/activities/2702116731
12.09.2019|28,4|00:47:32|217|0|220|586|80|100%|0|0|358|619|85|109|0|0|206|586|607|22|00:48:01|Lezyne Mega XL GPS|https://www.strava.com/activities/2702115425
11.09.2019|180,49|04:13:06|1,129|0|247|3,222|537|113%|0|0|428|767|90|154|0|0|212|1,056|3,313|19|04:13:06|Garmin Edge 830|https://www.strava.com/activities/2699419119
09.09.2019|186,02|04:31:54|1,626|0|241|3,183|560|110%|0|0|410|828|85|168|0|0|195|1,021|3,298|15|04:48:53|Garmin Edge 830|https://www.strava.com/activities/2693545766
07.09.2019|206,96|04:54:02|2,008|0|236|3,376|571|108%|0|0|422|875|87|166|0|0|191|1,097|3,764|17|04:54:28|Garmin Edge 830|https://www.strava.com/activities/2687767504
30.09.2019|157,17|05:07:18|2,173|0|0|0|0||196|3,612|307|680|0|0|0|0|0|0|4,027|23|05:58:33|Garmin Edge 830|https://www.strava.com/activities/2751839141
28.09.2019|63,58|02:13:40|1,23|0|0|0|0||196|1,57|285|814|0|0|0|0|0|0|1,751|23|03:03:57|Garmin Edge 830|https://www.strava.com/activities/2745870833
27.09.2019|171,6|06:14:16|3,29|0|0|0|0||175|3,921|275|698|0|0|0|0|0|0|4,372|20|06:48:06|Garmin Edge 830|https://www.strava.com/activities/2743838259
26.09.2019|94,23|03:17:03|2,099|0|0|0|0||207|2,442|287|727|0|0|0|0|0|0|2,723|20|03:22:22|Garmin Edge 830|https://www.strava.com/activities/2740975711
25.09.2019|46,73|01:36:37|705|0|0|0|0||181|1,051|290|670|0|0|0|0|0|0|1,172|22|23:44:21|Garmin Edge 830|https://www.strava.com/activities/2740974980
24.09.2019|104,72|03:29:27|1,178|0|0|0|0||167|2,104|300|576|0|0|0|0|0|0|3,944|24|04:04:08|Garmin Edge 830|https://www.strava.com/activities/2735726351
23.09.2019|109,22|03:44:44|2,055|0|0|0|0||185|2,496|292|828|0|0|0|0|0|0|2,784|19|03:45:37|Garmin Edge 830|https://www.strava.com/activities/2733154327
21.09.2019|91,59|03:02:34|1,549|0|0|0|0||192|2,1|301|652|0|0|0|0|0|0|3,516|18|03:19:32|Garmin Edge 830|https://www.strava.com/activities/2727766197
20.09.2019|96,8|03:10:59|1,597|0|0|0|0||195|2,239|304|684|0|0|0|0|0|0|3,666|21|03:19:19|Garmin Edge 830|https://www.strava.com/activities/2724586961
18.09.2019|92,37|03:06:28|1,447|0|0|0|0||187|2,09|297|626|0|0|0|0|0|0|2,330|21|03:10:36|Garmin Edge 830|https://www.strava.com/activities/2718962212
17.09.2019|63,98|02:28:54|1,259|0|0|0|0||156|1,394|258|594|0|0|0|0|0|0|1,554|21|03:13:04|Garmin Edge 830|https://www.strava.com/activities/2715968804
10.09.2019|179,23|04:37:47|3,148|0|299|4,035|866|137%|0|0|387|886|85|146|0|0|242|1,074|4,142|16|04:37:47|Garmin Edge 830|https://www.strava.com/activities/2696305591
08.09.2019|167,49|03:58:56|1,807|0|250|2,838|520|114%|0|0|421|846|87|146|0|0|198|972|2,946|17|03:59:52|Garmin Edge 830|https://www.strava.com/activities/2691131779
05.09.2019|71,4|02:31:06|1,269|0|0|0|0||171|1,547|284|680|0|0|0|0|0|0|1,725|22|02:37:15|Garmin Edge 830|https://www.strava.com/activities/2681434636
04.09.2019|104,25|03:42:46|2,111|0|0|0|0||192|2,56|281|781|0|0|0|0|0|0|2,854|25|03:49:23|Garmin Edge 830|https://www.strava.com/activities/2678939908
03.09.2019|52,44|01:55:18|809|0|0|0|0||159|1,098|273|608|0|0|0|0|0|0|1,985|27|03:06:42|Garmin Edge 830|https://www.strava.com/activities/2675642251
01.09.2019|161,66|03:53:33|2,253|0|291|3,211|687|133%|0|0|415|875|85|149|0|0|229|1,024|3,580|22|03:53:33|Garmin Edge 830|https://www.strava.com/activities/2670627469
12.10.2019|178,22|04:30:44|2,27|0|263|3,633|652|120%|0|0|395|882|88|156|0|0|224|1,099|3,780|19|04:31:51|Garmin Edge 830|https://www.strava.com/activities/2784351786
11.10.2019|41,93|01:23:35|220|0|170|679|86|78%|0|0|301|634|85|128|0|0|135|780|757|15|01:25:56|Garmin Edge 830|https://www.strava.com/activities/2779754170
08.10.2019|197,91|04:50:28|2,985|0|297|4,374|898|136%|0|0|409|875|89|141|0|0|251|1,028|4,877|17|04:52:10|Garmin Edge 830|https://www.strava.com/activities/2772760211
07.10.2019|48,39|01:38:27|363|0|166|800|95|76%|0|0|295|619|81|115|0|0|135|525|815|20|01:39:46|Garmin Edge 830|https://www.strava.com/activities/2771873220
06.10.2019|200,04|04:43:07|1,691|0|56|263|31|26%|0|0|424|752|87|163|0|0|15|613|293|22|04:45:45|Garmin Edge 830|https://www.strava.com/activities/2769638762
05.10.2019|215,58|05:31:36|3,351|0|242|3,479|685|111%|0|0|390|749|90|156|0|0|175|1,039|3,879|24|05:41:10|Garmin Edge 830|https://www.strava.com/activities/2769638976
02.10.2019|89,61|03:04:34|1,451|0|0|0|0||185|2,053|291|709|0|0|0|0|0|0|3,326|20|03:33:31|Garmin Edge 830|https://www.strava.com/activities/2756672424
07.11.2019|0,02|00:00:00|0|0|0|0|0||0|0|0|0|0|0|0|0|0|0|||00:00:00||https://www.strava.com/activities/2868510382
28.11.2019|70,1|02:21:48|911|0|210|1,426|226|96%|0|0|297|619|85|131|0|0|168|505|1,590|14|02:39:27|Garmin Edge 830|https://www.strava.com/activities/2897101752
26.11.2019|141,68|04:57:26|1,862|0|205|3,03|448|94%|0|0|286|601|86|165|0|0|170|1,215|3,379|14|05:52:56|Garmin Edge 830|https://www.strava.com/activities/2892716516
25.11.2019|131,59|04:41:04|1,868|0|210|3,108|458|96%|0|0|281|587|86|127|0|0|184|610|3,466|11|05:13:58|Garmin Edge 830|https://www.strava.com/activities/2890346848
22.11.2019|13,8|01:00:41|0|0|0|0|0||0|0|0|0|0|0|0|0|0|0|||00:00:00|Garmin Edge 830|https://www.strava.com/activities/2883123380
21.11.2019|86,74|03:04:54|396|0|0|0|0||141|1,567|281|605|0|0|0|0|0|0|2,670|10|03:07:32|Garmin Edge 830|https://www.strava.com/activities/2880695341
20.11.2019|86,01|03:01:43|848|0|0|0|0||146|1,59|284|558|0|0|0|0|0|0|2,637|11|03:32:33|Garmin Edge 830|https://www.strava.com/activities/2878462819
19.11.2019|11,16|01:00:22|17|0|0|0|0||19|71|111|216|0|0|0|0|0|0|193|19|01:00:38|Garmin Edge 830|https://www.strava.com/activities/2876165052
18.11.2019|10,85|00:54:52|0|0|0|0|0||0|0|0|0|0|0|0|0|0|0|||00:00:00|Garmin Edge 830|https://www.strava.com/activities/2873386105
17.11.2019|81,14|02:57:27|673|0|173|1,521|180|79%|0|0|274|626|88|124|0|0|143|504|1,772|12|03:01:27|Garmin Edge 830|https://www.strava.com/activities/2872587281
16.11.2019|68,81|02:26:07|801|0|0|0|0||155|1,359|283|562|0|0|0|0|0|0|2,477|10|02:27:12|Garmin Edge 830|https://www.strava.com/activities/2868219897
27.12.2019|161,79|06:01:51|3,25|0|236|4,194|721|108%|0|0|268|666|81|122|0|0|193|581|4,677|10|06:28:36|Garmin Edge 830|https://www.strava.com/activities/2960128315
26.12.2019|92,98|03:27:11|855|0|172|1,805|217|79%|0|0|269|554|85|116|0|0|145|510|2,012|11|03:29:56|Garmin Edge 830|https://www.strava.com/activities/2957392908
24.12.2019|70,69|02:29:11|802|0|199|1,537|215|91%|0|0|284|594|89|113|0|0|172|635|1,714|14|03:20:17|Garmin Edge 830|https://www.strava.com/activities/2953608506
24.12.2019|60,89|02:04:53|449|0|189|1,237|156|86%|0|0|293|572|93|122|0|0|165|540|1,379|10|02:06:52|Garmin Edge 830|https://www.strava.com/activities/2952865628
09.12.2019|77,34|02:35:44|917|0|0|0|0||173|1,615|298|569|0|0|0|0|0|0|1,800|19|02:58:22|Garmin Edge 830|https://www.strava.com/activities/2921505766
04.12.2019|46,14|01:43:37|343|0|196|1,041|141|89%|0|0|267|580|93|137|0|0|167|435|1,044|6|01:47:44|Garmin Edge 830|https://www.strava.com/activities/2910984674
02.12.2019|109,08|04:00:21|1,908|0|205|2,585|362|94%|0|0|272|648|94|126|0|0|179|534|2,883|9|04:17:42|Garmin Edge 830|https://www.strava.com/activities/2909257364
28.12.2019|118,76|04:00:00|1,427|0|243|2,834|503|111%|0|0|297|580|81|109|0|0|197|520|3,160|7|04:05:20|Garmin Edge 830|https://www.strava.com/activities/2962175883
23.12.2019|76,3|02:39:57|684|0|198|1,64|222|90%|0|0|286|616|85|125|0|0|171|1,074|1,828|15|02:49:21|Garmin Edge 830|https://www.strava.com/activities/2951058835
22.12.2019|91,32|03:17:48|1,701|0|244|2,4|419|111%|0|0|277|688|81|134|0|0|202|1,011|2,676|11|03:23:50|Garmin Edge 830|https://www.strava.com/activities/2948810672
21.12.2019|120,39|04:17:10|2,011|0|246|3,021|548|112%|0|0|281|673|85|120|0|0|196|743|3,033|12|04:21:28|Garmin Edge 830|https://www.strava.com/activities/2946728812
19.12.2019|113,6|03:23:32|837|0|239|2,287|412|109%|0|0|335|918|84|120|0|0|187|1,063|2,550|14|03:28:33|Garmin Edge 830|https://www.strava.com/activities/2942906357
18.12.2019|210,91|06:14:11|2,591|0|234|3,925|736|107%|0|0|338|680|84|134|0|0|175|948|3,989|14|06:55:04|Garmin Edge 830|https://www.strava.com/activities/2941185499
17.12.2019|127,79|04:09:07|1,923|0|236|2,778|489|108%|0|0|308|853|82|145|0|0|186|710|3,097|13|04:12:18|Garmin Edge 830|https://www.strava.com/activities/2938770217
16.12.2019|171,74|04:42:32|1,173|0|208|1,606|299|95%|0|0|365|691|80|136|0|0|95|695|4,286|18|04:59:10|Garmin Edge 830|https://www.strava.com/activities/2936770513
14.12.2019|204,39|06:16:58|2,505|0|212|4,203|607|97%|0|0|325|785|84|137|0|0|186|971|4,686|17|06:27:54|Garmin Edge 830|https://www.strava.com/activities/2932349410
13.12.2019|150,29|04:43:14|1,799|0|222|2,898|480|101%|0|0|318|644|84|136|0|0|171|667|3,231|18|05:07:07|Garmin Edge 830|https://www.strava.com/activities/2930190008
12.12.2019|128,23|04:08:57|1,389|0|190|1,979|289|87%|0|0|309|745|90|139|0|0|133|594|2,207|22|04:27:55|Garmin Edge 830|https://www.strava.com/activities/2928238189
11.12.2019|107,41|03:28:26|923|0|195|2,038|283|89%|0|0|309|652|92|172|0|0|163|1,103|2,272|18|03:34:53|Garmin Edge 830|https://www.strava.com/activities/2927795860
06.12.2019|124,52|04:17:17|1,435|0|190|2,545|333|87%|0|0|290|598|92|118|0|0|165|536|2,838|12|04:38:02|Garmin Edge 830|https://www.strava.com/activities/2914918589
05.12.2019|149,84|05:19:47|2,234|0|203|3,264|471|93%|0|0|281|864|91|130|0|0|170|845|3,639|8|05:34:38|Garmin Edge 830|https://www.strava.com/activities/2912916027
03.12.2019|91,16|03:09:43|1,311|0|204|2,025|283|93%|0|0|288|727|93|143|0|0|178|736|2,258|10|03:17:45|Garmin Edge 830|https://www.strava.com/activities/2909258565
27.12.2019|161,79|06:01:51|3,25|0|236|4,194|721|108%|0|0|268|666|81|122|0|0|193|581|4,677|10|06:28:36|Garmin Edge 830|https://www.strava.com/activities/2960128315
26.12.2019|92,98|03:27:11|855|0|172|1,805|217|79%|0|0|269|554|85|116|0|0|145|510|2,012|11|03:29:56|Garmin Edge 830|https://www.strava.com/activities/2957392908
24.12.2019|70,69|02:29:11|802|0|199|1,537|215|91%|0|0|284|594|89|113|0|0|172|635|1,714|14|03:20:17|Garmin Edge 830|https://www.strava.com/activities/2953608506
24.12.2019|60,89|02:04:53|449|0|189|1,237|156|86%|0|0|293|572|93|122|0|0|165|540|1,379|10|02:06:52|Garmin Edge 830|https://www.strava.com/activities/2952865628
09.12.2019|77,34|02:35:44|917|0|0|0|0||173|1,615|298|569|0|0|0|0|0|0|1,800|19|02:58:22|Garmin Edge 830|https://www.strava.com/activities/2921505766
04.12.2019|46,14|01:43:37|343|0|196|1,041|141|89%|0|0|267|580|93|137|0|0|167|435|1,044|6|01:47:44|Garmin Edge 830|https://www.strava.com/activities/2910984674
02.12.2019|109,08|04:00:21|1,908|0|205|2,585|362|94%|0|0|272|648|94|126|0|0|179|534|2,883|9|04:17:42|Garmin Edge 830|https://www.strava.com/activities/2909257364
28.12.2019|118,76|04:00:00|1,427|0|243|2,834|503|111%|0|0|297|580|81|109|0|0|197|520|3,160|7|04:05:20|Garmin Edge 830|https://www.strava.com/activities/2962175883
23.12.2019|76,3|02:39:57|684|0|198|1,64|222|90%|0|0|286|616|85|125|0|0|171|1,074|1,828|15|02:49:21|Garmin Edge 830|https://www.strava.com/activities/2951058835
22.12.2019|91,32|03:17:48|1,701|0|244|2,4|419|111%|0|0|277|688|81|134|0|0|202|1,011|2,676|11|03:23:50|Garmin Edge 830|https://www.strava.com/activities/2948810672
21.12.2019|120,39|04:17:10|2,011|0|246|3,021|548|112%|0|0|281|673|85|120|0|0|196|743|3,033|12|04:21:28|Garmin Edge 830|https://www.strava.com/activities/2946728812
19.12.2019|113,6|03:23:32|837|0|239|2,287|412|109%|0|0|335|918|84|120|0|0|187|1,063|2,550|14|03:28:33|Garmin Edge 830|https://www.strava.com/activities/2942906357
18.12.2019|210,91|06:14:11|2,591|0|234|3,925|736|107%|0|0|338|680|84|134|0|0|175|948|3,989|14|06:55:04|Garmin Edge 830|https://www.strava.com/activities/2941185499
17.12.2019|127,79|04:09:07|1,923|0|236|2,778|489|108%|0|0|308|853|82|145|0|0|186|710|3,097|13|04:12:18|Garmin Edge 830|https://www.strava.com/activities/2938770217
16.12.2019|171,74|04:42:32|1,173|0|208|1,606|299|95%|0|0|365|691|80|136|0|0|95|695|4,286|18|04:59:10|Garmin Edge 830|https://www.strava.com/activities/2936770513
14.12.2019|204,39|06:16:58|2,505|0|212|4,203|607|97%|0|0|325|785|84|137|0|0|186|971|4,686|17|06:27:54|Garmin Edge 830|https://www.strava.com/activities/2932349410
13.12.2019|150,29|04:43:14|1,799|0|222|2,898|480|101%|0|0|318|644|84|136|0|0|171|667|3,231|18|05:07:07|Garmin Edge 830|https://www.strava.com/activities/2930190008
12.12.2019|128,23|04:08:57|1,389|0|190|1,979|289|87%|0|0|309|745|90|139|0|0|133|594|2,207|22|04:27:55|Garmin Edge 830|https://www.strava.com/activities/2928238189
11.12.2019|107,41|03:28:26|923|0|195|2,038|283|89%|0|0|309|652|92|172|0|0|163|1,103|2,272|18|03:34:53|Garmin Edge 830|https://www.strava.com/activities/2927795860
06.12.2019|124,52|04:17:17|1,435|0|190|2,545|333|87%|0|0|290|598|92|118|0|0|165|536|2,838|12|04:38:02|Garmin Edge 830|https://www.strava.com/activities/2914918589
05.12.2019|149,84|05:19:47|2,234|0|203|3,264|471|93%|0|0|281|864|91|130|0|0|170|845|3,639|8|05:34:38|Garmin Edge 830|https://www.strava.com/activities/2912916027
03.12.2019|91,16|03:09:43|1,311|0|204|2,025|283|93%|0|0|288|727|93|143|0|0|178|736|2,258|10|03:17:45|Garmin Edge 830|https://www.strava.com/activities/2909258565
28.02.2020|78,96|02:14:03|1,457|0|280|1,88|371|128%|0|0|353|677|95|152|0|0|234|878|2,096|12|02:16:10|Garmin Edge 830|https://www.strava.com/activities/3138566818
12.02.2020|24,93|01:00:10|427|0|191|586|83|87%|0|0|249|594|89|140|0|0|162|912|589|15|01:05:59|Garmin Edge 830|https://www.strava.com/activities/3092989778
09.02.2020|72,29|02:39:35|1,476|0|258|1,845|394|118%|0|0|272|608|80|116|0|0|193|827|2,057|10|02:51:46|Garmin Edge 830|https://www.strava.com/activities/3085186015
03.02.2020|39,71|01:35:30|586|0|166|785|95|76%|0|0|249|608|86|116|0|0|137|581|782|14|01:39:39|Garmin Edge 830|https://www.strava.com/activities/3070727201
01.02.2020|45,18|01:38:49|705|0|200|1,034|138|91%|0|0|274|616|92|126|0|0|174|568|1,036|10|01:39:55|Garmin Edge 830|https://www.strava.com/activities/3061340777
27.02.2020|113,17|03:59:53|2,225|0|244|3,006|501|111%|0|0|283|720|86|162|0|0|209|1,002|3,352|7|04:03:24|Garmin Edge 830|https://www.strava.com/activities/3136100747
24.02.2020|54,6|02:01:12|472|0|176|1,11|135|80%|0|0|270|572|78|110|0|0|153|484|1,238|26|02:06:22|Wahoo ELEMNT BOLT|https://www.strava.com/activities/3140863194
23.02.2020|137,65|03:41:20|2,118|0|195|2,026|295|89%|0|0|373|893|81|137|0|0|153|843|2,259|20|03:43:42|Wahoo ELEMNT BOLT|https://www.strava.com/activities/3126320700
22.02.2020|182,27|04:59:08|3,546|0|356|5,616|1323|163%|0|0|366|781|84|135|0|0|313|1,088|6,262|15|04:59:35|Wahoo ELEMNT BOLT|https://www.strava.com/activities/3124114310
21.02.2020|192,59|05:07:15|3,561|0|291|4,409|905|133%|0|0|376|778|86|138|0|0|239|923|4,917|14|05:07:15|Wahoo ELEMNT BOLT|https://www.strava.com/activities/3119415372
19.02.2020|93,75|03:22:00|1,332|0|218|2,398|343|100%|0|0|278|691|88|137|0|0|198|582|2,412|12|03:27:19|Garmin Edge 830|https://www.strava.com/activities/3113196351
18.02.2020|64,92|02:23:30|1,135|0|219|1,61|240|100%|0|0|271|698|84|116|0|0|187|520|1,611|13|02:24:24|Garmin Edge 830|https://www.strava.com/activities/3110105505
16.02.2020|181,16|04:30:02|2,616|0|342|4,736|1108|156%|0|0|403|821|83|133|0|0|292|1,014|5,281|10|04:37:38|Wahoo ELEMNT BOLT|https://www.strava.com/activities/3105398438
15.02.2020|142,44|03:45:58|2,478|0|293|3,4|678|134%|0|0|378|889|85|140|0|0|251|955|3,791|15|03:47:00|Wahoo ELEMNT BOLT|https://www.strava.com/activities/3102229477
14.02.2020|178,16|04:37:08|2,884|0|289|3,993|809|132%|0|0|386|810|86|136|0|0|240|1,035|4,453|13|04:38:52|Wahoo ELEMNT BOLT|https://www.strava.com/activities/3099349595
13.02.2020|153,31|03:23:53|547|0|245|2,552|426|112%|0|0|451|716|88|140|0|0|209|1,082|2,845|11|03:24:24|Wahoo ELEMNT BOLT|https://www.strava.com/activities/3098204072
11.02.2020|99,85|03:30:35|1,392|0|235|2,441|420|107%|0|0|285|590|87|117|0|0|193|566|2,721|19|03:56:12|Garmin Edge 830|https://www.strava.com/activities/3090427107
08.02.2020|143,2|05:30:47|2,749|0|218|3,552|571|100%|0|0|260|918|86|133|0|0|179|504|3,961|9|05:54:56|Garmin Edge 830|https://www.strava.com/activities/3082347686
06.02.2020|103,5|03:46:11|2,126|0|268|2,704|576|122%|0|0|275|670|84|125|0|0|199|607|3,015|9|03:51:29|Garmin Edge 830|https://www.strava.com/activities/3076456821
05.02.2020|87,92|03:03:53|964|0|214|2,094|301|98%|0|0|287|598|87|137|0|0|190|1,024|2,335|10|03:08:37|Garmin Edge 830|https://www.strava.com/activities/3073437410
02.02.2020|152,69|04:06:40|2,785|0|295|3,692|762|135%|0|0|371|868|88|144|0|0|249|1,047|4,116|15|04:11:42|Wahoo ELEMNT BOLT|https://www.strava.com/activities/3065980963
31.03.2020|62,06|01:44:46|473|0|0|0|0||243|1,528|355|670|0|0|0|0|0|0|1,704||01:45:58|Zwift|https://www.strava.com/activities/3237764431
11.03.2020|15,02|00:29:44|218|0|204|340|48|93%|0|0|303|803|78|108|0|0|191|497|379|13|01:57:50|Wahoo ELEMNT BOLT|https://www.strava.com/activities/3174202207
09.03.2020|168,2|03:54:43|1,268|0|329|4,03|887|150%|0|0|430|724|83|126|0|0|286|1,041|4,493|7|03:56:20|Wahoo ELEMNT BOLT|https://www.strava.com/activities/3168649786
05.03.2020|62,24|02:14:35|1,225|0|271|1,691|345|124%|0|0|277|616|87|119|0|0|209|743|1,696|8|02:15:12|Garmin Edge 830|https://www.strava.com/activities/3155899047
14.03.2020|185,85|05:11:37|3,818|0|183|517|367|84%|0|0|358|1271|79|125|0|0|28|814|577|17|05:54:30|Wahoo ELEMNT BOLT|https://www.strava.com/activities/3356268468
13.03.2020|168,53|04:13:37|3,01|0|324|4,229|925|148%|0|0|399|842|81|139|0|0|278|1,003|4,716|17|04:13:37|Wahoo ELEMNT BOLT|https://www.strava.com/activities/3179891776
12.03.2020|230,49|05:25:09|2,804|0|278|4,56|876|127%|0|0|425|896|85|155|0|0|234|1,016|5,085|14|05:26:17|Wahoo ELEMNT BOLT|https://www.strava.com/activities/3177234097
11.03.2020|15,81|00:25:05|233|0|288|453|180|132%|0|0|378|932|84|148|0|0|301|824|505|13|01:05:10|Wahoo ELEMNT BOLT|https://www.strava.com/activities/3174200979
10.03.2020|218,48|06:04:25|1,855|0|248|4,29|779|113%|0|0|360|878|78|145|0|0|196|1,053|4,784|9|06:05:39|Wahoo ELEMNT BOLT|https://www.strava.com/activities/3171679685
08.03.2020|152,36|03:39:44|1,617|0|308|3,43|736|141%|0|0|416|810|87|177|0|0|260|999|3,824|8|04:09:49|Wahoo ELEMNT BOLT|https://www.strava.com/activities/3165759101
07.03.2020|68,96|02:12:01|754|0|0|0|0||190|1,507|313|623|0|0|0|0|0|0|1,680|8|02:16:44|Wahoo ELEMNT BOLT|https://www.strava.com/activities/3162850511
06.03.2020|73,19|02:25:28|786|0|258|1,886|347|118%|0|0|302|569|93|138|0|0|216|740|1,896|11|02:29:52|Garmin Edge 830|https://www.strava.com/activities/3158543052
03.03.2020|81,04|03:00:57|1,572|0|262|2,055|437|120%|0|0|269|684|81|117|0|0|189|702|2,292|13|03:02:53|Garmin Edge 830|https://www.strava.com/activities/3150097932
01.03.2020|173,27|06:02:49|2,778|0|228|4,236|676|104%|0|0|287|716|86|127|0|0|195|784|4,723|10|06:18:38|Garmin Edge 830|https://www.strava.com/activities/3145161781
30.04.2020|44,81|01:00:09|178|0|325|1,039|221|148%|0|0|447|666|89|104|0|0|288|698|1,159||01:00:37|Zwift|https://www.strava.com/activities/3375446846
30.04.2020|24,03|00:45:11|358|0|195|506|59|89%|0|0|319|724|79|106|0|0|187|291|564||00:45:11|Zwift|https://www.strava.com/activities/3373855169
29.04.2020|73,34|02:00:14|383|0|214|1,515|191|98%|0|0|366|526|87|103|0|0|210|360|1,689||02:00:14|Zwift|https://www.strava.com/activities/3369500005
29.04.2020|0,37|00:05:00|0|0|208|61|142|95%|0|0|45|108|87|103|0|0|203|312|68|21|01:34:38|Wahoo ELEMNT BOLT|https://www.strava.com/activities/3438857554
28.04.2020|23,56|00:45:28|256|0|190|505|57|87%|0|0|311|742|82|101|0|0|185|274|563||00:45:28|Zwift|https://www.strava.com/activities/3364518940
28.04.2020|0,39|00:07:47|0|0|190|85|56|87%|0|0|30|32|81|100|0|0|182|269|95|20|00:45:04|Wahoo ELEMNT BOLT|https://www.strava.com/activities/3438856243
26.04.2020|22,04|00:40:19|242|0|198|468|54|90%|0|0|328|760|89|123|0|0|194|302|522||00:40:19|Zwift|https://www.strava.com/activities/3354220441
25.04.2020|72,4|02:00:16|650|0|215|1,535|192|98%|0|0|361|652|86|104|0|0|213|315|1,711||02:00:16|Zwift|https://www.strava.com/activities/3349519539
24.04.2020|57,77|01:30:26|154|0|234|1,146|173|107%|0|0|383|594|96|142|0|0|211|865|1,277||01:31:15|Zwift|https://www.strava.com/activities/3345100709
23.04.2020|27,03|00:45:20|408|0|244|644|93|111%|0|0|358|742|85|116|0|0|237|333|718||00:45:20|Zwift|https://www.strava.com/activities/3341019376
22.04.2020|0|00:00:00|0|0|199|0|237|91%|0|0|61|4|0|120|0|0|0|308|0|20|06:26:45|Wahoo ELEMNT BOLT|https://www.strava.com/activities/3345108301
22.04.2020|74,04|02:01:32|383|0|206|1,473|181|94%|0|0|366|558|82|95|0|0|202|306|1,642||02:02:52|Zwift|https://www.strava.com/activities/3335317048
22.04.2020|23,2|00:45:16|254|0|181|479|51|83%|0|0|308|738|83|102|0|0|176|286|534||00:45:16|Zwift|https://www.strava.com/activities/3334298452
21.04.2020|17,64|00:22:41|146|0|329|437|85|150%|0|0|467|742|88|109|0|0|321|576|487||00:22:41|Zwift|https://www.strava.com/activities/3331065474
20.04.2020|43,34|01:20:04|771|0|0|0|0||250|1,199|325|814|0|0|0|0|0|0|1,337||01:21:28|Zwift|https://www.strava.com/activities/3325589624
18.04.2020|76,2|02:02:28|654|0|235|1,676|234|107%|0|0|373|655|88|117|0|0|228|738|1,869||02:02:28|Zwift|https://www.strava.com/activities/3315157753
17.04.2020|32,38|01:12:02|787|0|238|963|142|109%|0|0|270|850|70|107|0|0|223|532|1,074||01:12:18|Zwift|https://www.strava.com/activities/3311064485
17.04.2020|18,49|00:45:09|481|0|195|521|59|89%|0|0|246|853|81|100|0|0|192|218|581||00:45:09|Zwift|https://www.strava.com/activities/3310263056
16.04.2020|33,46|00:48:38|182|0|310|813|162|142%|0|0|413|594|89|117|0|0|279|789|906||00:48:38|Zwift|https://www.strava.com/activities/3307534692
16.04.2020|41|01:33:50|1,21|0|298|1,516|289|136%|0|0|262|756|89|110|0|0|269|638|1,690||01:33:50|Zwift|https://www.strava.com/activities/3306155546
16.04.2020|13,44|00:23:49|79|0|175|244|25|80%|0|0|339|515|85|103|0|0|171|446|272||00:23:49|Zwift|https://www.strava.com/activities/3305879266
15.04.2020|56,99|01:31:08|569|0|265|1,385|222|121%|0|0|375|832|92|107|0|0|253|369|1,545||01:31:08|Zwift|https://www.strava.com/activities/3301568148
15.04.2020|21,08|00:40:32|358|0|192|449|52|88%|0|0|312|785|86|108|0|0|185|298|501||00:40:32|Zwift|https://www.strava.com/activities/3300848887
13.04.2020|48,75|01:11:25|129|0|295|1,091|216|135%|0|0|410|612|94|125|0|0|255|635|1,217||01:11:25|Zwift|https://www.strava.com/activities/3292692307
13.04.2020|23,3|00:45:59|365|0|0|0|0||230|634|304|709|0|0|0|0|0|0|706||00:45:59|Zwift|https://www.strava.com/activities/3291977812
12.04.2020|50,6|01:30:21|903|0|251|1,235|198|115%|0|0|336|839|88|108|0|0|228|408|1,377||01:30:21|Zwift|https://www.strava.com/activities/3287958732
11.04.2020|80,4|02:29:32|1,485|0|235|1,981|287|107%|0|0|323|824|85|124|0|0|221|523|2,209||02:30:10|Zwift|https://www.strava.com/activities/3283417549
09.04.2020|61,23|01:45:26|652|0|302|1,832|334|138%|0|0|348|724|90|121|0|0|290|537|2,043||01:45:26|Zwift|https://www.strava.com/activities/3274530781
09.04.2020|22,4|00:45:09|411|0|0|0|0||215|582|298|781|0|0|0|0|0|0|649||00:45:09|Zwift|https://www.strava.com/activities/3274057032
08.04.2020|37,1|01:00:25|182|0|217|770|98|99%|0|0|369|522|88|108|0|0|212|512|859||01:00:25|Zwift|https://www.strava.com/activities/3270518124
07.04.2020|42,68|01:15:17|490|0|0|0|0||269|1,215|340|763|0|0|0|0|0|0|1,354||01:15:17|Zwift|https://www.strava.com/activities/3267069887
07.04.2020|24,19|00:45:12|263|0|197|526|61|90%|0|0|321|752|87|100|0|0|194|277|587||00:45:12|Zwift|https://www.strava.com/activities/3265083628
06.04.2020|48,25|01:15:27|129|0|245|1,033|157|112%|0|0|384|533|77|119|0|0|228|508|1,151||01:15:27|Zwift|https://www.strava.com/activities/3261967259
06.04.2020|25,53|00:45:10|68|0|182|474|51|83%|0|0|339|454|86|95|0|0|175|290|528||00:45:10|Zwift|https://www.strava.com/activities/3261175427
04.04.2020|61,36|02:01:21|1,521|0|232|1,647|227|106%|0|0|303|850|84|128|0|0|226|470|1,836||02:01:21|Zwift|https://www.strava.com/activities/3252805579
03.04.2020|55,91|01:31:03|451|0|234|1,186|173|107%|0|0|368|709|90|124|0|0|217|342|1,322||01:31:03|Zwift|https://www.strava.com/activities/3249323499
02.04.2020|61,56|01:41:48|672|0|303|1,736|326|138%|0|0|363|763|87|120|0|0|284|695|1,936||01:42:43|Zwift|https://www.strava.com/activities/3245264314
02.04.2020|8,78|00:15:34|44|0|172|160|16|79%|0|0|339|518|82|95|0|0|171|241|178||00:15:34|Zwift|https://www.strava.com/activities/3245058565
01.04.2020|24,1|00:41:39|263|0|234|560|79|107%|0|0|347|770|91|125|0|0|224|520|624||00:41:39|Zwift|https://www.strava.com/activities/3241750429
01.04.2020|57,72|01:31:30|226|0|0|0|0||261|1,43|379|551|0|0|0|0|0|0|1,595||01:32:59|Zwift|https://www.strava.com/activities/3241611918
01.04.2020|26,92|00:45:28|99|0|0|0|0||213|582|355|500|0|0|0|0|0|0|649||00:45:28|Zwift|https://www.strava.com/activities/3241092059
25.05.2020|107,87|04:02:11|2,297|0|252|2,828|543|115%|0|0|267|652|82|124|0|0|195|912|3,153|22|04:09:31|Wahoo ELEMNT BOLT|https://www.strava.com/activities/3508583979
21.05.2020|63|02:00:13|671|0|210|1,336|195|96%|0|0|314|673|86|123|0|0|185|538|1,489|28|02:10:50|Wahoo ELEMNT BOLT|https://www.strava.com/activities/3486826739
15.05.2020|62,08|02:12:11|532|0|169|1,052|138|77%|0|0|282|734|74|114|0|0|133|547|1,173|27|02:21:35|Wahoo ELEMNT BOLT|https://www.strava.com/activities/3454168224
14.05.2020|37,42|01:23:32|725|0|213|921|134|97%|0|0|269|612|83|110|0|0|184|514|1,027|15|01:32:14|Wahoo ELEMNT BOLT|https://www.strava.com/activities/3454169591
13.05.2020|109,46|03:55:58|1,527|0|200|2,473|334|91%|0|0|278|778|82|118|0|0|175|585|2,757|20|04:27:39|Wahoo ELEMNT BOLT|https://www.strava.com/activities/3444035249
11.05.2020|76,18|02:30:07|1,34|0|212|1,87|236|97%|0|0|305|846|83|117|0|0|208|357|2,086||02:31:04|Zwift|https://www.strava.com/activities/3433960677
06.05.2020|70,33|02:00:10|650|0|212|1,495|189|97%|0|0|351|634|85|106|0|0|207|405|1,667||02:00:55|Zwift|https://www.strava.com/activities/3406456342
05.05.2020|42,08|01:10:11|655|0|277|1,06|187|126%|0|0|360|767|90|106|0|0|252|418|1,182||01:10:32|Zwift|https://www.strava.com/activities/3401123778
04.05.2020|22,47|00:43:07|395|0|195|490|56|89%|0|0|313|828|88|109|0|0|189|310|546||00:43:07|Zwift|https://www.strava.com/activities/3396972880
04.05.2020|35,4|00:47:02|154|0|330|845|178|151%|0|0|452|626|87|107|0|0|299|628|942||00:47:02|Zwift|https://www.strava.com/activities/3396749440
01.05.2020|71,82|02:00:09|585|0|211|1,498|185|96%|0|0|359|702|86|106|0|0|208|480|1,671||02:00:37|Zwift|https://www.strava.com/activities/3379157084
26.05.2020|110,59|03:49:13|2,055|0|239|2,743|465|109%|0|0|290|684|76|117|0|0|199|988|3,059|24|03:58:34|Wahoo ELEMNT BOLT|https://www.strava.com/activities/3516403428
23.05.2020|73,22|02:32:27|1,343|0|235|1,826|300|107%|0|0|288|1109|79|125|0|0|200|1,068|2,036|21|02:47:09|Wahoo ELEMNT BOLT|https://www.strava.com/activities/3497258861
22.05.2020|147,09|05:17:26|2,748|0|238|3,718|645|109%|0|0|278|637|80|112|0|0|195|768|4,146|23|06:02:31|Wahoo ELEMNT BOLT|https://www.strava.com/activities/3494627334
20.05.2020|134,72|04:59:54|2,47|0|233|3,477|589|106%|0|0|270|670|80|118|0|0|193|802|3,877|24|05:28:21|Wahoo ELEMNT BOLT|https://www.strava.com/activities/3482341067
19.05.2020|120,17|04:00:07|1,635|0|224|2,646|425|102%|0|0|300|626|87|140|0|0|184|747|2,950|20|04:20:51|Wahoo ELEMNT BOLT|https://www.strava.com/activities/3476119946
18.05.2020|86,84|03:00:39|923|0|213|1,946|297|97%|0|0|288|601|82|139|0|0|180|1,095|2,170|27|03:09:26|Wahoo ELEMNT BOLT|https://www.strava.com/activities/3471742666
16.05.2020|125,33|04:15:30|1,44|0|203|2,608|385|93%|0|0|294|590|79|121|0|0|170|982|2,908|18|04:28:02|Wahoo ELEMNT BOLT|https://www.strava.com/activities/3459529283
12.05.2020|120,49|04:04:06|1,422|0|195|2,58|343|89%|0|0|296|562|81|125|0|0|176|602|2,877|21|04:48:19|Wahoo ELEMNT BOLT|https://www.strava.com/activities/3438854636
30.06.2020|32,84|01:14:50|473|0|206|720|116|94%|0|0|263|533|81|109|0|0|160|681|803|30|01:19:17|Wahoo ELEMNT BOLT|https://www.strava.com/activities/3692798574
24.06.2020|141,7|04:27:03|2,313|0|232|3,015|511|106%|0|0|318|742|80|150|0|0|188|1,123|3,361|27|04:34:41|Wahoo ELEMNT BOLT|https://www.strava.com/activities/3663863943
23.06.2020|28,71|01:00:05|218|0|184|611|79|84%|0|0|287|608|84|140|0|0|170|530|681|29|01:28:56|Wahoo ELEMNT BOLT|https://www.strava.com/activities/3982934988
17.06.2020|56,95|02:00:49|1,065|0|270|1,356|315|123%|0|0|283|641|81|114|0|0|187|690|1,512|21|02:04:55|Wahoo ELEMNT BOLT|https://www.strava.com/activities/3628022125
13.06.2020|94,42|03:01:31|1,235|0|211|2,098|290|96%|0|0|312|637|84|160|0|0|193|620|2,339|10|03:09:02|Wahoo ELEMNT BOLT|https://www.strava.com/activities/3606781229
07.06.2020|39,05|01:17:27|371|0|188|788|100|86%|0|0|303|583|91|117|0|0|169|606|878|20|01:24:08|Wahoo ELEMNT BOLT|https://www.strava.com/activities/3577164202
04.06.2020|43,63|01:35:37|926|0|252|1,21|216|115%|0|0|274|637|83|119|0|0|211|638|1,349|14|01:38:18|Wahoo ELEMNT BOLT|https://www.strava.com/activities/3563441484
29.06.2020|229,62|06:49:43|4,046|0|252|5,004|931|115%|0|0|336|749|82|139|0|0|204|671|5,580|25|07:18:23|Wahoo ELEMNT BOLT|https://www.strava.com/activities/3688157123
28.06.2020|111,81|03:33:23|2,013|0|252|2,294|485|115%|0|0|314|742|82|117|0|0|179|847|2,558|21|03:46:33|Wahoo ELEMNT BOLT|https://www.strava.com/activities/3683100353
27.06.2020|170,04|05:06:37|2,971|0|261|3,747|745|119%|0|0|333|778|81|135|0|0|204|980|4,177|26|05:17:48|Wahoo ELEMNT BOLT|https://www.strava.com/activities/3678536426
26.06.2020|63,03|01:59:59|987|0|214|1,177|197|98%|0|0|315|727|77|133|0|0|164|1,027|1,313|24|02:20:54|Wahoo ELEMNT BOLT|https://www.strava.com/activities/3678538844
25.06.2020|165,05|04:50:51|2,485|0|245|3,566|626|112%|0|0|340|695|83|126|0|0|204|774|3,976|26|05:15:15|Wahoo ELEMNT BOLT|https://www.strava.com/activities/3678541982
22.06.2020|93,77|02:50:37|1,082|0|249|2,073|382|114%|0|0|330|612|84|125|0|0|203|1,044|2,312|27|03:22:13|Wahoo ELEMNT BOLT|https://www.strava.com/activities/3652766064
18.06.2020|195,73|06:30:38|3,578|0|256|4,895|923|117%|0|0|301|709|81|140|0|0|209|965|5,458|21|06:59:56|Wahoo ELEMNT BOLT|https://www.strava.com/activities/3633607577
16.06.2020|148,66|05:00:48|2,66|0|248|3,67|662|113%|0|0|297|770|82|120|0|0|203|556|4,092|20|05:43:59|Wahoo ELEMNT BOLT|https://www.strava.com/activities/3623179384
15.06.2020|103,94|03:28:03|1,74|0|244|2,51|446|111%|0|0|300|770|84|119|0|0|201|831|2,799|22|03:43:32|Wahoo ELEMNT BOLT|https://www.strava.com/activities/3623182354
12.06.2020|183,35|06:46:24|5,06|0|256|5,459|969|117%|0|0|271|810|78|123|0|0|224|620|6,087|11|07:39:42|Wahoo ELEMNT BOLT|https://www.strava.com/activities/3603226853
11.06.2020|158,9|04:56:52|2,831|0|258|3,727|720|118%|0|0|321|1022|83|130|0|0|209|656|4,155|15|05:24:37|Wahoo ELEMNT BOLT|https://www.strava.com/activities/3597366720
10.06.2020|79,44|03:05:56|2,002|0|242|2,327|392|111%|0|0|256|691|80|116|0|0|209|529|2,594|9|03:16:42|Wahoo ELEMNT BOLT|https://www.strava.com/activities/3592363169
09.06.2020|141,17|04:55:02|3,649|0|266|4,184|748|121%|0|0|287|774|82|119|0|0|236|710|4,665|13|05:08:50|Wahoo ELEMNT BOLT|https://www.strava.com/activities/3587479020
08.06.2020|146,76|04:45:49|3,059|0|259|3,979|688|118%|0|0|308|947|85|125|0|0|232|765|4,436|16|05:00:33|Wahoo ELEMNT BOLT|https://www.strava.com/activities/3582455439
05.06.2020|177,66|06:01:57|2,908|0|243|4,326|766|111%|0|0|295|616|85|125|0|0|199|1,027|4,823|26|06:41:57|Wahoo ELEMNT BOLT|https://www.strava.com/activities/3567461614
03.06.2020|109,41|03:31:52|1,718|0|248|2,724|473|113%|0|0|310|1004|85|131|0|0|214|1,01|3,037|19|04:39:08|Wahoo ELEMNT BOLT|https://www.strava.com/activities/3557193437
02.06.2020|108,65|04:01:48|2,359|0|251|3,008|545|115%|0|0|270|688|81|130|0|0|207|832|3,354|22|04:29:19|Wahoo ELEMNT BOLT|https://www.strava.com/activities/3552006145
01.06.2020|87,37|03:06:59|1,487|0|222|2,174|335|101%|0|0|280|778|89|124|0|0|194|1,097|2,424|18|03:33:41|Wahoo ELEMNT BOLT|https://www.strava.com/activities/3546317550
31.07.2020|35,57|01:15:18|241|0|167|670|79|76%|0|0|283|601|88|119|0|0|148|442|747|35|01:28:53|Wahoo ELEMNT BOLT|https://www.strava.com/activities/3844275393
30.07.2020|60,89|02:12:14|1,23|0|288|1,573|390|132%|0|0|276|634|85|116|0|0|198|637|1,754|28|02:14:48|Wahoo ELEMNT BOLT|https://www.strava.com/activities/3837355860
21.07.2020|56,47|02:01:31|876|0|193|1,082|161|88%|0|0|279|724|83|115|0|0|148|525|1,207|13|02:04:48|Wahoo ELEMNT BOLT|https://www.strava.com/activities/3794641920
09.07.2020|84,42|02:57:25|1,697|0|216|1,97|306|99%|0|0|286|738|83|124|0|0|185|568|2,196|26|03:09:02|Wahoo ELEMNT BOLT|https://www.strava.com/activities/3735743310
08.07.2020|50,12|02:15:57|1,676|0|226|1,495|247|103%|0|0|221|684|77|133|0|0|183|1,094|1,667|26|02:19:32|Wahoo ELEMNT BOLT|https://www.strava.com/activities/3731124540
28.07.2020|86,16|02:59:20|1,123|0|204|1,806|271|93%|0|0|288|619|85|146|0|0|168|1,066|2,014|25|03:39:58|Wahoo ELEMNT BOLT|https://www.strava.com/activities/3826991493
25.07.2020|208,65|07:21:31|5,693|0|269|5,799|1150|123%|0|0|284|853|78|144|0|0|219|890|6,466|22|07:53:55|Wahoo ELEMNT BOLT|https://www.strava.com/activities/3811587500
24.07.2020|21,82|00:56:10|1,025|0|319|977|212|146%|0|0|233|522|81|113|0|0|290|490|1,089|11|00:59:54|Wahoo ELEMNT BOLT|https://www.strava.com/activities/3807908840
23.07.2020|58,2|02:08:50|1,445|0|216|1,077|220|99%|0|0|271|824|71|106|0|0|139|713|1,200|21|02:59:42|Wahoo ELEMNT BOLT|https://www.strava.com/activities/3804427388
22.07.2020|173,38|06:02:01|4,071|0|247|4,297|803|113%|0|0|287|763|79|125|0|0|198|666|4,791|20|06:33:10|Wahoo ELEMNT BOLT|https://www.strava.com/activities/3800660921
19.07.2020|176,22|05:49:27|3,822|0|252|3,918|807|115%|0|0|303|810|77|146|0|0|187|843|4,368|23|06:23:44|Wahoo ELEMNT BOLT|https://www.strava.com/activities/3785832838
18.07.2020|107,93|03:45:46|2,686|0|250|2,679|512|114%|0|0|287|785|74|140|0|0|198|669|2,987|21|03:56:30|Wahoo ELEMNT BOLT|https://www.strava.com/activities/3779589312
17.07.2020|112,55|04:18:49|2,943|0|225|2,819|465|103%|0|0|261|785|72|131|0|0|182|1,114|3,143|18|04:28:48|Wahoo ELEMNT BOLT|https://www.strava.com/activities/3775074803
15.07.2020|129,85|04:13:56|2,72|0|250|2,946|580|114%|0|0|307|760|81|172|0|0|193|639|3,284|17|04:29:38|Wahoo ELEMNT BOLT|https://www.strava.com/activities/3765521925
14.07.2020|145,14|05:11:16|3,484|0|227|3,199|575|104%|0|0|280|828|83|132|0|0|171|1,078|3,567|21|05:23:13|Wahoo ELEMNT BOLT|https://www.strava.com/activities/3760683478
13.07.2020|122,25|04:19:08|2,845|0|234|3,178|516|107%|0|0|283|731|89|133|0|0|204|698|3,544|22|04:33:41|Wahoo ELEMNT BOLT|https://www.strava.com/activities/3755570874
11.07.2020|116,66|04:20:09|3,004|0|232|3,248|499|106%|0|0|269|734|83|126|0|0|208|577|3,621|14|04:29:34|Wahoo ELEMNT BOLT|https://www.strava.com/activities/3745322709
07.07.2020|122,03|04:15:34|2,128|0|214|2,894|430|98%|0|0|287|677|85|119|0|0|189|713|3,227|27|04:55:58|Wahoo ELEMNT BOLT|https://www.strava.com/activities/3726459128
06.07.2020|64,71|02:02:03|601|0|217|1,456|209|99%|0|0|318|569|89|126|0|0|199|631|1,623|28|02:08:12|Wahoo ELEMNT BOLT|https://www.strava.com/activities/3725400287
30.08.2020|196,21|05:28:12|3,596|0|251|4,03|723|115%|0|0|359|875|83|138|0|0|205|964|4,493|29|05:29:07|Wahoo ELEMNT BOLT|https://www.strava.com/activities/3988009909
29.08.2020|163,08|04:07:02|1,874|0|249|2,93|534|114%|0|0|396|709|87|139|0|0|198|912|3,267|19|04:07:34|Wahoo ELEMNT BOLT|https://www.strava.com/activities/3982933948
28.08.2020|60,84|01:58:28|908|0|178|1,045|132|81%|0|0|308|724|86|128|0|0|147|534|1,166|27|02:00:24|Wahoo ELEMNT BOLT|https://www.strava.com/activities/3978785343
27.08.2020|79,8|02:33:18|1,562|0|238|1,756|314|109%|0|0|312|760|87|129|0|0|191|608|1,958|24|02:44:11|Wahoo ELEMNT BOLT|https://www.strava.com/activities/3976349692
25.08.2020|43,84|01:38:34|769|0|211|1,115|167|96%|0|0|267|641|85|123|0|0|188|809|1,243|25|02:14:48|Wahoo ELEMNT BOLT|https://www.strava.com/activities/3982934506
23.08.2020|205,38|05:00:19|2,075|0|258|4,302|688|118%|0|0|410|1598|85|143|0|0|239|1,028|4,797|14|05:00:19|Wahoo ELEMNT BOLT|https://www.strava.com/activities/3969953087
22.08.2020|41,55|01:18:00|449|0|192|685|104|88%|0|0|320|673|83|123|0|0|146|974|763|19|01:38:57|Wahoo ELEMNT BOLT|https://www.strava.com/activities/3948505847
21.08.2020|55,36|02:02:55|1,085|0|235|1,37|242|107%|0|0|270|648|88|125|0|0|186|570|1,528|24|02:16:06|Wahoo ELEMNT BOLT|https://www.strava.com/activities/3944390179
20.08.2020|137,71|04:31:39|2,434|0|251|3,418|612|115%|0|0|304|810|86|132|0|0|210|719|3,811|24|04:50:00|Wahoo ELEMNT BOLT|https://www.strava.com/activities/3940453310
19.08.2020|81,2|02:58:00|1,464|0|213|1,968|292|97%|0|0|274|680|83|114|0|0|184|566|2,194|24|03:06:06|Wahoo ELEMNT BOLT|https://www.strava.com/activities/3934994609
17.08.2020|22,27|00:59:34|373|0|148|426|45|68%|0|0|224|655|81|104|0|0|119|362|475|30|00:59:34|Wahoo ELEMNT BOLT|https://www.strava.com/activities/3926041794
16.08.2020|156,63|04:35:37|3,862|0|302|4,107|877|138%|0|0|341|860|76|140|0|0|248|927|4,579|25|04:36:47|Wahoo ELEMNT BOLT|https://www.strava.com/activities/3922214391
15.08.2020|145,46|04:38:19|4,227|0|297|4,274|859|136%|0|0|314|878|80|147|0|0|256|917|4,766|28|04:39:32|Wahoo ELEMNT BOLT|https://www.strava.com/activities/3917405510
14.08.2020|159,54|04:33:06|3,349|0|289|4,2|792|132%|0|0|351|940|83|137|0|0|256|1,021|4,683|29|04:33:06|Wahoo ELEMNT BOLT|https://www.strava.com/activities/3912043340
13.08.2020|137,46|03:58:41|2,835|0|284|3,505|672|130%|0|0|346|864|86|133|0|0|245|906|3,908|32|03:59:30|Wahoo ELEMNT BOLT|https://www.strava.com/activities/3907791974
12.08.2020|226,53|05:44:55|3,468|0|277|4,753|924|126%|0|0|394|875|87|148|0|0|230|1,043|5,300|27|05:47:56|Wahoo ELEMNT BOLT|https://www.strava.com/activities/3902568182
11.08.2020|52,49|01:55:16|954|0|211|1,097|182|96%|0|0|273|767|82|118|0|0|159|588|1,223|24|01:58:21|Wahoo ELEMNT BOLT|https://www.strava.com/activities/3900929227
10.08.2020|57,88|02:01:36|1,029|0|269|1,407|315|123%|0|0|286|641|88|123|0|0|193|737|1,569|26|02:09:09|Wahoo ELEMNT BOLT|https://www.strava.com/activities/3891491263
07.08.2020|22,86|01:02:39|413|0|163|485|60|74%|0|0|219|472|78|111|0|0|129|493|541|30|01:10:22|Wahoo ELEMNT BOLT|https://www.strava.com/activities/3877555629
06.08.2020|16,62|00:19:55|0|0|23|15|0|11%|0|0|501|677|68|106|0|0|13|208|17|26|00:23:51|Wahoo ELEMNT BOLT|https://www.strava.com/activities/3873387280
06.08.2020|180,83|05:16:45|3,955|0|288|4,435|917|132%|0|0|343|727|85|137|0|0|233|967|4,945|32|05:17:04|Wahoo ELEMNT BOLT|https://www.strava.com/activities/3873390556
05.08.2020|29,15|01:10:04|418|0|180|616|83|82%|0|0|250|608|78|123|0|0|147|413|687|27|01:30:57|Wahoo ELEMNT BOLT|https://www.strava.com/activities/3871876138
04.08.2020|199,4|04:36:36|2,046|0|289|4,133|808|132%|0|0|433|875|86|149|0|0|249|1,063|4,609|27|04:38:36|Wahoo ELEMNT BOLT|https://www.strava.com/activities/3863272681
03.08.2020|165,72|04:45:02|3,903|0|302|4,447|905|138%|0|0|349|907|83|138|0|0|260|972|4,959|21|04:45:27|Wahoo ELEMNT BOLT|https://www.strava.com/activities/3858457043
02.08.2020|155,99|04:40:07|1,066|0|259|5,986|334|118%|0|0|334|1037|94|133|0|0|356|1,135|6,674|10|04:43:02|Wahoo ELEMNT BOLT|https://www.strava.com/activities/3856870956
01.08.2020|190,36|04:43:02|2,197|0|0|0|0||371|6,306|404|853|0|0|0|0|0|0|7,031|32|04:44:59|Wahoo ELEMNT BOLT|https://www.strava.com/activities/3849914279
01.08.2020|0,01|00:00:00|0|0|0|0|0||103|0|143|36|0|0|0|0|0|0|0|28|00:38:51|Wahoo ELEMNT BOLT|https://www.strava.com/activities/3849914538
19.09.2020|36,09|01:05:56|945|0|319|1,352|346|146%|0|0|328|752|88|121|0|0|342|584|1,507|20|01:44:45|Wahoo ELEMNT BOLT|https://www.strava.com/activities/4084198859
18.09.2020|172,61|03:57:39|2,099|0|259|2,898|553|118%|0|0|436|821|85|142|0|0|203|901|3,231|30|03:58:01|Wahoo ELEMNT BOLT|https://www.strava.com/activities/4081765384
17.09.2020|172,48|04:56:41|4,452|0|312|4,804|1000|142%|0|0|349|900|80|146|0|0|270|966|5,356|24|04:56:41|Wahoo ELEMNT BOLT|https://www.strava.com/activities/4073487056
15.09.2020|167,22|04:39:47|3,579|0|298|4,108|862|136%|0|0|359|907|82|153|0|0|245|988|4,581|27|04:39:47|Wahoo ELEMNT BOLT|https://www.strava.com/activities/4064442226
14.09.2020|33,43|01:12:20|57|0|125|492|40|57%|0|0|277|374|78|102|0|0|113|366|548|25|01:15:02|Wahoo ELEMNT BOLT|https://www.strava.com/activities/4062278413
13.09.2020|204,63|05:40:50|3,602|0|283|4,885|956|129%|0|0|360|846|81|146|0|0|239|950|5,447|26|05:44:18|Wahoo ELEMNT BOLT|https://www.strava.com/activities/4054855838
10.09.2020|23,21|00:30:15|176|0|236|361|58|108%|0|0|461|756|86|138|0|0|199|810|402|30|00:30:15|Wahoo ELEMNT BOLT|https://www.strava.com/activities/4042862543
01.09.2020|161,6|04:12:52|3,098|0|258|3,809|567|118%|0|0|383|1238|87|142|0|0|251|875|4,247|12|04:13:54|Wahoo ELEMNT BOLT|https://www.strava.com/activities/3996843635
12.09.2020|199,86|04:40:31|2,551|0|283|3,957|787|129%|0|0|427|871|87|188|0|0|235|957|4,412|27|04:43:16|Wahoo ELEMNT BOLT|https://www.strava.com/activities/4049548597
11.09.2020|197,71|05:31:53|4,388|0|292|4,872|988|133%|0|0|357|893|80|140|0|0|245|867|5,432|25|05:34:17|Wahoo ELEMNT BOLT|https://www.strava.com/activities/4044480580
09.09.2020|174,24|04:16:01|1,101|0|231|2,736|474|105%|0|0|408|781|81|138|0|0|178|983|3,051|30|04:16:55|Wahoo ELEMNT BOLT|https://www.strava.com/activities/4035168161
08.09.2020|173,19|03:45:52|687|0|260|2,946|532|119%|0|0|460|727|82|141|0|0|217|1,017|3,285|28|03:46:20|Wahoo ELEMNT BOLT|https://www.strava.com/activities/4030318729
07.09.2020|39,34|01:16:44|146|0|0|0|0||164|754|308|443|0|0|0|0|0|0|841|20|01:28:20|Wahoo ELEMNT BOLT|https://www.strava.com/activities/4028952205
06.09.2020|162,04|04:19:57|3,424|0|313|4,087|887|143%|0|0|374|896|80|144|0|0|262|886|4,557|16|04:21:01|Wahoo ELEMNT BOLT|https://www.strava.com/activities/4021511145
05.09.2020|142,01|04:26:14|3,606|0|287|3,806|762|131%|0|0|320|868|83|139|0|0|238|911|4,244|26|04:26:34|Wahoo ELEMNT BOLT|https://www.strava.com/activities/4016340765
04.09.2020|173,28|03:44:06|2,06|0|300|3,337|705|137%|0|0|464|925|84|149|0|0|248|941|3,721|32|03:45:35|Wahoo ELEMNT BOLT|https://www.strava.com/activities/4010744682
03.09.2020|190,4|04:36:14|3,072|0|301|4,25|868|137%|0|0|414|907|86|139|0|0|256|1,06|4,738|30|04:36:39|Wahoo ELEMNT BOLT|https://www.strava.com/activities/4006705406
02.09.2020|186,06|04:29:30|1,463|0|241|2,832|547|110%|0|0|414|770|83|136|0|0|175|943|3,157|28|04:32:00|Wahoo ELEMNT BOLT|https://www.strava.com/activities/4001551471
13.10.2020|32,62|01:09:22|471|0|203|728|102|93%|0|0|282|558|84|110|0|0|175|448|727|15|01:11:01|Wahoo ELEMNT BOLT|https://www.strava.com/activities/4188652774
07.10.2020|62,53|02:13:14|880|0|213|1,497|218|97%|0|0|282|612|89|118|0|0|187|573|1,498|15|03:11:21|Wahoo ELEMNT BOLT|https://www.strava.com/activities/4163932930
24.10.2020|9,5|00:45:13|0|0|0|0|0||0|0|0|0|0|0|0|0|0|0|||00:00:00||https://www.strava.com/activities/4235384353
08.10.2020|78,93|02:50:43|1,449|0|237|1,979|339|108%|0|0|277|616|87|117|0|0|193|817|1,975|17|03:21:52|Wahoo ELEMNT BOLT|https://www.strava.com/activities/4166928299
06.10.2020|83,22|03:03:10|1,501|0|214|1,967|308|98%|0|0|273|623|82|123|0|0|179|852|1,963|14|03:50:47|Wahoo ELEMNT BOLT|https://www.strava.com/activities/4159986562
04.10.2020|260,53|06:55:08|4,461|0|283|6,06|1157|129%|0|0|377|868|84|144|0|0|243|932|6,059|8|06:56:29|Wahoo ELEMNT BOLT|https://www.strava.com/activities/4160248640
20.11.2020|11,55|01:00:02|0|0|0|0|0||0|0|0|0|0|0|0|0|0|0|||00:00:00||https://www.strava.com/activities/4363992751
18.11.2020|10,39|00:59:50|0|0|0|0|0||0|0|0|0|0|0|0|0|0|0|||00:00:00||https://www.strava.com/activities/4354606237
13.11.2020|7,78|00:44:15|0|0|0|0|0||0|0|0|0|0|0|0|0|0|0|||00:00:00||https://www.strava.com/activities/4331577377
12.11.2020|11,78|01:01:42|0|0|0|0|0||0|0|0|0|0|0|0|0|0|0|||00:00:00||https://www.strava.com/activities/4326437605
21.11.2020|96,45|03:31:12|1,259|0|212|2,323|331|97%|0|0|274|608|91|121|0|0|183|561|2,315|9|03:32:04|Wahoo ELEMNT BOLT|https://www.strava.com/activities/4368452145
19.11.2020|90,7|03:16:59|1,195|0|208|2,17|306|95%|0|0|276|554|89|123|0|0|184|868|2,162|13|03:39:53|Wahoo ELEMNT BOLT|https://www.strava.com/activities/4359632867
17.11.2020|85,03|02:58:34|711|0|187|1,822|216|85%|0|0|286|634|93|133|0|0|170|529|1,816|15|02:59:11|Wahoo ELEMNT BOLT|https://www.strava.com/activities/4350143297
14.11.2020|65,83|02:15:05|518|0|191|1,405|173|87%|0|0|292|583|89|124|0|0|173|556|1,422|15|02:16:53|Wahoo ELEMNT BOLT|https://www.strava.com/activities/4335469136
11.11.2020|11,01|01:01:48|0|0|0|0|0||0|0|0|0|0|0|0|0|0|0|||00:00:00||https://www.strava.com/activities/4321128186
07.11.2020|10|00:59:32|0|0|0|0|0||0|0|0|0|0|0|0|0|0|0|||00:00:00||https://www.strava.com/activities/4300252463
05.11.2020|9,85|00:54:56|0|0|0|0|0||0|0|0|0|0|0|0|0|0|0|||00:00:00||https://www.strava.com/activities/4296048251
01.11.2020|7,34|00:45:05|0|0|0|0|0||0|0|0|0|0|0|0|0|0|0|||00:00:00||https://www.strava.com/activities/4272389797
