date|distance|mov_time|elevation|relativeEffort|avg_power_weig|work_total|training_load|intensity|estAvgPower|energyOutput|avg_speed|max_speed|avg_cadence|max_cadence|avg_heartRate|max_heartRate|avg_power|max_power|avg_calories|avg_temperature|avg_elap_time|bicycle_model|url
31.01.2019|160,31|05:02:09|2,042|0|0|0|0||0|0|318|677|87|127|130|172|0|0|4,123|12|05:13:05|Lezyne Mega C|https://www.strava.com/activities/2115260185
31.01.2019|160,31|05:02:09|2,042|0|0|0|0||0|0|318|677|87|127|130|172|0|0|4,123|12|05:13:05|Lezyne Mega C|https://www.strava.com/activities/2084752565
31.01.2019|160,31|05:02:09|2,042|0|0|0|0||0|0|318|677|87|127|130|172|0|0|4,123|12|05:13:05|Lezyne Mega C|https://www.strava.com/activities/2113078378
31.01.2019|160,31|05:02:09|2,042|0|0|0|0||0|0|318|677|87|127|130|172|0|0|4,123|12|05:13:05|Lezyne Mega C|https://www.strava.com/activities/2111295864
29.01.2019|88,22|02:54:44|1,231|0|0|0|0||0|0|303|616|89|126|132|179|0|0|2,436|13|03:14:30|Lezyne Mega C|https://www.strava.com/activities/2105989897
29.01.2019|88,22|02:54:44|1,231|0|0|0|0||0|0|303|616|89|126|132|179|0|0|2,436|13|03:14:30|Lezyne Mega C|https://www.strava.com/activities/2104061088
31.01.2019|160,31|05:02:09|2,042|0|0|0|0||0|0|318|677|87|127|130|172|0|0|4,123|12|05:13:05|Lezyne Mega C|https://www.strava.com/activities/2100575385
31.01.2019|160,31|05:02:09|2,042|0|0|0|0||0|0|318|677|87|127|130|172|0|0|4,123|12|05:13:05|Lezyne Mega C|https://www.strava.com/activities/2098099376
31.01.2019|160,31|05:02:09|2,042|0|0|0|0||0|0|318|677|87|127|130|172|0|0|4,123|12|05:13:05|Lezyne Mega C|https://www.strava.com/activities/2095899286
27.01.2019|20,72|00:42:37|138|0|0|0|0||0|0|292|720|90|115|114|138|0|0|817|11|01:22:41|Lezyne Mega C|https://www.strava.com/activities/2093822829
27.01.2019|20,72|00:42:37|138|0|0|0|0||0|0|292|720|90|115|114|138|0|0|817|11|01:22:41|Lezyne Mega C|https://www.strava.com/activities/2091143685
27.01.2019|20,72|00:42:37|138|0|0|0|0||0|0|292|720|90|115|114|138|0|0|817|11|01:22:41|Lezyne Mega C|https://www.strava.com/activities/2089120979
27.01.2019|20,72|00:42:37|138|0|0|0|0||0|0|292|720|90|115|114|138|0|0|817|11|01:22:41|Lezyne Mega C|https://www.strava.com/activities/2087045703
22.01.2019|130,91|04:01:12|1,664|0|259|0|0||0|0|326|720|87|133|0|0|0|1,13|3,124|11|04:13:19|Lezyne Mega C|https://www.strava.com/activities/2082660733
26.01.2019|82,35|02:53:14|1,4|0|247|0|0||0|0|285|698|85|121|0|0|0|1,031|2,189|10|03:00:35|Lezyne Mega C|https://www.strava.com/activities/2077750897
26.01.2019|82,35|02:53:14|1,4|0|247|0|0||0|0|285|698|85|121|0|0|0|1,031|2,189|10|03:00:35|Lezyne Mega C|https://www.strava.com/activities/2076911112
26.01.2019|82,35|02:53:14|1,4|0|247|0|0||0|0|285|698|85|121|0|0|0|1,031|2,189|10|03:00:35|Lezyne Mega C|https://www.strava.com/activities/2070634779
26.01.2019|82,35|02:53:14|1,4|0|247|0|0||0|0|285|698|85|121|0|0|0|1,031|2,189|10|03:00:35|Lezyne Mega C|https://www.strava.com/activities/2068834965
26.01.2019|82,35|02:53:14|1,4|0|247|0|0||0|0|285|698|85|121|0|0|0|1,031|2,189|10|03:00:35|Lezyne Mega C|https://www.strava.com/activities/2066555761
26.01.2019|82,35|02:53:14|1,4|0|247|0|0||0|0|285|698|85|121|0|0|0|1,031|2,189|10|03:00:35|Lezyne Mega C|https://www.strava.com/activities/2064108105
19.01.2019|143,2|04:00:18|1,387|0|0|0|0||0|0|358|842|87|119|122|173|0|0|2,266|11|04:40:00|Lezyne Mega C|https://www.strava.com/activities/2060094744
19.01.2019|143,2|04:00:18|1,387|0|0|0|0||0|0|358|842|87|119|122|173|0|0|2,266|11|04:40:00|Lezyne Mega C|https://www.strava.com/activities/2057143678
19.01.2019|143,2|04:00:18|1,387|0|0|0|0||0|0|358|842|87|119|122|173|0|0|2,266|11|04:40:00|Lezyne Mega C|https://www.strava.com/activities/2054554183
10.01.2019|148,62|05:04:10|2,691|0|0|0|0||0|0|293|720|83|135|136|178|0|0|4,360|12|05:24:06|Lezyne Mega C|https://www.strava.com/activities/2052743369
10.01.2019|148,62|05:04:10|2,691|0|0|0|0||0|0|293|720|83|135|136|178|0|0|4,360|12|05:24:06|Lezyne Mega C|https://www.strava.com/activities/2050279726
10.01.2019|148,62|05:04:10|2,691|0|0|0|0||0|0|293|720|83|135|136|178|0|0|4,360|12|05:24:06|Lezyne Mega C|https://www.strava.com/activities/2181834787
08.01.2019|95,93|03:19:17|995|0|230|0|0||0|0|289|623|86|120|0|0|0|768|2,816|13|03:24:36|Lezyne Mega C|https://www.strava.com/activities/2178955118
04.01.2019|60,51|02:09:26|562|0|0|0|0||147|0|281|468|0|0|0|0|0|0|1,000|-1|02:11:31|Garmin Edge 1000|https://www.strava.com/activities/2176856944
02.01.2019|70,11|02:25:49|898|0|237|0|0||0|0|289|608|84|135|0|0|0|539|2,053|13|02:29:25|Lezyne Mega C|https://www.strava.com/activities/2174352119
02.01.2019|70,11|02:25:49|898|0|237|0|0||0|0|289|608|84|135|0|0|0|539|2,053|13|02:29:25|Lezyne Mega C|https://www.strava.com/activities/2171618076
02.01.2019|70,11|02:25:49|898|0|237|0|0||0|0|289|608|84|135|0|0|0|539|2,053|13|02:29:25|Lezyne Mega C|https://www.strava.com/activities/2167267099
02.01.2019|70,11|02:25:49|898|0|237|0|0||0|0|289|608|84|135|0|0|0|539|2,053|13|02:29:25|Lezyne Mega C|https://www.strava.com/activities/2164520784
02.01.2019|70,11|02:25:49|898|0|237|0|0||0|0|289|608|84|135|0|0|0|539|2,053|13|02:29:25|Lezyne Mega C|https://www.strava.com/activities/2164520954
02.01.2019|70,11|02:25:49|898|0|237|0|0||0|0|289|608|84|135|0|0|0|539|2,053|13|02:29:25|Lezyne Mega C|https://www.strava.com/activities/2162394988
28.02.2019|72,47|02:13:41|773|0|0|0|0||235|0|325|695|0|0|0|0|0|0|2,084|8|02:28:06|Lezyne Mega XL GPS|https://www.strava.com/activities/2159796340
21.02.2019|10,95|00:21:32|29|0|110|0|0||0|0|305|443|86|115|0|0|0|436|130|24|00:24:18|Lezyne Mega C|https://www.strava.com/activities/2157662470
21.02.2019|174,27|04:20:47|1,243|0|272|0|0||0|0|401|900|87|131|0|0|0|1,105|3,393|26|04:28:11|Lezyne Mega C|https://www.strava.com/activities/2155440872
21.02.2019|174,27|04:20:47|1,243|0|272|0|0||0|0|401|900|87|131|0|0|0|1,105|3,393|26|04:28:11|Lezyne Mega C|https://www.strava.com/activities/2155431118
22.02.2019|44,72|01:34:10|634|0|0|0|0||195|0|285|684|0|0|0|0|0|0|1,296|21|01:34:46|Lezyne Mega C|https://www.strava.com/activities/2152791629
22.02.2019|44,72|01:34:10|634|0|0|0|0||195|0|285|684|0|0|0|0|0|0|1,296|21|01:34:46|Lezyne Mega C|https://www.strava.com/activities/2150141297
22.02.2019|44,72|01:34:10|634|0|0|0|0||195|0|285|684|0|0|0|0|0|0|1,296|21|01:34:46|Lezyne Mega C|https://www.strava.com/activities/2148052404
22.02.2019|44,72|01:34:10|634|0|0|0|0||195|0|285|684|0|0|0|0|0|0|1,296|21|01:34:46|Lezyne Mega C|https://www.strava.com/activities/2143246586
22.02.2019|44,72|01:34:10|634|0|0|0|0||195|0|285|684|0|0|0|0|0|0|1,296|21|01:34:46|Lezyne Mega C|https://www.strava.com/activities/2138799776
22.02.2019|44,72|01:34:10|634|0|0|0|0||195|0|285|684|0|0|0|0|0|0|1,296|21|01:34:46|Lezyne Mega C|https://www.strava.com/activities/2137098393
22.02.2019|44,72|01:34:10|634|0|0|0|0||195|0|285|684|0|0|0|0|0|0|1,296|21|01:34:46|Lezyne Mega C|https://www.strava.com/activities/2136034463
20.02.2019|168,48|04:15:41|1,968|0|285|0|0||0|0|395|932|88|142|0|0|0|985|4,264|28|04:16:26|Lezyne Mega C|https://www.strava.com/activities/2134512110
20.02.2019|168,48|04:15:41|1,968|0|285|0|0||0|0|395|932|88|142|0|0|0|985|4,264|28|04:16:26|Lezyne Mega C|https://www.strava.com/activities/2132391205
18.02.2019|195,85|04:52:22|4,807|0|276|0|0||0|0|402|965|90|139|0|0|0|1,146|4,538|28|04:52:22|Lezyne Mega C|https://www.strava.com/activities/2130272225
18.02.2019|195,85|04:52:22|4,807|0|276|0|0||0|0|402|965|90|139|0|0|0|1,146|4,538|28|04:52:22|Lezyne Mega C|https://www.strava.com/activities/2128045794
17.02.2019|16,41|00:28:38|42|0|150|0|0||0|0|344|526|93|121|0|0|0|455|269|24|00:29:22|Lezyne Mega C|https://www.strava.com/activities/2125602573
15.02.2019|73,76|02:05:07|238|0|0|0|0||0|0|354|572|87|142|104|140|0|0|1,333|27|02:10:16|Lezyne Mega C|https://www.strava.com/activities/2123340982
15.02.2019|73,76|02:05:07|238|0|0|0|0||0|0|354|572|87|142|104|140|0|0|1,333|27|02:10:16|Lezyne Mega C|https://www.strava.com/activities/2121717322
11.02.2019|65,65|02:13:09|626|0|0|0|0||0|0|296|720|0|0|112|136|0|0|1,885|19|02:14:36|Lezyne Mega C|https://www.strava.com/activities/2116902901
11.02.2019|65,65|02:13:09|626|0|0|0|0||0|0|296|720|0|0|112|136|0|0|1,885|19|02:14:36|Lezyne Mega C|https://www.strava.com/activities/2255237546
11.02.2019|65,65|02:13:09|626|0|0|0|0||0|0|296|720|0|0|112|136|0|0|1,885|19|02:14:36|Lezyne Mega C|https://www.strava.com/activities/2249614099
11.02.2019|65,65|02:13:09|626|0|0|0|0||0|0|296|720|0|0|112|136|0|0|1,885|19|02:14:36|Lezyne Mega C|https://www.strava.com/activities/2246649916
11.02.2019|65,65|02:13:09|626|0|0|0|0||0|0|296|720|0|0|112|136|0|0|1,885|19|02:14:36|Lezyne Mega C|https://www.strava.com/activities/2244177948
10.02.2019|29,28|00:56:21|99|0|0|0|0||0|0|312|421|87|124|104|133|0|0|557|12|00:57:17|Lezyne Mega C|https://www.strava.com/activities/2241668370
10.02.2019|29,28|00:56:21|99|0|0|0|0||0|0|312|421|87|124|104|133|0|0|557|12|00:57:17|Lezyne Mega C|https://www.strava.com/activities/2236658210
06.02.2019|86,22|02:38:09|467|0|0|0|0||0|0|327|637|83|126|113|165|0|0|2,739|20|03:58:54|Lezyne Mega C|https://www.strava.com/activities/2234913439
06.02.2019|86,22|02:38:09|467|0|0|0|0||0|0|327|637|83|126|113|165|0|0|2,739|20|03:58:54|Lezyne Mega C|https://www.strava.com/activities/2231409409
01.02.2019|47,16|01:33:15|500|0|236|0|0||0|0|303|565|89|120|0|0|0|612|1,230|10|01:33:42|Lezyne Mega C|https://www.strava.com/activities/2229065299
03.02.2019|92,86|03:01:34|1,045|0|260|0|0||0|0|307|594|83|119|0|0|0|525|2,658|11|03:02:02|Lezyne Mega C|https://www.strava.com/activities/2227104775
31.03.2019|204,65|04:30:14|1,323|0|312|0|0||0|0|454|853|92|150|155|179|0|1,561|4,831|15|04:31:34|Lezyne Mega XL GPS|https://www.strava.com/activities/2224491388
31.03.2019|204,65|04:30:14|1,323|0|312|0|0||0|0|454|853|92|150|155|179|0|1,561|4,831|15|04:31:34|Lezyne Mega XL GPS|https://www.strava.com/activities/2224489242
31.03.2019|204,65|04:30:14|1,323|0|312|0|0||0|0|454|853|92|150|155|179|0|1,561|4,831|15|04:31:34|Lezyne Mega XL GPS|https://www.strava.com/activities/2224488235
26.03.2019|68,16|02:19:21|868|0|245|0|0||0|0|293|659|82|127|123|162|0|1,329|1,746|9|02:36:31|Lezyne Mega XL GPS|https://www.strava.com/activities/2222436044
23.03.2019|298,81|07:01:37|1,879|0|0|0|0||395|0|425|832|0|0|0|0|0|0|4,731|20|07:18:10|Lezyne Mega XL GPS|https://www.strava.com/activities/2220557799
21.03.2019|65,11|02:03:16|993|0|261|0|0||0|0|317|659|85|123|118|164|0|859|1,609|19|02:04:10|Lezyne Mega XL GPS|https://www.strava.com/activities/2217723592
20.03.2019|29,6|01:06:50|415|0|199|0|0||0|0|266|623|83|127|99|132|0|625|804|18|01:24:17|Lezyne Mega XL GPS|https://www.strava.com/activities/2215055398
19.03.2019|11,9|00:23:22|14|0|257|0|0||0|0|306|587|77|150|72|72|0|828|515|12|01:16:56|Lezyne Mega XL GPS|https://www.strava.com/activities/2212980078
19.03.2019|11,9|00:23:22|14|0|257|0|0||0|0|306|587|77|150|72|72|0|828|515|12|01:16:56|Lezyne Mega XL GPS|https://www.strava.com/activities/2210801634
19.03.2019|11,9|00:23:22|14|0|257|0|0||0|0|306|587|77|150|72|72|0|828|515|12|01:16:56|Lezyne Mega XL GPS|https://www.strava.com/activities/2210798718
19.03.2019|11,9|00:23:22|14|0|257|0|0||0|0|306|587|77|150|72|72|0|828|515|12|01:16:56|Lezyne Mega XL GPS|https://www.strava.com/activities/2208099639
19.03.2019|11,9|00:23:22|14|0|257|0|0||0|0|306|587|77|150|72|72|0|828|515|12|01:16:56|Lezyne Mega XL GPS|https://www.strava.com/activities/2206020816
19.03.2019|11,9|00:23:22|14|0|257|0|0||0|0|306|587|77|150|72|72|0|828|515|12|01:16:56|Lezyne Mega XL GPS|https://www.strava.com/activities/2204506622
19.03.2019|0|00:00:00|0|0|188|0|0||0|0|0|0|0|111|0|148|0|441|236|0|00:30:02|Lezyne Mega XL GPS|https://www.strava.com/activities/2201265206
19.03.2019|0|00:00:00|0|0|188|0|0||0|0|0|0|0|111|0|148|0|441|236|0|00:30:02|Lezyne Mega XL GPS|https://www.strava.com/activities/2198920947
18.03.2019|195,99|04:48:29|2,342|0|273|0|0||0|0|408|878|88|146|127|165|0|1,247|4,118|13|04:52:09|Lezyne Mega XL GPS|https://www.strava.com/activities/2194618132
18.03.2019|195,99|04:48:29|2,342|0|273|0|0||0|0|408|878|88|146|127|165|0|1,247|4,118|13|04:52:09|Lezyne Mega XL GPS|https://www.strava.com/activities/2193020686
16.03.2019|207,05|05:15:44|2,968|0|279|0|0||0|0|393|821|87|147|132|175|0|1,079|4,273|18|05:53:36|Lezyne Mega XL GPS|https://www.strava.com/activities/2190347765
16.03.2019|207,05|05:15:44|2,968|0|279|0|0||0|0|393|821|87|147|132|175|0|1,079|4,273|18|05:53:36|Lezyne Mega XL GPS|https://www.strava.com/activities/2188223370
15.03.2019|227,32|05:42:17|2,839|0|258|0|0||0|0|398|878|88|150|133|176|0|1,27|4,648|20|05:43:36|Lezyne Mega XL GPS|https://www.strava.com/activities/2186324425
14.03.2019|197,61|04:58:21|3,575|0|266|0|0||0|0|397|817|91|185|138|181|0|1,217|4,312|16|05:01:07|Lezyne Mega XL GPS|https://www.strava.com/activities/2183580540
08.03.2019|121,73|03:02:46|1,497|0|272|0|0||0|0|400|763|91|130|129|170|0|819|2,477|6|03:09:50|Lezyne Mega XL GPS|https://www.strava.com/activities/2281825567
08.03.2019|121,73|03:02:46|1,497|0|272|0|0||0|0|400|763|91|130|129|170|0|819|2,477|6|03:09:50|Lezyne Mega XL GPS|https://www.strava.com/activities/2330557947
09.03.2019|130,93|04:26:03|1,898|0|254|0|0||0|0|295|806|84|144|124|176|0|778|3,508|7|04:34:53|Lezyne Mega XL GPS|https://www.strava.com/activities/2327864002
09.03.2019|130,93|04:26:03|1,898|0|254|0|0||0|0|295|806|84|144|124|176|0|778|3,508|7|04:34:53|Lezyne Mega XL GPS|https://www.strava.com/activities/2325269812
04.03.2019|51,19|01:40:08|246|0|224|0|0||0|0|307|547|86|136|0|0|0|690|1,249|5|01:45:09|Lezyne Mega XL GPS|https://www.strava.com/activities/2322312014
04.03.2019|51,19|01:40:08|246|0|224|0|0||0|0|307|547|86|136|0|0|0|690|1,249|5|01:45:09|Lezyne Mega XL GPS|https://www.strava.com/activities/2310702058
04.03.2019|51,19|01:40:08|246|0|224|0|0||0|0|307|547|86|136|0|0|0|690|1,249|5|01:45:09|Lezyne Mega XL GPS|https://www.strava.com/activities/2306840764
04.03.2019|51,19|01:40:08|246|0|224|0|0||0|0|307|547|86|136|0|0|0|690|1,249|5|01:45:09|Lezyne Mega XL GPS|https://www.strava.com/activities/2305225082
03.03.2019|59,6|02:10:57|255|0|215|0|0||0|0|273|421|84|108|0|0|0|516|1,614|8|02:20:49|Lezyne Mega XL GPS|https://www.strava.com/activities/2301422136
03.03.2019|59,6|02:10:57|255|0|215|0|0||0|0|273|421|84|108|0|0|0|516|1,614|8|02:20:49|Lezyne Mega XL GPS|https://www.strava.com/activities/2296221999
03.03.2019|59,6|02:10:57|255|0|215|0|0||0|0|273|421|84|108|0|0|0|516|1,614|8|02:20:49|Lezyne Mega XL GPS|https://www.strava.com/activities/2291291372
03.03.2019|59,6|02:10:57|255|0|215|0|0||0|0|273|421|84|108|0|0|0|516|1,614|8|02:20:49|Lezyne Mega XL GPS|https://www.strava.com/activities/2290143038
30.04.2019|139,79|05:21:24|3,336|0|249|0|0||0|0|261|698|82|134|123|154|0|556|4,192|12|05:32:22|Garmin Edge 1000|https://www.strava.com/activities/2286067628
11.04.2019|135,32|03:55:03|1,389|0|136|0|0||0|0|345|576|85|190|127|173|0|690|1,332|11|9244.04:11:00|Lezyne Mega XL GPS|https://www.strava.com/activities/2283825601
11.04.2019|135,32|03:55:03|1,389|0|136|0|0||0|0|345|576|85|190|127|173|0|690|1,332|11|9244.04:11:00|Lezyne Mega XL GPS|https://www.strava.com/activities/2279214156
11.04.2019|135,32|03:55:03|1,389|0|136|0|0||0|0|345|576|85|190|127|173|0|690|1,332|11|9244.04:11:00|Lezyne Mega XL GPS|https://www.strava.com/activities/2276665431
22.04.2019|210,39|05:18:29|1,937|0|0|0|0||355|0|396|731|0|0|0|0|0|0|4,566|19|05:18:45|Lezyne Mega XL GPS|https://www.strava.com/activities/2272857423
22.04.2019|210,39|05:18:29|1,937|0|0|0|0||355|0|396|731|0|0|0|0|0|0|4,566|19|05:18:45|Lezyne Mega XL GPS|https://www.strava.com/activities/2268596726
22.04.2019|210,39|05:18:29|1,937|0|0|0|0||355|0|396|731|0|0|0|0|0|0|4,566|19|05:18:45|Lezyne Mega XL GPS|https://www.strava.com/activities/2266404295
22.04.2019|210,39|05:18:29|1,937|0|0|0|0||355|0|396|731|0|0|0|0|0|0|4,566|19|05:18:45|Lezyne Mega XL GPS|https://www.strava.com/activities/2264147877
17.04.2019|81,3|02:51:29|1,648|0|260|0|0||0|0|284|684|82|121|129|160|0|1,24|2,383|11|02:56:45|Lezyne Mega XL GPS|https://www.strava.com/activities/2262266429
15.04.2019|41,38|01:30:36|388|0|182|0|0||0|0|274|533|82|116|104|136|0|606|839|9|01:52:22|Lezyne Mega XL GPS|https://www.strava.com/activities/2259185209
13.04.2019|44,43|01:18:24|232|0|221|0|0||0|0|340|536|89|125|112|145|0|676|879|7|01:48:43|Lezyne Mega XL GPS|https://www.strava.com/activities/2256878144
13.04.2019|44,43|01:18:24|232|0|221|0|0||0|0|340|536|89|125|112|145|0|676|879|7|01:48:43|Lezyne Mega XL GPS|https://www.strava.com/activities/2409006395
13.04.2019|44,43|01:18:24|232|0|221|0|0||0|0|340|536|89|125|112|145|0|676|879|7|01:48:43|Lezyne Mega XL GPS|https://www.strava.com/activities/2405964629
10.04.2019|88,82|03:09:40|1,763|0|255|0|0||0|0|281|720|81|144|126|158|0|1,164|2,575|10|03:18:50|Lezyne Mega XL GPS|https://www.strava.com/activities/2403580555
10.04.2019|88,82|03:09:40|1,763|0|255|0|0||0|0|281|720|81|144|126|158|0|1,164|2,575|10|03:18:50|Lezyne Mega XL GPS|https://www.strava.com/activities/2403609463
09.04.2019|75,96|02:33:17|929|0|231|0|0||0|0|297|637|84|131|117|149|0|604|1,790|11|02:43:38|Lezyne Mega XL GPS|https://www.strava.com/activities/2401177074
06.04.2019|47,79|01:31:59|108|0|188|0|0||0|0|312|554|88|138|106|145|0|841|852|9|01:57:37|Lezyne Mega XL GPS|https://www.strava.com/activities/2398505317
06.04.2019|47,79|01:31:59|108|0|188|0|0||0|0|312|554|88|138|106|145|0|841|852|9|01:57:37|Lezyne Mega XL GPS|https://www.strava.com/activities/2395331722
06.04.2019|47,79|01:31:59|108|0|188|0|0||0|0|312|554|88|138|106|145|0|841|852|9|01:57:37|Lezyne Mega XL GPS|https://www.strava.com/activities/2393303475
04.04.2019|47,19|01:32:45|171|0|179|0|0||0|0|305|475|88|118|103|130|0|627|872|9|02:00:50|Lezyne Mega XL GPS|https://www.strava.com/activities/2390545522
01.04.2019|38,41|01:16:06|118|0|0|0|0||170|0|303|522|0|0|109|131|0|0|1,102|10|01:49:19|Lezyne Mega XL GPS|https://www.strava.com/activities/2387736566
01.04.2019|38,41|01:16:06|118|0|0|0|0||170|0|303|522|0|0|109|131|0|0|1,102|10|01:49:19|Lezyne Mega XL GPS|https://www.strava.com/activities/2384682832
28.05.2019|33,62|01:16:20|484|0|176|763|0||0|0|264|731|94|172|0|0|167|992|726||01:16:20|Zwift|https://www.strava.com/activities/2381672304
29.05.2019|93,68|02:34:27|1,061|0|251|1,986|0||0|0|364|724|89|130|125|166|214|750|1,997|13|02:44:33|Garmin Edge 1000|https://www.strava.com/activities/2377982954
29.05.2019|93,68|02:34:27|1,061|0|251|1,986|0||0|0|364|724|89|130|125|166|214|750|1,997|13|02:44:33|Garmin Edge 1000|https://www.strava.com/activities/2375047355
28.05.2019|50,52|01:44:08|504|0|211|1,09|0||0|0|291|659|84|120|108|146|174|729|1,101|12|01:49:46|Garmin Edge 1000|https://www.strava.com/activities/2372417158
28.05.2019|50,52|01:44:08|504|0|211|1,09|0||0|0|291|659|84|120|108|146|174|729|1,101|12|01:49:46|Garmin Edge 1000|https://www.strava.com/activities/2369819425
26.05.2019|49,07|01:40:14|818|0|242|1,293|0||0|0|294|677|83|125|111|137|215|656|1,296|20|01:45:43|Garmin Edge 1000|https://www.strava.com/activities/2369031247
24.05.2019|133,91|04:59:06|2,718|0|244|3,646|0||0|0|269|727|82|120|120|170|203|1|3,659|21|05:14:17|Garmin Edge 1000|https://www.strava.com/activities/2364069009
23.05.2019|104,82|04:00:39|2,649|0|244|3,064|0||0|0|261|688|82|121|121|149|212|589|3,078|18|04:07:43|Garmin Edge 1000|https://www.strava.com/activities/2358138527
21.05.2019|69,46|02:22:21|919|0|219|1,503|0||0|0|293|684|83|118|106|141|176|740|1,517|13|02:35:12|Garmin Edge 1000|https://www.strava.com/activities/2356190801
18.05.2019|189,84|04:56:30|2,432|0|0|0|0||358|6,368|384|814|0|0|0|0|0|0|3,894|20|04:57:28|Lezyne Mega XL GPS|https://www.strava.com/activities/2353624724
19.05.2019|201,55|04:42:19|538|0|271|4,079|0||0|0|428|666|89|137|133|161|241|1,18|4,247|10|04:42:49|Lezyne Mega XL GPS|https://www.strava.com/activities/2351097979
19.05.2019|201,55|04:42:19|538|0|271|4,079|0||0|0|428|666|89|137|133|161|241|1,18|4,247|10|04:42:49|Lezyne Mega XL GPS|https://www.strava.com/activities/2348682083
19.05.2019|201,55|04:42:19|538|0|271|4,079|0||0|0|428|666|89|137|133|161|241|1,18|4,247|10|04:42:49|Lezyne Mega XL GPS|https://www.strava.com/activities/2346450812
16.05.2019|162,88|03:41:23|1,21|0|236|2,438|0||0|0|441|774|88|194|137|176|184|1,24|2,524|20|03:41:23|Lezyne Mega XL GPS|https://www.strava.com/activities/2338691095
13.05.2019|38,06|01:16:27|546|0|249|1,032|0||0|0|299|590|87|143|0|0|225|500|1,063|15|01:17:00|Lezyne Mega XL GPS|https://www.strava.com/activities/2335813892
13.05.2019|38,06|01:16:27|546|0|249|1,032|0||0|0|299|590|87|143|0|0|225|500|1,063|15|01:17:00|Lezyne Mega XL GPS|https://www.strava.com/activities/2333238049
14.05.2019|198,68|04:56:39|905|0|254|3,148|0||0|0|402|950|92|144|137|196|177|1,355|3,979|20|20:55:46|Lezyne Mega XL GPS|https://www.strava.com/activities/2494345801
14.05.2019|198,68|04:56:39|905|0|254|3,148|0||0|0|402|950|92|144|137|196|177|1,355|3,979|20|20:55:46|Lezyne Mega XL GPS|https://www.strava.com/activities/2489291286
11.05.2019|54,84|01:50:49|421|0|205|1,26|0||0|0|297|626|85|120|109|135|190|618|1,275|12|01:51:11|Garmin Edge 1000|https://www.strava.com/activities/2487059499
11.05.2019|54,84|01:50:49|421|0|205|1,26|0||0|0|297|626|85|120|109|135|190|618|1,275|12|01:51:11|Garmin Edge 1000|https://www.strava.com/activities/2484304519
09.05.2019|82,04|02:42:26|1,194|0|0|0|0||232|2,258|303|734|0|0|133|178|0|0|2,291|7|02:45:29|Lezyne Mega XL GPS|https://www.strava.com/activities/2481841266
06.05.2019|95,49|03:30:52|1,957|0|251|2,685|0||0|0|272|778|77|122|123|159|212|1,266|2,699|12|03:36:09|Garmin Edge 1000|https://www.strava.com/activities/2478796290
06.05.2019|95,49|03:30:52|1,957|0|251|2,685|0||0|0|272|778|77|122|123|159|212|1,266|2,699|12|03:36:09|Garmin Edge 1000|https://www.strava.com/activities/2474708279
03.05.2019|220,71|06:33:12|2,686|0|244|0|0||0|0|337|806|85|128|123|160|0|775|5,006|13|06:56:03|Garmin Edge 1000|https://www.strava.com/activities/2471337498
03.05.2019|220,71|06:33:12|2,686|0|244|0|0||0|0|337|806|85|128|123|160|0|775|5,006|13|06:56:03|Garmin Edge 1000|https://www.strava.com/activities/2468493019
03.05.2019|220,71|06:33:12|2,686|0|244|0|0||0|0|337|806|85|128|123|160|0|775|5,006|13|06:56:03|Garmin Edge 1000|https://www.strava.com/activities/2463104091
29.06.2019|61,49|01:49:04|499|0|0|0|0||239|1,566|338|616|0|0|0|0|0|0|957|31|01:52:08|Lezyne Mega XL GPS|https://www.strava.com/activities/2459710064
28.06.2019|55,12|01:42:22|538|0|202|1,001|0||0|0|323|572|84|148|102|144|163|677|1,035|35|01:42:22|Lezyne Mega XL GPS|https://www.strava.com/activities/2457395690
28.06.2019|55,12|01:42:22|538|0|202|1,001|0||0|0|323|572|84|148|102|144|163|677|1,035|35|01:42:22|Lezyne Mega XL GPS|https://www.strava.com/activities/2454573828
27.06.2019|94,74|03:04:52|1,211|0|247|2,356|0||0|0|307|688|85|122|118|157|212|1,113|2,358|25|03:06:19|Garmin Edge 1000|https://www.strava.com/activities/2448930244
23.06.2019|155|03:43:52|1,435|0|276|2,928|0||0|0|415|832|87|140|0|0|218|1,265|3,042|34|03:44:08|Lezyne Mega XL GPS|https://www.strava.com/activities/2448523845
23.06.2019|155|03:43:52|1,435|0|276|2,928|0||0|0|415|832|87|140|0|0|218|1,265|3,042|34|03:44:08|Lezyne Mega XL GPS|https://www.strava.com/activities/2444505459
25.06.2019|45,09|01:30:27|397|0|206|958|0||0|0|299|785|84|128|109|144|176|617|970|25|02:16:24|Garmin Edge 1000|https://www.strava.com/activities/2441092056
25.06.2019|45,09|01:30:27|397|0|206|958|0||0|0|299|785|84|128|109|144|176|617|970|25|02:16:24|Garmin Edge 1000|https://www.strava.com/activities/2437256077
21.06.2019|194,95|05:03:04|1,921|0|253|3,694|0||0|0|386|850|87|138|0|0|203|1,309|3,847|16|05:05:02|Lezyne Mega XL GPS|https://www.strava.com/activities/2433724724
19.06.2019|49,05|01:31:45|596|0|227|1,058|0||0|0|321|590|86|147|0|0|192|582|1,082|29|01:32:39|Lezyne Mega XL GPS|https://www.strava.com/activities/2431190653
19.06.2019|49,05|01:31:45|596|0|227|1,058|0||0|0|321|590|86|147|0|0|192|582|1,082|29|01:32:39|Lezyne Mega XL GPS|https://www.strava.com/activities/2428884164
19.06.2019|49,05|01:31:45|596|0|227|1,058|0||0|0|321|590|86|147|0|0|192|582|1,082|29|01:32:39|Lezyne Mega XL GPS|https://www.strava.com/activities/2428729886
17.06.2019|108,2|03:59:13|2,131|0|247|2,956|0||0|0|271|756|82|130|0|0|206|747|2,967|24|04:35:10|Garmin Edge 1000|https://www.strava.com/activities/2427813251
17.06.2019|108,2|03:59:13|2,131|0|247|2,956|0||0|0|271|756|82|130|0|0|206|747|2,967|24|04:35:10|Garmin Edge 1000|https://www.strava.com/activities/2425219410
12.06.2019|52,41|01:38:23|450|0|214|1,009|0||0|0|320|612|83|128|96|136|171|835|1,029|22|01:40:45|Lezyne Mega XL GPS|https://www.strava.com/activities/2422378970
12.06.2019|52,41|01:38:23|450|0|214|1,009|0||0|0|320|612|83|128|96|136|171|835|1,029|22|01:40:45|Lezyne Mega XL GPS|https://www.strava.com/activities/2419791600
12.06.2019|52,41|01:38:23|450|0|214|1,009|0||0|0|320|612|83|128|96|136|171|835|1,029|22|01:40:45|Lezyne Mega XL GPS|https://www.strava.com/activities/2416929857
09.06.2019|178,68|04:07:18|1,935|0|296|3,793|0||0|0|434|756|88|144|139|173|256|1,253|3,942|19|04:07:18|Lezyne Mega XL GPS|https://www.strava.com/activities/2577960087
09.06.2019|178,68|04:07:18|1,935|0|296|3,793|0||0|0|434|756|88|144|139|173|256|1,253|3,942|19|04:07:18|Lezyne Mega XL GPS|https://www.strava.com/activities/2572908179
06.06.2019|7,23|00:18:38|91|0|0|0|0||149|167|233|454|0|0|72|72|0|0|206|17|00:18:59|Lezyne Mega XL GPS|https://www.strava.com/activities/2570430300
06.06.2019|7,23|00:18:38|91|0|0|0|0||149|167|233|454|0|0|72|72|0|0|206|17|00:18:59|Lezyne Mega XL GPS|https://www.strava.com/activities/2567497870
06.06.2019|7,23|00:18:38|91|0|0|0|0||149|167|233|454|0|0|72|72|0|0|206|17|00:18:59|Lezyne Mega XL GPS|https://www.strava.com/activities/2564132293
07.06.2019|194,4|05:07:41|641|0|305|5,073|0||0|0|379|785|88|147|150|193|275|1,115|5,270|10|05:10:37|Lezyne Mega XL GPS|https://www.strava.com/activities/2562217705
06.06.2019|13,51|00:24:56|167|0|248|351|0||0|0|325|713|86|161|143|161|235|1,099|486|19|01:20:52|Lezyne Mega XL GPS|https://www.strava.com/activities/2559423643
06.06.2019|13,51|00:24:56|167|0|248|351|0||0|0|325|713|86|161|143|161|235|1,099|486|19|01:20:52|Lezyne Mega XL GPS|https://www.strava.com/activities/2555839197
06.06.2019|13,51|00:24:56|167|0|248|351|0||0|0|325|713|86|161|143|161|235|1,099|486|19|01:20:52|Lezyne Mega XL GPS|https://www.strava.com/activities/2550802681
06.06.2019|13,51|00:24:56|167|0|248|351|0||0|0|325|713|86|161|143|161|235|1,099|486|19|01:20:52|Lezyne Mega XL GPS|https://www.strava.com/activities/2550470287
06.06.2019|13,51|00:24:56|167|0|248|351|0||0|0|325|713|86|161|143|161|235|1,099|486|19|01:20:52|Lezyne Mega XL GPS|https://www.strava.com/activities/2545157601
06.06.2019|13,51|00:24:56|167|0|248|351|0||0|0|325|713|86|161|143|161|235|1,099|486|19|01:20:52|Lezyne Mega XL GPS|https://www.strava.com/activities/2542407017
02.06.2019|97,49|03:01:01|854|0|265|2,524|0||0|0|323|641|86|139|128|175|232|828|2,589|28|03:03:05|Lezyne Mega XL GPS|https://www.strava.com/activities/2539919960
31.07.2019|75,34|02:29:00|621|0|0|0|0||181|1,62|303|691|0|0|107|141|0|0|2,118|23|02:41:00|Lezyne Mega XL GPS|https://www.strava.com/activities/2537133124
31.07.2019|75,34|02:29:00|621|0|0|0|0||181|1,62|303|691|0|0|107|141|0|0|2,118|23|02:41:00|Lezyne Mega XL GPS|https://www.strava.com/activities/2534135315
26.07.2019|44,94|01:25:02|256|0|0|0|0||0|0|317|529|86|120|110|142|0|0|866|27|01:25:19|Garmin Edge 1000|https://www.strava.com/activities/2530550135
26.07.2019|44,94|01:25:02|256|0|0|0|0||0|0|317|529|86|120|110|142|0|0|866|27|01:25:19|Garmin Edge 1000|https://www.strava.com/activities/2528148681
24.07.2019|29,62|00:56:50|310|0|209|669|0||0|0|313|590|87|168|120|154|196|937|668|38|00:58:38|Lezyne Mega XL GPS|https://www.strava.com/activities/2525618116
24.07.2019|29,62|00:56:50|310|0|209|669|0||0|0|313|590|87|168|120|154|196|937|668|38|00:58:38|Lezyne Mega XL GPS|https://www.strava.com/activities/2522816722
19.07.2019|94,24|03:42:13|3,007|0|268|3,096|0||0|0|254|763|81|134|129|158|232|586|3,101|19|03:53:51|Garmin Edge 1000|https://www.strava.com/activities/2520168746
19.07.2019|94,24|03:42:13|3,007|0|268|3,096|0||0|0|254|763|81|134|129|158|232|586|3,101|19|03:53:51|Garmin Edge 1000|https://www.strava.com/activities/2517411850
18.07.2019|81,44|03:14:04|2,158|0|0|0|0||0|0|252|742|79|155|129|161|0|0|2,496|21|03:47:33|Garmin Edge 1000|https://www.strava.com/activities/2514419847
18.07.2019|81,44|03:14:04|2,158|0|0|0|0||0|0|252|742|79|155|129|161|0|0|2,496|21|03:47:33|Garmin Edge 1000|https://www.strava.com/activities/2511458973
17.07.2019|152,31|06:04:17|4,946|0|0|0|0||0|0|251|835|82|138|138|174|0|0|4,813|21|06:31:42|Garmin Edge 1000|https://www.strava.com/activities/2508408286
15.07.2019|51,93|02:00:19|1,413|0|269|1,762|0||0|0|259|810|83|175|133|166|244|1,144|1,715|21|02:07:15|Lezyne Mega XL GPS|https://www.strava.com/activities/2498613693
10.07.2019|57,2|02:01:11|708|0|205|1,31|0||0|0|283|731|83|120|104|132|180|749|1,280|24|02:08:29|Lezyne Mega XL GPS|https://www.strava.com/activities/2666774832
10.07.2019|57,2|02:01:11|708|0|205|1,31|0||0|0|283|731|83|120|104|132|180|749|1,280|24|02:08:29|Lezyne Mega XL GPS|https://www.strava.com/activities/2664772776
10.07.2019|57,2|02:01:11|708|0|205|1,31|0||0|0|283|731|83|120|104|132|180|749|1,280|24|02:08:29|Lezyne Mega XL GPS|https://www.strava.com/activities/2662028915
10.07.2019|57,2|02:01:11|708|0|205|1,31|0||0|0|283|731|83|120|104|132|180|749|1,280|24|02:08:29|Lezyne Mega XL GPS|https://www.strava.com/activities/2661281717
08.07.2019|112,4|03:58:52|1,62|0|232|2,649|0||0|0|282|680|81|128|123|160|185|1,264|2,744|28|04:15:14|Lezyne Mega XL GPS|https://www.strava.com/activities/2659030145
08.07.2019|112,4|03:58:52|1,62|0|232|2,649|0||0|0|282|680|81|128|123|160|185|1,264|2,744|28|04:15:14|Lezyne Mega XL GPS|https://www.strava.com/activities/2656040017
06.07.2019|66,43|02:10:11|766|0|93|629|0||0|0|306|590|87|121|128|156|81|236|631|24|02:13:20|Garmin Edge 1000|https://www.strava.com/activities/2652363354
02.07.2019|45,24|01:42:35|245|0|383|972|0||0|0|265|508|83|117|97|134|158|1,582|997|28|03:25:44|Garmin Edge 1000|https://www.strava.com/activities/2650523187
02.07.2019|45,24|01:42:35|245|0|383|972|0||0|0|265|508|83|117|97|134|158|1,582|997|28|03:25:44|Garmin Edge 1000|https://www.strava.com/activities/2647249625
02.07.2019|45,24|01:42:35|245|0|383|972|0||0|0|265|508|83|117|97|134|158|1,582|997|28|03:25:44|Garmin Edge 1000|https://www.strava.com/activities/2643684689
31.08.2019|32,27|01:07:05|224|0|164|563|0||0|0|289|497|80|121|0|0|140|691|572|20|01:08:13|Garmin Edge 820|https://www.strava.com/activities/2641186765
31.08.2019|32,27|01:07:05|224|0|164|563|0||0|0|289|497|80|121|0|0|140|691|572|20|01:08:13|Garmin Edge 820|https://www.strava.com/activities/2637996319
30.08.2019|168,45|03:55:33|1,052|0|293|3,769|0||0|0|429|691|90|130|0|0|267|1,178|3,812|31|03:56:17|Garmin Edge 820|https://www.strava.com/activities/2632189238
30.08.2019|168,45|03:55:33|1,052|0|293|3,769|0||0|0|429|691|90|130|0|0|267|1,178|3,812|31|03:56:17|Garmin Edge 820|https://www.strava.com/activities/2630010137
28.08.2019|171,36|03:58:03|1,109|0|257|2,93|0||0|0|432|734|86|182|0|0|205|1,524|3,015|26|04:12:48|Garmin Edge 820|https://www.strava.com/activities/2626734328
28.08.2019|171,36|03:58:03|1,109|0|257|2,93|0||0|0|432|734|86|182|0|0|205|1,524|3,015|26|04:12:48|Garmin Edge 820|https://www.strava.com/activities/2626736957
28.08.2019|171,36|03:58:03|1,109|0|257|2,93|0||0|0|432|734|86|182|0|0|205|1,524|3,015|26|04:12:48|Garmin Edge 820|https://www.strava.com/activities/2624029631
28.08.2019|171,36|03:58:03|1,109|0|257|2,93|0||0|0|432|734|86|182|0|0|205|1,524|3,015|26|04:12:48|Garmin Edge 820|https://www.strava.com/activities/2621378193
28.08.2019|171,36|03:58:03|1,109|0|257|2,93|0||0|0|432|734|86|182|0|0|205|1,524|3,015|26|04:12:48|Garmin Edge 820|https://www.strava.com/activities/2618508037
26.08.2019|31,37|01:03:05|97|0|183|642|0||0|0|298|443|87|120|113|135|170|648|643|24|01:05:23|Garmin Edge 820|https://www.strava.com/activities/2615512383
26.08.2019|31,37|01:03:05|97|0|183|642|0||0|0|298|443|87|120|113|135|170|648|643|24|01:05:23|Garmin Edge 820|https://www.strava.com/activities/2612704674
26.08.2019|31,37|01:03:05|97|0|183|642|0||0|0|298|443|87|120|113|135|170|648|643|24|01:05:23|Garmin Edge 820|https://www.strava.com/activities/2609723179
23.08.2019|76,06|02:30:34|747|0|230|1,799|0||0|0|303|698|84|116|0|0|199|664|1,805|18|02:36:36|Garmin Edge 820|https://www.strava.com/activities/2606443458
21.08.2019|90,46|03:04:14|1,643|0|0|0|0||0|0|295|702|84|142|122|151|0|0|2,571|12|03:04:46|Garmin Edge 820|https://www.strava.com/activities/2603740833
21.08.2019|90,46|03:04:14|1,643|0|0|0|0||0|0|295|702|84|142|122|151|0|0|2,571|12|03:04:46|Garmin Edge 820|https://www.strava.com/activities/2601426159
17.08.2019|8,76|00:13:59|14|0|0|0|0||401|336|376|572|0|0|0|0|0|0|255|21|00:32:15|Lezyne Mega XL GPS|https://www.strava.com/activities/2599243561
15.08.2019|98,83|02:46:07|1,109|0|310|2,61|0||0|0|357|796|85|143|0|0|262|1,16|2,644|16|02:46:22|Garmin Edge 820|https://www.strava.com/activities/2595154631
15.08.2019|98,83|02:46:07|1,109|0|310|2,61|0||0|0|357|796|85|143|0|0|262|1,16|2,644|16|02:46:22|Garmin Edge 820|https://www.strava.com/activities/2591218244
14.08.2019|171,78|03:55:27|454|0|0|0|0||0|0|438|666|90|190|137|176|0|0|3,591|19|03:56:34|Garmin Edge 820|https://www.strava.com/activities/2587243063
13.08.2019|176,65|04:04:10|599|0|276|3,389|0||0|0|434|666|89|191|0|0|231|1,114|3,483|18|04:05:25|Garmin Edge 820|https://www.strava.com/activities/2583841488
10.08.2019|55,48|01:44:54|152|0|199|1,107|0||0|0|317|713|89|127|108|144|176|779|1,053|22|01:52:51|Lezyne Mega XL GPS|https://www.strava.com/activities/2581159050
10.08.2019|55,48|01:44:54|152|0|199|1,107|0||0|0|317|713|89|127|108|144|176|779|1,053|22|01:52:51|Lezyne Mega XL GPS|https://www.strava.com/activities/2751449764
10.08.2019|55,48|01:44:54|152|0|199|1,107|0||0|0|317|713|89|127|108|144|176|779|1,053|22|01:52:51|Lezyne Mega XL GPS|https://www.strava.com/activities/2749838968
10.08.2019|55,48|01:44:54|152|0|199|1,107|0||0|0|317|713|89|127|108|144|176|779|1,053|22|01:52:51|Lezyne Mega XL GPS|https://www.strava.com/activities/2746590524
08.08.2019|139,4|04:35:42|2,326|0|0|0|0||214|3,533|303|684|0|0|0|0|0|0|3,416|26|04:45:17|Garmin Edge 530|https://www.strava.com/activities/2743436286
08.08.2019|139,4|04:35:42|2,326|0|0|0|0||214|3,533|303|684|0|0|0|0|0|0|3,416|26|04:45:17|Garmin Edge 530|https://www.strava.com/activities/2741367253
07.08.2019|106,55|03:32:36|1,56|0|261|2,808|0||0|0|301|713|83|118|123|159|220|830|2,858|25|03:37:23|Lezyne Mega XL GPS|https://www.strava.com/activities/2738524873
07.08.2019|106,55|03:32:36|1,56|0|261|2,808|0||0|0|301|713|83|118|123|159|220|830|2,858|25|03:37:23|Lezyne Mega XL GPS|https://www.strava.com/activities/2735498205
03.08.2019|35,68|01:10:39|213|0|189|706|0||0|0|303|536|86|119|105|137|166|660|691|24|01:13:13|Lezyne Mega XL GPS|https://www.strava.com/activities/2733215120
03.08.2019|35,68|01:10:39|213|0|189|706|0||0|0|303|536|86|119|105|137|166|660|691|24|01:13:13|Lezyne Mega XL GPS|https://www.strava.com/activities/2729991006
03.08.2019|35,68|01:10:39|213|0|189|706|0||0|0|303|536|86|119|105|137|166|660|691|24|01:13:13|Lezyne Mega XL GPS|https://www.strava.com/activities/2727376043
03.08.2019|35,68|01:10:39|213|0|189|706|0||0|0|303|536|86|119|105|137|166|660|691|24|01:13:13|Lezyne Mega XL GPS|https://www.strava.com/activities/2724778831
29.09.2019|205,49|04:52:33|1,917|0|0|0|0||0|0|421|950|92|142|153|196|0|0|4,382|17|04:53:38|Garmin Edge 530|https://www.strava.com/activities/2721938746
01.08.2019|91,31|03:04:49|1,048|0|231|2,265|0||0|0|296|659|87|122|111|149|204|747|2,282|26|03:47:11|Lezyne Mega XL GPS|https://www.strava.com/activities/2719137216
28.09.2019|46,4|01:22:17|288|0|0|0|0||0|0|338|608|91|126|112|153|0|0|540|17|01:22:50|Garmin Edge 530|https://www.strava.com/activities/2712315512
28.09.2019|46,4|01:22:17|288|0|0|0|0||0|0|338|608|91|126|112|153|0|0|540|17|01:22:50|Garmin Edge 530|https://www.strava.com/activities/2708754541
25.09.2019|51,8|01:46:32|512|0|0|0|0||0|0|292|695|85|123|0|0|0|0|1,203|17|01:49:19|Garmin Edge 820|https://www.strava.com/activities/2705728291
26.09.2019|118,3|03:56:07|1,982|0|0|0|0||0|0|301|634|84|126|0|0|0|0|2,976|17|04:02:47|Garmin Edge 530|https://www.strava.com/activities/2702376001
26.09.2019|118,3|03:56:07|1,982|0|0|0|0||0|0|301|634|84|126|0|0|0|0|2,976|17|04:02:47|Garmin Edge 530|https://www.strava.com/activities/2699625021
22.09.2019|64,04|02:21:56|795|0|212|1,489|0||0|0|271|860|84|132|0|0|175|634|1,496|18|02:45:13|Garmin Edge 820|https://www.strava.com/activities/2692812864
23.09.2019|131,39|04:29:39|2,352|0|273|3,684|0||0|0|292|684|84|123|0|0|228|880|3,686|14|04:51:29|Garmin Edge 820|https://www.strava.com/activities/2691043155
20.09.2019|141,04|05:02:12|2,587|0|257|3,634|0||0|0|280|670|83|160|0|0|200|720|3,630|14|05:10:34|Garmin Edge 820|https://www.strava.com/activities/2687512268
20.09.2019|141,04|05:02:12|2,587|0|257|3,634|0||0|0|280|670|83|160|0|0|200|720|3,630|14|05:10:34|Garmin Edge 820|https://www.strava.com/activities/2684895035
20.09.2019|141,04|05:02:12|2,587|0|257|3,634|0||0|0|280|670|83|160|0|0|200|720|3,630|14|05:10:34|Garmin Edge 820|https://www.strava.com/activities/2681762918
18.09.2019|99,07|03:12:28|1,08|0|229|2,322|0||0|0|309|695|84|125|0|0|201|833|2,325|17|03:19:57|Garmin Edge 820|https://www.strava.com/activities/2678619955
14.09.2019|24,54|01:02:45|454|0|203|569|0||0|0|235|569|75|135|105|152|151|870|579|21|01:08:15|Garmin Edge 820|https://www.strava.com/activities/2677360699
14.09.2019|24,54|01:02:45|454|0|203|569|0||0|0|235|569|75|135|105|152|151|870|579|21|01:08:15|Garmin Edge 820|https://www.strava.com/activities/2675602659
12.09.2019|49,89|01:39:52|408|0|209|911|0||0|0|300|648|86|134|0|0|152|828|920|18|02:18:22|Garmin Edge 820|https://www.strava.com/activities/2670811358
12.09.2019|49,89|01:39:52|408|0|209|911|0||0|0|300|648|86|134|0|0|152|828|920|18|02:18:22|Garmin Edge 820|https://www.strava.com/activities/2826162600
08.09.2019|205,34|04:50:34|1,909|0|274|3,968|0||0|0|424|886|88|147|0|0|228|1,243|4,059|15|04:51:50|Garmin Edge 820|https://www.strava.com/activities/2821766408
07.09.2019|192,25|04:33:24|1,31|0|295|4,076|0||0|0|422|781|89|142|0|0|248|1,186|4,177|16|04:35:00|Garmin Edge 820|https://www.strava.com/activities/2785965148
06.09.2019|44,31|01:29:44|288|0|203|1,003|0||0|0|296|446|82|125|0|0|186|578|1,007|18|01:32:10|Garmin Edge 820|https://www.strava.com/activities/2781982583
04.09.2019|67,22|02:04:15|529|0|239|1,619|0||0|0|325|576|87|120|0|0|217|499|1,616|18|02:05:49|Garmin Edge 820|https://www.strava.com/activities/2779769419
03.09.2019|61,84|01:33:50|187|0|272|1,376|0||0|0|395|583|86|167|0|0|244|1,024|1,419|16|01:46:23|Garmin Edge 820|https://www.strava.com/activities/2778427771
03.09.2019|61,84|01:33:50|187|0|272|1,376|0||0|0|395|583|86|167|0|0|244|1,024|1,419|16|01:46:23|Garmin Edge 820|https://www.strava.com/activities/2774834744
03.09.2019|55,86|01:40:19|330|0|228|1,31|0||0|0|334|518|87|122|0|0|218|518|1,312|17|01:44:48|Garmin Edge 820|https://www.strava.com/activities/2772690427
03.09.2019|55,86|01:40:19|330|0|228|1,31|0||0|0|334|518|87|122|0|0|218|518|1,312|17|01:44:48|Garmin Edge 820|https://www.strava.com/activities/2769664739
03.09.2019|55,86|01:40:19|330|0|228|1,31|0||0|0|334|518|87|122|0|0|218|518|1,312|17|01:44:48|Garmin Edge 820|https://www.strava.com/activities/2766993351
03.09.2019|55,86|01:40:19|330|0|228|1,31|0||0|0|334|518|87|122|0|0|218|518|1,312|17|01:44:48|Garmin Edge 820|https://www.strava.com/activities/2765586104
01.09.2019|227,08|05:58:41|3,261|0|293|4,998|0||0|0|380|839|85|155|0|0|232|1,159|5,082|18|05:59:55|Garmin Edge 820|https://www.strava.com/activities/2762382698
27.10.2019|44,87|01:43:01|252|0|0|0|0||0|0|261|544|76|130|0|0|0|0|531|18|02:10:42|Garmin Edge 530|https://www.strava.com/activities/2759237257
27.10.2019|44,87|01:43:01|252|0|0|0|0||0|0|261|544|76|130|0|0|0|0|531|18|02:10:42|Garmin Edge 530|https://www.strava.com/activities/2756789866
13.10.2019|193,27|05:23:59|955|0|245|3,764|0||0|0|358|691|86|132|0|0|194|1,274|3,876|24|05:28:01|Garmin Edge 530|https://www.strava.com/activities/2754098027
12.10.2019|55,14|01:44:43|442|0|0|0|0||0|0|316|637|85|119|120|151|0|0|1,414|14|01:45:35|Garmin Edge 530|https://www.strava.com/activities/2904832487
12.10.2019|55,14|01:44:43|442|0|0|0|0||0|0|316|637|85|119|120|151|0|0|1,414|14|01:45:35|Garmin Edge 530|https://www.strava.com/activities/2899224088
12.10.2019|55,14|01:44:43|442|0|0|0|0||0|0|316|637|85|119|120|151|0|0|1,414|14|01:45:35|Garmin Edge 530|https://www.strava.com/activities/2896874116
11.10.2019|43,87|01:30:15|221|0|0|0|0||0|0|292|493|84|112|106|133|0|0|935|14|01:32:01|Garmin Edge 530|https://www.strava.com/activities/2894700002
11.10.2019|43,87|01:30:15|221|0|0|0|0||0|0|292|493|84|112|106|133|0|0|935|14|01:32:01|Garmin Edge 530|https://www.strava.com/activities/2892545252
11.10.2019|43,87|01:30:15|221|0|0|0|0||0|0|292|493|84|112|106|133|0|0|935|14|01:32:01|Garmin Edge 530|https://www.strava.com/activities/2890030926
06.10.2019|36,19|01:15:09|99|0|0|0|0||0|0|289|493|85|124|111|140|0|0|796|12|01:43:25|Garmin Edge 530|https://www.strava.com/activities/2887979893
06.10.2019|36,19|01:15:09|99|0|0|0|0||0|0|289|493|85|124|111|140|0|0|796|12|01:43:25|Garmin Edge 530|https://www.strava.com/activities/2885225127
07.10.2019|53,8|01:41:17|248|0|0|0|0||0|0|319|601|86|163|118|151|0|0|1,344|9|01:42:13|Garmin Edge 530|https://www.strava.com/activities/2884630903
04.10.2019|42,01|01:22:46|298|0|0|0|0||0|0|305|475|86|116|110|137|0|0|997|15|01:24:44|Garmin Edge 530|https://www.strava.com/activities/2875788354
04.10.2019|42,01|01:22:46|298|0|0|0|0||0|0|305|475|86|116|110|137|0|0|997|15|01:24:44|Garmin Edge 530|https://www.strava.com/activities/2873653299
04.10.2019|42,01|01:22:46|298|0|0|0|0||0|0|305|475|86|116|110|137|0|0|997|15|01:24:44|Garmin Edge 530|https://www.strava.com/activities/2872876559
04.10.2019|42,01|01:22:46|298|0|0|0|0||0|0|305|475|86|116|110|137|0|0|997|15|01:24:44|Garmin Edge 530|https://www.strava.com/activities/2866619351
02.10.2019|94,24|03:06:50|1,073|0|0|0|0||0|0|303|745|85|120|116|158|0|0|2,257|14|03:12:00|Garmin Edge 530|https://www.strava.com/activities/2863958486
02.10.2019|94,24|03:06:50|1,073|0|0|0|0||0|0|303|745|85|120|116|158|0|0|2,257|14|03:12:00|Garmin Edge 530|https://www.strava.com/activities/2859072274
28.11.2019|50,21|01:47:14|786|0|0|0|0||0|0|281|670|86|129|128|157|0|0|1,506|7|01:49:44|Garmin Edge 530|https://www.strava.com/activities/2857298297
28.11.2019|50,21|01:47:14|786|0|0|0|0||0|0|281|670|86|129|128|157|0|0|1,506|7|01:49:44|Garmin Edge 530|https://www.strava.com/activities/2856961633
28.11.2019|50,21|01:47:14|786|0|0|0|0||0|0|281|670|86|129|128|157|0|0|1,506|7|01:49:44|Garmin Edge 530|https://www.strava.com/activities/2849677137
23.11.2019|102,8|03:36:58|1,747|0|250|2,666|0||0|0|284|738|80|134|124|171|205|1,19|2,681|7|03:37:53|Garmin Edge 530|https://www.strava.com/activities/2847143168
22.11.2019|81,36|02:50:44|1,095|0|219|1,979|0||0|0|286|576|85|126|119|152|193|692|1,995|6|02:52:20|Garmin Edge 530|https://www.strava.com/activities/2845240874
22.11.2019|81,36|02:50:44|1,095|0|219|1,979|0||0|0|286|576|85|126|119|152|193|692|1,995|6|02:52:20|Garmin Edge 530|https://www.strava.com/activities/2842469602
18.11.2019|78,04|02:35:32|898|0|233|1,947|0||0|0|301|637|86|121|127|157|209|651|1,954|4|02:37:08|Garmin Edge 530|https://www.strava.com/activities/2970754726
14.11.2019|8,93|00:58:17|0|0|0|0|0||0|0|0|0|0|0|0|0|0|0|||00:00:00||https://www.strava.com/activities/2965631801
14.11.2019|8,93|00:58:17|0|0|0|0|0||0|0|0|0|0|0|0|0|0|0|||00:00:00||https://www.strava.com/activities/2961663111
15.11.2019|72,14|02:33:12|1,01|0|0|0|0||179|1,648|283|666|0|0|0|0|0|0|1,838|5|02:38:42|Garmin Edge 530|https://www.strava.com/activities/2959714087
11.11.2019|79,47|02:41:44|946|0|226|1,99|0||0|0|295|644|87|137|0|0|205|650|2,009|6|02:51:16|Garmin Edge 530|https://www.strava.com/activities/2957449229
11.11.2019|79,47|02:41:44|946|0|226|1,99|0||0|0|295|644|87|137|0|0|205|650|2,009|6|02:51:16|Garmin Edge 530|https://www.strava.com/activities/2955240921
12.11.2019|9,13|00:39:06|0|0|0|0|0||0|0|0|0|0|0|0|0|0|0|||00:00:00||https://www.strava.com/activities/2953411946
12.11.2019|9,13|00:39:06|0|0|0|0|0||0|0|0|0|0|0|0|0|0|0|||00:00:00||https://www.strava.com/activities/2946690749
12.11.2019|9,13|00:39:06|0|0|0|0|0||0|0|0|0|0|0|0|0|0|0|||00:00:00||https://www.strava.com/activities/2944653569
09.11.2019|62,61|02:27:38|569|0|0|0|0||0|0|254|587|82|133|127|188|0|0|1,556|10|04:09:17|Garmin Edge 530|https://www.strava.com/activities/2942919693
09.11.2019|62,61|02:27:38|569|0|0|0|0||0|0|254|587|82|133|127|188|0|0|1,556|10|04:09:17|Garmin Edge 530|https://www.strava.com/activities/2941275334
06.11.2019|2550|01:06:37|0|0|0|0|0||0|0|0|0|0|0|0|0|0|0|||00:00:00|Garmin vívoactive|https://www.strava.com/activities/2938819214
06.11.2019|2550|01:06:37|0|0|0|0|0||0|0|0|0|0|0|0|0|0|0|||00:00:00|Garmin vívoactive|https://www.strava.com/activities/2936742684
06.11.2019|2550|01:06:37|0|0|0|0|0||0|0|0|0|0|0|0|0|0|0|||00:00:00|Garmin vívoactive|https://www.strava.com/activities/2934285632
06.11.2019|2550|01:06:37|0|0|0|0|0||0|0|0|0|0|0|0|0|0|0|||00:00:00|Garmin vívoactive|https://www.strava.com/activities/2932380120
06.11.2019|2550|01:06:37|0|0|0|0|0||0|0|0|0|0|0|0|0|0|0|||00:00:00|Garmin vívoactive|https://www.strava.com/activities/2930201902
06.11.2019|2550|01:06:37|0|0|0|0|0||0|0|0|0|0|0|0|0|0|0|||00:00:00|Garmin vívoactive|https://www.strava.com/activities/2928256953
06.11.2019|2550|01:06:37|0|0|0|0|0||0|0|0|0|0|0|0|0|0|0|||00:00:00|Garmin vívoactive|https://www.strava.com/activities/2926026542
28.12.2019|56,59|01:49:22|605|0|229|1,358|0||0|0|310|659|87|124|0|0|207|549|629|10|02:02:23|Wahoo ELEMNT BOLT|https://www.strava.com/activities/2921594816
25.12.2019|65,48|02:23:28|1,371|0|0|0|0||0|0|274|612|82|121|0|0|0|0|919|11|02:26:24|Wahoo ELEMNT BOLT|https://www.strava.com/activities/2914967643
27.12.2019|103,43|03:20:51|1,019|0|0|0|0||0|0|309|612|84|114|0|0|0|0|945|11|03:25:11|Wahoo ELEMNT BOLT|https://www.strava.com/activities/2912842842
20.12.2019|45,82|01:35:09|495|0|208|1,049|0||0|0|289|547|87|131|0|0|184|597|374|12|01:41:26|Wahoo ELEMNT BOLT|https://www.strava.com/activities/2912363234
21.12.2019|82,59|03:01:23|1,641|0|0|0|0||0|0|273|616|84|120|0|0|0|0|1,015|7|03:16:45|Wahoo ELEMNT BOLT|https://www.strava.com/activities/2908311715
17.12.2019|150,03|04:05:53|859|0|232|2,87|0||0|0|366|695|88|127|0|0|195|761|1,202|12|04:23:01|Wahoo ELEMNT BOLT|https://www.strava.com/activities/2907808331
15.12.2019|28,3|00:54:04|35|0|0|0|0||0|0|314|464|84|128|0|0|0|0|102|17|02:05:30|Wahoo ELEMNT BOLT|https://www.strava.com/activities/2906034145
15.12.2019|28,3|00:54:04|35|0|0|0|0||0|0|314|464|84|128|0|0|0|0|102|17|02:05:30|Wahoo ELEMNT BOLT|https://www.strava.com/activities/2970754726
15.12.2019|28,3|00:54:04|35|0|0|0|0||0|0|314|464|84|128|0|0|0|0|102|17|02:05:30|Wahoo ELEMNT BOLT|https://www.strava.com/activities/2965631801
06.12.2019|142,67|04:57:57|1,993|0|226|3,627|0||0|0|287|641|87|122|0|0|203|559|3,647|0|05:03:24|Garmin Edge 1000|https://www.strava.com/activities/2961663111
06.12.2019|142,67|04:57:57|1,993|0|226|3,627|0||0|0|287|641|87|122|0|0|203|559|3,647|0|05:03:24|Garmin Edge 1000|https://www.strava.com/activities/2959714087
05.12.2019|105,13|03:40:19|1,591|0|0|0|0||0|0|286|587|86|128|0|0|0|0|2,839|0|03:46:09|Garmin Edge 1000|https://www.strava.com/activities/2957449229
03.12.2019|96,54|03:26:24|1,906|0|0|0|0||0|0|281|688|80|120|0|0|0|0|2,749|2|03:29:15|Garmin Edge 530|https://www.strava.com/activities/2955240921
03.12.2019|96,54|03:26:24|1,906|0|0|0|0||0|0|281|688|80|120|0|0|0|0|2,749|2|03:29:15|Garmin Edge 530|https://www.strava.com/activities/2953411946
02.12.2019|54,84|02:00:43|880|0|219|1,371|0||0|0|273|630|85|118|0|0|189|567|1,384|6|02:01:47|Garmin Edge 530|https://www.strava.com/activities/2946690749
31.12.2019|168,57|05:34:22|2,137|0|233|3,982|0||0|0|302|630|85|135|0|0|198|863|4,440|1|06:07:48|Wahoo ELEMNT BOLT|https://www.strava.com/activities/2944653569
28.12.2019|56,59|01:49:22|605|0|229|1,358|0||0|0|310|659|87|124|0|0|207|549|629|10|02:02:23|Wahoo ELEMNT BOLT|https://www.strava.com/activities/2942919693
28.12.2019|56,59|01:49:22|605|0|229|1,358|0||0|0|310|659|87|124|0|0|207|549|629|10|02:02:23|Wahoo ELEMNT BOLT|https://www.strava.com/activities/2941275334
27.12.2019|103,43|03:20:51|1,019|0|0|0|0||0|0|309|612|84|114|0|0|0|0|945|11|03:25:11|Wahoo ELEMNT BOLT|https://www.strava.com/activities/2938819214
25.12.2019|65,48|02:23:28|1,371|0|0|0|0||0|0|274|612|82|121|0|0|0|0|919|11|02:26:24|Wahoo ELEMNT BOLT|https://www.strava.com/activities/2936742684
24.12.2019|113,08|04:12:31|2,426|0|0|0|0||0|0|269|731|84|119|0|0|0|0|2,395|11|04:26:19|Wahoo ELEMNT BOLT|https://www.strava.com/activities/2934285632
24.12.2019|113,08|04:12:31|2,426|0|0|0|0||0|0|269|731|84|119|0|0|0|0|2,395|11|04:26:19|Wahoo ELEMNT BOLT|https://www.strava.com/activities/2932380120
20.12.2019|45,82|01:35:09|495|0|208|1,049|0||0|0|289|547|87|131|0|0|184|597|374|12|01:41:26|Wahoo ELEMNT BOLT|https://www.strava.com/activities/2930201902
19.12.2019|114|03:23:04|873|0|0|0|0||0|0|337|893|85|114|0|0|0|0|1,020|13|03:28:19|Wahoo ELEMNT BOLT|https://www.strava.com/activities/2928256953
19.12.2019|114|03:23:04|873|0|0|0|0||0|0|337|893|85|114|0|0|0|0|1,020|13|03:28:19|Wahoo ELEMNT BOLT|https://www.strava.com/activities/2926026542
19.12.2019|114|03:23:04|873|0|0|0|0||0|0|337|893|85|114|0|0|0|0|1,020|13|03:28:19|Wahoo ELEMNT BOLT|https://www.strava.com/activities/2921594816
16.12.2019|156,81|04:19:44|1,037|0|0|0|0||0|0|362|785|85|124|0|0|0|0|1,783|11|04:31:17|Wahoo ELEMNT BOLT|https://www.strava.com/activities/2914967643
16.12.2019|156,81|04:19:44|1,037|0|0|0|0||0|0|362|785|85|124|0|0|0|0|1,783|11|04:31:17|Wahoo ELEMNT BOLT|https://www.strava.com/activities/2912842842
15.12.2019|28,3|00:54:04|35|0|0|0|0||0|0|314|464|84|128|0|0|0|0|102|17|02:05:30|Wahoo ELEMNT BOLT|https://www.strava.com/activities/2912363234
14.12.2019|205,34|06:17:37|2,673|0|0|0|0||0|0|326|760|83|119|0|0|0|0|2,050|16|06:28:45|Wahoo ELEMNT BOLT|https://www.strava.com/activities/2908311715
09.12.2019|26,1|00:56:12|505|0|0|0|0||0|0|279|846|94|145|0|0|0|0|628||00:56:37|Zwift|https://www.strava.com/activities/2907808331
09.12.2019|26,1|00:56:12|505|0|0|0|0||0|0|279|846|94|145|0|0|0|0|628||00:56:37|Zwift|https://www.strava.com/activities/2906034145
09.12.2019|26,1|00:56:12|505|0|0|0|0||0|0|279|846|94|145|0|0|0|0|628||00:56:37|Zwift|https://www.strava.com/activities/3142233227
09.12.2019|26,1|00:56:12|505|0|0|0|0||0|0|279|846|94|145|0|0|0|0|628||00:56:37|Zwift|https://www.strava.com/activities/3138532707
09.12.2019|26,1|00:56:12|505|0|0|0|0||0|0|279|846|94|145|0|0|0|0|628||00:56:37|Zwift|https://www.strava.com/activities/3135944806
06.12.2019|142,67|04:57:57|1,993|0|226|3,627|0||0|0|287|641|87|122|0|0|203|559|3,647|0|05:03:24|Garmin Edge 1000|https://www.strava.com/activities/3133406614
04.12.2019|70,93|02:28:23|1,031|0|0|0|0||184|1,639|287|695|0|0|0|0|0|0|1,827||02:30:32||https://www.strava.com/activities/3127851844
04.12.2019|70,93|02:28:23|1,031|0|0|0|0||184|1,639|287|695|0|0|0|0|0|0|1,827||02:30:32||https://www.strava.com/activities/3125389024
03.12.2019|96,54|03:26:24|1,906|0|0|0|0||0|0|281|688|80|120|0|0|0|0|2,749|2|03:29:15|Garmin Edge 530|https://www.strava.com/activities/3121402938
03.12.2019|96,54|03:26:24|1,906|0|0|0|0||0|0|281|688|80|120|0|0|0|0|2,749|2|03:29:15|Garmin Edge 530|https://www.strava.com/activities/3118997103
02.12.2019|54,84|02:00:43|880|0|219|1,371|0||0|0|273|630|85|118|0|0|189|567|1,384|6|02:01:47|Garmin Edge 530|https://www.strava.com/activities/3116446224
02.12.2019|54,84|02:00:43|880|0|219|1,371|0||0|0|273|630|85|118|0|0|189|567|1,384|6|02:01:47|Garmin Edge 530|https://www.strava.com/activities/3117347834
02.12.2019|54,84|02:00:43|880|0|219|1,371|0||0|0|273|630|85|118|0|0|189|567|1,384|6|02:01:47|Garmin Edge 530|https://www.strava.com/activities/3107287393
02.12.2019|54,84|02:00:43|880|0|219|1,371|0||0|0|273|630|85|118|0|0|189|567|1,384|6|02:01:47|Garmin Edge 530|https://www.strava.com/activities/3105213302
27.02.2020|45,33|01:30:16|679|0|0|0|0||0|0|301|803|98|147|0|0|0|0|1,065||01:32:35|Zwift|https://www.strava.com/activities/3102169770
27.02.2020|45,33|01:30:16|679|0|0|0|0||0|0|301|803|98|147|0|0|0|0|1,065||01:32:35|Zwift|https://www.strava.com/activities/3099317880
27.02.2020|45,33|01:30:16|679|0|0|0|0||0|0|301|803|98|147|0|0|0|0|1,065||01:32:35|Zwift|https://www.strava.com/activities/3096487854
23.02.2020|141,29|05:08:58|3,344|0|0|0|0||0|0|274|720|83|115|0|0|0|0|2,415|13|05:31:51|Wahoo ELEMNT BOLT|https://www.strava.com/activities/3093006617
21.02.2020|104,28|03:28:28|1,733|0|0|0|0||0|0|300|626|86|115|0|0|0|0|1,509|7|03:39:08|Wahoo ELEMNT BOLT|https://www.strava.com/activities/3090818717
17.02.2020|49,11|01:42:19|680|0|0|0|0||0|0|288|670|0|0|0|0|0|0|333|9|01:45:12|Wahoo ELEMNT BOLT|https://www.strava.com/activities/3085758277
20.02.2020|118,49|04:01:12|1,897|0|0|0|0||0|0|295|616|80|117|0|0|0|0|1,174|7|04:42:28|Wahoo ELEMNT BOLT|https://www.strava.com/activities/3082906053
20.02.2020|118,49|04:01:12|1,897|0|0|0|0||0|0|295|616|80|117|0|0|0|0|1,174|7|04:42:28|Wahoo ELEMNT BOLT|https://www.strava.com/activities/3079612735
20.02.2020|118,49|04:01:12|1,897|0|0|0|0||0|0|295|616|80|117|0|0|0|0|1,174|7|04:42:28|Wahoo ELEMNT BOLT|https://www.strava.com/activities/3076940985
20.02.2020|118,49|04:01:12|1,897|0|0|0|0||0|0|295|616|80|117|0|0|0|0|1,174|7|04:42:28|Wahoo ELEMNT BOLT|https://www.strava.com/activities/3074006918
15.02.2020|145,19|04:06:18|2,513|0|0|0|0||0|0|354|860|86|155|0|0|0|0|2,179|15|04:07:49|Wahoo ELEMNT BOLT|https://www.strava.com/activities/3070590851
15.02.2020|145,19|04:06:18|2,513|0|0|0|0||0|0|354|860|86|155|0|0|0|0|2,179|15|04:07:49|Wahoo ELEMNT BOLT|https://www.strava.com/activities/3067496566
13.02.2020|157,18|03:33:43|578|0|0|0|0||0|0|441|713|88|126|0|0|0|0|1,987|12|03:34:54|Wahoo ELEMNT BOLT|https://www.strava.com/activities/3064613876
13.02.2020|157,18|03:33:43|578|0|0|0|0||0|0|441|713|88|126|0|0|0|0|1,987|12|03:34:54|Wahoo ELEMNT BOLT|https://www.strava.com/activities/3061593064
11.02.2020|66,83|02:15:40|1,007|0|0|0|0||0|0|296|644|83|123|0|0|0|0|739|13|02:18:49|Wahoo ELEMNT BOLT|https://www.strava.com/activities/3234061365
09.02.2020|100,87|02:16:52|716|0|0|0|0||0|0|442|756|87|132|0|0|0|0|1,043|18|02:17:27|Wahoo ELEMNT BOLT|https://www.strava.com/activities/3230736690
09.02.2020|100,87|02:16:52|716|0|0|0|0||0|0|442|756|87|132|0|0|0|0|1,043|18|02:17:27|Wahoo ELEMNT BOLT|https://www.strava.com/activities/3230491386
08.02.2020|177,34|05:12:04|4,019|0|0|0|0||0|0|341|835|85|133|0|0|0|0|3,235|15|05:13:06|Wahoo ELEMNT BOLT|https://www.strava.com/activities/3226618622
04.02.2020|51,35|01:40:16|667|0|0|0|0||0|0|307|785|0|0|0|0|0|0|376|20|02:05:53|Wahoo ELEMNT BOLT|https://www.strava.com/activities/3226246495
04.02.2020|51,35|01:40:16|667|0|0|0|0||0|0|307|785|0|0|0|0|0|0|376|20|02:05:53|Wahoo ELEMNT BOLT|https://www.strava.com/activities/3222626823
04.02.2020|51,35|01:40:16|667|0|0|0|0||0|0|307|785|0|0|0|0|0|0|376|20|02:05:53|Wahoo ELEMNT BOLT|https://www.strava.com/activities/3219489237
02.02.2020|87,69|03:10:17|1,557|0|0|0|0||0|0|277|731|82|123|0|0|0|0|1,337|5|03:16:37|Wahoo ELEMNT BOLT|https://www.strava.com/activities/3219341580
01.02.2020|43,83|01:30:51|647|0|0|0|0||0|0|290|580|87|121|0|0|0|0|419|8|01:32:32|Wahoo ELEMNT BOLT|https://www.strava.com/activities/3215979253
01.02.2020|43,83|01:30:51|647|0|0|0|0||0|0|290|580|87|121|0|0|0|0|419|8|01:32:32|Wahoo ELEMNT BOLT|https://www.strava.com/activities/3215781859
29.03.2020|81,03|02:05:58|611|0|0|0|0||0|0|386|713|94|169|0|0|0|0|1,699||02:06:13|Zwift|https://www.strava.com/activities/3215535569
28.03.2020|72,53|01:55:30|872|0|0|0|0||0|0|377|835|94|194|0|0|0|0|1,705||01:55:30|Zwift|https://www.strava.com/activities/3212456352
27.03.2020|27,1|00:51:07|264|0|0|0|0||0|0|318|695|92|157|0|0|0|0|552||00:51:07|Zwift|https://www.strava.com/activities/3212299432
26.03.2020|36,3|01:00:28|365|0|0|0|0||0|0|360|752|93|166|0|0|0|0|916||01:00:28|Zwift|https://www.strava.com/activities/3209575237
26.03.2020|36,3|01:00:28|365|0|0|0|0||0|0|360|752|93|166|0|0|0|0|916||01:00:28|Zwift|https://www.strava.com/activities/3206353734
25.03.2020|2,78|00:09:08|133|0|0|0|0||0|0|183|230|87|110|0|0|0|0|117||00:09:08|Zwift|https://www.strava.com/activities/3206280032
25.03.2020|2,78|00:09:08|133|0|0|0|0||0|0|183|230|87|110|0|0|0|0|117||00:09:08|Zwift|https://www.strava.com/activities/3205709240
25.03.2020|28,74|01:00:46|272|0|0|0|0||0|0|284|727|90|153|0|0|0|0|649||01:01:05|Zwift|https://www.strava.com/activities/3202729473
25.03.2020|28,74|01:00:46|272|0|0|0|0||0|0|284|727|90|153|0|0|0|0|649||01:01:05|Zwift|https://www.strava.com/activities/3199900366
24.03.2020|38|01:07:08|600|0|0|0|0||0|0|340|763|93|174|0|0|0|0|921||01:07:51|Zwift|https://www.strava.com/activities/3199694669
24.03.2020|38|01:07:08|600|0|0|0|0||0|0|340|763|93|174|0|0|0|0|921||01:07:51|Zwift|https://www.strava.com/activities/3196828828
24.03.2020|38|01:07:08|600|0|0|0|0||0|0|340|763|93|174|0|0|0|0|921||01:07:51|Zwift|https://www.strava.com/activities/3185738862
24.03.2020|11,77|00:22:18|191|0|0|0|0||0|0|317|637|96|125|0|0|0|0|250||00:22:53|Zwift|https://www.strava.com/activities/3181856346
24.03.2020|11,77|00:22:18|191|0|0|0|0||0|0|317|637|96|125|0|0|0|0|250||00:22:53|Zwift|https://www.strava.com/activities/3179644946
24.03.2020|11,77|00:22:18|191|0|0|0|0||0|0|317|637|96|125|0|0|0|0|250||00:22:53|Zwift|https://www.strava.com/activities/3177565950
22.03.2020|7,36|00:12:47|66|0|0|0|0||0|0|345|738|0|0|0|0|0|0|181||00:12:47|Zwift|https://www.strava.com/activities/3174023344
22.03.2020|7,36|00:12:47|66|0|0|0|0||0|0|345|738|0|0|0|0|0|0|181||00:12:47|Zwift|https://www.strava.com/activities/3171288114
22.03.2020|7,36|00:12:47|66|0|0|0|0||0|0|345|738|0|0|0|0|0|0|181||00:12:47|Zwift|https://www.strava.com/activities/3168176745
22.03.2020|35,81|01:10:57|816|0|0|0|0||0|0|303|752|0|0|0|0|0|0|1,108||01:10:57|Zwift|https://www.strava.com/activities/3165437304
21.03.2020|45,86|01:22:46|785|0|0|0|0||0|0|332|835|0|0|0|0|0|0|1,176||01:23:50|Zwift|https://www.strava.com/activities/3161587178
20.03.2020|8,6|00:19:23|169|0|0|0|0||0|0|266|799|0|0|0|0|0|0|217||00:19:23|Zwift|https://www.strava.com/activities/3158688825
20.03.2020|8,6|00:19:23|169|0|0|0|0||0|0|266|799|0|0|0|0|0|0|217||00:19:23|Zwift|https://www.strava.com/activities/3153534499
20.03.2020|8,6|00:19:23|169|0|0|0|0||0|0|266|799|0|0|0|0|0|0|217||00:19:23|Zwift|https://www.strava.com/activities/3150815569
20.03.2020|8,6|00:19:23|169|0|0|0|0||0|0|266|799|0|0|0|0|0|0|217||00:19:23|Zwift|https://www.strava.com/activities/3147404255
15.03.2020|136,34|04:50:58|2,837|0|0|0|0||0|0|281|738|82|121|0|0|0|0|1,876|12|05:10:26|Wahoo ELEMNT BOLT|https://www.strava.com/activities/3145471039
14.03.2020|69,25|02:18:42|713|0|0|0|0||0|0|300|608|85|125|0|0|0|0|390|8|02:22:55|Wahoo ELEMNT BOLT|https://www.strava.com/activities/3369620480
14.03.2020|69,25|02:18:42|713|0|0|0|0||0|0|300|608|85|125|0|0|0|0|390|8|02:22:55|Wahoo ELEMNT BOLT|https://www.strava.com/activities/3364961506
11.03.2020|141,3|05:00:24|2,913|0|0|0|0||0|0|282|659|83|129|0|0|0|0|2,413|13|05:09:12|Wahoo ELEMNT BOLT|https://www.strava.com/activities/3355468112
09.03.2020|81,84|02:36:05|1,076|0|0|0|0||0|0|315|655|88|120|0|0|0|0|1,237|3|02:38:22|Wahoo ELEMNT BOLT|https://www.strava.com/activities/3351069117
07.03.2020|16,03|01:49:36|0|0|0|0|0||0|0|0|0|0|0|0|0|0|0|||00:00:00|Wahoo ELEMNT BOLT|https://www.strava.com/activities/3349495730
07.03.2020|16,03|01:49:36|0|0|0|0|0||0|0|0|0|0|0|0|0|0|0|||00:00:00|Wahoo ELEMNT BOLT|https://www.strava.com/activities/3344990930
03.03.2020|203,37|04:52:50|1,658|0|0|0|0||0|0|417|799|87|170|0|0|0|0|3,093|6|04:54:00|Wahoo ELEMNT BOLT|https://www.strava.com/activities/3342988110
02.03.2020|46,91|01:38:32|294|0|0|0|0||0|0|286|551|83|155|0|0|0|0|212|6|01:43:18|Wahoo ELEMNT BOLT|https://www.strava.com/activities/3339821371
02.03.2020|46,91|01:38:32|294|0|0|0|0||0|0|286|551|83|155|0|0|0|0|212|6|01:43:18|Wahoo ELEMNT BOLT|https://www.strava.com/activities/3334998352
02.03.2020|46,91|01:38:32|294|0|0|0|0||0|0|286|551|83|155|0|0|0|0|212|6|01:43:18|Wahoo ELEMNT BOLT|https://www.strava.com/activities/3329982431
28.04.2020|69,12|01:41:27|711|0|0|0|0||0|0|409|673|86|163|0|0|0|0|1,444||01:41:27|Zwift|https://www.strava.com/activities/3320399214
28.04.2020|69,12|01:41:27|711|0|0|0|0||0|0|409|673|86|163|0|0|0|0|1,444||01:41:27|Zwift|https://www.strava.com/activities/3315298174
26.04.2020|110,49|02:52:49|1,331|0|0|0|0||0|0|384|670|85|175|0|0|0|0|2,437||02:53:09|Zwift|https://www.strava.com/activities/3314678961
23.04.2020|44,84|01:01:50|184|0|0|0|0||0|0|435|536|20|112|0|0|0|0|1,383||01:01:50|Rouvy|https://www.strava.com/activities/3310922416
24.04.2020|50,76|01:34:39|782|0|0|0|0||0|0|322|893|85|151|0|0|0|0|1,189||01:37:28|Zwift|https://www.strava.com/activities/3310364771
23.04.2020|60,96|01:32:48|523|0|0|0|0||0|0|394|616|90|176|0|0|0|0|1,165||01:32:48|Zwift|https://www.strava.com/activities/3307584309
23.04.2020|60,96|01:32:48|523|0|0|0|0||0|0|394|616|90|176|0|0|0|0|1,165||01:32:48|Zwift|https://www.strava.com/activities/3307456697
18.04.2020|102,8|02:37:30|852|0|0|0|0||0|0|392|662|90|173|0|0|0|0|2,218||02:37:30|Zwift|https://www.strava.com/activities/3301538995
18.04.2020|18,43|00:26:55|89|0|0|0|0||0|0|411|562|95|172|0|0|0|0|383||00:26:55|Zwift|https://www.strava.com/activities/3301183215
18.04.2020|18,43|00:26:55|89|0|0|0|0||0|0|411|562|95|172|0|0|0|0|383||00:26:55|Zwift|https://www.strava.com/activities/3296919121
17.04.2020|50,13|01:39:42|999|0|0|0|0||0|0|302|882|88|110|0|0|0|0|1,312||01:39:42|Zwift|https://www.strava.com/activities/3296351513
16.04.2020|11,72|00:21:28|99|0|0|0|0||0|0|328|594|92|163|0|0|0|0|192||00:21:28|Zwift|https://www.strava.com/activities/3288180514
16.04.2020|11,72|00:21:28|99|0|0|0|0||0|0|328|594|92|163|0|0|0|0|192||00:21:28|Zwift|https://www.strava.com/activities/3283383234
15.04.2020|69,44|01:50:16|867|0|0|0|0||0|0|378|727|90|141|0|0|0|0|1,616||01:50:16|Zwift|https://www.strava.com/activities/3278798140
15.04.2020|69,44|01:50:16|867|0|0|0|0||0|0|378|727|90|141|0|0|0|0|1,616||01:50:16|Zwift|https://www.strava.com/activities/3274680277
15.04.2020|6,56|00:12:03|80|0|0|0|0||0|0|327|601|85|143|0|0|0|0|143||00:12:03|Zwift|https://www.strava.com/activities/3270390805
14.04.2020|42,58|01:32:35|1,112|0|0|0|0||0|0|276|868|89|169|0|0|0|0|1,209||01:34:02|Zwift|https://www.strava.com/activities/3269778567
14.04.2020|40,03|01:00:51|156|0|0|0|0||0|0|395|536|94|152|0|0|0|0|764||01:00:51|Zwift|https://www.strava.com/activities/3265743241
14.04.2020|40,03|01:00:51|156|0|0|0|0||0|0|395|536|94|152|0|0|0|0|764||01:00:51|Zwift|https://www.strava.com/activities/3257410828
14.04.2020|40,03|01:00:51|156|0|0|0|0||0|0|395|536|94|152|0|0|0|0|764||01:00:51|Zwift|https://www.strava.com/activities/3252892309
11.04.2020|101,8|02:52:35|1,311|0|0|0|0||0|0|354|878|86|171|0|0|0|0|2,328||02:52:35|Zwift|https://www.strava.com/activities/3249116379
11.04.2020|101,8|02:52:35|1,311|0|0|0|0||0|0|354|878|86|171|0|0|0|0|2,328||02:52:35|Zwift|https://www.strava.com/activities/3245394315
07.04.2020|48,97|01:38:02|1,159|0|0|0|0||0|0|300|875|90|217|0|0|0|0|1,313||01:38:02|Zwift|https://www.strava.com/activities/3241627745
07.04.2020|48,97|01:38:02|1,159|0|0|0|0||0|0|300|875|90|217|0|0|0|0|1,313||01:38:02|Zwift|https://www.strava.com/activities/3241114223
07.04.2020|48,97|01:38:02|1,159|0|0|0|0||0|0|300|875|90|217|0|0|0|0|1,313||01:38:02|Zwift|https://www.strava.com/activities/3541930085
04.04.2020|80,54|02:30:29|1,75|0|0|0|0||0|0|321|850|80|171|0|0|0|0|2,157||02:30:29|Zwift|https://www.strava.com/activities/3492778681
02.04.2020|90,29|02:32:43|1,049|0|0|0|0||0|0|355|785|93|200|0|0|0|0|2,075||02:32:43|Zwift|https://www.strava.com/activities/3487421364
02.04.2020|90,29|02:32:43|1,049|0|0|0|0||0|0|355|785|93|200|0|0|0|0|2,075||02:32:43|Zwift|https://www.strava.com/activities/3459790775
01.04.2020|50,81|01:30:24|667|0|0|0|0||0|0|337|763|92|191|0|0|0|0|1,184||01:31:15|Zwift|https://www.strava.com/activities/3438609063
31.05.2020|161,65|06:08:46|4,341|0|262|4,87|0||0|0|263|752|80|124|128|166|220|1,112|2,861|20|06:26:55|Wahoo ELEMNT BOLT|https://www.strava.com/activities/3433897284
22.05.2020|64,21|01:46:43|504|0|240|1,426|0||0|0|361|662|87|121|123|147|223|504|680|22|01:47:23|Wahoo ELEMNT BOLT|https://www.strava.com/activities/3417772209
21.05.2020|99,46|03:42:29|2,111|0|0|0|0||0|0|268|734|79|133|0|0|0|0|1,376|23|03:48:24|Wahoo ELEMNT BOLT|https://www.strava.com/activities/3417015559
21.05.2020|99,46|03:42:29|2,111|0|0|0|0||0|0|268|734|79|133|0|0|0|0|1,376|23|03:48:24|Wahoo ELEMNT BOLT|https://www.strava.com/activities/3412095912
21.05.2020|99,46|03:42:29|2,111|0|0|0|0||0|0|268|734|79|133|0|0|0|0|1,376|23|03:48:24|Wahoo ELEMNT BOLT|https://www.strava.com/activities/3411814104
21.05.2020|99,46|03:42:29|2,111|0|0|0|0||0|0|268|734|79|133|0|0|0|0|1,376|23|03:48:24|Wahoo ELEMNT BOLT|https://www.strava.com/activities/3406460610
12.05.2020|94,74|03:20:10|1,927|0|0|0|0||0|0|284|698|83|122|0|0|0|0|1,442|7|03:25:08|Wahoo ELEMNT BOLT|https://www.strava.com/activities/3400912090
12.05.2020|94,74|03:20:10|1,927|0|0|0|0||0|0|284|698|83|122|0|0|0|0|1,442|7|03:25:08|Wahoo ELEMNT BOLT|https://www.strava.com/activities/3400155399
12.05.2020|94,74|03:20:10|1,927|0|0|0|0||0|0|284|698|83|122|0|0|0|0|1,442|7|03:25:08|Wahoo ELEMNT BOLT|https://www.strava.com/activities/3395571450
08.05.2020|30,98|01:00:18|275|0|0|0|0||0|0|308|727|87|137|0|0|0|0|700||01:00:18|Zwift|https://www.strava.com/activities/3389929193
07.05.2020|45,52|01:29:02|733|0|0|0|0||0|0|307|572|82|149|0|0|0|0|1,193||01:30:16|Zwift|https://www.strava.com/activities/3384105697
07.05.2020|45,52|01:29:02|733|0|0|0|0||0|0|307|572|82|149|0|0|0|0|1,193||01:30:16|Zwift|https://www.strava.com/activities/3378665176
07.05.2020|45,52|01:29:02|733|0|0|0|0||0|0|307|572|82|149|0|0|0|0|1,193||01:30:16|Zwift|https://www.strava.com/activities/3691880166
07.05.2020|45,52|01:29:02|733|0|0|0|0||0|0|307|572|82|149|0|0|0|0|1,193||01:30:16|Zwift|https://www.strava.com/activities/3682890935
05.05.2020|23,25|00:43:12|203|0|189|468|0||0|0|323|587|93|139|111|127|181|330|444||00:43:12|Zwift|https://www.strava.com/activities/3677621302
05.05.2020|23,25|00:43:12|203|0|189|468|0||0|0|323|587|93|139|111|127|181|330|444||00:43:12|Zwift|https://www.strava.com/activities/3674365068
03.05.2020|111,3|02:30:23|395|0|0|0|0||0|0|444|659|91|160|0|0|0|0|2,180||02:30:23|Zwift|https://www.strava.com/activities/3668912989
03.05.2020|111,3|02:30:23|395|0|0|0|0||0|0|444|659|91|160|0|0|0|0|2,180||02:30:23|Zwift|https://www.strava.com/activities/3668914925
01.05.2020|73,14|01:50:20|715|0|0|0|0||0|0|398|698|87|162|0|0|0|0|1,474||01:50:51|Zwift|https://www.strava.com/activities/3663606598
01.05.2020|73,14|01:50:20|715|0|0|0|0||0|0|398|698|87|162|0|0|0|0|1,474||01:50:51|Zwift|https://www.strava.com/activities/3657974671
26.06.2020|99,53|03:22:23|1,867|0|0|0|0||0|0|295|734|80|119|0|0|0|0|2,742|17|03:23:46|Wahoo ELEMNT BOLT|https://www.strava.com/activities/3649368808
26.06.2020|99,53|03:22:23|1,867|0|0|0|0||0|0|295|734|80|119|0|0|0|0|2,742|17|03:23:46|Wahoo ELEMNT BOLT|https://www.strava.com/activities/3643800604
26.06.2020|99,53|03:22:23|1,867|0|0|0|0||0|0|295|734|80|119|0|0|0|0|2,742|17|03:23:46|Wahoo ELEMNT BOLT|https://www.strava.com/activities/3637574353
26.06.2020|99,53|03:22:23|1,867|0|0|0|0||0|0|295|734|80|119|0|0|0|0|2,742|17|03:23:46|Wahoo ELEMNT BOLT|https://www.strava.com/activities/3633331689
24.06.2020|96,32|03:13:48|1,789|0|0|0|0||0|0|298|727|82|129|0|0|0|0|2,596|26|03:15:47|Wahoo ELEMNT BOLT|https://www.strava.com/activities/3628197567
23.06.2020|83,52|02:56:00|1,867|0|0|0|0||0|0|285|716|80|120|0|0|0|0|2,402|24|03:02:00|Wahoo ELEMNT BOLT|https://www.strava.com/activities/3623190072
23.06.2020|83,52|02:56:00|1,867|0|0|0|0||0|0|285|716|80|120|0|0|0|0|2,402|24|03:02:00|Wahoo ELEMNT BOLT|https://www.strava.com/activities/3614171354
23.06.2020|83,52|02:56:00|1,867|0|0|0|0||0|0|285|716|80|120|0|0|0|0|2,402|24|03:02:00|Wahoo ELEMNT BOLT|https://www.strava.com/activities/3606249230
19.06.2020|71,31|02:29:49|1,066|0|0|0|0||0|0|286|605|79|115|0|0|0|0|1,662|16|02:33:14|Wahoo ELEMNT BOLT|https://www.strava.com/activities/3602545619
21.06.2020|82,27|02:43:39|1,246|0|0|0|0||0|0|302|738|83|121|0|0|0|0|2,056|24|02:46:08|Wahoo ELEMNT BOLT|https://www.strava.com/activities/3597376197
21.06.2020|82,27|02:43:39|1,246|0|0|0|0||0|0|302|738|83|121|0|0|0|0|2,056|24|02:46:08|Wahoo ELEMNT BOLT|https://www.strava.com/activities/3592161133
21.06.2020|82,27|02:43:39|1,246|0|0|0|0||0|0|302|738|83|121|0|0|0|0|2,056|24|02:46:08|Wahoo ELEMNT BOLT|https://www.strava.com/activities/3586976441
21.06.2020|82,27|02:43:39|1,246|0|0|0|0||0|0|302|738|83|121|0|0|0|0|2,056|24|02:46:08|Wahoo ELEMNT BOLT|https://www.strava.com/activities/3576595243
17.06.2020|92,12|02:46:39|967|0|0|0|0||0|0|332|709|85|111|0|0|0|0|2,223|15|02:48:40|Wahoo ELEMNT BOLT|https://www.strava.com/activities/3571669893
17.06.2020|92,12|02:46:39|967|0|0|0|0||0|0|332|709|85|111|0|0|0|0|2,223|15|02:48:40|Wahoo ELEMNT BOLT|https://www.strava.com/activities/3566902399
16.06.2020|107,7|03:57:51|2,734|0|0|0|0||0|0|272|767|78|136|0|0|0|0|3,305|20|04:27:31|Wahoo ELEMNT BOLT|https://www.strava.com/activities/3562261780
16.06.2020|107,7|03:57:51|2,734|0|0|0|0||0|0|272|767|78|136|0|0|0|0|3,305|20|04:27:31|Wahoo ELEMNT BOLT|https://www.strava.com/activities/3842474216
16.06.2020|107,7|03:57:51|2,734|0|0|0|0||0|0|272|767|78|136|0|0|0|0|3,305|20|04:27:31|Wahoo ELEMNT BOLT|https://www.strava.com/activities/3838160974
16.06.2020|107,7|03:57:51|2,734|0|0|0|0||0|0|272|767|78|136|0|0|0|0|3,305|20|04:27:31|Wahoo ELEMNT BOLT|https://www.strava.com/activities/3838176478
10.06.2020|90,53|03:09:28|1,845|0|0|0|0||0|0|287|677|85|127|0|0|0|0|2,555|11|03:14:06|Wahoo ELEMNT BOLT|https://www.strava.com/activities/3832693548
10.06.2020|90,53|03:09:28|1,845|0|0|0|0||0|0|287|677|85|127|0|0|0|0|2,555|11|03:14:06|Wahoo ELEMNT BOLT|https://www.strava.com/activities/3814491363
10.06.2020|90,53|03:09:28|1,845|0|0|0|0||0|0|287|677|85|127|0|0|0|0|2,555|11|03:14:06|Wahoo ELEMNT BOLT|https://www.strava.com/activities/3810634957
31.07.2020|44,01|01:35:34|861|0|0|0|0||0|0|276|713|81|131|0|0|0|0|1,101|32|01:59:47|Wahoo ELEMNT BOLT|https://www.strava.com/activities/3809992581
30.07.2020|86,6|02:58:23|1,368|0|0|0|0||0|0|291|788|81|132|0|0|0|0|2,133|36|03:04:56|Wahoo ELEMNT BOLT|https://www.strava.com/activities/3804562261
04.06.2020|74,65|02:17:46|855|0|230|1,714|0||0|0|325|709|90|113|0|0|207|438|1,712|13|02:18:46|Wahoo ELEMNT BOLT|https://www.strava.com/activities/3800101831
04.06.2020|74,65|02:17:46|855|0|230|1,714|0||0|0|325|709|90|113|0|0|207|438|1,712|13|02:18:46|Wahoo ELEMNT BOLT|https://www.strava.com/activities/3794699698
04.06.2020|74,65|02:17:46|855|0|230|1,714|0||0|0|325|709|90|113|0|0|207|438|1,712|13|02:18:46|Wahoo ELEMNT BOLT|https://www.strava.com/activities/3786171771
29.07.2020|141,09|04:18:19|2,115|0|0|0|0||0|0|328|706|83|129|0|0|0|0|3,558|28|04:31:09|Wahoo ELEMNT BOLT|https://www.strava.com/activities/3784926771
28.07.2020|65,94|02:03:11|565|0|0|0|0||0|0|321|601|83|110|0|0|0|0|1,214|26|02:47:25|Wahoo ELEMNT BOLT|https://www.strava.com/activities/3779701744
26.07.2020|141,37|05:02:41|3,244|0|0|0|0||0|0|280|698|80|117|0|0|0|0|4,209|24|05:14:44|Wahoo ELEMNT BOLT|https://www.strava.com/activities/3774653822
24.07.2020|63,91|01:56:47|519|0|0|0|0||0|0|328|659|85|110|0|0|0|0|1,359|16|01:57:08|Wahoo ELEMNT BOLT|https://www.strava.com/activities/3770375699
24.07.2020|63,91|01:56:47|519|0|0|0|0||0|0|328|659|85|110|0|0|0|0|1,359|16|01:57:08|Wahoo ELEMNT BOLT|https://www.strava.com/activities/3765286319
24.07.2020|63,91|01:56:47|519|0|0|0|0||0|0|328|659|85|110|0|0|0|0|1,359|16|01:57:08|Wahoo ELEMNT BOLT|https://www.strava.com/activities/3760046310
22.07.2020|113,28|04:04:16|2,364|0|0|0|0||0|0|278|691|78|123|0|0|0|0|3,121|24|04:08:51|Wahoo ELEMNT BOLT|https://www.strava.com/activities/3746313301
22.07.2020|113,28|04:04:16|2,364|0|0|0|0||0|0|278|691|78|123|0|0|0|0|3,121|24|04:08:51|Wahoo ELEMNT BOLT|https://www.strava.com/activities/3746678056
19.07.2020|121,31|04:14:51|2,914|0|0|0|0||0|0|286|832|82|134|0|0|0|0|3,685|20|04:28:05|Wahoo ELEMNT BOLT|https://www.strava.com/activities/3740340757
19.07.2020|121,31|04:14:51|2,914|0|0|0|0||0|0|286|832|82|134|0|0|0|0|3,685|20|04:28:05|Wahoo ELEMNT BOLT|https://www.strava.com/activities/3736620383
18.07.2020|116,45|04:02:33|2,703|0|0|0|0||0|0|288|832|81|132|0|0|0|0|3,364|20|04:21:17|Wahoo ELEMNT BOLT|https://www.strava.com/activities/3731010642
18.07.2020|116,45|04:02:33|2,703|0|0|0|0||0|0|288|832|81|132|0|0|0|0|3,364|20|04:21:17|Wahoo ELEMNT BOLT|https://www.strava.com/activities/3726377964
17.07.2020|73,04|02:14:01|806|0|246|1,718|0||0|0|327|648|84|120|0|0|214|557|1,713|19|02:16:58|Wahoo ELEMNT BOLT|https://www.strava.com/activities/3721462057
17.07.2020|73,04|02:14:01|806|0|246|1,718|0||0|0|327|648|84|120|0|0|214|557|1,713|19|02:16:58|Wahoo ELEMNT BOLT|https://www.strava.com/activities/3716379849
16.07.2020|115,75|04:11:42|2,598|0|0|0|0||0|0|276|713|79|114|0|0|0|0|3,489|17|04:19:41|Wahoo ELEMNT BOLT|https://www.strava.com/activities/3711754276
14.07.2020|69,18|02:20:51|968|0|0|0|0||0|0|295|608|82|117|0|0|0|0|1,659|23|02:25:18|Wahoo ELEMNT BOLT|https://www.strava.com/activities/3706967914
11.07.2020|68,98|02:11:57|596|0|0|0|0||184|1,455|314|626|0|0|0|0|0|0|833|19|02:13:48|Wahoo ELEMNT BOLT|https://www.strava.com/activities/3702077285
11.07.2020|52,31|01:05:01|266|0|0|0|0||0|0|483|677|87|112|0|0|0|0|1,290||01:06:11|Zwift|https://www.strava.com/activities/3696712956
11.07.2020|52,31|01:05:01|266|0|0|0|0||0|0|483|677|87|112|0|0|0|0|1,290||01:06:11|Zwift|https://www.strava.com/activities/3990377686
11.07.2020|52,31|01:05:01|266|0|0|0|0||0|0|483|677|87|112|0|0|0|0|1,290||01:06:11|Zwift|https://www.strava.com/activities/3991613662
11.07.2020|52,31|01:05:01|266|0|0|0|0||0|0|483|677|87|112|0|0|0|0|1,290||01:06:11|Zwift|https://www.strava.com/activities/3986446424
09.07.2020|175,47|06:21:13|4,496|0|0|0|0||0|0|276|770|82|118|0|0|0|0|5,221|28|07:06:38|Wahoo ELEMNT BOLT|https://www.strava.com/activities/3984833842
09.07.2020|175,47|06:21:13|4,496|0|0|0|0||0|0|276|770|82|118|0|0|0|0|5,221|28|07:06:38|Wahoo ELEMNT BOLT|https://www.strava.com/activities/3977773311
06.07.2020|116,64|04:12:49|2,946|0|0|0|0||0|0|277|767|82|119|0|0|0|0|3,509|23|04:23:51|Wahoo ELEMNT BOLT|https://www.strava.com/activities/3976534222
03.07.2020|129,56|04:23:00|2,765|0|0|0|0||0|0|296|864|83|121|0|0|0|0|3,536|17|04:29:44|Wahoo ELEMNT BOLT|https://www.strava.com/activities/3972505576
01.07.2020|39,03|01:20:27|300|0|0|0|0||0|0|291|554|84|112|0|0|0|0|809|22|02:04:25|Wahoo ELEMNT BOLT|https://www.strava.com/activities/3967510320
01.07.2020|39,03|01:20:27|300|0|0|0|0||0|0|291|554|84|112|0|0|0|0|809|22|02:04:25|Wahoo ELEMNT BOLT|https://www.strava.com/activities/3964705773
02.07.2020|88,81|03:20:24|2,281|0|0|0|0||0|0|266|947|82|127|0|0|0|0|2,722|24|03:22:49|Wahoo ELEMNT BOLT|https://www.strava.com/activities/3958205276
28.08.2020|27,59|00:40:37|394|0|0|0|0||0|0|408|817|91|128|0|0|0|0|702|15|00:52:32|Wahoo ELEMNT BOLT|https://www.strava.com/activities/3955832038
28.08.2020|27,59|00:40:37|394|0|0|0|0||0|0|408|817|91|128|0|0|0|0|702|15|00:52:32|Wahoo ELEMNT BOLT|https://www.strava.com/activities/3948428557
28.08.2020|27,59|00:40:37|394|0|0|0|0||0|0|408|817|91|128|0|0|0|0|702|15|00:52:32|Wahoo ELEMNT BOLT|https://www.strava.com/activities/3939969317
28.08.2020|30,7|01:00:44|407|0|0|0|0||178|648|303|572|0|0|0|0|0|0|723|15|01:01:11|Wahoo ELEMNT BOLT|https://www.strava.com/activities/3936082162
27.08.2020|65,53|01:50:47|780|0|0|0|0||0|0|355|734|84|120|0|0|0|0|1,346|15|02:00:36|Wahoo ELEMNT BOLT|https://www.strava.com/activities/3931272142
27.08.2020|65,53|01:50:47|780|0|0|0|0||0|0|355|734|84|120|0|0|0|0|1,346|15|02:00:36|Wahoo ELEMNT BOLT|https://www.strava.com/activities/3926390888
27.08.2020|65,53|01:50:47|780|0|0|0|0||0|0|355|734|84|120|0|0|0|0|1,346|15|02:00:36|Wahoo ELEMNT BOLT|https://www.strava.com/activities/3921863458
27.08.2020|65,53|01:50:47|780|0|0|0|0||0|0|355|734|84|120|0|0|0|0|1,346|15|02:00:36|Wahoo ELEMNT BOLT|https://www.strava.com/activities/3916846755
24.08.2020|39,57|01:21:57|491|0|0|0|0||0|0|290|583|78|139|0|0|0|0|784|16|01:59:10|Wahoo ELEMNT BOLT|https://www.strava.com/activities/3911005320
24.08.2020|39,57|01:21:57|491|0|0|0|0||0|0|290|583|78|139|0|0|0|0|784|16|01:59:10|Wahoo ELEMNT BOLT|https://www.strava.com/activities/3906630140
24.08.2020|39,57|01:21:57|491|0|0|0|0||0|0|290|583|78|139|0|0|0|0|784|16|01:59:10|Wahoo ELEMNT BOLT|https://www.strava.com/activities/3901952796
24.08.2020|39,57|01:21:57|491|0|0|0|0||0|0|290|583|78|139|0|0|0|0|784|16|01:59:10|Wahoo ELEMNT BOLT|https://www.strava.com/activities/3896108258
24.08.2020|39,57|01:21:57|491|0|0|0|0||0|0|290|583|78|139|0|0|0|0|784|16|01:59:10|Wahoo ELEMNT BOLT|https://www.strava.com/activities/3886876966
24.08.2020|39,57|01:21:57|491|0|0|0|0||0|0|290|583|78|139|0|0|0|0|784|16|01:59:10|Wahoo ELEMNT BOLT|https://www.strava.com/activities/3883805258
20.08.2020|32,53|01:07:44|362|0|0|0|0||0|0|288|666|82|127|0|0|0|0|752|22|01:09:16|Wahoo ELEMNT BOLT|https://www.strava.com/activities/3877114380
22.08.2020|50|01:34:23|571|0|0|0|0||0|0|318|652|81|133|0|0|0|0|900|19|01:57:08|Wahoo ELEMNT BOLT|https://www.strava.com/activities/3872511712
22.08.2020|50|01:34:23|571|0|0|0|0||0|0|318|652|81|133|0|0|0|0|900|19|01:57:08|Wahoo ELEMNT BOLT|https://www.strava.com/activities/3868871632
22.08.2020|50|01:34:23|571|0|0|0|0||0|0|318|652|81|133|0|0|0|0|900|19|01:57:08|Wahoo ELEMNT BOLT|https://www.strava.com/activities/3862129558
18.08.2020|198,79|05:12:37|3,037|0|297|4,724|0||0|0|382|850|84|134|138|173|252|1,181|4,721|22|05:12:37|Wahoo ELEMNT BOLT|https://www.strava.com/activities/3857191488
16.08.2020|189,59|04:34:45|1,44|0|0|0|0||0|0|414|781|88|146|0|0|0|0|3,966|25|04:34:45|Wahoo ELEMNT BOLT|https://www.strava.com/activities/3853520524
16.08.2020|189,59|04:34:45|1,44|0|0|0|0||0|0|414|781|88|146|0|0|0|0|3,966|25|04:34:45|Wahoo ELEMNT BOLT|https://www.strava.com/activities/4131947747
09.08.2020|50,4|01:34:47|372|0|0|0|0||0|0|319|558|82|135|0|0|0|0|1,106|28|01:34:47|Wahoo ELEMNT BOLT|https://www.strava.com/activities/4128293238
09.08.2020|50,4|01:34:47|372|0|0|0|0||0|0|319|558|82|135|0|0|0|0|1,106|28|01:34:47|Wahoo ELEMNT BOLT|https://www.strava.com/activities/4123634904
09.08.2020|50,4|01:34:47|372|0|0|0|0||0|0|319|558|82|135|0|0|0|0|1,106|28|01:34:47|Wahoo ELEMNT BOLT|https://www.strava.com/activities/4117948905
07.08.2020|56,05|01:37:42|126|0|0|0|0||0|0|344|536|88|139|0|0|0|0|882|28|01:41:08|Wahoo ELEMNT BOLT|https://www.strava.com/activities/4113717589
04.08.2020|52,96|01:34:34|85|0|0|0|0||0|0|336|464|88|126|0|0|0|0|880|23|02:10:54|Wahoo ELEMNT BOLT|https://www.strava.com/activities/4109817508
06.08.2020|73,38|02:09:23|158|0|0|0|0||0|0|340|468|85|108|0|0|0|0|1,285|28|02:54:14|Wahoo ELEMNT BOLT|https://www.strava.com/activities/4105097985
06.08.2020|73,38|02:09:23|158|0|0|0|0||0|0|340|468|85|108|0|0|0|0|1,285|28|02:54:14|Wahoo ELEMNT BOLT|https://www.strava.com/activities/4096871226
05.08.2020|204,68|04:29:03|960|0|261|3,438|0||0|0|456|814|85|136|0|0|213|1,151|3,438|32|04:30:07|Wahoo ELEMNT BOLT|https://www.strava.com/activities/4091332623
05.08.2020|204,68|04:29:03|960|0|261|3,438|0||0|0|456|814|85|136|0|0|213|1,151|3,438|32|04:30:07|Wahoo ELEMNT BOLT|https://www.strava.com/activities/4087963671
05.08.2020|204,68|04:29:03|960|0|261|3,438|0||0|0|456|814|85|136|0|0|213|1,151|3,438|32|04:30:07|Wahoo ELEMNT BOLT|https://www.strava.com/activities/4082480015
30.09.2020|60,01|01:55:58|154|0|168|1,055|0||0|0|310|468|89|126|102|134|152|868|1,046|16|01:57:42|Wahoo ELEMNT ROAM|https://www.strava.com/activities/4076942156
30.09.2020|60,01|01:55:58|154|0|168|1,055|0||0|0|310|468|89|126|102|134|152|868|1,046|16|01:57:42|Wahoo ELEMNT ROAM|https://www.strava.com/activities/4073242369
29.09.2020|139,13|03:18:15|357|0|259|2,546|0||0|0|421|680|87|135|0|0|214|1,219|2,545|17|03:26:35|Wahoo ELEMNT ROAM|https://www.strava.com/activities/4067153665
29.09.2020|139,13|03:18:15|357|0|259|2,546|0||0|0|421|680|87|135|0|0|214|1,219|2,545|17|03:26:35|Wahoo ELEMNT ROAM|https://www.strava.com/activities/4058202752
27.09.2020|51,57|01:30:10|453|0|0|0|0||0|0|343|634|96|165|0|0|0|0|982||01:30:38|Zwift|https://www.strava.com/activities/4052795233
27.09.2020|51,57|01:30:10|453|0|0|0|0||0|0|343|634|96|165|0|0|0|0|982||01:30:38|Zwift|https://www.strava.com/activities/4047823034
27.09.2020|51,57|01:30:10|453|0|0|0|0||0|0|343|634|96|165|0|0|0|0|982||01:30:38|Zwift|https://www.strava.com/activities/4039109858
27.09.2020|51,57|01:30:10|453|0|0|0|0||0|0|343|634|96|165|0|0|0|0|982||01:30:38|Zwift|https://www.strava.com/activities/4033992563
27.09.2020|51,57|01:30:10|453|0|0|0|0||0|0|343|634|96|165|0|0|0|0|982||01:30:38|Zwift|https://www.strava.com/activities/4028962718
27.09.2020|51,57|01:30:10|453|0|0|0|0||0|0|343|634|96|165|0|0|0|0|982||01:30:38|Zwift|https://www.strava.com/activities/4024213001
20.09.2020|201,98|04:38:15|1,051|0|292|4,083|0||0|0|436|936|89|152|0|0|245|1,198|4,083|24|04:39:17|Wahoo ELEMNT ROAM|https://www.strava.com/activities/4019817551
21.09.2020|40,13|01:20:41|351|0|0|0|0||0|0|298|608|86|122|0|0|0|0|973|19|01:27:15|Wahoo ELEMNT ROAM|https://www.strava.com/activities/4014633311
21.09.2020|40,13|01:20:41|351|0|0|0|0||0|0|298|608|86|122|0|0|0|0|973|19|01:27:15|Wahoo ELEMNT ROAM|https://www.strava.com/activities/4009331624
21.09.2020|40,13|01:20:41|351|0|0|0|0||0|0|298|608|86|122|0|0|0|0|973|19|01:27:15|Wahoo ELEMNT ROAM|https://www.strava.com/activities/3999919381
21.09.2020|40,13|01:20:41|351|0|0|0|0||0|0|298|608|86|122|0|0|0|0|973|19|01:27:15|Wahoo ELEMNT ROAM|https://www.strava.com/activities/4224523565
21.09.2020|40,13|01:20:41|351|0|0|0|0||0|0|298|608|86|122|0|0|0|0|973|19|01:27:15|Wahoo ELEMNT ROAM|https://www.strava.com/activities/4219137189
18.09.2020|72,17|02:25:55|691|0|0|0|0||0|0|297|706|83|131|0|0|0|0|1,593|24|02:29:21|Wahoo ELEMNT ROAM|https://www.strava.com/activities/4215117573
18.09.2020|72,17|02:25:55|691|0|0|0|0||0|0|297|706|83|131|0|0|0|0|1,593|24|02:29:21|Wahoo ELEMNT ROAM|https://www.strava.com/activities/4211297812
16.09.2020|65,82|01:49:52|548|0|0|0|0||0|0|359|702|87|115|0|0|0|0|1,519|16|01:51:51|Wahoo ELEMNT ROAM|https://www.strava.com/activities/4205626919
13.09.2020|92,09|02:59:32|1,143|0|0|0|0||0|0|308|702|83|116|0|0|0|0|2,353|21|03:01:11|Wahoo ELEMNT ROAM|https://www.strava.com/activities/4201580637
13.09.2020|92,09|02:59:32|1,143|0|0|0|0||0|0|308|702|83|116|0|0|0|0|2,353|21|03:01:11|Wahoo ELEMNT ROAM|https://www.strava.com/activities/4197738111
08.09.2020|90,93|02:34:08|886|0|0|0|0||0|0|354|695|85|111|0|0|0|0|2,091|18|02:37:47|Wahoo ELEMNT ROAM|https://www.strava.com/activities/4193611782
08.09.2020|90,93|02:34:08|886|0|0|0|0||0|0|354|695|85|111|0|0|0|0|2,091|18|02:37:47|Wahoo ELEMNT ROAM|https://www.strava.com/activities/4188797637
21.10.2020|115,07|02:34:33|371|0|0|0|0||0|0|447|731|91|140|0|0|0|0|2,396|15|02:34:48|Wahoo ELEMNT ROAM|https://www.strava.com/activities/4181150839
21.10.2020|115,07|02:34:33|371|0|0|0|0||0|0|447|731|91|140|0|0|0|0|2,396|15|02:34:48|Wahoo ELEMNT ROAM|https://www.strava.com/activities/4175315276
21.10.2020|115,07|02:34:33|371|0|0|0|0||0|0|447|731|91|140|0|0|0|0|2,396|15|02:34:48|Wahoo ELEMNT ROAM|https://www.strava.com/activities/4170993845
19.10.2020|58,44|01:48:23|80|0|210|1,2|0||0|0|324|461|85|117|0|0|185|706|1,198|11|01:51:12|Wahoo ELEMNT ROAM|https://www.strava.com/activities/4167134032
17.10.2020|44,28|01:28:02|87|0|0|0|0||0|0|302|418|87|114|0|0|0|0|766|9|02:10:07|Wahoo ELEMNT ROAM|https://www.strava.com/activities/4163017974
16.10.2020|66,56|02:02:22|690|0|245|1,393|0||0|0|326|670|84|127|0|0|190|874|1,390|9|02:07:49|Wahoo ELEMNT ROAM|https://www.strava.com/activities/4157758470
16.10.2020|66,56|02:02:22|690|0|245|1,393|0||0|0|326|670|84|127|0|0|190|874|1,390|9|02:07:49|Wahoo ELEMNT ROAM|https://www.strava.com/activities/4149098881
15.10.2020|91,27|02:43:45|977|0|0|0|0||0|0|334|659|83|121|0|0|0|0|1,948|10|02:56:35|Wahoo ELEMNT ROAM|https://www.strava.com/activities/4146244337
14.10.2020|126,84|04:05:50|1,89|0|251|3,303|0||0|0|310|806|81|123|0|0|224|819|3,297|7|04:11:17|Wahoo ELEMNT ROAM|https://www.strava.com/activities/4141588491
11.10.2020|240,7|05:40:55|1,641|0|0|0|0||0|0|424|871|86|138|0|0|0|0|5,001|12|05:42:39|Wahoo ELEMNT ROAM|https://www.strava.com/activities/4141228674
07.10.2020|130,74|04:30:46|2,07|0|0|0|0||0|0|290|677|79|134|0|0|0|0|3,309|14|04:57:52|Wahoo ELEMNT ROAM|https://www.strava.com/activities/4137467714
07.10.2020|130,74|04:30:46|2,07|0|0|0|0||0|0|290|677|79|134|0|0|0|0|3,309|14|04:57:52|Wahoo ELEMNT ROAM|https://www.strava.com/activities/4545718576
08.10.2020|93,73|03:11:35|1,335|0|0|0|0||0|0|294|688|81|122|0|0|0|0|2,322|14|03:34:10|Wahoo ELEMNT ROAM|https://www.strava.com/activities/4538958560
06.10.2020|83,68|02:50:16|1,223|0|0|0|0||0|0|295|742|83|121|0|0|0|0|2,363|9|02:51:31|Wahoo ELEMNT ROAM|https://www.strava.com/activities/4533700968
04.10.2020|42,26|01:20:43|366|0|214|986|0||0|0|314|569|88|126|109|130|204|613|984|14|01:25:11|Wahoo ELEMNT ROAM|https://www.strava.com/activities/4528870039
04.10.2020|42,26|01:20:43|366|0|214|986|0||0|0|314|569|88|126|109|130|204|613|984|14|01:25:11|Wahoo ELEMNT ROAM|https://www.strava.com/activities/4519878301
02.10.2020|8,36|00:11:50|114|0|0|0|0||0|0|424|785|92|127|0|0|0|0|256|15|00:36:44|Wahoo ELEMNT ROAM|https://www.strava.com/activities/4511823828
02.10.2020|18,09|00:35:03|249|0|0|0|0||222|466|310|720|0|0|0|0|0|0|298|13|00:37:17|Wahoo ELEMNT ROAM|https://www.strava.com/activities/4507481932
02.10.2020|18,09|00:35:03|249|0|0|0|0||222|466|310|720|0|0|0|0|0|0|298|13|00:37:17|Wahoo ELEMNT ROAM|https://www.strava.com/activities/4503764624
02.10.2020|18,09|00:35:03|249|0|0|0|0||222|466|310|720|0|0|0|0|0|0|298|13|00:37:17|Wahoo ELEMNT ROAM|https://www.strava.com/activities/4500078686
02.10.2020|18,09|00:35:03|249|0|0|0|0||222|466|310|720|0|0|0|0|0|0|298|13|00:37:17|Wahoo ELEMNT ROAM|https://www.strava.com/activities/4495303102
01.10.2020|160,63|03:35:32|447|0|0|0|0||0|0|447|652|90|134|0|0|0|0|3,467|12|03:44:42|Wahoo ELEMNT ROAM|https://www.strava.com/activities/4491021693
01.10.2020|160,63|03:35:32|447|0|0|0|0||0|0|447|652|90|134|0|0|0|0|3,467|12|03:44:42|Wahoo ELEMNT ROAM|https://www.strava.com/activities/4478656618
31.12.2020|159,92|05:00:54|1,198|0|242|4,056|0||0|0|319|605|85|119|0|0|225|732|4,053|2|05:26:09|Wahoo ELEMNT ROAM|https://www.strava.com/activities/4475284090
28.12.2020|77,73|02:31:33|790|0|0|0|0||0|0|308|670|86|121|0|0|0|0|2,014|2|02:33:03|Wahoo ELEMNT ROAM|https://www.strava.com/activities/4427950121
loaded urls in 00:32:16.2471533
