date|distance|mov_time|elevation|relativeEffort|avg_power_weig|work_total|training_load|intensity|estAvgPower|energyOutput|avg_speed|max_speed|avg_cadence|max_cadence|avg_heartRate|max_heartRate|avg_power|max_power|avg_calories|avg_temperature|avg_elap_time|bicycle_model|url
31.01.2019|52,51|01:57:22|606|0|196|0|0||0|0|268|619|78|119|0|0|0|661||16|02:27:21|Wahoo ELEMNT BOLT|https://www.strava.com/activities/2115170893
30.01.2019|65,01|02:09:30|476|0|166|0|0||0|0|301|551|82|114|0|0|0|557||12|02:33:47|Wahoo ELEMNT BOLT|https://www.strava.com/activities/2112973714
29.01.2019|103,26|03:27:04|1,497|0|246|0|0||0|0|299|608|81|121|0|0|0|586||9|03:40:55|Wahoo ELEMNT BOLT|https://www.strava.com/activities/2110887207
28.01.2019|26,37|01:02:56|336|0|144|0|0||0|0|251|569|73|122|0|0|0|340||14|01:53:34|Wahoo ELEMNT BOLT|https://www.strava.com/activities/2108718244
27.01.2019|200,27|06:05:18|2,194|0|216|0|0||0|0|329|677|83|115|0|0|0|744||14|06:38:17|Wahoo ELEMNT BOLT|https://www.strava.com/activities/2107079767
26.01.2019|156,35|05:07:00|2,203|0|242|0|0||0|0|306|641|82|113|0|0|0|595||14|05:38:23|Wahoo ELEMNT BOLT|https://www.strava.com/activities/2104496030
25.01.2019|135,93|03:57:49|899|0|220|0|0||0|0|343|670|83|116|0|0|0|622||12|04:18:58|Wahoo ELEMNT BOLT|https://www.strava.com/activities/2102187521
24.01.2019|22,52|00:49:43|262|0|141|0|0||0|0|272|562|77|111|124|137|0|361|345|11|01:42:54|Wahoo ELEMNT BOLT|https://www.strava.com/activities/2099975116
23.01.2019|44,98|01:23:57|519|0|206|0|0||0|0|321|666|81|112|124|157|0|607|411|8|01:24:52|Wahoo ELEMNT BOLT|https://www.strava.com/activities/2098371045
22.01.2019|200,17|06:18:47|2,426|0|228|0|0||0|0|317|684|81|127|121|170|0|681|2,291|10|06:31:42|Wahoo ELEMNT BOLT|https://www.strava.com/activities/2096046312
21.01.2019|126,48|04:19:29|1,974|0|243|0|0||0|0|292|634|81|111|0|0|0|574||10|04:30:28|Wahoo ELEMNT BOLT|https://www.strava.com/activities/2093851200
20.01.2019|50,72|01:41:40|480|0|201|0|0||0|0|299|558|86|109|0|0|0|500||11|01:42:39|Wahoo ELEMNT BOLT|https://www.strava.com/activities/2091845050
19.01.2019|34,09|01:00:00|346|0|192|0|0||0|0|341|529|91|110|0|0|0|285|665||01:03:04|Zwift|https://www.strava.com/activities/2088544603
18.01.2019|92,28|03:00:21|2,336|0|250|0|0||0|0|307|875|89|109|81|137|0|370|2,523||03:36:57|Zwift|https://www.strava.com/activities/2086695017
17.01.2019|33,05|01:00:23|745|0|259|0|0||0|0|328|882|91|110|127|143|0|361|866||01:00:23|Zwift|https://www.strava.com/activities/2085134684
17.01.2019|65,17|01:59:57|1,235|0|249|0|0||0|0|326|886|88|108|133|178|0|508|1,616||02:13:46|Zwift|https://www.strava.com/activities/2084480492
16.01.2019|83,58|02:40:37|101|0|197|0|0||0|0|312|508|88|112|123|146|0|913||4|04:48:40|Wahoo ELEMNT BOLT|https://www.strava.com/activities/2082648489
14.01.2019|30,22|01:00:09|29|0|168|0|0||0|0|301|500|89|106|112|125|0|423|111|6|01:01:34|Wahoo ELEMNT BOLT|https://www.strava.com/activities/2077927693
12.01.2019|213,93|06:30:28|3,62|0|241|0|0||0|0|329|785|84|131|0|0|0|819||9|07:37:50|Wahoo ELEMNT BOLT|https://www.strava.com/activities/2073624911
11.01.2019|45,19|01:27:34|604|0|253|0|0||0|0|310|558|87|110|0|0|0|528||8|01:30:19|Wahoo ELEMNT BOLT|https://www.strava.com/activities/2071164890
11.01.2019|71,99|02:37:10|1,456|0|223|0|0||0|0|275|619|81|110|0|0|0|490||8|02:44:06|Wahoo ELEMNT BOLT|https://www.strava.com/activities/2070947951
10.01.2019|118,31|03:59:53|2,421|0|252|0|0||0|0|296|630|82|116|0|0|0|654||6|04:08:47|Wahoo ELEMNT BOLT|https://www.strava.com/activities/2068790809
09.01.2019|114,69|03:47:23|1,735|0|241|0|0||0|0|303|612|84|121|0|0|0|1,03||14|04:49:20|Wahoo ELEMNT BOLT|https://www.strava.com/activities/2066534909
08.01.2019|33,54|01:13:21|402|0|172|664|0||0|0|274|558|79|107|0|0|151|426|741|15|02:19:21|Wahoo ELEMNT BOLT|https://www.strava.com/activities/2064113792
07.01.2019|175,5|05:59:46|3,238|0|221|4,205|0||0|0|293|677|82|122|0|0|195|567|4,689|12|06:39:05|Wahoo ELEMNT BOLT|https://www.strava.com/activities/2062167127
06.01.2019|138,96|04:28:42|2,66|0|249|3,435|0||0|0|310|616|81|110|0|0|213|599|3,830|13|04:41:06|Wahoo ELEMNT|https://www.strava.com/activities/2059826342
28.02.2019|63,24|02:11:45|1,259|0|219|0|0||0|0|288|688|80|113|0|0|0|387||25|02:22:35|Wahoo ELEMNT BOLT|https://www.strava.com/activities/2181535556
28.02.2019|45,16|01:45:45|1,157|0|264|0|0||0|0|256|587|81|112|0|0|0|522||21|01:48:08|Wahoo ELEMNT BOLT|https://www.strava.com/activities/2181255825
27.02.2019|29,56|01:00:49|437|0|187|0|0||0|0|292|583|88|128|0|0|0|378||24|01:02:40|Wahoo ELEMNT BOLT|https://www.strava.com/activities/2179425970
26.02.2019|108,82|03:32:31|534|0|209|0|0||0|0|307|572|89|113|0|0|0|443||14|03:52:17|Wahoo ELEMNT BOLT|https://www.strava.com/activities/2176564793
25.02.2019|65,23|02:09:40|139|0|208|0|0||0|0|302|446|87|105|0|0|0|675||4|02:12:07|Wahoo ELEMNT BOLT|https://www.strava.com/activities/2173975097
24.02.2019|80,19|02:40:59|267|0|183|0|0||0|0|299|450|84|111|0|0|0|610||3|02:46:28|Wahoo ELEMNT BOLT|https://www.strava.com/activities/2171736126
23.02.2019|32,41|01:03:52|51|0|178|0|0||0|0|304|475|88|109|0|0|0|478||10|02:23:55|Wahoo ELEMNT BOLT|https://www.strava.com/activities/2168899030
21.02.2019|140,36|03:24:47|1,063|0|236|0|0||0|0|411|925|82|129|0|0|0|986||27|03:44:56|Wahoo ELEMNT BOLT|https://www.strava.com/activities/2166336221
20.02.2019|171,68|04:20:30|1,96|0|239|0|0||0|0|395|1040|84|128|0|0|0|845||29|04:41:55|Wahoo ELEMNT BOLT|https://www.strava.com/activities/2162494340
19.02.2019|11,41|00:22:13|48|0|150|0|0||0|0|308|432|81|102|0|0|0|387||27|00:23:43|Wahoo ELEMNT BOLT|https://www.strava.com/activities/2159815275
19.02.2019|138,64|03:39:07|2,207|0|265|0|0||0|0|380|900|82|129|0|0|0|797||30|03:45:15|Wahoo ELEMNT BOLT|https://www.strava.com/activities/2159814549
18.02.2019|199,1|04:52:27|2,038|0|256|0|0||0|0|408|972|87|125|0|0|0|874||29|05:06:01|Wahoo ELEMNT BOLT|https://www.strava.com/activities/2157653810
17.02.2019|161,59|04:18:08|1,558|0|236|0|0||0|0|376|997|83|131|0|0|0|917||31|04:27:26|Wahoo ELEMNT BOLT|https://www.strava.com/activities/2155477537
16.02.2019|143|03:05:06|140|0|196|0|0||0|0|464|745|86|150|0|0|0|1,037||29|03:17:53|Wahoo ELEMNT BOLT|https://www.strava.com/activities/2153181916
15.02.2019|51,2|01:40:53|534|0|216|0|0||0|0|305|644|81|106|0|0|0|606||30|02:26:43|Wahoo ELEMNT BOLT|https://www.strava.com/activities/2150236392
14.02.2019|95,73|02:58:24|1,032|0|221|0|0||0|0|322|821|84|108|0|0|0|741||28|06:26:22|Wahoo ELEMNT BOLT|https://www.strava.com/activities/2148502015
13.02.2019|52,66|01:45:15|244|0|134|0|0||0|0|300|533|81|114|0|0|0|934||24|01:48:44|Wahoo ELEMNT BOLT|https://www.strava.com/activities/2148502471
12.02.2019|34,16|01:00:10|510|0|208|0|0||0|0|341|752|90|113|0|0|0|322|713||01:01:49|Zwift|https://www.strava.com/activities/2140686290
10.02.2019|92,43|02:05:25|468|0|0|0|0||454|0|442|774|0|0|0|0|0|0||15|02:34:52|Wahoo ELEMNT BOLT|https://www.strava.com/activities/2137063992
09.02.2019|193,65|05:10:00|3,36|0|266|0|0||0|0|375|810|83|126|0|0|0|1,02||17|05:35:58|Wahoo ELEMNT BOLT|https://www.strava.com/activities/2134480411
08.02.2019|201,45|05:23:33|3,338|0|264|0|0||0|0|374|814|84|125|0|0|0|946||17|05:35:21|Wahoo ELEMNT BOLT|https://www.strava.com/activities/2132459108
07.02.2019|177,86|04:31:04|2,676|0|269|0|0||0|0|394|860|86|132|0|0|0|985||19|04:33:48|Wahoo ELEMNT BOLT|https://www.strava.com/activities/2130233972
06.02.2019|12,19|00:23:32|93|0|284|0|0||0|0|311|605|85|119|0|0|0|837||20|01:18:08|Wahoo ELEMNT BOLT|https://www.strava.com/activities/2128093292
06.02.2019|13,09|00:29:53|108|0|187|0|0||0|0|263|500|72|105|0|0|0|503||14|00:38:27|Wahoo ELEMNT BOLT|https://www.strava.com/activities/2128093464
05.02.2019|40,43|01:29:33|447|0|207|0|0||0|0|271|583|81|113|0|0|0|506||17|02:11:02|Wahoo ELEMNT BOLT|https://www.strava.com/activities/2125622516
04.02.2019|32,56|01:00:04|499|0|196|0|0||0|0|325|745|90|110|0|0|0|295|671||01:01:45|Zwift|https://www.strava.com/activities/2123276769
03.02.2019|31,44|01:00:11|16|0|177|0|0||0|0|313|688|88|105|119|133|0|373|184|4|01:01:36|Wahoo ELEMNT BOLT|https://www.strava.com/activities/2121127535
01.02.2019|174,82|04:50:16|3,467|0|291|0|0||0|0|361|842|85|176|0|0|0|951||13|04:57:51|Wahoo ELEMNT BOLT|https://www.strava.com/activities/2117289207
31.03.2019|98,33|02:26:40|1,166|0|269|0|0||0|0|402|889|84|129|0|0|0|865||14|02:26:40|Wahoo ELEMNT BOLT|https://www.strava.com/activities/2259050217
30.03.2019|175,01|04:10:44|2,134|0|259|0|0||0|0|419|806|84|122|0|0|0|875||20|04:10:44|Wahoo ELEMNT BOLT|https://www.strava.com/activities/2252470258
29.03.2019|196,73|04:38:38|2,671|0|273|0|0||0|0|424|835|79|126|0|0|0|954||13|04:49:50|Wahoo ELEMNT|https://www.strava.com/activities/2249572452
28.03.2019|155,79|04:28:28|3,553|0|284|0|0||0|0|348|914|79|125|0|0|0|880||17|04:32:58|Wahoo ELEMNT|https://www.strava.com/activities/2247190130
27.03.2019|183,12|05:25:47|4,02|0|272|0|0||0|0|337|824|82|122|0|0|0|908||19|05:26:52|Wahoo ELEMNT|https://www.strava.com/activities/2244905964
26.03.2019|172,14|04:21:06|1,91|0|261|0|0||0|0|396|824|81|130|0|0|0|958||19|04:22:06|Wahoo ELEMNT|https://www.strava.com/activities/2242541507
25.03.2019|166,26|04:19:28|3,052|0|283|0|0||0|0|384|839|83|128|0|0|0|977||21|04:20:02|Wahoo ELEMNT|https://www.strava.com/activities/2239881292
24.03.2019|28,55|00:57:13|200|0|176|0|0||0|0|299|504|84|108|0|0|0|403||19|01:06:25|Wahoo ELEMNT BOLT|https://www.strava.com/activities/2237461554
23.03.2019|59,88|02:00:30|74|0|171|0|0||0|0|298|371|91|115|0|0|0|444||9|02:11:20|Wahoo ELEMNT BOLT|https://www.strava.com/activities/2233630100
22.03.2019|40,77|01:01:09|110|0|179|0|0||0|0|400|608|92|118|111|137|0|705|130|17|01:01:52|Wahoo ELEMNT BOLT|https://www.strava.com/activities/2231921261
21.03.2019|92,82|02:57:58|177|0|210|0|0||0|0|313|511|89|115|116|169|0|589|559|14|03:57:00|Wahoo ELEMNT BOLT|https://www.strava.com/activities/2229309577
19.03.2019|148,16|05:22:08|3,354|0|237|0|0||0|0|276|630|83|116|123|154|0|538|2,358|22|05:53:37|Wahoo ELEMNT BOLT|https://www.strava.com/activities/2224557468
18.03.2019|110,46|04:00:37|2,466|0|253|0|0||0|0|275|565|83|117|125|171|0|450|1,513|26|04:04:43|Wahoo ELEMNT BOLT|https://www.strava.com/activities/2222192280
17.03.2019|109,89|04:11:11|2,65|0|252|0|0||0|0|262|576|83|116|127|182|0|523|1,811|27|04:21:01|Wahoo ELEMNT BOLT|https://www.strava.com/activities/2220011621
16.03.2019|29,76|01:01:34|358|0|171|0|0||0|0|290|583|86|112|111|125|0|306|113|17|01:21:24|Wahoo ELEMNT BOLT|https://www.strava.com/activities/2217737770
15.03.2019|160,68|06:00:18|3,618|0|220|0|0||0|0|268|655|81|111|125|152|0|422|2,614|27|06:29:17|Wahoo ELEMNT BOLT|https://www.strava.com/activities/2215105205
14.03.2019|128,34|04:40:22|3,01|0|260|0|0||0|0|275|580|83|115|130|178|0|546|2,259|25|04:54:15|Wahoo ELEMNT BOLT|https://www.strava.com/activities/2212930978
13.03.2019|86,9|03:07:25|1,886|0|229|0|0||0|0|278|634|84|116|120|157|0|1,048|1,096|26|03:12:51|Wahoo ELEMNT BOLT|https://www.strava.com/activities/2210616238
12.03.2019|30,32|01:02:12|365|0|178|0|0||0|0|292|569|86|117|104|119|0|343|114|24|01:49:17|Wahoo ELEMNT BOLT|https://www.strava.com/activities/2209409164
09.03.2019|132,81|04:00:15|1,924|0|256|0|0||0|0|332|896|83|139|0|0|0|852||18|04:02:37|Wahoo ELEMNT BOLT|https://www.strava.com/activities/2201398119
08.03.2019|50,12|01:49:44|1,098|0|233|0|0||0|0|274|702|77|111|0|0|0|614||17|02:00:32|Wahoo ELEMNT BOLT|https://www.strava.com/activities/2198964551
07.03.2019|22,87|01:00:24|550|0|179|0|0||0|0|227|565|70|114|0|0|0|372||13|01:02:12|Wahoo ELEMNT BOLT|https://www.strava.com/activities/2197267457
06.03.2019|37,69|01:30:46|907|0|205|0|0||0|0|249|580|80|117|0|0|0|392||23|01:58:17|Wahoo ELEMNT BOLT|https://www.strava.com/activities/2194827939
05.03.2019|116,14|04:39:07|3,351|0|245|0|0||0|0|250|612|81|114|0|0|0|494||23|06:52:46|Wahoo ELEMNT BOLT|https://www.strava.com/activities/2193144478
05.03.2019|41,78|01:16:18|584|0|0|0|0||178|0|329|619|0|0|0|0|0|0|||01:16:18||https://www.strava.com/activities/2193076594
04.03.2019|118,71|04:06:50|2,487|0|256|0|0||0|0|289|601|83|122|0|0|0|761||25|04:17:23|Wahoo ELEMNT BOLT|https://www.strava.com/activities/2190753381
03.03.2019|29,99|01:00:27|359|0|186|0|0||0|0|298|554|86|111|0|0|0|370||19|01:00:27|Wahoo ELEMNT BOLT|https://www.strava.com/activities/2187774648
02.03.2019|143,74|05:16:12|3,151|0|220|0|0||0|0|273|641|81|115|0|0|0|556||21|05:45:49|Wahoo ELEMNT BOLT|https://www.strava.com/activities/2186173989
01.03.2019|139,02|05:00:05|3,104|0|255|0|0||0|0|278|572|80|126|0|0|0|1,012||23|05:26:39|Wahoo ELEMNT BOLT|https://www.strava.com/activities/2183788657
30.04.2019|86,82|03:03:54|1,638|0|225|0|0||0|0|283|655|85|112|121|140|0|507|958|12|03:07:48|Wahoo ELEMNT BOLT|https://www.strava.com/activities/2330048458
29.04.2019|180,96|06:05:50|3,688|0|258|0|0||0|0|297|666|84|111|134|179|0|495|3,486|13|06:42:47|Wahoo ELEMNT BOLT|https://www.strava.com/activities/2328154209
28.04.2019|64,6|02:16:43|201|0|179|0|0||0|0|284|511|72|117|0|0|0|813||5|02:19:27|Wahoo ELEMNT BOLT|https://www.strava.com/activities/2324858932
27.04.2019|29,49|01:00:01|75|0|174|0|0||0|0|295|385|90|110|112|131|0|435|116|10|01:01:56|Wahoo ELEMNT BOLT|https://www.strava.com/activities/2322096754
26.04.2019|153,1|05:09:51|3,13|0|260|0|0||0|0|296|691|85|119|133|183|0|522|2,805|14|05:26:36|Wahoo ELEMNT BOLT|https://www.strava.com/activities/2320373993
25.04.2019|42,14|01:36:28|285|0|170|0|0||0|0|262|486|80|110|0|0|0|431||17|02:21:15|Wahoo ELEMNT BOLT|https://www.strava.com/activities/2317575102
24.04.2019|234,75|06:19:36|2,981|0|259|0|0||0|0|371|1138|85|134|135|188|0|940|2,906|18|06:54:03|Wahoo ELEMNT BOLT|https://www.strava.com/activities/2315658326
23.04.2019|42,31|01:32:49|279|0|166|0|0||0|0|274|551|83|119|107|144|0|997|194|18|02:11:50|Wahoo ELEMNT BOLT|https://www.strava.com/activities/2314776324
22.04.2019|36,97|01:15:42|77|0|158|0|0||0|0|293|432|87|107|107|125|0|385|139|22|03:20:26|Wahoo ELEMNT BOLT|https://www.strava.com/activities/2311883693
21.04.2019|161|05:36:05|3,329|0|254|0|0||0|0|287|778|81|171|131|180|0|601|2,975|25|06:14:38|Wahoo ELEMNT BOLT|https://www.strava.com/activities/2307788039
20.04.2019|152,86|05:11:32|2,381|0|221|0|0||0|0|294|688|86|115|124|159|0|505|1,934|23|05:34:38|Wahoo ELEMNT BOLT|https://www.strava.com/activities/2304604720
19.04.2019|149,44|05:00:00|3,085|0|256|0|0||0|0|299|680|84|116|134|178|0|540|2,802|23|05:12:45|Wahoo ELEMNT BOLT|https://www.strava.com/activities/2301838071
18.04.2019|133,99|04:30:04|2,695|0|260|0|0||0|0|298|691|84|109|135|169|0|504|2,569|20|04:39:09|Wahoo ELEMNT BOLT|https://www.strava.com/activities/2299181805
13.04.2019|21,59|00:45:02|50|0|161|0|0||0|0|288|360|87|107|0|0|0|401||10|02:29:45|Wahoo ELEMNT BOLT|https://www.strava.com/activities/2286733631
09.04.2019|0|00:00:00|0|0|89|0|0||0|0|0|0|0|95|0|0|0|229||0|00:15:30|Wahoo ELEMNT BOLT|https://www.strava.com/activities/2277174839
09.04.2019|150,8|03:36:53|2,081|0|296|0|0||0|0|417|868|85|132|0|0|0|953||16|03:37:21|Wahoo ELEMNT BOLT|https://www.strava.com/activities/2277128821
08.04.2019|0|00:00:00|0|0|204|0|0||0|0|0|0|0|106|0|0|0|287||0|00:15:04|Wahoo ELEMNT BOLT|https://www.strava.com/activities/2274741635
08.04.2019|12,22|00:24:59|295|0|321|0|0||0|0|294|828|83|124|0|0|0|797||12|00:55:00|Wahoo ELEMNT BOLT|https://www.strava.com/activities/2274687409
08.04.2019|30,38|01:00:05|289|0|207|0|0||0|0|303|778|82|120|0|0|0|543||9|01:03:26|Wahoo ELEMNT BOLT|https://www.strava.com/activities/2274093806
07.04.2019|43,2|01:31:37|503|0|221|0|0||0|0|283|684|85|123|0|0|0|594||7|01:51:41|Wahoo ELEMNT BOLT|https://www.strava.com/activities/2271242478
06.04.2019|30,42|01:10:03|425|0|200|0|0||0|0|261|655|79|107|0|0|0|515||14|01:10:18|Wahoo ELEMNT BOLT|https://www.strava.com/activities/2269412405
05.04.2019|63,76|01:59:55|41|0|202|0|0||0|0|319|468|91|111|116|166|0|478|330|7|02:05:05|Wahoo ELEMNT BOLT|https://www.strava.com/activities/2266257746
04.04.2019|106,9|03:30:37|399|0|185|0|0||0|0|305|540|87|107|113|151|0|610|453|9|04:46:47|Wahoo ELEMNT BOLT|https://www.strava.com/activities/2264426861
02.04.2019|30,58|00:59:41|17|0|162|0|0||0|0|307|436|89|108|104|118|0|406|111|11|01:02:11|Wahoo ELEMNT BOLT|https://www.strava.com/activities/2259146993
31.05.2019|118,13|04:04:46|3,187|0|260|0|0||0|0|290|724|83|112|141|178|0|574|2,599|27|04:17:51|Wahoo ELEMNT BOLT|https://www.strava.com/activities/2411501993
30.05.2019|121,02|04:53:03|3,714|0|246|0|0||0|0|248|742|79|115|138|188|0|655|2,996|25|05:51:22|Wahoo ELEMNT BOLT|https://www.strava.com/activities/2409115838
29.05.2019|33,77|01:29:44|1,004|0|203|0|0||0|0|226|680|82|110|120|139|0|312|476|21|01:58:58|Wahoo ELEMNT BOLT|https://www.strava.com/activities/2406007567
28.05.2019|94,12|03:30:14|2,598|0|240|0|0||0|0|269|731|86|120|143|171|0|930|2,347|27|03:37:49|Wahoo ELEMNT BOLT|https://www.strava.com/activities/2403594206
27.05.2019|55,38|02:30:33|1,746|0|213|0|0||0|0|221|734|79|114|123|153|0|403|1,100|20|02:38:30|Wahoo ELEMNT BOLT|https://www.strava.com/activities/2401030516
25.05.2019|29,17|01:00:42|35|0|165|0|0||0|0|288|385|88|108|111|128|0|383|113|16|02:07:49|Wahoo ELEMNT BOLT|https://www.strava.com/activities/2395513839
24.05.2019|158,43|05:00:26|439|0|191|0|0||0|0|316|497|90|111|125|148|0|428|1,871|24|05:42:56|Wahoo ELEMNT BOLT|https://www.strava.com/activities/2393394005
23.05.2019|62,53|02:01:53|134|0|188|0|0||0|0|308|436|89|108|125|139|0|494|687|24|02:03:27|Wahoo ELEMNT BOLT|https://www.strava.com/activities/2390753102
23.05.2019|52,23|01:27:41|44|0|270|0|0||0|0|357|662|91|117|136|173|0|614|744|20|01:33:14|Wahoo ELEMNT BOLT|https://www.strava.com/activities/2390418396
22.05.2019|61,55|02:00:02|209|0|200|0|0||0|0|308|565|89|117|114|148|0|754|325|15|02:03:55|Wahoo ELEMNT BOLT|https://www.strava.com/activities/2387443923
21.05.2019|50,21|01:36:33|71|0|166|0|0||0|0|312|443|88|111|106|140|0|572|184|15|03:42:45|Wahoo ELEMNT BOLT|https://www.strava.com/activities/2385470670
15.05.2019|262,27|06:41:46|3,228|0|213|0|0||0|0|392|1271|81|137|115|167|0|952|1,999|17|07:07:25|Wahoo ELEMNT BOLT|https://www.strava.com/activities/2372610633
14.05.2019|215,73|06:06:13|3,154|0|252|0|0||0|0|353|936|82|124|132|183|0|935|3,149|26|06:06:50|Wahoo ELEMNT BOLT|https://www.strava.com/activities/2368285339
13.05.2019|216,56|06:23:18|4,689|0|253|0|0||0|0|339|1019|88|129|135|186|0|866|3,711|28|06:28:17|Wahoo ELEMNT BOLT|https://www.strava.com/activities/2365702114
12.05.2019|147,45|03:26:14|186|0|210|0|0||0|0|429|666|87|125|122|187|0|925|1,053|32|03:26:46|Wahoo ELEMNT BOLT|https://www.strava.com/activities/2363238678
11.05.2019|60,46|01:53:22|165|0|193|0|0||0|0|320|500|88|114|103|167|0|650|284|24|02:05:11|Wahoo ELEMNT BOLT|https://www.strava.com/activities/2359745064
10.05.2019|88,16|02:48:03|463|0|183|0|0||0|0|315|515|89|122|107|140|0|713|501|29|03:47:50|Wahoo ELEMNT BOLT|https://www.strava.com/activities/2359252356
07.05.2019|93,25|03:00:33|301|0|200|0|0||0|0|310|446|89|109|119|155|0|653|482|14|03:46:41|Wahoo ELEMNT BOLT|https://www.strava.com/activities/2348944376
05.05.2019|180,85|04:52:42|3,454|0|282|0|0||0|0|371|875|84|126|139|183|0|957|2,997|10|04:53:09|Wahoo ELEMNT BOLT|https://www.strava.com/activities/2344517650
04.05.2019|133,49|03:34:26|2,185|0|293|0|0||0|0|374|882|87|121|144|181|0|907|2,554|6|03:34:26|Wahoo ELEMNT BOLT|https://www.strava.com/activities/2341758028
03.05.2019|136,82|03:18:46|1,551|0|258|0|0||0|0|413|806|86|131|137|182|0|960|1,925|8|03:18:46|Wahoo ELEMNT BOLT|https://www.strava.com/activities/2339019602
02.05.2019|188,83|04:19:21|1,176|0|263|0|0||0|0|437|760|90|124|136|173|0|981|2,461|8|04:20:25|Wahoo ELEMNT BOLT|https://www.strava.com/activities/2336769490
01.05.2019|36,31|01:13:58|519|0|232|0|0||0|0|295|623|86|115|0|0|0|945||15|01:14:57|Wahoo ELEMNT BOLT|https://www.strava.com/activities/2333308133
14.06.2019|233,86|06:17:18|3,664|0|255|0|0||0|0|372|914|87|142|134|188|0|960|3,489|20|06:19:30|Wahoo ELEMNT BOLT|https://www.strava.com/activities/2449336996
13.06.2019|203,29|05:11:36|1,582|0|226|0|0||0|0|391|983|83|137|128|166|0|946|1,386|16|05:13:01|Wahoo ELEMNT BOLT|https://www.strava.com/activities/2446882759
12.06.2019|0|00:00:00|0|0|180|0|0||0|0|0|0|0|103|0|143|0|280|99|0|00:11:12|Wahoo ELEMNT BOLT|https://www.strava.com/activities/2444641461
12.06.2019|26,1|00:36:56|347|0|362|0|0||0|0|424|720|94|122|180|192|0|669|665|18|00:36:56|Wahoo ELEMNT BOLT|https://www.strava.com/activities/2444641838
12.06.2019|24,53|00:45:33|337|0|209|0|0||0|0|323|648|80|104|122|152|0|462|256|18|00:45:33|Wahoo ELEMNT BOLT|https://www.strava.com/activities/2443893489
11.06.2019|178,38|04:20:00|1,732|0|233|0|0||0|0|412|806|84|125|122|175|0|900|1,796|11|04:21:45|Wahoo ELEMNT BOLT|https://www.strava.com/activities/2441853000
10.06.2019|182,43|04:21:50|3,259|0|304|0|0||0|0|418|976|89|131|149|185|0|868|3,244|11|04:21:50|Wahoo ELEMNT BOLT|https://www.strava.com/activities/2439153665
09.06.2019|144,18|03:30:23|2,555|0|294|0|0||0|0|411|860|88|134|146|190|0|954|2,490|14|03:31:48|Wahoo ELEMNT BOLT|https://www.strava.com/activities/2436127863
08.06.2019|51,63|01:46:10|1,031|0|229|0|0||0|0|292|716|82|121|114|166|0|947|439|17|02:29:18|Wahoo ELEMNT BOLT|https://www.strava.com/activities/2432838663
06.06.2019|36,81|01:09:49|20|0|160|0|0||0|0|316|454|88|106|101|114|0|347|129|18|02:56:37|Wahoo ELEMNT BOLT|https://www.strava.com/activities/2428434321
05.06.2019|21,49|01:00:13|653|0|185|0|0||0|0|214|652|77|112|114|128|0|280|113|12|01:04:59|Wahoo ELEMNT BOLT|https://www.strava.com/activities/2424992575
04.06.2019|190,19|06:59:47|4,618|0|228|0|0||0|0|272|734|81|123|130|168|0|689|3,392|30|08:01:32|Wahoo ELEMNT BOLT|https://www.strava.com/activities/2423106887
03.06.2019|117,9|04:27:39|3,343|0|265|0|0||0|0|264|792|81|176|134|181|0|605|2,649|25|04:53:32|Wahoo ELEMNT BOLT|https://www.strava.com/activities/2420011601
02.06.2019|27,2|01:33:38|945|0|186|0|0||0|0|174|655|68|178|106|125|0|304|173|24|02:16:40|Wahoo ELEMNT BOLT|https://www.strava.com/activities/2417104642
01.06.2019|196,87|06:29:27|3,438|0|228|0|0||0|0|303|727|83|117|129|171|0|856|2,877|29|07:22:30|Wahoo ELEMNT BOLT|https://www.strava.com/activities/2414697870
27.07.2019|188,85|04:29:22|1,486|0|263|0|0||0|0|421|875|82|130|134|185|0|999|2,418|19|04:29:51|Wahoo ELEMNT BOLT|https://www.strava.com/activities/2569068646
26.07.2019|47,79|01:41:16|296|0|138|0|0||0|0|283|479|78|108|80|80|0|623||31|02:26:29|Wahoo ELEMNT BOLT|https://www.strava.com/activities/2564611682
25.07.2019|177,16|04:20:28|1,666|0|230|0|0||0|0|408|842|84|136|149|189|0|1,021|3,314|41|04:20:28|Wahoo ELEMNT BOLT|https://www.strava.com/activities/2566372085
24.07.2019|31,53|01:00:01|10|0|189|0|0||0|0|315|497|92|120|0|0|0|958||25|01:01:12|Wahoo ELEMNT BOLT|https://www.strava.com/activities/2558495789
23.07.2019|7,79|00:15:11|0|0|164|0|0||0|0|308|364|90|108|121|135|0|427|53|34|00:15:48|Wahoo ELEMNT BOLT|https://www.strava.com/activities/2556682861
23.07.2019|53,37|01:45:13|48|0|178|0|0||0|0|304|407|89|113|118|146|0|519|437|31|02:57:57|Wahoo ELEMNT BOLT|https://www.strava.com/activities/2556684369
21.07.2019|190,87|05:20:29|3,418|0|279|0|0||0|0|357|799|86|131|153|189|0|1,039|4,230|24|05:21:44|Wahoo ELEMNT BOLT|https://www.strava.com/activities/2549834440
19.07.2019|71,7|02:26:55|1,254|0|247|0|0||0|0|293|731|81|120|116|181|0|688|849|24|02:38:53|Wahoo ELEMNT BOLT|https://www.strava.com/activities/2544505830
18.07.2019|71,46|02:34:24|1,115|0|198|0|0||0|0|278|659|83|161|107|154|0|738|468|30|03:01:38|Wahoo ELEMNT BOLT|https://www.strava.com/activities/2542032486
16.07.2019|54,29|01:45:25|86|0|194|0|0||0|0|309|486|91|110|114|157|0|619|239|15|02:29:02|Wahoo ELEMNT BOLT|https://www.strava.com/activities/2536366124
15.07.2019|94,13|03:00:25|124|0|190|0|0||0|0|313|497|88|117|111|147|0|917|366|16|03:15:42|Wahoo ELEMNT BOLT|https://www.strava.com/activities/2533888178
14.07.2019|60,97|02:00:15|52|0|175|0|0||0|0|304|414|90|119|108|124|0|632|220|16|03:57:12|Wahoo ELEMNT BOLT|https://www.strava.com/activities/2530970006
12.07.2019|143,86|05:09:49|3,405|0|241|0|0||0|0|279|846|83|118|124|165|0|623|2,053|19|06:38:07|Wahoo ELEMNT BOLT|https://www.strava.com/activities/2525710061
11.07.2019|100,43|04:01:53|3,165|0|251|0|0||0|0|249|842|77|114|129|164|0|682|2,190|22|04:46:15|Wahoo ELEMNT BOLT|https://www.strava.com/activities/2523064041
10.07.2019|34,13|01:30:09|907|0|190|0|0||0|0|227|695|80|113|108|124|0|632|167|24|02:40:56|Wahoo ELEMNT BOLT|https://www.strava.com/activities/2520234635
09.07.2019|169,98|06:20:23|3,853|0|229|0|0||0|0|268|940|82|117|123|158|0|634|2,633|23|06:58:44|Wahoo ELEMNT BOLT|https://www.strava.com/activities/2517538313
08.07.2019|101,67|03:59:31|2,84|0|250|0|0||0|0|255|864|81|118|132|184|0|647|2,295|19|04:44:35|Wahoo ELEMNT BOLT|https://www.strava.com/activities/2514385167
07.07.2019|38,8|01:17:32|218|0|159|0|0||0|0|300|1973|87|109|106|128|0|372|144|22|02:15:43|Wahoo ELEMNT BOLT|https://www.strava.com/activities/2511492731
06.07.2019|154,84|05:30:04|3,451|0|246|0|0||0|0|281|1080|83|116|132|180|0|698|2,937|24|06:07:08|Wahoo ELEMNT BOLT|https://www.strava.com/activities/2508860486
05.07.2019|146,96|05:07:53|3,004|0|231|0|0||0|0|286|792|84|115|129|165|0|645|2,389|25|06:05:09|Wahoo ELEMNT BOLT|https://www.strava.com/activities/2506158719
04.07.2019|109,23|04:00:07|2,87|0|256|0|0||0|0|273|781|82|112|139|175|0|439|2,482|24|04:26:30|Wahoo ELEMNT BOLT|https://www.strava.com/activities/2503176127
02.07.2019|156,39|05:01:11|2,229|0|218|0|0||0|0|312|835|84|118|125|160|0|614|1,963|23|06:32:37|Wahoo ELEMNT BOLT|https://www.strava.com/activities/2497891442
01.07.2019|139,48|05:00:29|3,032|0|235|0|0||0|0|279|821|82|116|131|168|0|622|2,516|23|05:42:43|Wahoo ELEMNT BOLT|https://www.strava.com/activities/2495048747
31.08.2019|173,07|04:18:25|2,314|0|254|0|0||0|0|402|860|80|129|130|177|0|968|2,155|30|04:29:23|Wahoo ELEMNT BOLT|https://www.strava.com/activities/2667761826
30.08.2019|189,06|05:10:28|2,889|0|262|0|0||0|0|365|810|80|128|139|176|0|1,02|3,333|33|05:10:28|Wahoo ELEMNT BOLT|https://www.strava.com/activities/2665238950
29.08.2019|205,13|05:14:02|3,401|0|268|0|0||0|0|392|875|84|130|139|182|0|874|3,331|29|05:28:10|Wahoo ELEMNT BOLT|https://www.strava.com/activities/2661991082
27.08.2019|184,29|04:27:47|1,296|0|232|0|0||0|0|413|814|80|127|122|178|0|955|1,771|29|04:28:55|Wahoo ELEMNT BOLT|https://www.strava.com/activities/2656146324
26.08.2019|193,38|04:36:26|1,807|0|233|0|0||0|0|420|1004|80|212|125|185|0|908|2,009|28|04:37:19|Wahoo ELEMNT BOLT|https://www.strava.com/activities/2653321972
25.08.2019|208,84|05:39:10|3,455|0|259|0|0||0|0|369|806|81|166|136|179|0|881|3,348|33|05:39:10|Wahoo ELEMNT BOLT|https://www.strava.com/activities/2650762877
24.08.2019|13,21|00:15:24|102|0|365|0|0||0|0|515|716|100|121|0|0|0|940||25|00:15:24|Wahoo ELEMNT BOLT|https://www.strava.com/activities/2647837588
24.08.2019|0|00:00:00|0|0|275|0|0||0|0|0|0|0|116|0|0|0|547||0|00:19:59|Wahoo ELEMNT BOLT|https://www.strava.com/activities/2647688480
24.08.2019|33,62|01:00:24|227|0|211|0|0||0|0|334|659|80|121|0|0|0|683||28|01:07:15|Wahoo ELEMNT BOLT|https://www.strava.com/activities/2647502683
24.08.2019|34,85|01:07:17|390|0|174|0|0||0|0|311|551|80|110|102|135|0|487|169|29|01:08:47|Wahoo ELEMNT BOLT|https://www.strava.com/activities/2647189764
23.08.2019|61,86|01:42:43|715|0|233|0|0||0|0|361|626|84|119|122|174|0|638|672|29|02:00:07|Wahoo ELEMNT BOLT|https://www.strava.com/activities/2643700256
22.08.2019|82,18|02:51:31|1,26|0|218|0|0||0|0|288|882|79|121|114|176|0|623|731|29|02:58:13|Wahoo ELEMNT BOLT|https://www.strava.com/activities/2640919069
21.08.2019|31,74|01:11:17|493|0|170|0|0||0|0|267|659|80|109|104|126|0|428|131|28|01:40:28|Wahoo ELEMNT BOLT|https://www.strava.com/activities/2638752364
20.08.2019|86,29|02:46:23|77|0|0|0|0||152|0|311|515|0|0|108|148|0|0|316|19|02:49:49|Wahoo ELEMNT BOLT|https://www.strava.com/activities/2634918626
18.08.2019|184,27|06:17:16|3,441|0|226|0|0||0|0|293|684|84|137|131|167|0|438|3,268|34|06:56:20|Wahoo ELEMNT BOLT|https://www.strava.com/activities/2630140643
17.08.2019|150,15|05:00:01|2,866|0|241|0|0||0|0|300|644|85|123|134|173|0|472|2,859|33|05:33:27|Wahoo ELEMNT BOLT|https://www.strava.com/activities/2626868678
16.08.2019|122,64|04:00:16|2,09|0|251|0|0||0|0|306|630|86|114|138|187|0|502|2,436|31|04:15:48|Wahoo ELEMNT BOLT|https://www.strava.com/activities/2623879960
15.08.2019|58,81|02:00:14|782|0|198|0|0||0|0|294|608|85|114|120|144|0|425|559|32|03:28:20|Wahoo ELEMNT BOLT|https://www.strava.com/activities/2621231615
14.08.2019|127,29|04:00:08|104|0|191|0|0||0|0|318|432|88|107|121|145|0|588|999|21|05:00:42|Wahoo ELEMNT BOLT|https://www.strava.com/activities/2618382514
11.08.2019|109,8|03:29:51|1,802|0|251|0|0||0|0|314|680|85|117|129|175|0|613|1,689|18|04:04:25|Wahoo ELEMNT BOLT|https://www.strava.com/activities/2609586283
10.08.2019|177,37|05:59:59|3,171|0|232|0|0||0|0|296|716|88|117|131|163|0|423|3,079|20|06:48:32|Wahoo ELEMNT BOLT|https://www.strava.com/activities/2607113704
09.08.2019|13,66|00:30:03|311|0|202|0|0||0|0|273|738|95|111|0|0|0|271|347||00:30:03|Zwift|https://www.strava.com/activities/2603813433
08.08.2019|121,35|04:10:08|2,204|0|245|0|0||0|0|291|648|86|117|132|179|0|534|2,212|20|04:31:02|Wahoo ELEMNT BOLT|https://www.strava.com/activities/2601544832
07.08.2019|55,35|01:44:39|42|0|232|0|0||0|0|317|421|92|116|139|172|0|415|865|24|05:52:24|Wahoo ELEMNT BOLT|https://www.strava.com/activities/2598805526
07.08.2019|50,25|01:27:42|1,001|0|270|0|0||0|0|344|763|0|0|139|172|0|427|1,254||01:28:51|Zwift|https://www.strava.com/activities/2598175607
06.08.2019|67,83|02:16:28|122|0|177|0|0||0|0|298|446|89|111|115|134|0|597|290|23|06:43:31|Wahoo ELEMNT BOLT|https://www.strava.com/activities/2596320113
06.08.2019|23,32|00:44:45|67|0|0|0|0||159|0|313|436|0|0|0|0|0|0|||00:44:45||https://www.strava.com/activities/2595756970
05.08.2019|63,67|02:00:29|95|0|191|0|0||0|0|317|472|92|110|120|134|0|493|308|20|02:02:59|Wahoo ELEMNT BOLT|https://www.strava.com/activities/2592286662
30.09.2019|95,41|03:00:12|38|0|203|0|0||0|0|318|504|89|123|119|152|0|952|417|13|03:11:19|Wahoo ELEMNT BOLT|https://www.strava.com/activities/2751426064
29.09.2019|34,48|01:00:05|609|0|217|0|0||0|0|344|832|93|112|0|0|0|307|751||01:03:45|Zwift|https://www.strava.com/activities/2748606601
28.09.2019|143,09|04:55:11|2,417|0|255|0|0||0|0|291|623|83|112|128|180|0|535|2,221|13|05:48:14|Wahoo ELEMNT BOLT|https://www.strava.com/activities/2746607610
27.09.2019|158,67|05:00:10|136|0|198|0|0||0|0|317|637|88|111|118|144|0|653|719|15|05:23:47|Wahoo ELEMNT BOLT|https://www.strava.com/activities/2743681926
26.09.2019|73,04|02:00:09|1,301|0|283|0|0||0|0|365|842|90|116|0|0|0|434|1,840||02:05:13|Zwift|https://www.strava.com/activities/2740835624
25.09.2019|36,41|00:59:58|0|0|195|0|0||0|0|364|490|0|0|0|0|0|236|||01:02:53|Wahoo|https://www.strava.com/activities/2738825338
25.09.2019|66,67|01:59:42|1,213|0|274|0|0||0|0|334|695|95|126|0|0|0|500|1,690||02:05:44|Zwift|https://www.strava.com/activities/2738158788
24.09.2019|30,04|01:00:04|12|0|174|0|0||0|0|300|371|93|110|105|116|0|431|112|16|01:01:56|Wahoo ELEMNT BOLT|https://www.strava.com/activities/2735519105
23.09.2019|143,97|04:30:50|90|0|220|0|0||0|0|319|497|90|113|122|175|0|565|848|17|04:44:12|Wahoo ELEMNT BOLT|https://www.strava.com/activities/2733335785
22.09.2019|77,35|02:29:58|261|0|197|0|0||0|0|309|518|85|111|0|0|0|530||16|04:58:07|Wahoo ELEMNT BOLT|https://www.strava.com/activities/2730265224
21.09.2019|115,85|03:40:43|91|0|197|0|0||0|0|315|508|87|107|0|0|0|494||14|03:43:19|Wahoo ELEMNT BOLT|https://www.strava.com/activities/2727091340
18.09.2019|48,53|01:40:12|53|0|162|0|0||0|0|291|418|83|111|0|0|0|574||16|03:12:18|Wahoo ELEMNT BOLT|https://www.strava.com/activities/2719542642
17.09.2019|13,87|00:29:04|1|0|0|0|0||124|0|286|353|0|0|0|0|0|0||16|01:04:54|Wahoo ELEMNT BOLT|https://www.strava.com/activities/2716943131
15.09.2019|105,51|02:48:40|821|0|225|0|0||0|0|375|752|76|119|0|0|0|925||21|02:49:12|Wahoo ELEMNT BOLT|https://www.strava.com/activities/2715802822
12.09.2019|181,48|04:59:26|3,689|0|292|0|0||0|0|364|896|83|125|143|182|0|927|3,398|26|04:59:26|Wahoo ELEMNT BOLT|https://www.strava.com/activities/2702254540
11.09.2019|228,05|05:17:04|2,628|0|270|0|0||0|0|432|914|89|139|137|177|0|890|3,374|24|05:31:43|Wahoo ELEMNT BOLT|https://www.strava.com/activities/2701349317
09.09.2019|145,4|04:28:53|3,759|0|284|0|0||0|0|324|965|83|128|140|177|0|914|2,976|21|04:28:53|Wahoo ELEMNT|https://www.strava.com/activities/2693833023
08.09.2019|166,06|05:01:16|3,752|0|271|0|0||0|0|331|853|80|135|136|180|0|915|2,944|25|05:05:09|Wahoo ELEMNT|https://www.strava.com/activities/2691419277
07.09.2019|191,22|04:45:57|2,584|0|249|0|0||0|0|401|842|82|131|124|167|0|923|1,979|25|04:46:24|Wahoo ELEMNT|https://www.strava.com/activities/2687825010
06.09.2019|171,31|04:50:16|4,07|0|312|0|0||0|0|354|774|85|127|148|184|0|970|3,645|20|04:50:38|Wahoo ELEMNT|https://www.strava.com/activities/2685211845
05.09.2019|180,07|04:24:30|2,234|0|256|0|0||0|0|408|886|83|131|131|181|0|1,007|2,246|19|04:25:41|Wahoo ELEMNT|https://www.strava.com/activities/2683033146
04.09.2019|183,43|05:07:49|3,098|0|247|0|0||0|0|358|846|80|138|127|183|0|988|2,319|28|05:08:17|Wahoo ELEMNT|https://www.strava.com/activities/2679453495
03.09.2019|0|00:00:00|0|0|193|0|0||0|0|0|0|0|102|0|159|0|275|115|0|00:10:00|Wahoo ELEMNT|https://www.strava.com/activities/2676228711
03.09.2019|35,67|00:52:11|511|0|350|0|0||0|0|410|709|95|116|158|177|0|631|757|23|00:52:11|Wahoo ELEMNT|https://www.strava.com/activities/2676196111
03.09.2019|1|00:03:32|7|0|254|0|0||0|0|171|259|54|124|108|162|0|733|200|29|00:25:36|Wahoo ELEMNT|https://www.strava.com/activities/2676195921
01.09.2019|70,91|02:16:20|2,749|0|298|0|0||0|0|312|828|80|140|0|0|0|733||25|02:28:09|Wahoo|https://www.strava.com/activities/2672070798
22.10.2019|170,38|03:50:26|808|0|224|0|0||0|0|444|799|82|123|0|0|0|903|1,283|21|03:52:25|Wahoo ELEMNT BOLT|https://www.strava.com/activities/2807729035
21.10.2019|216,59|05:14:28|1,439|0|234|0|0||0|0|413|832|78|135|123|192|0|911|1,951|31|05:17:23|Wahoo ELEMNT BOLT|https://www.strava.com/activities/2805313009
19.10.2019|143,53|03:30:32|1,486|0|254|0|0||0|0|409|842|83|130|128|195|0|1,051|1,514|30|03:36:13|Wahoo ELEMNT BOLT|https://www.strava.com/activities/2799612013
18.10.2019|160,54|04:01:12|469|0|141|0|0||0|0|399|695|76|120|115|179|0|741|1,059|30|04:42:51|Wahoo ELEMNT BOLT|https://www.strava.com/activities/2797535159
17.10.2019|145,16|03:22:52|406|0|216|0|0||0|0|429|767|84|135|135|188|0|1,107|1,862|31|04:08:41|Wahoo ELEMNT BOLT|https://www.strava.com/activities/2795128698
13.10.2019|17,3|00:30:09|84|0|195|0|0||0|0|344|583|88|99|0|0|0|271|330||00:31:01|Zwift|https://www.strava.com/activities/2784792630
12.10.2019|240,5|06:05:41|3,744|0|293|0|0||0|0|395|961|84|131|146|192|0|997|4,128|18|06:08:29|Wahoo ELEMNT BOLT|https://www.strava.com/activities/2783407017
11.10.2019|33,15|01:05:30|85|0|169|0|0||0|0|304|414|84|109|111|126|0|616|121|17|01:06:56|Wahoo ELEMNT BOLT|https://www.strava.com/activities/2780800234
10.10.2019|185,32|04:37:57|2,195|0|262|0|0||0|0|400|853|84|135|133|185|0|856|2,438|18|04:39:55|Wahoo ELEMNT BOLT|https://www.strava.com/activities/2777861482
09.10.2019|180,57|04:10:16|1,462|0|272|0|0||0|0|433|756|88|124|140|190|0|821|2,552|12|04:11:48|Wahoo ELEMNT BOLT|https://www.strava.com/activities/2775378141
08.10.2019|31,75|01:06:22|82|0|0|0|0||134|0|287|425|0|0|0|0|0|0||18|01:10:53|Wahoo ELEMNT BOLT|https://www.strava.com/activities/2772559004
07.10.2019|92,76|02:10:27|58|0|281|0|0||0|0|427|569|89|119|0|0|0|901||13|02:28:46|Wahoo ELEMNT BOLT|https://www.strava.com/activities/2770184180
06.10.2019|34,63|01:00:03|517|0|212|0|0||0|0|346|752|92|109|0|0|0|316|730||01:01:54|Zwift|https://www.strava.com/activities/2767329123
05.10.2019|157,07|05:30:21|3,005|0|236|0|0||0|0|285|652|83|114|125|166|0|499|2,264|8|06:08:17|Wahoo ELEMNT BOLT|https://www.strava.com/activities/2764810295
04.10.2019|35,06|01:00:01|699|0|260|0|0||0|0|351|767|93|112|0|0|0|418|887||01:01:11|Zwift|https://www.strava.com/activities/2761874980
04.10.2019|56,9|02:00:05|1,709|0|281|0|0||0|0|284|770|93|111|0|0|0|436|1,808||02:06:50|Zwift|https://www.strava.com/activities/2761628788
02.10.2019|158,32|05:00:13|179|0|197|0|0||0|0|316|432|87|107|121|156|0|432|1,073|11|05:48:29|Wahoo ELEMNT BOLT|https://www.strava.com/activities/2756901224
01.10.2019|30,01|00:59:50|17|0|178|0|0||0|0|301|382|87|108|0|0|0|518||16|01:11:29|Wahoo ELEMNT BOLT|https://www.strava.com/activities/2754477880
01.10.2019|61,32|02:00:04|1,743|0|282|0|0||0|0|306|796|91|114|0|0|0|432|1,828||02:05:24|Zwift|https://www.strava.com/activities/2754013205
28.11.2019|29,4|01:02:37|42|0|181|0|0||0|0|282|432|97|114|0|0|0|651||12|01:07:07|SRM PC8|https://www.strava.com/activities/2896947252
27.11.2019|58,76|02:00:10|68|0|191|0|0||0|0|293|418|91|107|0|0|0|529||11|03:11:23|SRM PC8|https://www.strava.com/activities/2895149618
27.11.2019|31,73|01:01:39|656|0|227|0|0||0|0|309|774|93|109|0|0|0|344|782||01:04:08|Zwift|https://www.strava.com/activities/2894642206
26.11.2019|44,03|01:30:17|56|0|196|0|0||0|0|293|389|92|113|0|0|0|614||12|01:33:26|SRM PC8|https://www.strava.com/activities/2892633077
25.11.2019|59,58|02:00:02|117|0|197|0|0||0|0|298|490|86|112|0|0|0|565||12|03:05:57|SRM PC8|https://www.strava.com/activities/2890377424
25.11.2019|0|00:00:00|6|0|232|0|0||0|0|36|14|100|114|0|0|0|528||22|01:01:40|SRM PC8|https://www.strava.com/activities/2890377139
24.11.2019|104,71|03:32:17|132|0|199|0|0||0|0|296|446|93|127|0|0|0|684||9|04:34:29|SRM PC8|https://www.strava.com/activities/2888162127
23.11.2019|16,02|00:30:14|268|0|189|0|0||0|0|318|734|0|0|0|0|0|298|322||00:30:14|Zwift|https://www.strava.com/activities/2885738790
22.11.2019|73,6|02:31:25|116|0|190|0|0||0|0|292|454|94|111|0|0|0|538||10|02:44:29|SRM PC8|https://www.strava.com/activities/2884565741
20.11.2019|80,75|02:44:05|138|0|189|0|0||0|0|295|432|93|111|0|0|0|727||6|02:53:03|SRM PC8|https://www.strava.com/activities/2878624550
19.11.2019|60,91|02:03:26|82|0|209|0|0||0|0|296|446|96|114|0|0|0|584||7|02:10:59|SRM PC8|https://www.strava.com/activities/2875971783
16.11.2019|85,84|02:54:29|246|0|283|0|0||0|0|295|497|92|116|0|0|0|1,051||6|03:45:37|SRM PC8|https://www.strava.com/activities/2869584358
15.11.2019|28,9|01:00:05|32|0|281|0|0||0|0|289|389|94|111|0|0|0|694||6|01:36:35|SRM PC8|https://www.strava.com/activities/2869584192
14.11.2019|49,8|01:43:53|102|0|268|0|0||0|0|288|425|93|114|0|0|0|848||8|01:47:58|SRM PC8|https://www.strava.com/activities/2869584260
31.12.2019|160,21|05:34:36|1,726|0|231|0|0||0|0|287|583|88|114|0|0|0|487||4|05:58:36|SRM PC8|https://www.strava.com/activities/2970782202
30.12.2019|133,03|04:16:11|201|0|222|0|0||0|0|312|461|89|110|0|0|0|1,018||7|05:12:26|SRM PC8|https://www.strava.com/activities/2967809897
28.12.2019|149,04|05:01:29|240|0|209|0|0||0|0|297|446|89|108|0|0|0|630||5|06:35:14|SRM PC8|https://www.strava.com/activities/2962879419
27.12.2019|107,18|03:36:03|640|0|232|0|0||0|0|298|518|87|115|0|0|0|716||7|04:37:13|SRM PC8|https://www.strava.com/activities/2960010943
26.12.2019|45,08|01:30:06|1,007|0|243|0|0||0|0|300|806|92|109|0|0|0|398|1,194||01:31:51|Zwift|https://www.strava.com/activities/2957623462
26.12.2019|35,24|01:01:01|479|0|243|0|0||0|0|347|785|93|109|0|0|0|346|817||01:01:57|Zwift|https://www.strava.com/activities/2956860941
25.12.2019|87,81|02:59:27|114|0|194|0|0||0|0|294|418|90|107|0|0|0|513||9|03:27:48|SRM PC8|https://www.strava.com/activities/2955513826
24.12.2019|87,3|02:59:50|324|0|212|0|0||0|0|291|461|89|112|0|0|0|613||10|03:13:40|SRM PC8|https://www.strava.com/activities/2953498919
21.12.2019|65,15|02:03:42|666|0|219|0|0||0|0|316|612|87|120|0|0|0|858||18|02:04:26|SRM PC8|https://www.strava.com/activities/2948871283
20.12.2019|61,92|02:01:47|426|0|212|0|0||0|0|305|634|91|113|0|0|0|385||17|02:05:17|SRM PC8|https://www.strava.com/activities/2945117565
19.12.2019|184,08|06:01:16|2,496|0|233|0|0||0|0|306|749|87|123|0|0|0|813||15|06:45:11|SRM PC8|https://www.strava.com/activities/2943210418
18.12.2019|56,93|02:01:18|262|0|158|0|0||0|0|282|504|83|111|0|0|0|648||18|02:53:38|SRM PC8|https://www.strava.com/activities/2941472509
17.12.2019|133,71|03:57:13|1,174|0|237|0|0||0|0|338|648|90|120|0|0|0|875||18|05:00:27|SRM PC8|https://www.strava.com/activities/2938962935
16.12.2019|175,2|05:29:21|2,478|0|237|0|0||0|0|319|742|88|121|0|0|0|872||17|05:45:54|SRM PC8|https://www.strava.com/activities/2938298728
14.12.2019|50,13|01:41:21|324|0|174|0|0||0|0|297|590|87|112|0|0|0|606||22|02:52:01|SRM PC8|https://www.strava.com/activities/2932996064
13.12.2019|160,7|04:58:27|1,573|0|218|0|0||0|0|323|655|89|122|0|0|0|676||19|05:10:12|SRM PC8|https://www.strava.com/activities/2930403264
12.12.2019|15,11|00:29:59|160|0|199|0|0||0|0|302|511|88|112|0|0|0|361||17|00:32:23|SRM PC8|https://www.strava.com/activities/2928462751
12.12.2019|42,76|01:02:30|218|0|230|0|0||0|0|411|612|92|124|0|0|0|737||17|01:02:30|SRM PC8|https://www.strava.com/activities/2928462775
12.12.2019|82,04|02:38:26|1,068|0|222|0|0||0|0|311|684|88|121|0|0|0|658||15|02:44:37|SRM PC8|https://www.strava.com/activities/2928462912
11.12.2019|54,78|01:56:05|506|0|169|0|0||0|0|283|583|82|110|0|0|0|471||18|02:57:36|SRM PC8|https://www.strava.com/activities/2928702162
10.12.2019|92,6|03:01:33|1,284|0|229|0|0||0|0|306|677|86|119|0|0|0|750||16|03:13:04|SRM PC8|https://www.strava.com/activities/2924053270
10.12.2019|34,66|00:59:47|498|0|224|0|0||0|0|348|670|90|121|0|0|0|619||15|01:43:14|SRM PC8|https://www.strava.com/activities/2924053167
09.12.2019|132,23|03:55:08|1,558|0|235|0|0||0|0|337|720|90|125|0|0|0|1,042||18|04:01:54|SRM PC8|https://www.strava.com/activities/2921836644
08.12.2019|100,36|03:12:40|1,088|0|208|0|0||0|0|313|648|89|121|0|0|0|836||17|03:27:48|SRM PC8|https://www.strava.com/activities/2919878839
15.12.2019|84,1|02:35:16|988|0|225|0|0||0|0|325|634|89|124|0|0|0|734||17|02:48:05|SRM PC8|https://www.strava.com/activities/2935703686
31.01.2020|164,69|04:14:14|2,558|0|282|3,705|0||0|0|389|871|92|130|138|185|243|931|4,131|18|04:55:05|SRM PC8|https://www.strava.com/activities/3059458091
30.01.2020|170,85|03:50:49|854|0|240|2,826|0||0|0|444|756|92|125|128|180|204|924|3,151|20|04:21:09|SRM PC8|https://www.strava.com/activities/3056763043
29.01.2020|89,14|03:01:47|1,016|0|209|1,817|0||0|0|294|648|85|119|0|0|167|642|2,026|19|03:52:49|SRM PC8|https://www.strava.com/activities/3054124287
28.01.2020|73,14|02:24:06|490|0|196|1,664|0||0|0|305|569|88|113|0|0|192|480|1,855|9|03:17:30|SRM PC8|https://www.strava.com/activities/3050329180
27.01.2020|141,22|05:03:15|2,732|0|247|3,909|0||0|0|279|583|84|115|0|0|215|766|4,359|12|05:49:46|SRM PC8|https://www.strava.com/activities/3048115100
25.01.2020|173,04|05:54:51|2,746|0|229|4,443|0||0|0|293|619|86|111|0|0|209|547|4,954|13|07:06:30|SRM PC8|https://www.strava.com/activities/3042332418
24.01.2020|143,15|04:54:48|2,154|0|242|3,711|0||0|0|291|598|86|108|0|0|210|573|4,137|13|05:56:10|SRM PC8|https://www.strava.com/activities/3039204881
20.01.2020|48,69|01:40:25|76|0|185|0|0||0|0|291|382|90|106|0|0|0|462||3|01:51:01|SRM PC8|https://www.strava.com/activities/3028594307
19.01.2020|29,21|01:00:24|630|0|214|0|0||0|0|290|814|0|0|0|0|0|326|731||01:01:12|Zwift|https://www.strava.com/activities/3023809984
18.01.2020|64,51|02:00:08|78|0|203|0|0||0|0|322|482|90|103|0|0|0|407||7|02:04:42|SRM PC8|https://www.strava.com/activities/3021538832
17.01.2020|30,9|01:00:52|20|0|178|0|0||0|0|305|454|90|104|0|0|0|437||11|01:05:19|SRM PC8|https://www.strava.com/activities/3018900487
15.01.2020|166,65|05:55:58|2,812|0|247|0|0||0|0|281|742|86|115|0|0|0|508||13|06:55:45|SRM PC8|https://www.strava.com/activities/3013566229
14.01.2020|27,67|00:58:57|184|0|175|0|0||0|0|282|554|88|113|0|0|0|497||10|01:49:31|SRM PC8|https://www.strava.com/activities/3010178066
13.01.2020|178,06|06:00:22|2,544|0|232|0|0||0|0|296|626|87|113|0|0|0|595||11|06:47:27|SRM PC8|https://www.strava.com/activities/3007891028
12.01.2020|113,97|04:06:35|1,695|0|214|0|0||0|0|277|605|85|111|0|0|0|454||10|04:23:02|SRM PC8|https://www.strava.com/activities/3004694890
11.01.2020|180,35|06:13:33|2,801|0|236|0|0||0|0|290|619|85|113|0|0|0|485||9|06:55:56|SRM PC8|https://www.strava.com/activities/3002018945
10.01.2020|28,44|00:59:45|176|0|173|0|0||0|0|286|468|91|115|0|0|0|566||14|01:04:24|SRM PC8|https://www.strava.com/activities/2998740518
09.01.2020|142,55|05:00:59|2,057|0|240|0|0||0|0|284|598|86|111|0|0|0|589||14|05:59:54|SRM PC8|https://www.strava.com/activities/2996031668
08.01.2020|119,44|03:56:59|1,237|0|207|0|0||0|0|302|619|90|121|0|0|0|473||15|04:15:06|SRM PC8|https://www.strava.com/activities/2992907662
07.01.2020|26,84|00:55:51|192|0|173|0|0||0|0|288|475|90|109|0|0|0|496||11|01:41:31|SRM PC8|https://www.strava.com/activities/2989817125
06.01.2020|162,16|05:18:54|1,902|0|228|0|0||0|0|305|648|89|112|0|0|0|573||13|05:53:25|SRM PC8|https://www.strava.com/activities/2987456625
05.01.2020|119,44|04:11:39|1,842|0|232|0|0||0|0|285|691|88|117|0|0|0|558||13|04:54:18|SRM PC8|https://www.strava.com/activities/2984735885
04.01.2020|54,77|01:56:46|624|0|202|0|0||0|0|281|598|87|111|0|0|0|570||13|02:06:46|SRM PC8|https://www.strava.com/activities/2982126554
03.01.2020|24,21|00:51:30|495|0|194|0|0||0|0|282|893|93|110|0|0|0|338|561||00:52:58|Zwift|https://www.strava.com/activities/2977807700
02.01.2020|156,45|05:05:32|1,416|0|233|0|0||0|0|307|590|88|120|0|0|0|1,021||5|06:04:51|SRM PC8|https://www.strava.com/activities/2975744495
31.01.2020|164,69|04:14:14|2,558|0|282|3,705|0||0|0|389|871|92|130|138|185|243|931|4,131|18|04:55:05|SRM PC8|https://www.strava.com/activities/3059458091
30.01.2020|170,85|03:50:49|854|0|240|2,826|0||0|0|444|756|92|125|128|180|204|924|3,151|20|04:21:09|SRM PC8|https://www.strava.com/activities/3056763043
29.01.2020|89,14|03:01:47|1,016|0|209|1,817|0||0|0|294|648|85|119|0|0|167|642|2,026|19|03:52:49|SRM PC8|https://www.strava.com/activities/3054124287
28.01.2020|73,14|02:24:06|490|0|196|1,664|0||0|0|305|569|88|113|0|0|192|480|1,855|9|03:17:30|SRM PC8|https://www.strava.com/activities/3050329180
27.01.2020|141,22|05:03:15|2,732|0|247|3,909|0||0|0|279|583|84|115|0|0|215|766|4,359|12|05:49:46|SRM PC8|https://www.strava.com/activities/3048115100
25.01.2020|173,04|05:54:51|2,746|0|229|4,443|0||0|0|293|619|86|111|0|0|209|547|4,954|13|07:06:30|SRM PC8|https://www.strava.com/activities/3042332418
24.01.2020|143,15|04:54:48|2,154|0|242|3,711|0||0|0|291|598|86|108|0|0|210|573|4,137|13|05:56:10|SRM PC8|https://www.strava.com/activities/3039204881
20.01.2020|48,69|01:40:25|76|0|185|0|0||0|0|291|382|90|106|0|0|0|462||3|01:51:01|SRM PC8|https://www.strava.com/activities/3028594307
19.01.2020|29,21|01:00:24|630|0|214|0|0||0|0|290|814|0|0|0|0|0|326|731||01:01:12|Zwift|https://www.strava.com/activities/3023809984
18.01.2020|64,51|02:00:08|78|0|203|0|0||0|0|322|482|90|103|0|0|0|407||7|02:04:42|SRM PC8|https://www.strava.com/activities/3021538832
17.01.2020|30,9|01:00:52|20|0|178|0|0||0|0|305|454|90|104|0|0|0|437||11|01:05:19|SRM PC8|https://www.strava.com/activities/3018900487
15.01.2020|166,65|05:55:58|2,812|0|247|0|0||0|0|281|742|86|115|0|0|0|508||13|06:55:45|SRM PC8|https://www.strava.com/activities/3013566229
14.01.2020|27,67|00:58:57|184|0|175|0|0||0|0|282|554|88|113|0|0|0|497||10|01:49:31|SRM PC8|https://www.strava.com/activities/3010178066
13.01.2020|178,06|06:00:22|2,544|0|232|0|0||0|0|296|626|87|113|0|0|0|595||11|06:47:27|SRM PC8|https://www.strava.com/activities/3007891028
12.01.2020|113,97|04:06:35|1,695|0|214|0|0||0|0|277|605|85|111|0|0|0|454||10|04:23:02|SRM PC8|https://www.strava.com/activities/3004694890
11.01.2020|180,35|06:13:33|2,801|0|236|0|0||0|0|290|619|85|113|0|0|0|485||9|06:55:56|SRM PC8|https://www.strava.com/activities/3002018945
10.01.2020|28,44|00:59:45|176|0|173|0|0||0|0|286|468|91|115|0|0|0|566||14|01:04:24|SRM PC8|https://www.strava.com/activities/2998740518
09.01.2020|142,55|05:00:59|2,057|0|240|0|0||0|0|284|598|86|111|0|0|0|589||14|05:59:54|SRM PC8|https://www.strava.com/activities/2996031668
08.01.2020|119,44|03:56:59|1,237|0|207|0|0||0|0|302|619|90|121|0|0|0|473||15|04:15:06|SRM PC8|https://www.strava.com/activities/2992907662
07.01.2020|26,84|00:55:51|192|0|173|0|0||0|0|288|475|90|109|0|0|0|496||11|01:41:31|SRM PC8|https://www.strava.com/activities/2989817125
06.01.2020|162,16|05:18:54|1,902|0|228|0|0||0|0|305|648|89|112|0|0|0|573||13|05:53:25|SRM PC8|https://www.strava.com/activities/2987456625
05.01.2020|119,44|04:11:39|1,842|0|232|0|0||0|0|285|691|88|117|0|0|0|558||13|04:54:18|SRM PC8|https://www.strava.com/activities/2984735885
04.01.2020|54,77|01:56:46|624|0|202|0|0||0|0|281|598|87|111|0|0|0|570||13|02:06:46|SRM PC8|https://www.strava.com/activities/2982126554
03.01.2020|24,21|00:51:30|495|0|194|0|0||0|0|282|893|93|110|0|0|0|338|561||00:52:58|Zwift|https://www.strava.com/activities/2977807700
02.01.2020|156,45|05:05:32|1,416|0|233|0|0||0|0|307|590|88|120|0|0|0|1,021||5|06:04:51|SRM PC8|https://www.strava.com/activities/2975744495
21.03.2020|93,54|03:00:00|322|0|211|2,222|0||0|0|312|533|86|196|121|161|206|690|2,477|10|03:02:39|SRM PC8|https://www.strava.com/activities/3202941590
20.03.2020|93,8|02:57:41|290|0|217|2,255|0||0|0|317|821|86|109|120|171|212|509|2,514|9|03:06:47|SRM PC8|https://www.strava.com/activities/3199960963
19.03.2020|30,41|01:00:22|23|0|184|672|0||0|0|302|360|86|100|107|123|185|398|749|13|01:01:48|SRM PC8|https://www.strava.com/activities/3197558578
18.03.2020|95,32|03:00:24|292|0|215|2,28|0||0|0|317|518|86|108|116|151|211|556|2,543|17|03:09:02|SRM PC8|https://www.strava.com/activities/3193842872
17.03.2020|90,4|03:01:47|114|0|190|2,046|0||0|0|298|432|86|124|108|135|188|686|2,281|14|03:07:22|SRM PC8|https://www.strava.com/activities/3191277823
16.03.2020|61,67|02:03:10|78|0|197|1,441|0||0|0|300|432|87|107|109|133|195|512|1,607|11|02:05:50|SRM PC8|https://www.strava.com/activities/3188112722
15.03.2020|84,21|02:39:47|268|0|193|1,72|0||0|0|316|533|86|111|0|0|179|615|1,918|11|04:08:23|SRM PC8|https://www.strava.com/activities/3188112850
12.03.2020|157,2|05:30:18|3,479|0|233|4,118|0||0|0|286|842|82|118|120|170|208|656|4,592|25|06:12:30|SRM PC8|https://www.strava.com/activities/3177430622
11.03.2020|131,09|04:30:05|3,142|0|263|3,667|0||0|0|291|806|85|124|134|185|226|564|4,088|24|04:53:24|SRM PC8|https://www.strava.com/activities/3174263605
10.03.2020|26,81|00:58:51|459|0|183|618|0||0|0|273|749|87|122|109|127|175|390|689|20|01:15:35|SRM PC8|https://www.strava.com/activities/3171185252
09.03.2020|130,62|04:45:27|3,161|0|241|3,62|0||0|0|275|806|84|123|123|164|211|655|4,037|24|05:38:03|SRM PC8|https://www.strava.com/activities/3168783686
08.03.2020|120,38|04:26:36|2,848|0|224|3,308|0||0|0|271|914|83|118|119|143|207|482|3,688|25|05:24:38|SRM PC8|https://www.strava.com/activities/3166042748
07.03.2020|126,74|04:54:37|3,448|0|0|0|0||0|0|258|922|82|124|0|0|0|0|4,054|22|05:30:21|SRM PC8|https://www.strava.com/activities/3162510433
05.03.2020|9,07|00:18:40|203|0|228|252|0||0|0|292|778|0|0|0|0|225|324|239||00:18:56|Zwift|https://www.strava.com/activities/3156389340
05.03.2020|27,67|00:44:28|0|0|315|764|0||0|0|373|439|0|0|0|0|287|374|852||00:44:28|Wahoo|https://www.strava.com/activities/3156799310
05.03.2020|9,51|00:15:13|63|0|211|193|0||0|0|375|511|0|0|0|0|211|315|183||00:15:13|Zwift|https://www.strava.com/activities/3156235203
05.03.2020|11,13|00:17:12|0|0|266|253|0||0|0|389|432|0|0|0|0|245|394|282||00:17:12|Wahoo|https://www.strava.com/activities/3156799715
05.03.2020|14,38|00:25:11|136|0|224|331|0||0|0|343|533|0|0|0|0|219|339|316||00:25:11|Zwift|https://www.strava.com/activities/3156144049
04.03.2020|153,94|05:02:46|234|0|203|3,703|0||0|0|305|605|88|108|121|241|204|552|4,129|9|05:54:42|SRM PC8|https://www.strava.com/activities/3153692953
03.03.2020|56,75|01:58:45|92|0|175|1,26|0||0|0|287|425|88|103|111|129|177|568|1,404|9|02:41:44|SRM PC8|https://www.strava.com/activities/3150296667
02.03.2020|28,06|01:00:08|550|0|221|791|0||0|0|280|734|0|0|0|0|219|341|755||02:06:21|Zwift|https://www.strava.com/activities/3147575184
02.03.2020|14,36|00:30:05|135|0|213|382|0||0|0|286|540|0|0|0|0|212|289|364||00:30:05|Zwift|https://www.strava.com/activities/3147318437
02.03.2020|32,41|01:00:18|0|0|276|934|0||0|0|323|414|0|0|0|0|258|334|1,042||01:00:18|Wahoo|https://www.strava.com/activities/3147667370
02.03.2020|16,68|00:30:08|278|0|223|398|0||0|0|332|760|0|0|0|0|220|322|378||00:31:20|Zwift|https://www.strava.com/activities/3147177012
01.03.2020|89,67|02:59:41|282|0|192|1,99|0||0|0|299|439|89|116|112|175|185|590|2,219|9|03:46:04|SRM PC8|https://www.strava.com/activities/3148389177
19.04.2020|31,83|00:56:26|279|0|193|642|0||0|0|338|835|80|101|0|0|190|297|655||00:56:26|Zwift|https://www.strava.com/activities/3322993819
19.04.2020|66,71|02:00:08|96|0|234|1,641|0||0|0|333|518|85|102|123|163|228|635|1,830|14|02:08:35|SRM PC8|https://www.strava.com/activities/3320928734
04.04.2020|107,96|03:17:32|414|0|226|2,635|0||0|0|328|562|87|112|130|159|222|572|2,938|15|03:29:02|SRM PC8|https://www.strava.com/activities/3253181795
01.04.2020|128,75|04:00:28|362|0|224|3,182|0||0|0|321|562|86|112|0|0|221|591|3,548|10|04:09:42|SRM PC8|https://www.strava.com/activities/3241943296
29.05.2020|112,13|03:30:37|574|0|246|2,709|0||0|0|319|655|85|111|128|200|214|626|3,020|22|03:39:25|SRM PC8|https://www.strava.com/activities/3530246318
12.05.2020|131,53|04:00:21|174|0|250|3,325|0||0|0|328|497|86|110|129|201|231|725|3,707|12|04:31:39|SRM PC8|https://www.strava.com/activities/3439095133
01.05.2020|41,55|01:00:42|506|0|298|1,017|0||0|0|411|688|85|106|0|0|279|505|1,123||01:00:42|Zwift|https://www.strava.com/activities/3378884886
27.06.2020|136,87|04:29:44|2,74|0|262|3,801|0||0|0|304|824|79|116|0|0|235|840|4,238|22|05:03:29|Wahoo ELEMNT BOLT|https://www.strava.com/activities/3678233914
24.06.2020|146,9|04:51:10|2,276|0|248|3,876|0||0|0|303|724|80|117|0|0|222|714|4,321|28|05:56:55|Wahoo ELEMNT BOLT|https://www.strava.com/activities/3667847814
20.06.2020|141,13|04:22:10|2,37|0|279|3,648|0||0|0|323|763|85|132|0|0|232|776|4,067|20|05:47:08|SRM PC8|https://www.strava.com/activities/3644193782
16.06.2020|126,96|04:01:15|532|0|235|2,916|0||0|0|316|670|85|133|0|0|201|729|3,251|25|05:51:25|SRM PC8|https://www.strava.com/activities/3623415808
12.06.2020|166,77|05:15:08|2,714|0|247|3,755|0||0|0|318|972|85|122|0|0|199|727|4,187|25|05:43:25|SRM PC8|https://www.strava.com/activities/3603323992
10.06.2020|137,67|04:30:18|2,286|0|258|3,779|0||0|0|306|727|86|115|0|0|233|635|4,213|16|05:07:03|SRM PC8|https://www.strava.com/activities/3593396471
06.06.2020|148,13|05:01:45|2,65|0|264|4,249|0||0|0|295|727|85|115|0|0|235|583|4,738|16|05:50:12|SRM PC8|https://www.strava.com/activities/3573218669
31.07.2020|121,24|04:00:02|2,269|0|280|3,363|0||0|0|303|749|81|114|0|0|233|583|3,750|32|04:14:45|Wahoo ELEMNT BOLT|https://www.strava.com/activities/3843130296
22.07.2020|209,37|06:34:38|4,142|0|250|5,19|0||0|0|318|878|82|124|0|0|219|1,017|5,787|28|06:51:58|Wahoo ELEMNT BOLT|https://www.strava.com/activities/3800822689
21.07.2020|146,21|04:38:52|3,158|0|280|3,658|0||0|0|315|767|81|124|0|0|219|845|4,078|27|04:58:28|Wahoo ELEMNT BOLT|https://www.strava.com/activities/3795062146
20.07.2020|51,59|01:36:10|305|0|152|786|0||0|0|322|565|78|113|0|0|136|428|876|30|02:17:59|Wahoo ELEMNT BOLT|https://www.strava.com/activities/3789575115
19.07.2020|187,47|06:00:16|3,549|0|257|4,732|0||0|0|312|886|81|128|0|0|219|894|5,276|29|06:24:27|Wahoo ELEMNT BOLT|https://www.strava.com/activities/3785773555
17.07.2020|139,67|04:32:01|3,232|0|0|0|0||233|3,806|308|774|0|0|0|0|0|0|4,244|26|04:50:07|Wahoo ELEMNT BOLT|https://www.strava.com/activities/3775169883
12.07.2020|109,39|04:11:39|2,536|0|249|3,188|0||0|0|261|792|76|124|0|0|211|1,103|3,555|23|04:25:33|Wahoo ELEMNT BOLT|https://www.strava.com/activities/3751284645
09.07.2020|121,54|04:33:07|2,95|0|259|3,563|0||0|0|267|824|76|116|0|0|217|888|3,972|28|05:59:46|Wahoo ELEMNT BOLT|https://www.strava.com/activities/3736856529
07.07.2020|127,91|04:31:52|2,632|0|251|3,481|0||0|0|282|792|76|129|0|0|213|1,046|3,881|23|05:14:43|Wahoo ELEMNT BOLT|https://www.strava.com/activities/3726964432
31.08.2020|203,74|05:33:47|2,708|0|225|3,651|0||0|0|366|785|85|127|0|0|182|910|4,071|23|06:43:46|SRM PC8|https://www.strava.com/activities/3992326106
30.08.2020|196,62|05:52:27|3,486|0|239|4,169|0||0|0|335|1080|85|138|0|0|197|900|4,649|29|06:46:52|SRM PC8|https://www.strava.com/activities/3992326789
29.08.2020|164,44|04:21:04|1,637|0|234|2,04|0||0|0|378|763|91|121|0|0|130|1,058|2,274|23|04:37:20|SRM PC8|https://www.strava.com/activities/3992325417
28.08.2020|41,58|01:21:28|702|0|231|767|0||0|0|306|670|84|129|0|0|157|853|855|28|01:26:54|SRM PC8|https://www.strava.com/activities/3976823806
22.08.2020|146,91|04:41:39|733|0|219|3,52|0||0|0|313|612|81|124|0|0|208|1,049|3,512|22|05:26:06|Wahoo ELEMNT BOLT|https://www.strava.com/activities/3949425410
21.08.2020|133,85|04:23:51|2,488|0|273|3,603|0||0|0|304|774|78|125|0|0|228|707|3,599|24|05:05:34|Wahoo ELEMNT BOLT|https://www.strava.com/activities/3945662377
19.08.2020|181,29|05:59:52|3,454|0|252|4,838|0||0|0|302|749|79|123|0|0|224|526|4,823|25|07:16:51|Wahoo ELEMNT BOLT|https://www.strava.com/activities/3936339335
01.08.2020|143,7|03:58:22|156|0|192|2,663|0||0|0|362|551|83|117|0|0|186|922|2,969|23|04:16:20|Wahoo ELEMNT BOLT|https://www.strava.com/activities/3847752535
27.09.2020|77,94|02:30:20|100|0|212|1,889|0||0|0|311|472|89|112|0|0|209|635|1,885|13|02:33:51|Wahoo ELEMNT BOLT|https://www.strava.com/activities/4119085368
04.09.2020|173,61|04:01:27|2,03|0|280|3,492|0||0|0|431|864|91|138|0|0|241|997|3,894|32|05:10:40|SRM PC8|https://www.strava.com/activities/4011397963
03.09.2020|195,3|05:16:43|3,018|0|251|4,146|0||0|0|370|929|88|130|0|0|218|879|4,623|30|05:27:43|SRM PC8|https://www.strava.com/activities/4007302477
02.09.2020|186,51|04:36:42|1,39|0|224|2,87|0||0|0|404|857|87|123|0|0|173|858|3,201|29|05:43:22|SRM PC8|https://www.strava.com/activities/4001864795
01.09.2020|163,47|04:36:39|3,065|0|253|3,702|0||0|0|355|922|87|135|0|0|223|825|4,127|23|05:48:48|SRM PC8|https://www.strava.com/activities/3997837050
