date|distance|mov_time|elevation|relativeEffort|avg_power_weig|work_total|training_load|intensity|estAvgPower|energyOutput|avg_speed|max_speed|avg_cadence|max_cadence|avg_heartRate|max_heartRate|avg_power|max_power|avg_calories|avg_temperature|avg_elap_time|bicycle_model|url
22.01.2019|3,34|00:23:40|31|0|0|0|0||0|0|85|425|0|0|0|0|0|0||18|01:10:42|Wahoo ELEMNT|https://www.strava.com/activities/2116785727
18.02.2019|9,31|01:19:22|63|0|0|0|0||0|0|70|310|0|0|0|0|0|0||20|02:50:32|Wahoo ELEMNT|https://www.strava.com/activities/2157568100
19.05.2019|35,71|01:06:56|747|0|366|1,419|89|85%|0|0|320|792|89|113|0|0|353|956|1,583|18|01:23:11|SRM PC8|https://www.strava.com/activities/2380737179
11.05.2019|19,19|01:04:37|288|0|345|851|81|80%|0|0|178|846|92|130|0|0|219|953|948|22|01:49:54|SRM PC8|https://www.strava.com/activities/2359993551
23.05.2019|165,83|04:05:29|1,981|0|355|4,552|290|83%|0|0|405|1562|89|195|0|0|309|1,37|5,075|28|04:34:53|SRM PC8|https://www.strava.com/activities/2391013920
22.05.2019|222,91|05:27:48|624|0|255|4,147|200|59%|0|0|408|608|82|119|0|0|211|1,237|4,624|30|05:48:13|SRM PC8|https://www.strava.com/activities/2389173460
21.05.2019|153,25|03:56:42|339|0|244|2,468|131|57%|0|0|388|727|81|122|0|0|174|1,395|2,751|29|04:24:42|SRM PC8|https://www.strava.com/activities/2386199496
20.05.2019|19,16|00:40:26|26|0|182|409|14|42%|0|0|284|680|91|113|0|0|168|1,235|456|25|01:40:30|SRM PC8|https://www.strava.com/activities/2386196439
18.05.2019|249,61|06:08:46|2,172|0|292|5,323|294|68%|0|0|406|860|86|133|0|0|241|1,281|5,935|22|06:59:53|SRM PC8|https://www.strava.com/activities/2380738654
17.05.2019|194,5|04:46:00|2,782|0|343|5,081|313|80%|0|0|408|1030|88|164|0|0|296|1,339|5,665|24|05:30:05|SRM PC8|https://www.strava.com/activities/2375497600
16.05.2019|243,61|06:19:42|2,872|0|303|5,63|318|70%|0|0|385|1012|83|139|0|0|247|1,157|6,277|17|06:35:36|SRM PC8|https://www.strava.com/activities/2375497823
14.05.2019|246,54|06:30:00|3,369|0|304|4,991|335|71%|0|0|379|990|83|134|0|0|213|1,187|5,565|20|06:42:50|SRM PC8|https://www.strava.com/activities/2367944832
13.05.2019|226,54|05:39:40|2,013|0|279|4,608|250|65%|0|0|400|889|83|131|0|0|226|1,306|5,138|18|06:28:46|SRM PC8|https://www.strava.com/activities/2365179770
12.05.2019|213,73|05:03:50|2,075|0|333|5,261|317|77%|0|0|422|1066|88|141|0|0|289|1,253|5,866|16|05:43:34|SRM PC8|https://www.strava.com/activities/2362902457
30.06.2019|185,89|04:43:53|3,328|0|348|5,262|334|81%|0|0|393|972|88|127|0|0|309|1,437|5,867|39|05:27:47|SRM PC8|https://www.strava.com/activities/2495608704
27.06.2019|56,48|01:48:16|261|0|279|1,606|112|65%|0|0|313|644|86|169|0|0|247|1,417|1,791|23|03:22:06|SRM PC8|https://www.strava.com/activities/2490324976
28.07.2019|132,07|03:27:22|994|0|279|2,624|156|65%|0|0|382|814|82|126|0|0|211|1,279|2,926|25|04:07:33|SRM PC8|https://www.strava.com/activities/2576739022
27.07.2019|65,41|02:32:26|2,276|0|340|2,869|165|79%|0|0|257|720|81|120|0|0|314|1,284|3,199|23|02:38:39|SRM PC8|https://www.strava.com/activities/2568196423
26.07.2019|121,95|04:03:06|2,957|0|326|4,072|247|76%|0|0|301|832|81|122|0|0|279|1,206|4,541|28|04:26:36|SRM PC8|https://www.strava.com/activities/2565520271
25.07.2019|218,99|06:36:09|4,762|0|317|6,392|366|74%|0|0|332|940|81|148|0|0|269|1,165|7,127|32|07:20:45|SRM PC8|https://www.strava.com/activities/2562658854
24.07.2019|211,26|05:19:25|2,15|0|279|4,619|229|65%|0|0|397|752|85|121|0|0|241|1,227|5,150|37|05:55:19|SRM PC8|https://www.strava.com/activities/2560188541
23.07.2019|183,08|04:20:01|1,582|0|293|3,803|212|68%|0|0|422|832|86|127|0|0|244|1,31|4,240|40|05:22:16|SRM PC8|https://www.strava.com/activities/2557104892
21.07.2019|190,22|05:25:08|3,837|0|336|5,804|336|78%|0|0|351|1044|83|131|0|0|297|1,24|6,471|27|05:57:33|SRM PC8|https://www.strava.com/activities/2552209913
20.07.2019|129,47|04:07:15|3,26|0|336|4,332|261|78%|0|0|314|1242|84|127|0|0|292|1,111|4,830|29|05:07:58|SRM PC8|https://www.strava.com/activities/2548604469
19.07.2019|32,09|00:57:48|411|0|331|959|62|77%|0|0|333|828|90|123|0|0|277|1,284|1,069|31|01:48:07|SRM PC8|https://www.strava.com/activities/2545605400
18.07.2019|221,21|05:44:56|3,141|0|336|6,072|354|78%|0|0|385|994|85|125|0|0|293|1,361|6,771|23|05:48:32|SRM PC8|https://www.strava.com/activities/2543826070
17.07.2019|173,02|04:04:19|1,946|0|300|3,727|211|70%|0|0|425|904|88|136|0|0|254|1,395|4,156|34|05:00:40|SRM PC8|https://www.strava.com/activities/2541954736
14.07.2019|192,3|05:23:47|3,172|0|304|4,864|278|71%|0|0|356|1015|83|131|0|0|250|1,18|5,424|29|06:26:10|SRM PC8|https://www.strava.com/activities/2532593646
13.07.2019|210,31|05:44:36|3,972|0|330|5,729|342|77%|0|0|366|1181|84|134|0|0|277|1,164|6,387|31|06:33:43|SRM PC8|https://www.strava.com/activities/2529257813
12.07.2019|240,97|06:29:10|2,687|0|263|4,864|243|61%|0|0|372|936|81|139|0|0|208|1,359|5,423|30|06:55:06|SRM PC8|https://www.strava.com/activities/2526613073
11.07.2019|185,26|05:36:45|3,849|0|326|5,503|338|76%|0|0|330|1364|81|134|0|0|272|1,265|6,135|21|06:29:23|SRM PC8|https://www.strava.com/activities/2524206549
10.07.2019|182,24|04:31:24|2,338|0|325|4,419|267|76%|0|0|403|1051|85|150|0|0|271|1,255|4,927|28|04:41:07|SRM PC8|https://www.strava.com/activities/2522579597
09.07.2019|216,83|05:14:05|1,822|0|283|4,405|237|66%|0|0|414|936|85|136|0|0|234|1,365|4,911|28|05:28:52|SRM PC8|https://www.strava.com/activities/2518734526
08.07.2019|219,52|05:05:32|2,719|0|309|4,803|268|72%|0|0|431|1195|85|139|0|0|262|1,224|5,355|27|06:07:02|SRM PC8|https://www.strava.com/activities/2515618915
07.07.2019|66|01:42:01|528|0|332|1,568|133|77%|0|0|388|864|87|218|0|0|256|1,103|1,748|23|03:45:17|SRM PC8|https://www.strava.com/activities/2512368122
06.07.2019|207,24|04:54:15|1,872|0|299|4,412|252|70%|0|0|423|893|86|173|0|0|250|1,396|4,919|30|05:54:27|SRM PC8|https://www.strava.com/activities/2509911860
31.08.2019|242,63|05:49:26|2,318|0|272|4,35|238|63%|0|0|417|1174|82|130|0|0|207|1,45|4,850|33|06:19:56|SRM PC8|https://www.strava.com/activities/2668239579
30.08.2019|207,18|04:38:57|2,402|0|350|4,959|316|81%|0|0|446|914|89|139|0|0|296|1,407|5,529|27|04:54:57|SRM PC8|https://www.strava.com/activities/2664780948
29.08.2019|176,91|04:15:46|1,494|0|294|3,625|210|68%|0|0|415|918|85|122|0|0|236|1,33|4,042|28|04:38:55|SRM PC8|https://www.strava.com/activities/2662506651
28.08.2019|39,9|01:12:36|169|0|260|940|49|60%|0|0|330|562|86|124|0|0|216|1,306|1,048|32|01:39:21|SRM PC8|https://www.strava.com/activities/2659233907
23.08.2019|52,72|01:44:50|376|0|283|1,368|89|66%|0|0|302|760|88|129|0|0|217|1,674|1,525|26|02:03:35|SRM PC8|https://www.strava.com/activities/2643710919
22.08.2019|20,62|00:45:31|62|0|193|492|19|45%|0|0|272|414|93|192|0|0|180|1,661|549|25|01:55:58|SRM PC8|https://www.strava.com/activities/2643710543
21.08.2019|87,78|02:49:12|418|0|270|2,211|131|63%|0|0|311|814|85|131|0|0|218|1,642|2,465|21|03:40:30|SRM PC8|https://www.strava.com/activities/2638024628
19.08.2019|124,83|03:58:54|677|0|235|3,152|130|55%|0|0|314|760|88|116|0|0|220|1,399|3,515|23|04:53:52|SRM PC8|https://www.strava.com/activities/2636285959
18.08.2019|20,85|00:46:29|69|0|182|477|17|42%|0|0|269|421|89|115|0|0|171|752|532|27|00:59:11|SRM PC8|https://www.strava.com/activities/2629939868
17.08.2019|100,14|02:56:09|502|0|302|2,933|159|70%|0|0|341|785|90|136|0|0|278|1,289|3,271|22|03:42:57|SRM PC8|https://www.strava.com/activities/2629940536
16.08.2019|117,99|03:51:35|593|0|242|3,027|131|56%|0|0|306|695|88|184|0|0|218|1,556|3,375|22|04:44:41|SRM PC8|https://www.strava.com/activities/2623816549
20.08.2019|82,29|02:33:24|343|0|293|2,037|142|68%|0|0|322|835|86|123|0|0|221|1,225|2,272|23|04:01:37|SRM PC8|https://www.strava.com/activities/2636284922
01.09.2019|163,83|04:03:53|2,278|0|345|4,107|272|80%|0|0|403|900|86|185|0|0|281|1,21|4,579|24|05:32:14|SRM PC8|https://www.strava.com/activities/2670975397
09.12.2019|105,06|04:09:43|1,107|0|0|0|0||0|0|252|763|0|0|0|0|0|0|||05:52:03||https://www.strava.com/activities/2921072923
05.12.2019|134,38|05:05:03|1,467|0|0|0|0||0|0|264|695|0|0|0|0|0|0|||05:42:27||https://www.strava.com/activities/2912104552
31.01.2020|31,4|01:11:36|349|0|181|720|24|42%|0|0|263|706|84|116|118|163|168|703|803|38|03:15:10|SRM PC8|https://www.strava.com/activities/4526863958
25.01.2020|244,38|06:39:54|2,75|0|287|5,656|312|67%|0|0|367|1213|86|136|0|0|236|1,297|6,307|27|07:35:11|SRM PC8|https://www.strava.com/activities/4526837802
19.01.2020|54,18|01:55:02|114|0|241|1,288|72|56%|0|0|283|533|82|179|121|178|187|1,562|1,437|22|03:09:45|SRM PC8|https://www.strava.com/activities/4526836758
17.01.2020|127,82|04:10:06|1,531|0|245|3,307|145|57%|0|0|307|1051|83|135|122|146|220|1,419|3,687|24|04:56:22|SRM PC8|https://www.strava.com/activities/4526836559
14.01.2020|22,9|00:50:35|54|0|167|480|15|39%|0|0|272|497|90|108|108|132|158|472|535|33|01:31:17|SRM PC8|https://www.strava.com/activities/4526836197
04.01.2020|22,66|00:48:58|60|0|158|270|11|37%|0|0|278|475|88|113|127|144|92|675|301|11|00:49:53|SRM PC8|https://www.strava.com/activities/4526836237
30.01.2020|207,52|05:36:18|1,696|0|269|4,546|235|63%|0|0|370|922|89|200|138|190|225|1,277|5,068|36|07:30:36|SRM PC8|https://www.strava.com/activities/4526864818
29.01.2020|84,36|02:33:04|752|0|260|2,154|100|60%|0|0|331|821|87|209|125|163|235|1,266|2,402|26|03:12:04|SRM PC8|https://www.strava.com/activities/4526864305
28.01.2020|52,13|01:45:14|287|0|186|1,071|36|43%|0|0|297|677|87|139|106|141|170|635|1,195|27|04:28:19|SRM PC8|https://www.strava.com/activities/4526864047
26.01.2020|213,35|05:20:43|2,229|0|283|4,795|238|66%|0|0|399|979|87|137|0|0|249|1,153|5,347|27|05:53:46|SRM PC8|https://www.strava.com/activities/4526835992
24.01.2020|243,7|06:49:51|2,797|0|279|5,755|298|65%|0|0|357|965|85|138|134|185|234|1,215|6,417|24|08:01:06|SRM PC8|https://www.strava.com/activities/4526837164
23.01.2020|159,5|04:17:58|2,435|0|313|4,183|235|73%|0|0|371|936|87|139|142|181|270|1,365|4,664|20|04:42:25|SRM PC8|https://www.strava.com/activities/4526836866
22.01.2020|153,71|04:10:32|2,29|0|293|3,473|200|68%|0|0|368|864|85|138|135|186|231|1,254|3,872|26|04:36:50|SRM PC8|https://www.strava.com/activities/4526836719
21.01.2020|217,46|05:30:46|1,577|0|278|4,587|239|65%|0|0|394|799|88|145|141|190|231|1,205|5,115|30|06:10:14|SRM PC8|https://www.strava.com/activities/4526837939
20.01.2020|28,85|01:05:08|70|0|170|610|21|40%|0|0|266|526|89|195|110|145|156|1,615|680|21|01:46:20|SRM PC8|https://www.strava.com/activities/4526836276
19.01.2020|63,45|01:41:37|110|0|304|1,549|97|71%|0|0|375|662|87|134|144|243|254|1,43|1,728|19|02:08:14|SRM PC8|https://www.strava.com/activities/4526836300
18.01.2020|22,75|00:45:47|56|0|176|456|16|41%|0|0|298|511|87|144|110|139|166|1,545|509|25|01:59:54|SRM PC8|https://www.strava.com/activities/4526836181
16.01.2020|105,36|03:31:25|1,787|0|295|3,128|183|69%|0|0|299|871|81|131|134|188|247|1,579|3,487|23|04:21:24|SRM PC8|https://www.strava.com/activities/4526836546
15.01.2020|201,98|06:20:20|2,571|0|268|5,564|257|62%|0|0|319|871|85|144|138|188|244|1,591|6,203|29|07:10:51|SRM PC8|https://www.strava.com/activities/4526837873
13.01.2020|121,28|04:06:12|1,943|0|252|3,244|151|59%|0|0|296|742|84|163|133|167|220|1,053|3,617|32|04:45:59|SRM PC8|https://www.strava.com/activities/4526836736
12.01.2020|70,19|02:24:15|802|0|218|1,659|68|51%|0|0|292|900|87|127|119|153|192|758|1,849|26|03:08:16|SRM PC8|https://www.strava.com/activities/4526836396
11.01.2020|47,73|01:37:55|106|0|184|1,009|34|43%|0|0|293|504|93|134|110|137|172|716|1,125|25|02:12:59|SRM PC8|https://www.strava.com/activities/4526836499
31.01.2020|31,4|01:11:36|349|0|181|720|24|42%|0|0|263|706|84|116|118|163|168|703|803|38|03:15:10|SRM PC8|https://www.strava.com/activities/4526863958
25.01.2020|244,38|06:39:54|2,75|0|287|5,656|312|67%|0|0|367|1213|86|136|0|0|236|1,297|6,307|27|07:35:11|SRM PC8|https://www.strava.com/activities/4526837802
19.01.2020|54,18|01:55:02|114|0|241|1,288|72|56%|0|0|283|533|82|179|121|178|187|1,562|1,437|22|03:09:45|SRM PC8|https://www.strava.com/activities/4526836758
17.01.2020|127,82|04:10:06|1,531|0|245|3,307|145|57%|0|0|307|1051|83|135|122|146|220|1,419|3,687|24|04:56:22|SRM PC8|https://www.strava.com/activities/4526836559
14.01.2020|22,9|00:50:35|54|0|167|480|15|39%|0|0|272|497|90|108|108|132|158|472|535|33|01:31:17|SRM PC8|https://www.strava.com/activities/4526836197
04.01.2020|22,66|00:48:58|60|0|158|270|11|37%|0|0|278|475|88|113|127|144|92|675|301|11|00:49:53|SRM PC8|https://www.strava.com/activities/4526836237
30.01.2020|207,52|05:36:18|1,696|0|269|4,546|235|63%|0|0|370|922|89|200|138|190|225|1,277|5,068|36|07:30:36|SRM PC8|https://www.strava.com/activities/4526864818
29.01.2020|84,36|02:33:04|752|0|260|2,154|100|60%|0|0|331|821|87|209|125|163|235|1,266|2,402|26|03:12:04|SRM PC8|https://www.strava.com/activities/4526864305
28.01.2020|52,13|01:45:14|287|0|186|1,071|36|43%|0|0|297|677|87|139|106|141|170|635|1,195|27|04:28:19|SRM PC8|https://www.strava.com/activities/4526864047
26.01.2020|213,35|05:20:43|2,229|0|283|4,795|238|66%|0|0|399|979|87|137|0|0|249|1,153|5,347|27|05:53:46|SRM PC8|https://www.strava.com/activities/4526835992
24.01.2020|243,7|06:49:51|2,797|0|279|5,755|298|65%|0|0|357|965|85|138|134|185|234|1,215|6,417|24|08:01:06|SRM PC8|https://www.strava.com/activities/4526837164
23.01.2020|159,5|04:17:58|2,435|0|313|4,183|235|73%|0|0|371|936|87|139|142|181|270|1,365|4,664|20|04:42:25|SRM PC8|https://www.strava.com/activities/4526836866
22.01.2020|153,71|04:10:32|2,29|0|293|3,473|200|68%|0|0|368|864|85|138|135|186|231|1,254|3,872|26|04:36:50|SRM PC8|https://www.strava.com/activities/4526836719
21.01.2020|217,46|05:30:46|1,577|0|278|4,587|239|65%|0|0|394|799|88|145|141|190|231|1,205|5,115|30|06:10:14|SRM PC8|https://www.strava.com/activities/4526837939
20.01.2020|28,85|01:05:08|70|0|170|610|21|40%|0|0|266|526|89|195|110|145|156|1,615|680|21|01:46:20|SRM PC8|https://www.strava.com/activities/4526836276
19.01.2020|63,45|01:41:37|110|0|304|1,549|97|71%|0|0|375|662|87|134|144|243|254|1,43|1,728|19|02:08:14|SRM PC8|https://www.strava.com/activities/4526836300
18.01.2020|22,75|00:45:47|56|0|176|456|16|41%|0|0|298|511|87|144|110|139|166|1,545|509|25|01:59:54|SRM PC8|https://www.strava.com/activities/4526836181
16.01.2020|105,36|03:31:25|1,787|0|295|3,128|183|69%|0|0|299|871|81|131|134|188|247|1,579|3,487|23|04:21:24|SRM PC8|https://www.strava.com/activities/4526836546
15.01.2020|201,98|06:20:20|2,571|0|268|5,564|257|62%|0|0|319|871|85|144|138|188|244|1,591|6,203|29|07:10:51|SRM PC8|https://www.strava.com/activities/4526837873
13.01.2020|121,28|04:06:12|1,943|0|252|3,244|151|59%|0|0|296|742|84|163|133|167|220|1,053|3,617|32|04:45:59|SRM PC8|https://www.strava.com/activities/4526836736
12.01.2020|70,19|02:24:15|802|0|218|1,659|68|51%|0|0|292|900|87|127|119|153|192|758|1,849|26|03:08:16|SRM PC8|https://www.strava.com/activities/4526836396
11.01.2020|47,73|01:37:55|106|0|184|1,009|34|43%|0|0|293|504|93|134|110|137|172|716|1,125|25|02:12:59|SRM PC8|https://www.strava.com/activities/4526836499
31.03.2020|122,92|03:55:13|577|0|261|3,676|156|61%|0|0|314|720|90|147|0|0|260|1,558|4,098|6|04:24:05|SRM PC8|https://www.strava.com/activities/3253440619
24.03.2020|96,97|03:25:19|501|0|197|2,333|94|46%|0|0|283|2552|86|133|0|0|189|1,084|2,601|10|04:41:34|SRM PC8|https://www.strava.com/activities/3253440848
23.03.2020|87,32|02:58:00|409|0|214|2,216|82|50%|0|0|294|497|90|123|0|0|207|1,187|2,470|9|03:29:03|SRM PC8|https://www.strava.com/activities/3253440717
21.03.2020|64,11|02:13:50|311|0|0|0|0||0|0|287|468|0|0|0|0|0|0||7|02:18:42|SRM PC8|https://www.strava.com/activities/3253440614
18.03.2020|81,15|02:43:34|150|0|193|1,856|59|45%|0|0|298|857|95|120|0|0|189|851|2,069|18|03:03:21|SRM PC8|https://www.strava.com/activities/3253440832
13.03.2020|364,3|07:00:32|4,501|0|301|4,682|359|70%|0|0|520|1318|86|122|91|178|186|1,134|5,220|22|07:45:14|SRM PC8|https://www.strava.com/activities/4526868541
11.03.2020|48,72|01:25:52|712|0|333|1,563|97|77%|0|0|340|850|86|116|139|173|303|1,362|1,743|17|02:36:18|SRM PC8|https://www.strava.com/activities/4526867543
06.03.2020|40,32|01:21:03|106|0|214|1,002|37|50%|0|0|299|468|92|149|122|154|206|1,255|1,118|8|01:31:53|SRM PC8|https://www.strava.com/activities/4526867600
05.03.2020|112|03:41:08|461|0|260|3,026|140|60%|0|0|304|562|86|128|127|164|228|1,568|3,374|8|05:40:07|SRM PC8|https://www.strava.com/activities/4526868039
04.03.2020|151,77|04:51:08|498|0|245|4,228|166|57%|0|0|313|482|90|155|128|147|242|1,014|4,715|8|05:09:31|SRM PC8|https://www.strava.com/activities/4526868165
01.03.2020|57,23|02:05:23|166|0|228|1,495|68|53%|0|0|274|814|86|221|126|173|199|1,067|1,667|15|07:31:55|SRM PC8|https://www.strava.com/activities/4526867799
30.03.2020|93,86|03:14:31|496|0|222|2,491|100|52%|0|0|290|580|87|115|0|0|213|1,043|2,777|5|03:48:00|SRM PC8|https://www.strava.com/activities/3253440627
27.03.2020|123,93|04:09:58|595|0|220|3,15|118|51%|0|0|297|749|86|119|0|0|210|1,652|3,512|17|05:22:20|SRM PC8|https://www.strava.com/activities/3253440726
26.03.2020|78,36|02:56:19|537|0|236|2,261|102|55%|0|0|267|544|83|141|0|0|214|1,687|2,521|12|04:41:19|SRM PC8|https://www.strava.com/activities/3220162174
25.03.2020|36,86|01:18:50|126|0|193|897|29|45%|0|0|281|425|89|126|118|202|190|1,344|1,001|13|01:35:45|SRM PC8|https://www.strava.com/activities/4526867510
12.03.2020|234,64|05:40:43|2,778|0|326|5,612|332|76%|0|0|413|950|89|142|142|179|275|1,342|6,258|17|05:53:19|SRM PC8|https://www.strava.com/activities/4526868263
10.03.2020|198,92|06:05:05|1,454|0|271|4,671|246|63%|0|0|327|864|83|135|126|182|213|1,407|5,208|12|06:12:59|SRM PC8|https://www.strava.com/activities/4526868247
09.03.2020|129,71|03:09:26|878|0|316|2,864|233|73%|0|0|411|785|85|129|134|170|252|1,27|3,193|10|04:28:36|SRM PC8|https://www.strava.com/activities/4526867967
08.03.2020|160,75|04:03:54|1,367|0|333|4,062|244|77%|0|0|395|799|87|131|146|183|278|1,332|4,530|11|04:08:51|SRM PC8|https://www.strava.com/activities/4526868134
07.03.2020|77,25|02:33:24|895|0|278|2,039|113|65%|0|0|302|677|84|123|126|220|222|1,257|2,273|11|02:43:05|SRM PC8|https://www.strava.com/activities/4526867807
30.04.2020|16,18|00:31:18|47|0|237|440|24|56%|0|0|310|536|88|122|0|0|234|1,186|491|14|00:47:06|SRM PC8|https://www.strava.com/activities/3384692889
29.04.2020|22,78|00:46:41|54|0|232|626|25|55%|0|0|293|450|81|114|0|0|223|1,155|698|15|00:49:40|Wahoo ELEMNT BOLT|https://www.strava.com/activities/3379955862
27.04.2020|102,85|03:21:14|640|0|256|2,721|128|61%|0|0|307|605|82|144|0|0|225|1,461|3,034|18|03:39:13|Wahoo ELEMNT BOLT|https://www.strava.com/activities/3362850124
25.04.2020|66,59|02:09:06|284|0|268|1,863|95|64%|0|0|310|630|82|187|0|0|240|1,472|2,077|11|02:41:48|Wahoo ELEMNT BOLT|https://www.strava.com/activities/3349727012
23.04.2020|85,38|02:43:43|499|0|232|2,136|93|54%|0|0|313|590|88|142|0|0|217|1,686|2,381|22|03:54:44|SRM PC8|https://www.strava.com/activities/3340476574
22.04.2020|109,73|03:36:38|403|0|217|2,72|96|50%|0|0|304|580|92|143|0|0|209|1,593|3,032|20|04:30:00|SRM PC8|https://www.strava.com/activities/3339416397
17.04.2020|77,21|02:27:08|380|0|244|2,007|87|57%|0|0|315|583|96|146|0|0|227|1,62|2,238|19|02:56:43|SRM PC8|https://www.strava.com/activities/3311732136
16.04.2020|12,89|00:30:18|68|0|180|268|29|42%|0|0|255|648|86|125|0|0|147|825|298|16|01:42:16|SRM PC8|https://www.strava.com/activities/3311793696
14.04.2020|87,04|02:48:16|544|0|258|2,363|121|60%|0|0|310|785|83|127|0|0|234|1,454|2,634|13|03:29:18|SRM PC8|https://www.strava.com/activities/3299366540
13.04.2020|98,25|03:07:18|468|0|270|2,636|147|63%|0|0|315|803|87|131|0|0|235|1,628|2,939|11|03:47:26|SRM PC8|https://www.strava.com/activities/3293451610
10.04.2020|74,02|02:18:56|470|0|263|2,002|93|61%|0|0|320|518|83|134|0|0|240|1,014|2,232|16|02:48:42|Wahoo ELEMNT BOLT|https://www.strava.com/activities/3284392325
09.04.2020|13,85|00:29:57|64|0|199|343|13|46%|0|0|277|425|92|129|116|142|191|665|383|20|01:18:28|SRM PC8|https://www.strava.com/activities/4526870673
07.04.2020|101,83|03:21:32|459|0|270|2,716|147|63%|0|0|303|770|87|193|0|0|225|1,348|3,029|19|04:44:05|SRM PC8|https://www.strava.com/activities/3268279946
06.04.2020|122,54|04:00:40|594|0|226|3,168|118|53%|0|0|305|734|88|144|0|0|219|1,646|3,532|18|04:30:33|SRM PC8|https://www.strava.com/activities/3261975360
04.04.2020|125,74|04:09:11|705|0|234|3,416|130|54%|0|0|303|652|88|122|0|0|228|1,384|3,809|12|04:36:21|SRM PC8|https://www.strava.com/activities/3253427260
03.04.2020|108,59|03:31:45|790|0|255|2,933|135|59%|0|0|308|648|83|140|0|0|231|1,528|3,270|11|04:36:44|SRM PC8|https://www.strava.com/activities/3249668097
02.04.2020|28,79|00:59:45|142|0|225|785|29|52%|0|0|289|482|89|161|122|151|219|1,49|876|11|01:06:44|SRM PC8|https://www.strava.com/activities/4526870778
01.04.2020|117,56|04:07:01|913|0|251|3,293|153|58%|0|0|286|655|88|135|0|0|222|1,522|3,672|10|04:54:02|SRM PC8|https://www.strava.com/activities/3253440751
28.04.2020|260,61|07:58:19|680|0|253|6,89|301|60%|0|0|327|605|86|130|0|0|240|1,178|7,683|22|09:35:03|Wahoo ELEMNT BOLT|https://www.strava.com/activities/3367536725
18.04.2020|78,73|02:35:22|516|0|250|1,992|90|58%|0|0|304|666|85|117|0|0|214|1,004|2,221|17|03:06:39|SRM PC8|https://www.strava.com/activities/3321187687
15.04.2020|230,4|07:05:39|726|0|269|6,606|327|63%|0|0|325|612|89|133|0|0|259|1,377|7,366|16|09:13:38|SRM PC8|https://www.strava.com/activities/3304020919
11.04.2020|146,74|04:44:15|354|0|238|3,962|155|55%|0|0|310|605|86|146|0|0|232|1,587|4,418|11|05:35:21|Wahoo ELEMNT BOLT|https://www.strava.com/activities/3284417231
08.04.2020|199,26|06:15:26|715|0|246|5,353|221|57%|0|0|318|619|84|147|0|0|238|1,648|5,968|19|07:32:54|Wahoo ELEMNT BOLT|https://www.strava.com/activities/3284397654
31.05.2020|94,59|03:00:30|322|0|222|2,018|88|53%|0|0|314|508|83|134|0|0|186|1,506|2,250|16|06:21:33|Wahoo ELEMNT BOLT|https://www.strava.com/activities/3542928873
30.05.2020|153,19|04:54:52|448|0|232|3,92|158|55%|0|0|312|558|86|140|0|0|222|1,595|4,371|17|06:05:54|Wahoo ELEMNT BOLT|https://www.strava.com/activities/3535966407
28.05.2020|44,9|01:41:18|178|0|179|946|31|43%|0|0|266|457|83|114|0|0|156|745|1,055|15|02:57:24|Wahoo ELEMNT BOLT|https://www.strava.com/activities/3524748622
24.05.2020|29,93|01:10:33|109|0|176|713|23|42%|0|0|255|414|81|180|0|0|168|1,517|795|15|02:08:15|Wahoo ELEMNT BOLT|https://www.strava.com/activities/3506197663
22.05.2020|62,87|02:17:34|341|0|232|1,629|86|55%|0|0|274|558|73|118|0|0|197|1,233|1,816|21|04:59:56|Wahoo ELEMNT BOLT|https://www.strava.com/activities/3498218382
21.05.2020|42,07|01:38:52|199|0|157|872|24|37%|0|0|255|490|78|118|0|0|147|720|972|25|02:18:03|Wahoo ELEMNT BOLT|https://www.strava.com/activities/3487852600
20.05.2020|321,86|09:20:05|1,271|0|229|6,896|307|55%|0|0|345|677|88|165|0|0|205|1,371|7,689|23|11:30:05|SRM PC8|https://www.strava.com/activities/3483851010
20.05.2020|19,33|00:38:13|63|0|254|547|26|60%|0|0|303|500|79|166|0|0|239|1,391|610|13|00:44:25|Wahoo ELEMNT BOLT|https://www.strava.com/activities/3480634663
19.05.2020|50,9|01:47:39|198|0|202|1,214|45|48%|0|0|284|497|79|135|0|0|188|1,536|1,354|16|02:37:24|Wahoo ELEMNT BOLT|https://www.strava.com/activities/3478576686
18.05.2020|16,43|00:37:01|80|0|210|414|26|50%|0|0|266|529|87|138|0|0|187|1,233|462|19|02:22:40|SRM PC8|https://www.strava.com/activities/3470615212
16.05.2020|204,11|06:21:22|1,007|0|267|5,906|273|64%|0|0|321|652|85|138|0|0|258|1,643|6,585|14|07:23:29|Wahoo ELEMNT BOLT|https://www.strava.com/activities/3461599668
15.05.2020|103,58|03:17:08|496|0|277|2,823|150|66%|0|0|315|641|87|135|0|0|239|1,682|3,147|13|03:42:22|Wahoo ELEMNT BOLT|https://www.strava.com/activities/3454411091
14.05.2020|47,75|01:39:36|107|0|210|1,225|45|50%|0|0|288|518|83|127|0|0|205|867|1,366|14|01:55:50|Wahoo ELEMNT BOLT|https://www.strava.com/activities/3449435187
09.05.2020|89,1|02:47:23|407|0|233|2,217|92|55%|0|0|319|565|89|170|0|0|221|1,666|2,472|26|04:20:01|SRM PC8|https://www.strava.com/activities/3424149983
08.05.2020|198,13|05:57:51|1,277|0|263|4,859|246|63%|0|0|332|814|87|114|0|0|226|1,48|5,417|23|07:00:53|SRM PC8|https://www.strava.com/activities/3419585457
07.05.2020|30,16|01:06:27|63|0|201|770|30|48%|0|0|272|479|77|118|0|0|193|1,608|858|17|02:10:17|Wahoo ELEMNT BOLT|https://www.strava.com/activities/3413357679
05.05.2020|139,27|03:45:45|439|0|0|0|0||199|2,699|370|1084|0|0|0|0|0|0|3,010||06:08:47||https://www.strava.com/activities/3402287437
02.05.2020|93,26|03:00:34|425|0|270|2,529|135|64%|0|0|310|612|83|149|0|0|233|1,251|2,820|13|03:34:22|Wahoo ELEMNT BOLT|https://www.strava.com/activities/3384537295
29.05.2020|111,21|04:01:42|1,109|0|261|3,181|161|62%|0|0|276|655|79|132|0|0|219|1,676|3,547|18|04:55:22|Wahoo ELEMNT BOLT|https://www.strava.com/activities/3530166800
27.05.2020|130,6|03:47:04|436|0|281|3,485|183|67%|0|0|345|580|86|137|0|0|256|1,597|3,886|19|04:48:42|Wahoo ELEMNT BOLT|https://www.strava.com/activities/3519682914
26.05.2020|87,03|02:54:37|291|0|217|2,252|88|52%|0|0|299|468|84|126|0|0|215|1,094|2,511|17|04:48:13|Wahoo ELEMNT BOLT|https://www.strava.com/activities/3516529812
23.05.2020|106,69|03:27:58|395|0|277|2,774|160|66%|0|0|308|590|83|177|0|0|222|1,703|3,093|17|04:09:49|Wahoo ELEMNT BOLT|https://www.strava.com/activities/3498216498
13.05.2020|138,73|04:37:37|611|0|227|3,668|142|54%|0|0|300|626|85|129|0|0|220|1,394|4,090|11|05:34:17|Wahoo ELEMNT BOLT|https://www.strava.com/activities/3444766020
12.05.2020|126,57|04:22:12|451|0|236|3,323|145|56%|0|0|290|540|84|130|0|0|211|1,517|3,705|8|05:27:13|Wahoo ELEMNT BOLT|https://www.strava.com/activities/3443025659
06.05.2020|148,33|05:00:08|580|0|225|3,886|159|54%|0|0|297|544|82|145|0|0|216|1,463|4,333|14|06:40:07|Wahoo ELEMNT BOLT|https://www.strava.com/activities/3407626368
01.05.2020|159,9|05:01:54|607|0|262|4,36|213|62%|0|0|318|619|82|170|0|0|241|1,703|4,861|13|06:46:56|Wahoo ELEMNT BOLT|https://www.strava.com/activities/3379955344
30.06.2020|174,31|05:52:04|2,89|0|287|5,548|278|68%|0|0|297|799|81|116|0|0|263|1,572|6,186|21|06:09:32|Wahoo ELEMNT BOLT|https://www.strava.com/activities/3692723521
27.06.2020|18,85|00:38:35|46|0|212|463|16|50%|0|0|293|443|89|137|0|0|200|1,255|517|29|00:39:36|Wahoo ELEMNT BOLT|https://www.strava.com/activities/3679401403
27.06.2020|131,72|04:11:08|683|0|254|3,338|160|60%|0|0|315|680|79|130|0|0|222|1,221|3,722|26|05:16:06|Wahoo ELEMNT BOLT|https://www.strava.com/activities/3678157503
26.06.2020|130,13|04:12:38|551|0|222|3,248|125|53%|0|0|309|623|84|142|0|0|214|1,231|3,622|25|05:29:28|Wahoo ELEMNT BOLT|https://www.strava.com/activities/3677374636
25.06.2020|28,08|00:57:39|71|0|211|708|25|50%|0|0|292|536|83|137|0|0|205|1,518|789|24|01:51:52|Wahoo ELEMNT BOLT|https://www.strava.com/activities/3670731310
24.06.2020|156,81|05:19:55|365|0|253|4,804|173|60%|0|0|294|515|85|137|0|0|250|1,325|5,357|22|06:59:39|Wahoo ELEMNT BOLT|https://www.strava.com/activities/3666005204
22.06.2020|28,33|01:01:47|73|0|179|657|22|43%|0|0|275|446|83|121|0|0|177|1,118|733|24|01:46:00|Wahoo ELEMNT BOLT|https://www.strava.com/activities/3653153377
20.06.2020|56,05|01:32:52|412|0|307|1,385|90|73%|0|0|362|720|84|146|0|0|249|1,371|1,544|17|03:57:22|Wahoo ELEMNT BOLT|https://www.strava.com/activities/3643263817
18.06.2020|123,24|03:55:29|635|0|252|3,121|146|60%|0|0|314|792|82|122|0|0|221|1,077|3,480|20|04:24:16|Wahoo ELEMNT BOLT|https://www.strava.com/activities/3638628940
16.06.2020|101,81|03:19:52|614|0|229|2,572|117|55%|0|0|306|810|88|128|0|0|214|1,636|2,868|26|04:13:28|SRM PC8|https://www.strava.com/activities/3623088509
14.06.2020|13,2|00:26:33|44|0|217|342|41|52%|0|0|298|482|78|127|0|0|215|1,515|381|22|02:27:16|Wahoo ELEMNT BOLT|https://www.strava.com/activities/3612419482
12.06.2020|0,05|00:00:00|0|0|289|6|36|69%|0|0|60|158|89|99|0|0|192|518|7|20|00:45:58|Wahoo ELEMNT BOLT|https://www.strava.com/activities/3603247194
10.06.2020|91,12|03:04:47|230|0|214|2,267|88|51%|0|0|296|472|82|153|0|0|205|1,296|2,528|20|03:51:06|Wahoo ELEMNT BOLT|https://www.strava.com/activities/3603246322
28.06.2020|77,83|02:39:02|208|0|226|1,711|81|54%|0|0|294|630|84|118|0|0|179|1,371|1,908|26|02:53:25|Wahoo ELEMNT BOLT|https://www.strava.com/activities/3682347035
23.06.2020|141,85|04:30:47|396|0|229|3,595|146|55%|0|0|314|529|83|130|0|0|221|1,628|4,008|22|05:55:31|Wahoo ELEMNT BOLT|https://www.strava.com/activities/3658504198
21.06.2020|201,41|06:10:32|637|0|247|5,367|228|59%|0|0|326|680|87|215|0|0|241|1,58|5,984|18|07:57:05|Wahoo ELEMNT BOLT|https://www.strava.com/activities/3649629424
17.06.2020|128,6|04:06:11|558|0|235|3,18|135|56%|0|0|313|587|83|135|0|0|215|1,672|3,545|24|04:52:27|Wahoo ELEMNT BOLT|https://www.strava.com/activities/3638632396
13.06.2020|145,22|04:31:31|749|0|252|3,893|175|60%|0|0|321|569|83|161|0|0|239|1,725|4,341|26|05:28:09|Wahoo ELEMNT BOLT|https://www.strava.com/activities/3607606191
09.06.2020|90,42|02:52:21|297|0|209|2,03|76|50%|0|0|315|569|87|135|0|0|196|1,646|2,263|18|03:52:21|Wahoo ELEMNT BOLT|https://www.strava.com/activities/3603244872
31.07.2020|101,12|03:02:25|413|0|313|2,765|183|75%|0|0|333|623|84|122|0|0|253|1,146|3,083|21|06:09:16|Wahoo ELEMNT BOLT|https://www.strava.com/activities/3844824041
29.07.2020|24,34|00:47:22|82|0|219|616|23|52%|0|0|308|414|96|129|0|0|217|775|687|22|00:52:40|Wahoo ELEMNT BOLT|https://www.strava.com/activities/3836508984
28.07.2020|93,45|02:58:18|262|0|267|2,382|131|64%|0|0|314|533|82|138|0|0|223|1,746|2,656|28|03:59:41|Wahoo ELEMNT BOLT|https://www.strava.com/activities/3827090647
23.07.2020|33,31|01:09:43|155|0|232|903|41|55%|0|0|287|511|75|115|0|0|216|1,308|1,007|21|02:27:23|Wahoo ELEMNT BOLT|https://www.strava.com/activities/3804758920
21.07.2020|137,58|04:35:23|2,79|0|317|4,114|270|75%|0|0|300|846|79|183|0|0|249|1,209|4,587|21|04:50:32|Wahoo ELEMNT BOLT|https://www.strava.com/activities/3795069484
18.07.2020|138,33|04:39:32|2,82|0|305|4,22|256|73%|0|0|297|788|78|120|0|0|252|1,542|4,705|19|04:53:21|Wahoo ELEMNT BOLT|https://www.strava.com/activities/3780007737
16.07.2020|30,79|00:57:52|206|0|250|833|34|60%|0|0|319|612|91|143|0|0|240|1,106|928|15|00:58:25|Wahoo ELEMNT BOLT|https://www.strava.com/activities/3771536457
14.07.2020|38,02|01:29:09|152|0|200|937|44|48%|0|0|256|601|77|134|0|0|175|1,102|1,045|26|03:37:19|Wahoo ELEMNT BOLT|https://www.strava.com/activities/3771085604
13.07.2020|97,38|03:08:19|275|0|296|2,572|164|70%|0|0|310|641|81|145|0|0|228|1,225|2,868|19|04:05:39|Wahoo ELEMNT BOLT|https://www.strava.com/activities/3755324244
11.07.2020|96,06|03:27:17|555|0|245|2,415|131|58%|0|0|278|630|73|115|0|0|194|1,45|2,693|16|05:59:01|Wahoo ELEMNT BOLT|https://www.strava.com/activities/3745720034
10.07.2020|36,73|01:17:13|114|0|181|684|27|43%|0|0|285|583|80|141|0|0|148|1,144|762|20|02:16:14|Wahoo ELEMNT BOLT|https://www.strava.com/activities/3745718088
09.07.2020|73,56|02:18:36|221|0|242|1,904|80|58%|0|0|318|551|80|117|0|0|229|1,603|2,123|16|02:28:11|Wahoo ELEMNT BOLT|https://www.strava.com/activities/3735516272
08.07.2020|235,13|06:36:27|636|0|281|6,093|314|67%|0|0|356|583|84|134|0|0|256|1,63|6,793|14|09:12:10|Wahoo ELEMNT BOLT|https://www.strava.com/activities/3733452596
07.07.2020|179,07|05:58:49|2,965|0|292|5,715|301|70%|0|0|299|781|80|128|0|0|265|1,066|6,372|17|06:36:01|Wahoo ELEMNT BOLT|https://www.strava.com/activities/3726810869
06.07.2020|97,36|03:07:16|426|0|276|2,621|148|66%|0|0|312|641|84|127|0|0|233|1,372|2,922|19|03:39:07|Wahoo ELEMNT BOLT|https://www.strava.com/activities/3721826541
04.07.2020|128,74|04:03:55|502|0|245|3,284|148|58%|0|0|317|648|83|126|0|0|224|1,493|3,662|22|04:51:25|Wahoo ELEMNT BOLT|https://www.strava.com/activities/3711552872
03.07.2020|149,25|04:55:06|822|0|249|3,833|179|59%|0|0|303|637|81|123|0|0|216|1,588|4,274|19|05:27:50|Wahoo ELEMNT BOLT|https://www.strava.com/activities/3710150317
02.07.2020|35,09|01:14:12|153|0|192|796|29|46%|0|0|284|533|80|181|0|0|179|1,398|887|20|01:51:44|Wahoo ELEMNT BOLT|https://www.strava.com/activities/3704365074
01.07.2020|142,04|04:29:55|345|0|237|3,679|147|56%|0|0|316|626|85|144|0|0|227|1,631|4,102|18|04:48:11|Wahoo ELEMNT BOLT|https://www.strava.com/activities/3697611541
27.07.2020|150,21|04:49:09|341|0|213|3,61|131|51%|0|0|312|626|84|113|0|0|208|660|4,026|23|05:35:59|Wahoo ELEMNT BOLT|https://www.strava.com/activities/3820705734
26.07.2020|129,58|03:22:01|516|0|325|3,228|216|77%|0|0|385|608|85|136|0|0|266|1,715|3,600|20|04:57:09|Wahoo ELEMNT BOLT|https://www.strava.com/activities/3815066657
22.07.2020|208,53|06:37:46|4,143|0|293|6,094|332|70%|0|0|315|821|78|134|0|0|255|1,608|6,795|22|06:52:53|Wahoo ELEMNT BOLT|https://www.strava.com/activities/3804760314
20.07.2020|51,26|01:34:59|321|0|170|851|26|40%|0|0|324|562|87|170|0|0|149|841|949|25|02:06:31|Wahoo ELEMNT BOLT|https://www.strava.com/activities/3789557147
19.07.2020|203,38|06:40:29|3,599|0|299|6,235|345|71%|0|0|305|968|80|135|0|0|259|1,638|6,952|23|06:55:51|Wahoo ELEMNT BOLT|https://www.strava.com/activities/3786086158
17.07.2020|139,22|04:40:07|3,236|0|0|0|0||261|4,389|298|774|0|0|0|0|0|0|4,894|13|04:52:05|Wahoo ELEMNT BOLT|https://www.strava.com/activities/3775279381
31.08.2020|205,42|05:34:20|2,192|0|273|4,452|242|65%|0|0|369|965|85|127|0|0|222|1,079|4,964|24|05:52:04|SRM PC8|https://www.strava.com/activities/3992582835
30.08.2020|198,49|05:44:37|3,554|0|301|5,423|309|72%|0|0|346|1188|86|150|0|0|262|1,066|6,047|30|05:59:19|SRM PC8|https://www.strava.com/activities/3988068750
29.08.2020|166,73|04:13:11|1,384|0|326|3,874|258|78%|0|0|395|749|88|126|0|0|255|1,263|4,319|23|04:21:55|SRM PC8|https://www.strava.com/activities/3983038212
28.08.2020|37,7|01:24:31|507|0|59|18|2|14%|0|0|268|774|52|82|0|0|4|350|20|30|01:51:13|SRM PC8|https://www.strava.com/activities/3977373295
27.08.2020|43,71|01:24:34|756|0|255|1,093|77|61%|0|0|310|965|86|220|0|0|215|927|1,218|29|02:16:54|SRM PC8|https://www.strava.com/activities/3974651180
25.08.2020|29,69|01:11:59|296|0|0|0|0||186|803|248|713|0|0|0|0|0|0|895|31|01:25:07|SRM PC8|https://www.strava.com/activities/3965344735
22.08.2020|59,93|01:57:30|309|0|267|1,567|85|64%|0|0|306|666|81|150|0|0|222|1,654|1,747|23|02:22:15|Wahoo ELEMNT BOLT|https://www.strava.com/activities/3949433962
19.08.2020|208,98|05:25:09|3,294|0|316|5,286|316|75%|0|0|386|1109|87|134|0|0|271|1,201|5,894|28|05:42:09|SRM PC8|https://www.strava.com/activities/3942515428
18.08.2020|201,8|05:13:30|3,036|0|318|4,807|308|76%|0|0|386|1116|88|125|0|0|256|1,276|5,360|25|05:31:56|SRM PC8|https://www.strava.com/activities/3931460812
17.08.2020|185,17|04:25:10|1,623|0|306|3,912|235|73%|0|0|419|868|90|126|0|0|246|1,506|4,362|25|04:40:39|SRM PC8|https://www.strava.com/activities/3929512286
16.08.2020|191,61|04:34:43|1,451|0|284|3,614|220|68%|0|0|419|803|87|133|0|0|219|1,332|4,030|29|04:53:24|SRM PC8|https://www.strava.com/activities/3929512116
15.08.2020|35,92|01:12:40|260|0|225|897|36|54%|0|0|297|562|88|135|0|0|206|1,64|1,000|30|01:39:23|SRM PC8|https://www.strava.com/activities/3929511479
14.08.2020|151,6|04:20:58|532|0|286|3,928|212|68%|0|0|349|691|89|134|0|0|251|1,337|4,380|25|04:37:06|SRM PC8|https://www.strava.com/activities/3929512136
13.08.2020|31,08|01:08:43|106|0|164|660|20|39%|0|0|271|443|78|116|0|0|160|999|736|21|01:30:01|Wahoo ELEMNT BOLT|https://www.strava.com/activities/3944516026
12.08.2020|78,43|02:38:00|389|0|224|1,997|83|53%|0|0|298|576|77|142|0|0|211|1,306|2,226|23|05:05:18|Wahoo ELEMNT BOLT|https://www.strava.com/activities/3944515543
11.08.2020|47,7|01:32:38|103|0|222|1,174|45|53%|0|0|309|468|84|123|0|0|211|1,035|1,309|24|01:36:30|Wahoo ELEMNT BOLT|https://www.strava.com/activities/3896187797
09.08.2020|195,93|04:49:10|2,296|0|302|4,117|259|72%|0|0|407|1062|85|217|0|0|237|1,429|4,590|31|05:01:02|SRM PC8|https://www.strava.com/activities/3890007673
08.08.2020|158,37|04:33:31|3,149|0|322|4,46|274|77%|0|0|347|1066|83|217|0|0|272|1,564|4,973|29|04:39:45|SRM PC8|https://www.strava.com/activities/3890007429
08.08.2020|20,97|00:48:04|328|0|231|603|33|55%|0|0|262|562|87|125|0|0|209|832|673|27|01:19:46|SRM PC8|https://www.strava.com/activities/3890006872
06.08.2020|153,81|03:31:54|900|0|263|2,788|148|63%|0|0|436|932|88|124|0|0|219|1,373|3,108|29|03:47:22|SRM PC8|https://www.strava.com/activities/3890007367
04.08.2020|34,93|01:02:36|290|0|266|775|46|63%|0|0|335|630|89|126|0|0|206|1,349|865|20|01:09:48|SRM PC8|https://www.strava.com/activities/3890007004
02.08.2020|109,09|03:07:20|338|0|301|2,999|173|72%|0|0|349|637|87|125|0|0|267|1,464|3,344|18|03:25:52|Wahoo ELEMNT BOLT|https://www.strava.com/activities/3853062394
01.08.2020|42,18|01:26:08|128|0|191|973|32|45%|0|0|294|439|84|115|0|0|188|1,088|1,085|21|02:38:05|Wahoo ELEMNT BOLT|https://www.strava.com/activities/3853063207
26.08.2020|109,07|03:33:34|1,204|0|229|2,376|113|55%|0|0|306|796|88|167|0|0|185|1,279|2,649|31|03:51:38|SRM PC8|https://www.strava.com/activities/3968834135
23.08.2020|182,65|04:20:02|2,783|0|315|4,05|252|75%|0|0|421|1148|88|139|0|0|260|1,184|4,516|23|04:49:34|SRM PC8|https://www.strava.com/activities/3956339210
21.08.2020|71,14|02:26:35|249|0|200|1,677|62|48%|0|0|291|576|78|206|0|0|191|1,668|1,870|27|04:28:41|Wahoo ELEMNT BOLT|https://www.strava.com/activities/3944507138
07.08.2020|210,6|05:35:16|3,242|0|300|5,077|296|71%|0|0|377|1181|86|137|0|0|252|1,4|5,660|32|06:09:50|SRM PC8|https://www.strava.com/activities/3890007724
05.08.2020|204,53|04:53:15|1,586|0|254|3,147|176|60%|0|0|418|925|87|129|0|0|179|1,296|3,509|26|05:10:10|SRM PC8|https://www.strava.com/activities/3890007810
30.09.2020|114,89|03:45:25|763|0|262|3,003|160|62%|0|0|306|634|77|149|0|0|222|1,26|3,348|13|04:54:31|Wahoo ELEMNT BOLT|https://www.strava.com/activities/4133362841
29.09.2020|100,02|03:02:33|359|0|245|2,448|110|58%|0|0|329|554|84|156|0|0|223|1,593|2,729|12|04:32:24|Wahoo ELEMNT BOLT|https://www.strava.com/activities/4127634323
28.09.2020|118,34|03:37:39|322|0|241|3,033|129|57%|0|0|326|533|86|134|0|0|232|1,408|3,382|14|04:59:59|Wahoo ELEMNT BOLT|https://www.strava.com/activities/4124918909
25.09.2020|50,13|01:34:27|126|0|243|1,323|54|58%|0|0|318|472|87|114|0|0|234|989|1,476|13|01:37:03|Wahoo ELEMNT BOLT|https://www.strava.com/activities/4124917762
24.09.2020|26,42|00:55:43|106|0|193|624|22|46%|0|0|285|457|84|147|0|0|187|1,416|696|19|02:36:33|Wahoo ELEMNT BOLT|https://www.strava.com/activities/4124919904
20.09.2020|131,28|03:25:08|978|0|274|2,499|151|65%|0|0|384|864|84|126|0|0|203|1,38|2,787|30|04:25:38|SRM PC8|https://www.strava.com/activities/4090521438
19.09.2020|75,89|02:18:05|1,054|0|337|1,727|177|80%|0|0|330|936|89|210|0|0|208|1,126|1,926|23|03:17:18|SRM PC8|https://www.strava.com/activities/4083285864
18.09.2020|175,52|04:09:07|2,151|0|303|3,812|223|72%|0|0|423|1210|87|140|0|0|255|1,233|4,250|33|04:19:19|SRM PC8|https://www.strava.com/activities/4078952934
12.09.2020|206,16|05:11:51|2,621|0|312|5,052|288|74%|0|0|397|1091|85|125|0|0|270|1,501|5,633|29|05:14:22|SRM PC8|https://www.strava.com/activities/4050332338
11.09.2020|215,11|06:05:20|4,438|0|333|6,391|387|79%|0|0|353|1102|83|131|0|0|292|1,116|7,126|27|06:14:28|SRM PC8|https://www.strava.com/activities/4047062074
08.09.2020|176,11|03:52:38|861|0|214|1,226|101|51%|0|0|454|835|87|121|0|0|88|1,2|1,367|31|04:28:42|SRM PC8|https://www.strava.com/activities/4031269306
06.09.2020|151,93|04:28:52|3,406|0|333|4,928|308|79%|0|0|339|1109|84|131|0|0|305|1,215|5,495|19|04:55:37|SRM PC8|https://www.strava.com/activities/4021943323
05.09.2020|147,93|04:45:27|3,606|0|321|4,776|280|76%|0|0|311|1249|82|132|0|0|279|1,027|5,325|28|04:49:34|SRM PC8|https://www.strava.com/activities/4017384625
04.09.2020|177,32|04:01:35|2,242|0|334|4,191|258|80%|0|0|440|1238|88|140|0|0|289|1,111|4,673|33|04:07:55|SRM PC8|https://www.strava.com/activities/4011732987
01.09.2020|168,86|04:51:46|3,184|0|309|4,585|267|74%|0|0|347|1058|88|130|0|0|262|1,212|5,112|24|05:08:32|SRM PC8|https://www.strava.com/activities/3997154899
17.09.2020|177,28|05:15:40|4,377|0|347|5,917|360|83%|0|0|337|1228|81|129|0|0|312|950|6,597|26|05:15:40|SRM PC8|https://www.strava.com/activities/4075012731
16.09.2020|186,53|05:53:41|4,242|0|324|5,842|354|77%|0|0|316|1069|81|134|0|0|275|1,091|6,514|28|06:03:46|SRM PC8|https://www.strava.com/activities/4070054673
15.09.2020|180,32|05:21:07|3,609|0|334|5,71|360|80%|0|0|337|1580|84|198|0|0|296|1,301|6,367|30|06:15:12|SRM PC8|https://www.strava.com/activities/4065210122
14.09.2020|33,77|01:14:02|562|0|242|921|43|58%|0|0|274|803|90|173|0|0|207|1,439|1,027|28|01:18:32|SRM PC8|https://www.strava.com/activities/4058935453
13.09.2020|205,33|05:49:42|3,641|0|313|5,66|339|75%|0|0|352|1325|80|121|0|0|270|1,303|6,311|30|06:09:37|SRM PC8|https://www.strava.com/activities/4057481545
10.09.2020|228,34|05:48:54|3,629|0|293|5,1|288|70%|0|0|393|1253|85|133|0|0|244|1,076|5,687|30|06:00:15|SRM PC8|https://www.strava.com/activities/4040019354
09.09.2020|190,1|04:57:38|1,285|0|256|3,393|193|61%|0|0|383|1156|86|120|0|0|190|1,275|3,783|33|05:23:22|SRM PC8|https://www.strava.com/activities/4038170573
07.09.2020|37,47|01:20:26|178|0|18|3|0|4%|0|0|280|482|51|78|0|0|1|256|3|24|02:14:17|SRM PC8|https://www.strava.com/activities/4031267550
03.09.2020|194,94|05:11:00|3,132|0|307|5,011|285|73%|0|0|376|1055|85|138|0|0|269|1,256|5,587|31|05:24:06|SRM PC8|https://www.strava.com/activities/4006777243
02.09.2020|188,1|04:37:21|1,48|0|268|3,246|192|64%|0|0|407|853|85|133|0|0|195|1,205|3,620|30|05:39:11|SRM PC8|https://www.strava.com/activities/4002761753
23.10.2020|31,61|01:11:32|182|0|0|0|0||162|697|265|583|0|0|0|0|0|0|778|18|01:27:15|SRM PC8|https://www.strava.com/activities/4232721412
21.10.2020|194,88|04:13:07|573|0|379|5,384|347|90%|0|0|462|814|93|127|0|0|355|1,406|6,003|19|04:16:37|SRM PC8|https://www.strava.com/activities/4225813290
20.10.2020|34,13|01:04:59|103|0|235|879|37|56%|0|0|315|608|99|166|0|0|226|1|981|15|02:05:40|SRM PC8|https://www.strava.com/activities/4219992753
19.10.2020|42,5|01:26:40|227|0|212|1,073|40|50%|0|0|294|472|94|134|0|0|206|1,257|1,196|15|01:55:24|SRM PC8|https://www.strava.com/activities/4215561852
18.10.2020|244,38|06:12:08|2,187|0|326|6,099|386|78%|0|0|394|979|89|141|0|0|273|1,371|6,800|14|06:35:39|SRM PC8|https://www.strava.com/activities/4212208777
17.10.2020|46,32|01:29:33|249|0|206|979|37|49%|0|0|310|522|93|199|0|0|182|1,524|1,091|12|02:15:38|SRM PC8|https://www.strava.com/activities/4206190931
07.10.2020|40,4|01:24:00|122|0|196|959|35|47%|0|0|289|612|85|149|0|0|190|1,244|1,069|13|02:07:50|Wahoo ELEMNT BOLT|https://www.strava.com/activities/4162511813
06.10.2020|150,57|04:58:37|573|0|263|3,947|207|63%|0|0|303|666|80|127|0|0|220|1,582|4,401|12|05:49:30|Wahoo ELEMNT BOLT|https://www.strava.com/activities/4158450854
05.10.2020|76,69|02:24:12|450|0|306|2,148|139|73%|0|0|319|536|76|132|0|0|248|897|2,395|11|02:42:38|Wahoo ELEMNT BOLT|https://www.strava.com/activities/4154449880
02.10.2020|128,14|03:57:16|475|0|301|3,539|210|72%|0|0|324|630|83|138|0|0|249|1,437|3,946|13|04:35:31|Wahoo ELEMNT BOLT|https://www.strava.com/activities/4141121907
01.10.2020|26,06|00:56:09|83|0|205|660|23|49%|0|0|279|432|76|129|0|0|196|1,442|736|13|02:04:48|Wahoo ELEMNT BOLT|https://www.strava.com/activities/4141120517
24.10.2020|99,74|03:31:57|354|0|0|0|0||147|1,87|282|695|0|0|0|0|0|0|2,085|14|03:44:27|Wahoo ELEMNT BOLT|https://www.strava.com/activities/4249374569
16.10.2020|103,3|03:01:38|1,341|0|306|2,776|172|73%|0|0|341|958|88|153|0|0|255|1,168|3,095|13|03:19:06|SRM PC8|https://www.strava.com/activities/4202138322
15.10.2020|80,25|02:29:02|451|0|229|1,916|76|55%|0|0|323|677|92|138|0|0|214|1,372|2,136|13|03:15:57|SRM PC8|https://www.strava.com/activities/4197808038
14.10.2020|179,74|03:46:17|326|0|296|3,57|194|70%|0|0|477|878|90|135|0|0|263|1,336|3,980|15|04:02:50|SRM PC8|https://www.strava.com/activities/4197808491
12.10.2020|55,93|01:52:00|184|0|185|1,122|38|44%|0|0|300|544|90|133|0|0|167|1,484|1,251|16|02:38:27|SRM PC8|https://www.strava.com/activities/4188658314
11.10.2020|225,16|05:30:31|999|0|314|5,29|319|75%|0|0|409|1008|90|131|0|0|267|1,359|5,898|14|05:53:59|SRM PC8|https://www.strava.com/activities/4181630126
10.10.2020|44,92|01:23:38|277|0|244|1,073|51|58%|0|0|322|562|86|132|0|0|214|1,524|1,196|15|01:58:55|SRM PC8|https://www.strava.com/activities/4175937295
09.10.2020|93,29|02:43:25|766|0|268|2,167|114|64%|0|0|343|785|88|129|0|0|221|1,281|2,416|16|02:51:42|SRM PC8|https://www.strava.com/activities/4175937954
08.10.2020|86,46|02:40:43|428|0|288|2,27|131|69%|0|0|323|536|83|137|0|0|235|1,29|2,531|11|03:08:09|Wahoo ELEMNT BOLT|https://www.strava.com/activities/4166911618
03.10.2020|197,84|06:00:55|961|0|254|4,964|233|60%|0|0|329|601|87|121|0|0|229|1,576|5,535|20|07:25:48|SRM PC8|https://www.strava.com/activities/4146334779
30.11.2020|30,63|00:57:36|346|0|259|702|36|62%|0|0|319|637|92|144|0|0|203|636|671||00:57:36|Tacx|https://www.strava.com/activities/4412422521
30.11.2020|10,42|00:18:25|42|0|281|252|13|67%|0|0|340|457|95|111|0|0|228|417|241||00:18:25|Tacx|https://www.strava.com/activities/4411463147
30.11.2020|9,06|00:29:23|445|0|309|516|26|74%|0|0|185|324|69|111|0|0|292|395|493||00:29:23|Tacx|https://www.strava.com/activities/4411385111
30.11.2020|18,12|00:32:28|38|0|247|432|18|59%|0|0|335|461|95|120|0|0|222|579|413||00:32:28|Tacx|https://www.strava.com/activities/4411280219
29.11.2020|52,51|01:40:16|685|0|257|1,37|64|61%|0|0|314|734|94|153|0|0|228|971|1,527||01:43:09|Zwift|https://www.strava.com/activities/4405957369
28.11.2020|53,05|01:36:03|424|0|259|1,42|61|62%|0|0|331|594|96|151|0|0|246|626|1,357||01:36:03|Tacx|https://www.strava.com/activities/4403007365
26.11.2020|61,41|01:49:50|407|0|244|1,517|61|58%|0|0|335|706|92|144|0|0|230|884|1,451||01:49:50|Tacx|https://www.strava.com/activities/4403014296
25.11.2020|13,23|00:25:58|250|0|258|378|16|61%|0|0|306|688|88|129|0|0|243|429|362||00:25:58|Tacx|https://www.strava.com/activities/4403080180
19.11.2020|24,92|00:59:33|58|0|171|600|19|41%|0|0|251|418|78|117|0|0|168|755|669|12|01:09:10|Wahoo ELEMNT BOLT|https://www.strava.com/activities/4431249168
18.11.2020|103,79|03:30:40|452|0|220|2,675|102|52%|0|0|296|490|85|141|0|0|212|1,685|2,983|10|03:54:26|Wahoo ELEMNT BOLT|https://www.strava.com/activities/4358842716
17.11.2020|89,69|02:56:34|483|0|229|2,352|95|55%|0|0|305|662|86|154|0|0|222|1,489|2,623|9|03:34:05|Wahoo ELEMNT BOLT|https://www.strava.com/activities/4350170473
16.11.2020|61,71|02:07:36|200|0|214|1,572|60|51%|0|0|290|454|83|164|0|0|205|1,126|1,753|9|02:23:05|Wahoo ELEMNT BOLT|https://www.strava.com/activities/4350168934
30.12.2020|94,91|03:14:30|333|0|217|2,429|92|50%|0|0|293|500|82|132|134|161|208|1,471|2,424|3|04:34:57|Wahoo ELEMNT BOLT|https://www.strava.com/activities/4554771175
30.12.2020|26,11|00:51:43|110|0|262|733|32|61%|0|0|303|486|96|149|0|0|236|612|701||00:51:43|Tacx|https://www.strava.com/activities/4537590313
29.12.2020|123,87|04:01:01|253|0|254|3,348|149|59%|0|0|308|522|89|122|141|178|232|1,22|3,338|0|04:31:50|Wahoo ELEMNT BOLT|https://www.strava.com/activities/4533793992
28.12.2020|86,02|02:53:41|140|0|208|2,14|71|48%|0|0|297|547|88|129|131|158|205|1,324|2,125|3|03:10:55|Wahoo ELEMNT BOLT|https://www.strava.com/activities/4533795608
26.12.2020|102,61|03:04:29|903|0|289|2,908|139|67%|0|0|334|680|86|116|0|0|263|1,345|3,243|0|03:06:21|Wahoo ELEMNT BOLT|https://www.strava.com/activities/4520809501
24.12.2020|58,36|01:54:13|728|0|298|1,822|102|71%|0|0|307|724|85|185|0|0|266|1,169|2,031|9|02:04:56|Wahoo ELEMNT BOLT|https://www.strava.com/activities/4512423507
23.12.2020|67,6|02:10:33|221|0|258|1,89|87|61%|0|0|311|529|87|133|0|0|241|1,621|2,107|5|02:41:01|Wahoo ELEMNT BOLT|https://www.strava.com/activities/4511148125
22.12.2020|62,1|02:56:21|442|0|0|0|0||113|1,199|211|544|0|0|0|0|0|0|1,337|20|04:05:43|Wahoo ELEMNT BOLT|https://www.strava.com/activities/4504683267
21.12.2020|22,72|01:04:22|135|0|0|0|0||105|404|212|522|0|0|0|0|0|0|451|14|02:10:17|Wahoo ELEMNT BOLT|https://www.strava.com/activities/4499789920
15.12.2020|147,42|04:58:02|2,114|0|273|4,484|229|65%|0|0|297|850|81|196|0|0|251|1,56|4,999|20|06:01:21|Wahoo ELEMNT BOLT|https://www.strava.com/activities/4477117015
12.12.2020|70,3|02:29:14|215|0|0|0|0||139|1,241|283|457|0|0|0|0|0|0|1,384|0|02:42:34|Wahoo ELEMNT BOLT|https://www.strava.com/activities/4462066407
11.12.2020|46,96|01:53:14|185|0|0|0|0||123|833|249|508|0|0|0|0|0|0|929|2|06:40:45|Wahoo ELEMNT BOLT|https://www.strava.com/activities/4458575621
08.12.2020|115,07|03:42:22|636|0|252|2,994|148|60%|0|0|310|655|84|117|0|0|224|1,441|3,338|7|04:36:40|SRM PC8|https://www.strava.com/activities/4445860811
07.12.2020|133,53|04:04:02|330|0|270|3,738|171|64%|0|0|328|565|85|136|0|0|255|1,576|4,167|5|04:10:47|Wahoo ELEMNT BOLT|https://www.strava.com/activities/4441659620
05.12.2020|47,62|01:41:27|239|0|235|1,401|64|56%|0|0|282|598|81|118|0|0|230|831|1,562|5|02:12:59|Wahoo ELEMNT BOLT|https://www.strava.com/activities/4431926385
04.12.2020|78,29|02:30:22|472|0|262|2,237|105|62%|0|0|312|522|83|186|0|0|248|1,303|2,494|1|02:45:38|Wahoo ELEMNT BOLT|https://www.strava.com/activities/4431249881
03.12.2020|35,44|01:04:45|328|0|272|952|45|65%|0|0|328|738|93|137|0|0|245|645|911||01:04:45|Tacx|https://www.strava.com/activities/4423603131
02.12.2020|21,04|01:06:16|916|0|287|1,059|51|68%|0|0|191|677|87|129|0|0|266|631|1,013||01:06:16|Tacx|https://www.strava.com/activities/4419849512
19.12.2020|202,05|06:47:37|3,072|0|269|6,109|286|64%|0|0|297|904|82|135|0|0|250|1,632|6,812|18|08:07:29|Wahoo ELEMNT BOLT|https://www.strava.com/activities/4492269707
18.12.2020|142,05|04:45:38|1,866|0|275|4,175|214|65%|0|0|298|832|81|122|0|0|244|1,005|4,655|19|05:30:03|Wahoo ELEMNT BOLT|https://www.strava.com/activities/4487220191
17.12.2020|114,1|04:09:45|1,715|0|265|3,463|172|63%|0|0|274|846|75|133|0|0|231|1,695|3,862|19|04:56:19|Wahoo ELEMNT BOLT|https://www.strava.com/activities/4483442887
16.12.2020|31,82|01:15:56|378|0|185|791|28|44%|0|0|251|824|89|186|0|0|174|834|882|24|02:15:47|SRM PC8|https://www.strava.com/activities/4479330776
14.12.2020|120,44|04:03:36|1,524|0|259|3,486|159|62%|0|0|297|932|83|186|0|0|238|1,221|3,886|20|04:29:59|Wahoo ELEMNT BOLT|https://www.strava.com/activities/4471359958
13.12.2020|54,66|02:00:59|825|0|229|1,577|64|55%|0|0|271|835|83|129|0|0|217|1,552|1,758|17|02:23:03|Wahoo ELEMNT BOLT|https://www.strava.com/activities/4470453350
10.12.2020|79,04|03:35:58|815|0|0|0|0||126|1,639|220|454|0|0|0|0|0|0|1,827|0|04:32:48|Wahoo ELEMNT BOLT|https://www.strava.com/activities/4454233193
loaded urls in 1.22:09:10.6306450
