date|distance|mov_time|elevation|relativeEffort|avg_power_weig|work_total|training_load|intensity|estAvgPower|energyOutput|avg_speed|max_speed|avg_cadence|max_cadence|avg_heartRate|max_heartRate|avg_power|max_power|avg_calories|avg_temperature|avg_elap_time|bicycle_model|url
1/31/2019|32.25|01:00:13|451|0|275|880|49|70%|0|0|32.1|78.1|91|118|0|0|244|597|842||01:00:13|Zwift|https://www.strava.com/activities/2115352687
1/30/2019|44.04|01:30:53|1010|0|245|1269|58|62%|0|0|29.1|67|96|123|0|0|233|696|1,212||01:30:53|Zwift|https://www.strava.com/activities/2113055194
1/27/2019|45.03|01:59:11|146|0|0|0|0||118|846|22.7|43.2|0|0|159|199|0|0|943|6|02:16:00|SRM PC8|https://www.strava.com/activities/2107102716
1/26/2019|114.13|03:02:54|518|0|263|2644|143|67%|0|0|37.4|59|93|118|149|187|241|1274|2,948|8|03:36:47|SRM PC8|https://www.strava.com/activities/2104411063
1/23/2019|0|01:00:03|8|0|157|562|15|40%|0|0|0|0|91|100|125|148|156|256|626|24|01:00:03|SRM PC8|https://www.strava.com/activities/2097719191
1/22/2019|45.79|01:57:09|332|0|0|0|0||87|611|23.5|43.2|0|0|149|174|0|0|681|0|02:23:43|SRM PC8|https://www.strava.com/activities/2096081206
1/22/2019|0|01:05:03|25|0|251|820|44|64%|0|0|0|0|80|102|155|180|210|351|914|23|01:05:03|SRM PC8|https://www.strava.com/activities/2096080465
1/19/2019|32.4|01:06:48|128|0|205|804|31|52%|0|0|29.1|41.8|93|110|0|0|201|586|897|5|01:43:12|SRM PC8|https://www.strava.com/activities/2089993082
1/7/2019|34.57|01:15:24|214|0|192|807|31|49%|0|0|27.5|42.5|84|103|0|0|178|580|900|6|01:54:37|SRM PC8|https://www.strava.com/activities/2067371463
1/2/2019|39.88|01:22:32|210|0|201|967|41|51%|0|0|29|49|86|112|0|0|195|682|1,078|7|02:11:22|SRM PC8|https://www.strava.com/activities/2053262653
1/31/2019|77.85|03:07:52|494|0|225|2433|108|57%|0|0|24.9|50.4|83|166|126|175|216|904|2,713|0|03:19:02|SRM PC8|https://www.strava.com/activities/2115391064
1/29/2019|65.57|02:08:03|286|0|218|1582|68|55%|0|0|30.7|47.5|88|110|0|0|206|718|1,764|5|02:14:55|SRM PC8|https://www.strava.com/activities/2111867447
1/24/2019|106.22|04:00:34|349|0|233|3258|147|59%|0|0|26.5|45.4|83|178|134|203|226|886|3,632|0|04:18:09|SRM PC8|https://www.strava.com/activities/2100269814
1/23/2019|92.63|04:01:40|525|0|0|0|0||84|1216|23|42.5|0|0|136|235|0|0|1,355|0|04:21:30|SRM PC8|https://www.strava.com/activities/2098339216
1/21/2019|120.65|04:06:06|438|0|213|3051|123|54%|0|0|29.4|43.2|89|114|136|176|207|1233|3,402|3|04:13:17|SRM PC8|https://www.strava.com/activities/2094026663
1/17/2019|114.82|03:29:08|1289|0|231|2297|129|59%|0|0|32.9|67.7|78|126|121|174|183|880|2,561|15|03:47:49|SRM PC8|https://www.strava.com/activities/2084728634
1/16/2019|179.58|06:01:18|3051|0|153|2758|95|39%|0|0|29.8|79.9|79|127|127|178|127|524|3,075|16|06:23:36|SRM PC8|https://www.strava.com/activities/2083542392
1/15/2019|51.58|01:26:40|769|0|0|0|0||234|1217|35.7|78.5|0|0|143|229|0|0|1,357|17|01:44:47|SRM PC8|https://www.strava.com/activities/2080504735
1/15/2019|71.25|02:33:30|1555|0|258|1778|114|66%|0|0|27.9|61.9|78|116|139|187|193|871|1,982|15|02:39:11|SRM PC8|https://www.strava.com/activities/2080109195
1/14/2019|28.67|01:02:47|140|0|164|558|20|42%|0|0|27.4|56.2|80|113|0|0|148|645|622|18|02:31:44|SRM PC8|https://www.strava.com/activities/2080107458
1/13/2019|159.26|04:58:00|2112|0|247|3510|209|63%|0|0|32.1|74.9|81|135|130|190|196|1385|3,913|15|05:25:18|SRM PC8|https://www.strava.com/activities/2076350195
1/12/2019|137.43|04:30:15|2300|0|264|3176|215|67%|0|0|30.5|77|79|118|128|190|196|984|3,541|14|05:03:41|SRM PC8|https://www.strava.com/activities/2073442795
1/11/2019|123.04|03:52:08|1825|0|262|2832|178|67%|0|0|31.8|83.5|79|132|133|189|203|1370|3,157|13|04:01:14|SRM PC8|https://www.strava.com/activities/2071185031
1/9/2019|62.73|02:10:40|346|0|202|1441|59|51%|0|0|28.8|51.1|85|175|0|0|184|733|1,606|7|02:15:50|SRM PC8|https://www.strava.com/activities/2067371677
1/6/2019|82.82|03:30:48|279|0|0|0|0||96|1216|23.6|43.2|0|0|157|199|0|0|1,356|5|04:11:58|SRM PC8|https://www.strava.com/activities/2059685188
1/5/2019|127.3|04:10:39|440|0|231|3216|156|59%|0|0|30.5|50.4|86|109|133|230|214|975|3,586|7|04:51:33|SRM PC8|https://www.strava.com/activities/2057302617
1/4/2019|42.87|01:31:21|186|0|197|1047|40|50%|0|0|28.2|38.9|85|104|0|0|191|762|1,168|6|02:15:58|SRM PC8|https://www.strava.com/activities/2055706791
1/3/2019|158.16|05:01:11|442|0|210|3615|149|53%|0|0|31.5|43.9|87|115|127|211|200|928|4,031|6|05:42:07|SRM PC8|https://www.strava.com/activities/2053264194
1/31/2019|32.25|01:00:13|451|0|275|880|49|70%|0|0|32.1|78.1|91|118|0|0|244|597|842||01:00:13|Zwift|https://www.strava.com/activities/2115352687
1/30/2019|44.04|01:30:53|1010|0|245|1269|58|62%|0|0|29.1|67|96|123|0|0|233|696|1,212||01:30:53|Zwift|https://www.strava.com/activities/2113055194
1/27/2019|45.03|01:59:11|146|0|0|0|0||118|846|22.7|43.2|0|0|159|199|0|0|943|6|02:16:00|SRM PC8|https://www.strava.com/activities/2107102716
1/26/2019|114.13|03:02:54|518|0|263|2644|143|67%|0|0|37.4|59|93|118|149|187|241|1274|2,948|8|03:36:47|SRM PC8|https://www.strava.com/activities/2104411063
1/23/2019|0|01:00:03|8|0|157|562|15|40%|0|0|0|0|91|100|125|148|156|256|626|24|01:00:03|SRM PC8|https://www.strava.com/activities/2097719191
1/22/2019|45.79|01:57:09|332|0|0|0|0||87|611|23.5|43.2|0|0|149|174|0|0|681|0|02:23:43|SRM PC8|https://www.strava.com/activities/2096081206
1/22/2019|0|01:05:03|25|0|251|820|44|64%|0|0|0|0|80|102|155|180|210|351|914|23|01:05:03|SRM PC8|https://www.strava.com/activities/2096080465
1/19/2019|32.4|01:06:48|128|0|205|804|31|52%|0|0|29.1|41.8|93|110|0|0|201|586|897|5|01:43:12|SRM PC8|https://www.strava.com/activities/2089993082
1/7/2019|34.57|01:15:24|214|0|192|807|31|49%|0|0|27.5|42.5|84|103|0|0|178|580|900|6|01:54:37|SRM PC8|https://www.strava.com/activities/2067371463
1/2/2019|39.88|01:22:32|210|0|201|967|41|51%|0|0|29|49|86|112|0|0|195|682|1,078|7|02:11:22|SRM PC8|https://www.strava.com/activities/2053262653
1/31/2019|77.85|03:07:52|494|0|225|2433|108|57%|0|0|24.9|50.4|83|166|126|175|216|904|2,713|0|03:19:02|SRM PC8|https://www.strava.com/activities/2115391064
1/29/2019|65.57|02:08:03|286|0|218|1582|68|55%|0|0|30.7|47.5|88|110|0|0|206|718|1,764|5|02:14:55|SRM PC8|https://www.strava.com/activities/2111867447
1/24/2019|106.22|04:00:34|349|0|233|3258|147|59%|0|0|26.5|45.4|83|178|134|203|226|886|3,632|0|04:18:09|SRM PC8|https://www.strava.com/activities/2100269814
1/23/2019|92.63|04:01:40|525|0|0|0|0||84|1216|23|42.5|0|0|136|235|0|0|1,355|0|04:21:30|SRM PC8|https://www.strava.com/activities/2098339216
1/21/2019|120.65|04:06:06|438|0|213|3051|123|54%|0|0|29.4|43.2|89|114|136|176|207|1233|3,402|3|04:13:17|SRM PC8|https://www.strava.com/activities/2094026663
1/17/2019|114.82|03:29:08|1289|0|231|2297|129|59%|0|0|32.9|67.7|78|126|121|174|183|880|2,561|15|03:47:49|SRM PC8|https://www.strava.com/activities/2084728634
1/16/2019|179.58|06:01:18|3051|0|153|2758|95|39%|0|0|29.8|79.9|79|127|127|178|127|524|3,075|16|06:23:36|SRM PC8|https://www.strava.com/activities/2083542392
1/15/2019|51.58|01:26:40|769|0|0|0|0||234|1217|35.7|78.5|0|0|143|229|0|0|1,357|17|01:44:47|SRM PC8|https://www.strava.com/activities/2080504735
1/15/2019|71.25|02:33:30|1555|0|258|1778|114|66%|0|0|27.9|61.9|78|116|139|187|193|871|1,982|15|02:39:11|SRM PC8|https://www.strava.com/activities/2080109195
1/14/2019|28.67|01:02:47|140|0|164|558|20|42%|0|0|27.4|56.2|80|113|0|0|148|645|622|18|02:31:44|SRM PC8|https://www.strava.com/activities/2080107458
1/13/2019|159.26|04:58:00|2112|0|247|3510|209|63%|0|0|32.1|74.9|81|135|130|190|196|1385|3,913|15|05:25:18|SRM PC8|https://www.strava.com/activities/2076350195
1/12/2019|137.43|04:30:15|2300|0|264|3176|215|67%|0|0|30.5|77|79|118|128|190|196|984|3,541|14|05:03:41|SRM PC8|https://www.strava.com/activities/2073442795
1/11/2019|123.04|03:52:08|1825|0|262|2832|178|67%|0|0|31.8|83.5|79|132|133|189|203|1370|3,157|13|04:01:14|SRM PC8|https://www.strava.com/activities/2071185031
1/9/2019|62.73|02:10:40|346|0|202|1441|59|51%|0|0|28.8|51.1|85|175|0|0|184|733|1,606|7|02:15:50|SRM PC8|https://www.strava.com/activities/2067371677
1/6/2019|82.82|03:30:48|279|0|0|0|0||96|1216|23.6|43.2|0|0|157|199|0|0|1,356|5|04:11:58|SRM PC8|https://www.strava.com/activities/2059685188
1/5/2019|127.3|04:10:39|440|0|231|3216|156|59%|0|0|30.5|50.4|86|109|133|230|214|975|3,586|7|04:51:33|SRM PC8|https://www.strava.com/activities/2057302617
1/4/2019|42.87|01:31:21|186|0|197|1047|40|50%|0|0|28.2|38.9|85|104|0|0|191|762|1,168|6|02:15:58|SRM PC8|https://www.strava.com/activities/2055706791
1/3/2019|158.16|05:01:11|442|0|210|3615|149|53%|0|0|31.5|43.9|87|115|127|211|200|928|4,031|6|05:42:07|SRM PC8|https://www.strava.com/activities/2053264194
3/31/2019|171.91|04:09:28|462|0|267|3433|197|68%|0|0|41.3|76.3|83|123|134|222|229|1105|3,827|16|04:19:31|SRM PC8|https://www.strava.com/activities/2256098946
3/30/2019|21.71|00:45:46|160|0|181|431|16|46%|0|0|28.5|45.4|83|100|0|0|157|508|480|17|00:47:41|SRM PC8|https://www.strava.com/activities/2256098631
3/29/2019|203.3|04:48:56|2024|0|304|4562|287|77%|0|0|42.2|85|84|130|152|193|263|1191|5,086|20|04:50:05|SRM PC8|https://www.strava.com/activities/2256098983
3/28/2019|18.51|00:38:59|74|0|175|415|15|45%|0|0|28.5|49|89|158|0|0|177|546|463|14|00:47:04|SRM PC8|https://www.strava.com/activities/2256098625
3/27/2019|206.81|04:42:13|776|0|259|3268|206|66%|0|0|44|83.5|82|148|141|209|193|1224|3,644|14|04:45:13|SRM PC8|https://www.strava.com/activities/2245381540
3/26/2019|47.69|01:31:34|122|0|224|1197|53|57%|0|0|31.2|50.4|90|112|0|0|218|948|1,334|11|02:17:22|SRM PC8|https://www.strava.com/activities/2245381201
3/25/2019|25.78|00:51:55|82|0|198|608|23|50%|0|0|29.8|43.9|90|110|0|0|195|596|678|11|00:57:35|SRM PC8|https://www.strava.com/activities/2245381137
3/23/2019|295.04|07:08:33|1903|0|252|5404|298|64%|0|0|41.3|82.1|83|130|127|185|210|1212|6,025|22|07:16:37|SRM PC8|https://www.strava.com/activities/2238397121
3/22/2019|46.47|01:29:32|189|0|172|753|29|44%|0|0|31.1|69.8|79|124|0|0|140|835|840|19|01:32:15|SRM PC8|https://www.strava.com/activities/2238395982
3/21/2019|45.05|01:33:50|136|0|0|0|0||155|872|28.8|41|0|0|0|0|0|0|972|15|01:35:44|SRM PC8|https://www.strava.com/activities/2238396018
3/20/2019|34.33|01:22:27|313|0|179|754|30|46%|0|0|25|62.6|79|117|0|0|152|742|840|15|01:27:47|SRM PC8|https://www.strava.com/activities/2238430580
3/19/2019|10.03|00:12:29|10|0|0|0|0||498|373|48.2|56.9|0|0|168|201|0|0|416|14|00:12:29|SRM PC8|https://www.strava.com/activities/2225137690
3/19/2019|14.25|00:28:14|20|0|0|0|0||188|319|30.3|50.4|0|0|0|0|0|0|355|13|00:31:07|SRM PC8|https://www.strava.com/activities/2225137721
3/18/2019|194.38|04:40:04|2364|0|277|4002|232|70%|0|0|41.6|85|82|126|131|190|238|1261|4,462|15|04:42:07|SRM PC8|https://www.strava.com/activities/2225138114
3/17/2019|176.58|05:03:18|3033|0|276|4092|251|70%|0|0|34.9|82.1|76|128|126|174|225|1134|4,562|20|05:06:51|SRM PC8|https://www.strava.com/activities/2225138075
3/16/2019|199.85|05:04:58|2878|0|270|4214|246|69%|0|0|39.3|79.9|82|128|131|174|230|1058|4,699|21|05:13:18|SRM PC8|https://www.strava.com/activities/2225138307
3/15/2019|224.84|05:33:20|2876|0|268|4483|260|68%|0|0|40.5|94.3|84|130|135|194|224|1242|4,998|22|05:37:01|SRM PC8|https://www.strava.com/activities/2225138145
3/14/2019|195.21|04:55:27|2181|0|269|4155|230|68%|0|0|39.6|85|83|127|135|179|234|1191|4,633|19|04:56:58|SRM PC8|https://www.strava.com/activities/2225137925
3/13/2019|21.33|00:24:10|48|0|0|0|0||631|916|53|61.9|0|0|177|188|0|0|1,021|12|00:24:10|SRM PC8|https://www.strava.com/activities/2225137356
3/12/2019|31.18|01:03:15|18|0|163|538|19|41%|0|0|29.6|51.8|81|102|105|163|142|947|600|18|01:09:31|SRM PC8|https://www.strava.com/activities/2225137474
3/11/2019|20.81|00:41:09|60|0|159|352|11|40%|0|0|30.3|41.8|78|100|0|0|143|591|393|20|00:41:34|SRM PC8|https://www.strava.com/activities/2225137304
3/11/2019|59.83|01:37:28|176|0|0|0|0||318|1861|36.8|64.8|0|0|0|0|0|0|2,075|19|01:53:55|SRM PC8|https://www.strava.com/activities/2225137385
3/9/2019|106.56|02:43:38|334|0|238|2193|109|61%|0|0|39.1|67|92|169|0|0|223|925|2,445|12|03:06:48|SRM PC8|https://www.strava.com/activities/2201410730
3/8/2019|87.55|02:57:40|308|0|210|2068|89|53%|0|0|29.6|54|90|127|0|0|194|1327|2,306|11|03:11:17|SRM PC8|https://www.strava.com/activities/2199975372
3/7/2019|22.54|00:46:40|164|0|200|528|20|51%|0|0|29|49.7|87|114|0|0|189|1022|589|13|00:47:31|SRM PC8|https://www.strava.com/activities/2196845685
3/6/2019|26.06|00:57:45|138|0|179|583|21|46%|0|0|27.1|41.8|87|104|0|0|168|605|651|13|01:54:52|SRM PC8|https://www.strava.com/activities/2196845714
3/4/2019|15.52|00:29:59|96|0|160|279|8|41%|0|0|31.1|66.2|93|107|0|0|155|284|268||00:31:24|Zwift|https://www.strava.com/activities/2190315293
3/3/2019|200.85|04:45:32|1607|0|274|3341|233|70%|0|0|42.2|82.1|86|124|0|0|195|1181|3,725|13|04:46:45|SRM PC8|https://www.strava.com/activities/2191218299
3/2/2019|159.29|03:59:27|1709|0|306|3613|245|78%|0|0|39.9|80.6|86|121|144|191|251|1181|4,028|11|04:02:52|SRM PC8|https://www.strava.com/activities/2191218379
3/1/2019|33.24|01:07:06|285|0|208|714|33|53%|0|0|29.7|50.4|83|150|117|173|177|1292|796|9|01:10:48|SRM PC8|https://www.strava.com/activities/2191217651
4/28/2019|56.62|02:03:48|308|0|24|4|0|6%|0|0|27.4|56.2|74|87|151|210|1|327|5|11|02:13:38|SRM PC8|https://www.strava.com/activities/2325254641
4/22/2019|137.96|04:22:03|924|0|219|3337|151|56%|0|0|31.6|60.5|86|112|132|231|212|808|3,721|25|04:55:51|SRM PC8|https://www.strava.com/activities/2310078948
4/20/2019|43.39|01:27:47|112|0|197|967|39|50%|0|0|29.7|51.8|84|117|0|0|184|974|1,078|22|02:34:21|SRM PC8|https://www.strava.com/activities/2307645059
4/9/2019|11.9|00:26:55|212|0|193|280|10|49%|0|0|26.5|81.4|90|112|0|0|173|562|268||00:26:55|Zwift|https://www.strava.com/activities/2276488373
4/6/2019|30.09|00:57:52|84|0|217|722|29|55%|0|0|31.2|45.4|89|103|0|0|208|555|805|14|00:58:47|SRM PC8|https://www.strava.com/activities/2274368493
4/5/2019|43.77|01:29:27|126|0|189|929|36|48%|0|0|29.4|49|81|203|0|0|173|1080|1,036|14|02:16:38|SRM PC8|https://www.strava.com/activities/2267374468
4/4/2019|26.4|00:57:08|118|0|175|576|20|45%|0|0|27.7|43.9|80|102|0|0|168|539|643|9|01:44:50|SRM PC8|https://www.strava.com/activities/2267374420
4/2/2019|31.26|01:05:01|126|0|189|669|27|48%|0|0|28.8|43.2|83|104|0|0|172|702|746|12|01:58:44|SRM PC8|https://www.strava.com/activities/2259428189
4/1/2019|53.43|01:51:06|94|0|175|1125|39|45%|0|0|28.9|41.8|84|104|0|0|169|789|1,254|13|03:08:41|SRM PC8|https://www.strava.com/activities/2259428290
4/30/2019|29.53|01:06:15|470|0|226|706|39|58%|0|0|26.8|69.8|73|118|0|0|178|1350|788|21|01:11:10|SRM PC8|https://www.strava.com/activities/2334637866
4/29/2019|49.84|01:37:17|108|0|207|1193|48|53%|0|0|30.7|43.2|79|104|0|0|204|729|1,330|15|02:20:02|SRM PC8|https://www.strava.com/activities/2328763504
4/26/2019|45.96|01:33:45|146|0|192|1052|39|49%|0|0|29.4|46.8|76|97|0|0|187|608|1,173|16|02:12:45|SRM PC8|https://www.strava.com/activities/2320872014
4/25/2019|142.55|04:50:00|2356|0|262|3892|224|67%|0|0|29.5|83.5|73|129|134|200|224|1342|4,339|17|05:18:40|SRM PC8|https://www.strava.com/activities/2318356457
4/24/2019|173.99|05:12:59|840|0|253|4185|224|64%|0|0|33.4|60.5|83|124|139|190|223|1114|4,666|24|05:54:11|SRM PC8|https://www.strava.com/activities/2315435618
4/21/2019|38.83|01:51:10|258|0|222|1233|65|56%|0|0|21|40.3|72|118|136|188|185|1188|1,375|21|02:12:37|SRM PC8|https://www.strava.com/activities/2307645077
4/14/2019|170.66|04:05:45|1232|0|323|4318|279|82%|0|0|41.7|69.8|86|119|156|186|293|1155|4,815|9|04:10:20|SRM PC8|https://www.strava.com/activities/2290449475
4/13/2019|42.54|01:11:50|208|0|226|884|41|58%|0|0|35.5|74.9|84|115|0|0|205|925|985|11|01:15:04|SRM PC8|https://www.strava.com/activities/2290449268
4/12/2019|50.56|01:27:12|242|0|177|811|29|45%|0|0|34.8|67.7|75|108|104|149|155|714|905|12|01:28:42|SRM PC8|https://www.strava.com/activities/2284846690
4/11/2019|106.86|03:36:58|590|0|229|2622|130|58%|0|0|29.6|59|75|111|120|248|201|700|2,924|13|03:52:54|SRM PC8|https://www.strava.com/activities/2284846923
4/10/2019|208.55|04:45:51|538|0|315|4915|317|80%|0|0|43.8|74.9|89|116|160|197|287|1244|5,481|15|04:56:43|SRM PC8|https://www.strava.com/activities/2280523719
4/8/2019|30.05|01:04:44|60|0|184|660|25|47%|0|0|27.9|41|84|112|0|0|170|611|736|12|01:42:55|SRM PC8|https://www.strava.com/activities/2274368496
4/7/2019|227|05:27:48|1587|0|273|4521|268|69%|0|0|41.6|87.8|80|127|141|222|230|1154|5,041|19|05:39:09|SRM PC8|https://www.strava.com/activities/2274368983
4/3/2019|181.94|04:06:06|1398|0|306|3898|253|78%|0|0|44.4|85.7|84|125|151|189|264|1189|4,347|14|04:11:42|SRM PC8|https://www.strava.com/activities/2262918626
5/27/2019|30.93|01:00:02|84|0|185|659|22|47%|0|0|30.9|42.5|93|109|0|0|183|591|735|21|01:02:12|SRM PC8|https://www.strava.com/activities/2406433918
5/25/2019|50.71|01:06:44|202|0|266|960|51|68%|0|0|45.6|62.6|93|113|145|175|240|894|1,071|17|01:06:44|SRM PC8|https://www.strava.com/activities/2395349498
5/24/2019|33.56|01:07:06|98|0|179|704|25|46%|0|0|30|49.7|88|103|0|0|175|690|785|22|01:11:44|SRM PC8|https://www.strava.com/activities/2395349492
5/21/2019|19.91|00:40:58|106|0|179|419|14|46%|0|0|29.2|42.5|88|101|0|0|171|574|468|18|00:41:59|SRM PC8|https://www.strava.com/activities/2390680931
5/13/2019|22.46|00:44:42|156|0|219|537|25|56%|0|0|30.1|43.9|88|122|0|0|200|719|598|17|00:48:33|SRM PC8|https://www.strava.com/activities/2381569456
5/12/2019|27.73|00:59:01|128|0|200|664|26|51%|0|0|28.2|49.7|84|100|0|0|188|736|740|15|01:05:14|SRM PC8|https://www.strava.com/activities/2362216020
5/10/2019|99.59|02:33:01|438|0|256|2188|113|65%|0|0|39.1|62.6|87|115|141|180|238|1045|2,439|19|02:50:44|SRM PC8|https://www.strava.com/activities/2356382410
5/8/2019|40.19|01:21:19|752|0|243|1073|52|62%|0|0|29.7|88.2|89|129|0|0|220|895|1,024||01:21:46|Zwift|https://www.strava.com/activities/2351505432
5/4/2019|36.4|01:17:55|132|0|195|832|34|50%|0|0|28|46.1|79|103|0|0|178|746|928|11|02:31:40|SRM PC8|https://www.strava.com/activities/2346377262
5/3/2019|139.21|05:11:56|2979|0|268|4097|250|68%|0|0|26.8|80.6|75|120|135|183|219|1183|4,568|11|06:12:18|SRM PC8|https://www.strava.com/activities/2338918409
5/2/2019|33.31|01:08:00|172|0|197|779|31|50%|0|0|29.4|46.1|78|135|0|0|191|892|868|15|02:04:54|SRM PC8|https://www.strava.com/activities/2338916675
5/31/2019|132.51|04:15:49|2072|0|258|3234|193|66%|0|0|31.1|71.3|79|128|126|253|211|1214|3,606|21|04:53:35|SRM PC8|https://www.strava.com/activities/2411810776
5/30/2019|151.24|04:56:09|2991|0|277|4188|248|70%|0|0|30.6|81.4|79|128|138|182|236|1265|4,670|17|05:10:11|SRM PC8|https://www.strava.com/activities/2409135701
5/29/2019|203.48|06:08:57|1064|0|241|4911|239|61%|0|0|33.1|69.8|86|112|133|231|222|975|5,476|18|06:38:57|SRM PC8|https://www.strava.com/activities/2406434711
5/26/2019|187.38|04:15:47|974|0|297|3992|245|76%|0|0|44|76.3|86|150|152|195|260|1252|4,451|21|04:16:35|SRM PC8|https://www.strava.com/activities/2399905402
5/23/2019|118.78|03:53:13|634|0|215|2832|121|55%|0|0|30.6|49.7|84|108|128|165|202|809|3,158|23|04:36:33|SRM PC8|https://www.strava.com/activities/2390681258
5/22/2019|56.77|01:48:39|234|0|217|1362|58|55%|0|0|31.4|49.7|84|132|0|0|209|864|1,519|19|02:30:57|SRM PC8|https://www.strava.com/activities/2390680987
5/19/2019|201.55|04:38:12|514|0|280|4287|239|71%|0|0|43.5|66.2|84|125|135|183|257|1105|4,780|14|04:44:14|SRM PC8|https://www.strava.com/activities/2381569867
5/18/2019|190.83|05:08:29|2488|0|283|4355|272|72%|0|0|37.1|85|81|136|135|182|235|1173|4,856|21|05:14:58|SRM PC8|https://www.strava.com/activities/2381569971
5/17/2019|193.69|05:05:17|2249|0|282|4057|264|72%|0|0|38.1|85|80|127|132|182|221|1293|4,523|18|05:07:04|SRM PC8|https://www.strava.com/activities/2381569865
5/16/2019|163.27|03:41:08|1197|0|279|3087|186|71%|0|0|44.3|78.5|85|126|145|189|233|1128|3,442|21|03:41:36|SRM PC8|https://www.strava.com/activities/2381570160
5/15/2019|183.59|04:14:49|1260|0|264|3338|191|67%|0|0|43.2|76.3|83|122|137|189|218|1220|3,722|23|04:15:54|SRM PC8|https://www.strava.com/activities/2381569753
5/14/2019|184.86|04:30:01|922|0|260|3423|204|66%|0|0|41.1|79.2|81|135|139|209|211|1177|3,817|22|05:03:08|SRM PC8|https://www.strava.com/activities/2381569871
5/9/2019|38.59|01:23:31|248|0|179|820|31|46%|0|0|27.7|45.4|77|103|0|0|164|589|914|17|02:11:09|SRM PC8|https://www.strava.com/activities/2353545869
5/8/2019|47.82|01:40:32|1001|0|235|1340|60|60%|0|0|28.5|77|90|115|0|0|222|542|1,279||01:40:51|Zwift|https://www.strava.com/activities/2351045140
5/7/2019|142.88|04:55:06|2405|0|263|3876|226|67%|0|0|29.1|79.2|77|116|136|184|219|1074|4,322|12|05:21:02|SRM PC8|https://www.strava.com/activities/2349202155
5/6/2019|130.03|04:13:51|654|0|219|3088|137|56%|0|0|30.7|57.6|81|108|128|173|203|955|3,443|10|04:24:16|SRM PC8|https://www.strava.com/activities/2346377620
5/1/2019|152.85|03:57:50|2284|0|285|3225|211|73%|0|0|38.6|109.4|80|140|143|186|226|1149|3,595|22|03:59:27|SRM PC8|https://www.strava.com/activities/2334638303
6/30/2019|228.31|05:08:57|846|0|280|4521|260|71%|0|0|44.3|67|87|122|0|0|244|1145|5,041|29|05:09:18|SRM PC8|https://www.strava.com/activities/2495744657
6/29/2019|26.47|00:56:49|146|0|184|537|22|47%|0|0|28|51.1|82|122|0|0|157|1047|598|29|01:37:15|SRM PC8|https://www.strava.com/activities/2495743939
6/28/2019|56.06|01:47:41|142|0|217|1351|56|55%|0|0|31.2|46.8|88|110|0|0|209|898|1,507|24|02:30:08|SRM PC8|https://www.strava.com/activities/2488050503
6/26/2019|144.3|03:23:02|1246|0|267|2656|157|68%|0|0|42.6|84.2|84|122|133|181|218|1068|2,962|28|03:23:58|SRM PC8|https://www.strava.com/activities/2488050732
6/25/2019|27.61|00:54:55|142|0|203|635|26|52%|0|0|30.2|56.9|84|102|0|0|193|673|708|30|01:42:04|SRM PC8|https://www.strava.com/activities/2488050351
6/24/2019|20.65|00:41:33|22|0|178|437|15|45%|0|0|29.8|37.4|87|97|0|0|175|511|488|29|01:57:16|SRM PC8|https://www.strava.com/activities/2488050332
6/23/2019|199.99|04:31:36|378|0|263|3634|203|67%|0|0|44.2|67|84|115|137|188|223|1114|4,052|31|04:32:50|SRM PC8|https://www.strava.com/activities/2475055286
6/22/2019|43.31|01:31:56|88|0|175|878|33|45%|0|0|28.3|47.5|82|104|0|0|159|924|979|25|02:40:53|SRM PC8|https://www.strava.com/activities/2475058479
6/21/2019|206.66|04:48:58|1302|0|317|4907|320|81%|0|0|42.9|71.3|87|122|0|0|283|1226|5,472|23|05:01:00|SRM PC8|https://www.strava.com/activities/2469910041
6/20/2019|33.23|01:06:16|170|0|227|838|40|58%|0|0|30.1|56.9|83|200|0|0|211|725|935|20|01:12:38|SRM PC8|https://www.strava.com/activities/2465397275
6/19/2019|78.77|02:34:57|376|0|215|1795|82|55%|0|0|30.5|52.6|84|115|117|166|193|779|2,001|26|03:25:20|SRM PC8|https://www.strava.com/activities/2463222297
6/18/2019|39.21|01:24:52|208|0|187|859|35|48%|0|0|27.7|43.9|81|116|110|157|169|754|958|27|01:57:47|SRM PC8|https://www.strava.com/activities/2463222148
6/16/2019|161.55|03:26:13|590|0|272|2996|164|69%|0|0|47|70.6|86|119|138|190|242|1141|3,340|22|03:26:13|SRM PC8|https://www.strava.com/activities/2455901993
6/15/2019|154.89|04:06:29|2633|0|286|3495|218|73%|0|0|37.7|93.6|82|126|0|0|236|1016|3,897|24|04:07:00|SRM PC8|https://www.strava.com/activities/2453025214
6/14/2019|9.18|00:11:36|32|0|0|0|0||490|341|47.5|59.8|0|0|163|171|0|0|380|25|00:11:36|SRM PC8|https://www.strava.com/activities/2450113029
6/14/2019|19.07|00:32:51|84|0|0|0|0||258|508|34.8|56.2|0|0|120|198|0|0|567|23|00:47:46|SRM PC8|https://www.strava.com/activities/2450113065
6/13/2019|183.01|04:32:06|1244|0|297|4109|265|76%|0|0|40.4|81.4|82|127|138|185|252|1168|4,582|18|04:37:48|SRM PC8|https://www.strava.com/activities/2447150095
6/12/2019|181.61|04:13:38|352|0|268|3503|197|68%|0|0|43|59|82|114|127|174|230|1059|3,906|14|04:15:27|SRM PC8|https://www.strava.com/activities/2445030007
6/11/2019|20.76|00:39:27|42|0|211|473|19|54%|0|0|31.6|47.5|87|124|0|0|200|1193|527|19|00:39:55|SRM PC8|https://www.strava.com/activities/2441206321
6/10/2019|38.7|01:19:24|216|0|168|673|24|43%|0|0|29.2|43.9|79|102|0|0|141|591|751|22|02:07:21|SRM PC8|https://www.strava.com/activities/2441206358
6/9/2019|159.15|04:12:19|2715|0|303|4005|253|77%|0|0|37.8|86.4|86|121|138|172|265|1188|4,465|21|04:16:13|SRM PC8|https://www.strava.com/activities/2437366592
6/8/2019|179.47|04:48:06|3128|0|305|4585|295|78%|0|0|37.4|86.4|83|130|145|175|265|1134|5,113|18|04:53:08|SRM PC8|https://www.strava.com/activities/2434231754
6/7/2019|165.94|04:20:02|2354|0|289|4120|236|74%|0|0|38.3|85|87|123|144|173|264|1012|4,593|23|04:20:26|SRM PC8|https://www.strava.com/activities/2431227805
6/6/2019|193.62|04:52:33|3034|0|293|4420|274|75%|0|0|39.7|87.8|85|130|148|195|252|1212|4,928|15|04:54:34|SRM PC8|https://www.strava.com/activities/2429385626
6/5/2019|2.1|00:03:36|57|0|474|99|8|121%|0|0|35|62.6|86|110|0|0|456|1027|110|26|00:03:36|SRM PC8|https://www.strava.com/activities/2426658198
6/5/2019|0.03|00:00:00|2|0|235|1|17|60%|0|0|9|14.4|49|137|0|0|75|828|1|31|00:32:14|SRM PC8|https://www.strava.com/activities/2426658245
6/5/2019|18.8|00:56:42|333|0|211|466|31|54%|0|0|19.9|59|66|106|112|178|137|898|519|29|01:17:07|SRM PC8|https://www.strava.com/activities/2426658308
6/5/2019|22.05|00:46:40|304|0|200|499|20|51%|0|0|28.4|74.9|81|112|0|0|178|504|556|23|00:47:52|SRM PC8|https://www.strava.com/activities/2426658296
6/4/2019|32.92|01:11:37|102|0|172|707|24|44%|0|0|27.6|41|84|110|0|0|165|542|788|22|01:59:20|SRM PC8|https://www.strava.com/activities/2426658314
6/3/2019|69.13|01:46:40|202|0|235|1370|68|60%|0|0|38.9|62.6|89|110|134|179|214|1010|1,527|22|01:59:06|SRM PC8|https://www.strava.com/activities/2421054456
6/2/2019|58.68|02:00:29|265|0|171|1069|39|44%|0|0|29.2|49|84|105|0|0|148|856|1,192|28|02:46:47|SRM PC8|https://www.strava.com/activities/2418810393
6/1/2019|41.09|01:26:14|183|0|209|846|45|53%|0|0|28.6|56.2|82|117|0|0|164|1177|944|25|02:23:31|SRM PC8|https://www.strava.com/activities/2418810244
7/31/2019|42.48|01:29:37|204|0|189|947|35|48%|0|0|28.4|48.2|84|107|128|162|176|507|1,056|22|02:21:43|SRM PC8|https://www.strava.com/activities/2579744753
7/29/2019|42.7|01:09:54|696|0|272|937|55|69%|0|0|36.7|80.6|83|120|0|0|223|922|1,045|25|01:10:20|SRM PC8|https://www.strava.com/activities/2573929214
7/26/2019|51.5|01:10:31|190|0|248|953|46|63%|0|0|43.8|64.8|93|111|141|193|225|831|1,063|32|01:10:31|SRM PC8|https://www.strava.com/activities/2567939789
7/23/2019|122.92|03:02:30|198|0|234|2437|116|60%|0|0|40.4|61.9|90|115|136|179|223|1295|2,718|27|03:43:40|SRM PC8|https://www.strava.com/activities/2559720697
7/22/2019|117.19|04:03:51|2375|0|270|3140|194|69%|0|0|28.8|70.6|77|104|138|191|215|1192|3,501|25|04:06:45|SRM PC8|https://www.strava.com/activities/2553650353
7/21/2019|44.07|01:32:48|138|0|176|918|32|45%|0|0|28.5|43.9|81|113|0|0|165|1016|1,024|23|02:19:21|SRM PC8|https://www.strava.com/activities/2553649760
7/19/2019|143.11|04:59:08|2445|0|253|3706|215|64%|0|0|28.7|84.2|76|111|134|186|207|1016|4,133|24|05:39:12|SRM PC8|https://www.strava.com/activities/2545841081
7/18/2019|125.48|04:25:58|2647|0|256|3453|202|65%|0|0|28.3|85|72|127|137|183|216|1264|3,850|25|05:15:36|SRM PC8|https://www.strava.com/activities/2543820236
7/16/2019|46.18|01:39:57|132|0|179|1007|36|46%|0|0|27.7|40.3|81|99|0|0|168|767|1,122|17|02:16:50|SRM PC8|https://www.strava.com/activities/2537782738
7/15/2019|38.07|01:20:22|204|0|193|833|33|49%|0|0|28.4|49|80|112|0|0|173|938|929|17|02:41:25|SRM PC8|https://www.strava.com/activities/2537782636
7/13/2019|164.06|05:02:34|573|0|216|3862|165|55%|0|0|32.5|50.4|85|157|126|198|213|892|4,307|19|05:59:10|SRM PC8|https://www.strava.com/activities/2528568118
7/12/2019|132.61|04:14:33|252|0|203|2945|119|52%|0|0|31.3|52.6|86|109|128|174|193|960|3,284|23|04:50:07|SRM PC8|https://www.strava.com/activities/2525977320
7/9/2019|110.61|03:54:49|2050|0|229|2769|137|58%|0|0|28.3|80.6|82|115|131|172|197|682|3,087|27|04:04:59|SRM PC8|https://www.strava.com/activities/2517945953
7/7/2019|87.16|02:58:44|1334|0|204|1940|81|52%|0|0|29.3|72|85|114|135|161|181|630|2,163|32|03:01:09|SRM PC8|https://www.strava.com/activities/2512307123
7/2/2019|18.15|00:40:51|72|0|170|343|14|43%|0|0|26.7|45.4|94|125|0|0|140|622|383|25|01:05:14|SRM PC8|https://www.strava.com/activities/2512306391
7/28/2019|171.15|04:24:01|1846|0|196|1525|110|50%|0|0|38.9|75.6|83|113|128|176|96|999|1,700|17|04:26:00|SRM PC8|https://www.strava.com/activities/2571259004
7/27/2019|188.85|04:28:47|1017|0|283|3702|235|72%|0|0|42.2|90.7|83|129|140|221|230|1098|4,127|20|04:38:52|SRM PC8|https://www.strava.com/activities/2567940291
7/24/2019|51.4|01:39:00|136|0|201|1140|44|51%|0|0|31.2|43.9|85|106|0|0|192|761|1,271|34|02:21:23|SRM PC8|https://www.strava.com/activities/2559720428
7/17/2019|93|02:55:18|341|0|199|2009|80|51%|0|0|31.8|49.7|86|116|131|180|191|831|2,240|24|03:46:25|SRM PC8|https://www.strava.com/activities/2540625959
7/14/2019|73.26|02:48:30|983|0|0|0|0||158|1595|26.1|61.9|0|0|157|192|0|0|1,779|18|03:08:08|SRM PC8|https://www.strava.com/activities/2531315946
7/11/2019|95.08|03:05:04|302|0|205|2179|88|52%|0|0|30.8|43.2|84|109|123|195|196|1017|2,429|23|03:50:29|SRM PC8|https://www.strava.com/activities/2525977182
8/3/2019|22.16|00:46:31|60|0|174|467|16|44%|0|0|28.6|41|86|103|0|0|167|450|521|20|01:15:49|SRM PC8|https://www.strava.com/activities/2591297266
8/1/2019|31.26|01:03:32|206|0|202|714|29|51%|0|0|29.5|54.7|88|138|0|0|187|573|797|25|01:07:48|SRM PC8|https://www.strava.com/activities/2591297344
9/28/2019|19.79|00:38:11|54|0|223|479|21|57%|0|0|31.1|51.1|82|134|0|0|209|1322|535|20|00:39:06|SRM PC8|https://www.strava.com/activities/2746982898
9/19/2019|45.68|01:35:48|160|0|184|996|36|47%|0|0|28.6|46.1|82|100|0|0|173|712|1,110|14|01:38:34|SRM PC8|https://www.strava.com/activities/2725761494
9/18/2019|22.57|00:44:59|146|0|199|508|19|51%|0|0|30.1|46.1|84|101|0|0|188|626|567|18|00:45:52|SRM PC8|https://www.strava.com/activities/2725761438
9/17/2019|89.95|02:36:44|331|0|253|2082|113|64%|0|0|34.4|59|87|112|144|189|221|815|2,322|18|02:46:34|SRM PC8|https://www.strava.com/activities/2717488801
9/16/2019|53.42|01:52:54|296|0|191|1171|45|49%|0|0|28.4|49|82|107|0|0|173|824|1,306|21|01:53:32|SRM PC8|https://www.strava.com/activities/2717488035
9/14/2019|121.26|03:06:51|481|0|252|2599|133|64%|0|0|38.9|61.2|88|116|145|176|232|958|2,898|24|03:28:42|SRM PC8|https://www.strava.com/activities/2708115464
9/12/2019|56.92|01:51:54|228|0|202|1265|52|51%|0|0|30.5|53.3|81|109|130|179|188|769|1,411|22|02:25:58|SRM PC8|https://www.strava.com/activities/2702010046
9/11/2019|122.69|04:24:51|2249|0|258|3192|194|66%|0|0|27.8|85|74|111|138|185|201|1173|3,559|16|04:38:02|SRM PC8|https://www.strava.com/activities/2699327621
9/9/2019|42.58|01:27:10|96|0|186|962|35|47%|0|0|29.3|42.5|83|100|133|163|184|594|1,073|17|02:34:30|SRM PC8|https://www.strava.com/activities/2696924650
9/8/2019|125.35|04:00:37|224|0|213|2916|123|54%|0|0|31.3|56.2|84|122|133|175|202|586|3,251|17|04:12:59|SRM PC8|https://www.strava.com/activities/2690556477
9/7/2019|61.66|01:57:20|156|0|241|1469|75|61%|0|0|31.5|50.4|84|102|149|190|209|627|1,637|20|02:00:39|SRM PC8|https://www.strava.com/activities/2687871222
9/6/2019|39.58|01:25:47|136|0|171|820|29|44%|0|0|27.7|45.4|78|121|0|0|159|1133|914|19|01:47:28|SRM PC8|https://www.strava.com/activities/2684422067
9/29/2019|74.52|01:49:11|713|0|268|1383|89|68%|0|0|41|75.6|82|128|139|189|211|1168|1,542|19|02:01:42|SRM PC8|https://www.strava.com/activities/2770710577
9/27/2019|60.65|01:53:41|178|0|212|1412|57|54%|0|0|32|43.9|84|103|137|172|207|755|1,575|18|02:02:05|SRM PC8|https://www.strava.com/activities/2746983091
9/25/2019|186.24|04:11:12|529|0|306|4168|254|78%|0|0|44.5|65.5|87|114|155|194|277|1127|4,647|17|04:11:12|SRM PC8|https://www.strava.com/activities/2739600614
9/21/2019|202.19|04:54:48|1789|0|266|3952|226|68%|0|0|41.2|79.2|83|118|145|197|223|1137|4,407|27|04:55:22|SRM PC8|https://www.strava.com/activities/2728835089
9/20/2019|162.76|03:38:21|584|0|284|3271|189|72%|0|0|44.7|66.2|86|121|154|195|250|1174|3,647|23|03:38:57|SRM PC8|https://www.strava.com/activities/2725761632
9/15/2019|150.04|04:51:26|652|0|225|3287|162|57%|0|0|30.9|53.3|83|146|130|187|188|1570|3,665|23|05:32:15|SRM PC8|https://www.strava.com/activities/2711201184
9/14/2019|69.5|02:11:30|226|0|263|1754|100|67%|0|0|31.7|55.4|84|107|138|253|222|706|1,955|19|02:16:28|SRM PC8|https://www.strava.com/activities/2707081486
9/12/2019|77.57|02:26:29|182|0|204|1703|67|52%|0|0|31.8|53.3|83|105|137|174|194|787|1,899|23|02:30:55|SRM PC8|https://www.strava.com/activities/2702963578
9/10/2019|81.86|02:10:02|284|0|258|1772|97|66%|0|0|37.8|63.4|86|115|151|195|227|1077|1,976|21|02:16:15|SRM PC8|https://www.strava.com/activities/2696927001
9/7/2019|69.78|02:05:29|178|0|260|1762|94|66%|0|0|33.4|50.4|85|105|149|182|234|637|1,965|18|02:09:52|SRM PC8|https://www.strava.com/activities/2686800820
9/5/2019|46.66|01:35:46|225|0|231|1060|59|59%|0|0|29.2|51.1|78|110|145|194|185|1156|1,182|16|01:57:36|SRM PC8|https://www.strava.com/activities/2682885261
9/5/2019|76.33|02:24:15|234|0|234|1875|89|60%|0|0|31.8|55.4|83|101|146|179|217|533|2,091|18|02:48:06|SRM PC8|https://www.strava.com/activities/2681854211
9/4/2019|138.66|04:18:49|570|0|206|2897|124|52%|0|0|32.1|53.3|80|103|129|185|187|758|3,230|22|04:46:35|SRM PC8|https://www.strava.com/activities/2679089159
9/3/2019|94.61|02:39:01|308|0|251|2110|112|64%|0|0|35.7|62.6|85|112|152|194|221|948|2,353|20|02:44:43|SRM PC8|https://www.strava.com/activities/2676910546
9/3/2019|69.07|02:16:53|172|0|193|1518|58|49%|0|0|30.3|56.9|78|107|134|174|185|971|1,693|20|02:57:56|SRM PC8|https://www.strava.com/activities/2676113667
9/2/2019|40.45|01:20:30|126|0|193|906|34|49%|0|0|30.1|44.6|80|100|135|176|188|593|1,010|21|02:13:37|SRM PC8|https://www.strava.com/activities/2674470260
10/13/2019|54.13|02:15:33|269|0|0|0|0||134|1091|24|55.4|0|0|153|204|0|0|1,216|18|03:53:05|SRM PC8|https://www.strava.com/activities/2785351162
10/8/2019|27.22|01:00:40|655|0|249|780|40|63%|0|0|26.9|87.5|86|152|0|0|214|733|743||01:00:40|Zwift|https://www.strava.com/activities/2772131667
10/7/2019|30.64|00:56:07|92|0|243|803|38|62%|0|0|32.8|43.9|90|104|140|163|239|523|896|13|01:27:00|SRM PC8|https://www.strava.com/activities/2770707384
10/19/2019|47.23|02:02:14|160|0|0|0|0||85|624|23.2|37.4|0|0|152|188|0|0|695|12|03:17:56|SRM PC8|https://www.strava.com/activities/2801687302
10/14/2019|49.03|01:34:20|216|0|208|1140|46|53%|0|0|31.2|51.1|88|108|133|160|201|651|1,271|20|02:48:41|SRM PC8|https://www.strava.com/activities/2789136729
10/14/2019|49.03|01:34:20|216|0|208|1140|46|53%|0|0|31.2|51.1|88|108|133|160|201|651|1,271|20|02:48:41|SRM PC8|https://www.strava.com/activities/2782848836
10/11/2019|55.06|01:45:20|192|0|218|1331|57|55%|0|0|31.4|53.3|84|101|138|213|211|637|1,484|16|02:59:47|SRM PC8|https://www.strava.com/activities/2782848899
10/10/2019|51.27|01:39:08|157|0|224|1229|57|57%|0|0|31|43.2|83|126|135|175|207|660|1,370|14|02:27:15|SRM PC8|https://www.strava.com/activities/2778300860
10/9/2019|56.79|01:49:13|222|0|218|1396|60|55%|0|0|31.2|44.6|83|117|138|169|213|727|1,557|14|02:02:07|SRM PC8|https://www.strava.com/activities/2775646313
11/27/2019|28.1|00:58:42|379|0|202|637|27|51%|0|0|28.7|64.8|80|108|0|0|181|963|711|25|01:02:42|SRM PC8|https://www.strava.com/activities/2895367363
11/25/2019|21.07|00:43:30|118|0|191|486|18|49%|0|0|29.1|49|86|105|0|0|186|957|542|12|00:46:13|SRM PC8|https://www.strava.com/activities/2895367251
11/23/2019|42.59|01:29:34|221|0|190|910|36|48%|0|0|28.5|54.7|80|104|133|186|169|946|1,014|8|02:21:49|SRM PC8|https://www.strava.com/activities/2885658884
11/22/2019|121.68|04:05:35|509|0|200|2822|109|51%|0|0|29.7|46.1|81|103|135|169|192|812|3,147|12|04:15:21|SRM PC8|https://www.strava.com/activities/2883177107
11/19/2019|49.5|01:48:56|270|0|180|1107|40|46%|0|0|27.3|61.2|80|96|127|172|169|586|1,234|8|01:56:19|SRM PC8|https://www.strava.com/activities/2878466045
11/13/2019|29.27|00:58:17|70|0|205|700|26|52%|0|0|30.1|41|90|106|145|164|200|542|781|7|00:58:17|SRM PC8|https://www.strava.com/activities/2862124538
11/11/2019|16.06|00:30:37|275|0|207|363|14|53%|0|0|31.5|83.5|89|106|0|0|198|372|346||00:30:37|Zwift|https://www.strava.com/activities/2857311008
11/30/2019|152.52|05:12:11|2107|0|223|3868|172|57%|0|0|29.3|66.2|80|111|137|171|207|1156|4,313|21|05:32:51|SRM PC8|https://www.strava.com/activities/2901767024
11/29/2019|142.15|05:00:24|2563|0|240|3808|195|61%|0|0|28.4|71.3|76|112|141|178|211|793|4,245|20|05:40:36|SRM PC8|https://www.strava.com/activities/2899428886
11/28/2019|118.85|04:12:24|2137|0|246|3284|171|63%|0|0|28.3|94.3|78|120|146|222|217|1213|3,662|20|04:26:45|SRM PC8|https://www.strava.com/activities/2897202095
11/24/2019|78.92|02:59:29|668|0|0|0|0||151|1625|26.4|46.8|0|0|160|194|0|0|1,812|7|03:29:57|SRM PC8|https://www.strava.com/activities/2888655252
11/21/2019|76.25|02:30:04|412|0|212|1827|75|54%|0|0|30.5|64.8|84|120|136|172|203|977|2,037|3|02:43:16|SRM PC8|https://www.strava.com/activities/2880955482
11/20/2019|96.04|03:06:28|288|0|233|2461|109|59%|0|0|30.9|51.8|83|125|146|183|220|1329|2,744|5|03:08:28|SRM PC8|https://www.strava.com/activities/2878466194
11/17/2019|68.41|02:58:12|851|0|0|0|0||134|1429|23|59.8|0|0|162|241|0|0|1,594|5|03:18:28|SRM PC8|https://www.strava.com/activities/2871599550
11/16/2019|54.62|02:11:57|654|0|0|0|0||171|1355|24.8|59.4|0|0|180|208|0|0|1,511|7|02:20:32|SRM PC8|https://www.strava.com/activities/2868957583
11/14/2019|94.09|03:08:16|348|0|198|2110|81|50%|0|0|30|42.5|84|114|138|177|187|945|2,353|8|03:18:28|SRM PC8|https://www.strava.com/activities/2864256708
11/13/2019|60.3|02:03:53|302|0|204|1409|56|52%|0|0|29.2|50.4|84|105|141|181|190|785|1,571|10|02:06:19|SRM PC8|https://www.strava.com/activities/2862124640
11/12/2019|65.43|02:05:46|254|0|233|1712|74|59%|0|0|31.2|45.4|87|105|148|172|227|931|1,909|7|02:08:11|SRM PC8|https://www.strava.com/activities/2859652128
11/10/2019|55.39|02:14:24|306|0|0|0|0||99|796|24.7|42.5|0|0|175|198|0|0|887|8|03:37:00|SRM PC8|https://www.strava.com/activities/2855211955
11/8/2019|66.43|02:05:13|218|0|229|1683|72|58%|0|0|31.8|47.5|89|110|150|180|224|599|1,876|9|02:10:17|SRM PC8|https://www.strava.com/activities/2849704299
11/5/2019|51.28|01:41:12|142|0|206|1229|49|52%|0|0|30.4|41|88|138|145|179|202|1187|1,370|11|02:49:49|SRM PC8|https://www.strava.com/activities/2844057313
12/30/2019|20.03|00:40:32|110|0|202|466|18|51%|0|0|29.7|49|83|105|0|0|191|580|519|10|00:49:15|SRM PC8|https://www.strava.com/activities/2970871077
12/27/2019|33.54|01:07:36|128|0|216|857|36|55%|0|0|29.8|46.1|83|104|0|0|211|583|955|8|01:12:43|SRM PC8|https://www.strava.com/activities/2962801331
12/25/2019|24.66|00:53:47|82|0|202|619|24|51%|0|0|27.5|47.5|89|103|127|151|192|552|690|9|00:58:45|SRM PC8|https://www.strava.com/activities/2958077021
12/22/2019|55.41|02:17:03|342|0|0|0|0||118|973|24.3|43.9|0|0|156|249|0|0|1,085|10|02:34:20|SRM PC8|https://www.strava.com/activities/2949733703
12/7/2019|103.61|03:33:30|336|0|202|2435|100|51%|0|0|29.1|61.9|83|108|128|217|190|1236|2,715|10|04:24:15|SRM PC8|https://www.strava.com/activities/2917101253
12/6/2019|32.81|01:05:05|344|0|195|726|26|50%|0|0|30.3|74.9|88|113|0|0|186|797|695||01:05:05|Zwift|https://www.strava.com/activities/2914706033
12/1/2019|28.51|01:01:18|100|0|162|574|18|41%|0|0|27.9|66.2|82|105|0|0|156|527|640|19|02:06:35|SRM PC8|https://www.strava.com/activities/2904271645
12/31/2019|82.04|03:00:07|277|0|0|0|0||132|1423|27.3|41.8|0|0|156|186|0|0|1,587|4|03:41:16|SRM PC8|https://www.strava.com/activities/2970871390
12/29/2019|107.84|03:35:29|332|0|200|2539|98|51%|0|0|30|48.2|83|104|127|165|196|664|2,831|2|03:47:09|SRM PC8|https://www.strava.com/activities/2966408033
12/28/2019|189.43|06:02:52|977|0|233|4787|219|59%|0|0|31.3|72|87|111|140|180|220|805|5,337|5|06:37:15|SRM PC8|https://www.strava.com/activities/2962802118
12/26/2019|71.68|02:57:59|525|0|0|0|0||124|1326|24.2|45.4|0|0|142|253|0|0|1,478|6|04:37:10|SRM PC8|https://www.strava.com/activities/2958077175
12/24/2019|63.86|03:06:23|486|0|0|0|0||105|1179|20.6|42.5|0|0|160|238|0|0|1,315|10|03:29:20|SRM PC8|https://www.strava.com/activities/2953661790
12/21/2019|136.6|04:24:23|521|0|232|3415|164|59%|0|0|31|54|84|109|140|198|215|1116|3,808|9|05:01:32|SRM PC8|https://www.strava.com/activities/2946880634
12/18/2019|92.25|03:04:14|1192|0|197|1762|80|50%|0|0|30|65.5|74|109|111|170|159|720|1,965|16|03:11:40|SRM PC8|https://www.strava.com/activities/2940898015
12/17/2019|170.9|05:52:50|3650|0|240|4073|226|61%|0|0|29.1|93.6|72|131|129|178|192|929|4,542|15|06:08:50|SRM PC8|https://www.strava.com/activities/2939196044
12/16/2019|143.17|05:05:37|2467|0|205|2945|146|52%|0|0|28.1|70.6|76|124|131|185|161|1297|3,283|15|05:33:32|SRM PC8|https://www.strava.com/activities/2937402425
12/15/2019|35.19|01:16:27|284|0|170|708|25|43%|0|0|27.6|64.8|77|101|0|0|154|689|789|17|02:01:16|SRM PC8|https://www.strava.com/activities/2934615838
12/14/2019|160.87|05:21:08|3185|0|251|3895|225|64%|0|0|30.1|82.1|76|120|140|213|202|1139|4,343|19|05:33:57|SRM PC8|https://www.strava.com/activities/2932464931
12/13/2019|138.82|04:51:26|2366|0|237|3115|185|60%|0|0|28.6|70.6|76|115|130|191|178|1327|3,474|19|05:12:44|SRM PC8|https://www.strava.com/activities/2930407801
12/12/2019|124.25|04:07:35|1692|0|230|2782|147|59%|0|0|30.1|67.7|80|120|130|177|187|1371|3,101|17|04:16:18|SRM PC8|https://www.strava.com/activities/2928923789
12/11/2019|32.68|01:11:56|446|0|202|731|35|51%|0|0|27.3|71.3|76|101|121|165|169|578|815|18|01:36:23|SRM PC8|https://www.strava.com/activities/2927091738
12/10/2019|63.81|02:06:16|204|0|239|1757|81|61%|0|0|30.3|53.3|86|110|146|187|232|738|1,959|6|02:12:04|SRM PC8|https://www.strava.com/activities/2927092291
12/8/2019|56.3|02:12:49|320|0|0|0|0||124|988|25.4|38.2|0|0|146|184|0|0|1,102|10|02:21:35|SRM PC8|https://www.strava.com/activities/2919459854
12/3/2019|134.46|04:34:28|1723|0|235|3506|170|60%|0|0|29.4|65.5|80|121|140|183|213|877|3,910|13|05:10:24|SRM PC8|https://www.strava.com/activities/2908522180
12/2/2019|120.46|04:16:20|2153|0|251|3384|186|64%|0|0|28.2|86.4|75|142|149|186|220|1030|3,773|14|04:41:30|SRM PC8|https://www.strava.com/activities/2906255939
1/30/2020|27.45|00:55:01|112|0|145|424|13|37%|0|0|29.9|49.7|80|140|103|148|128|543|473|44|01:00:38|SRM PC8|https://www.strava.com/activities/3056166402
1/8/2020|30.3|01:00:08|350|0|188|661|23|48%|0|0|30.2|74.9|88|112|0|0|183|365|632||01:00:08|Zwift|https://www.strava.com/activities/2992710358
1/7/2020|24.15|01:03:30|633|0|179|671|23|46%|0|0|22.8|87.1|84|107|0|0|176|700|642||01:07:29|Zwift|https://www.strava.com/activities/2989670253
1/31/2020|52.52|01:51:53|198|0|126|776|21|32%|0|0|28.2|46.8|76|164|0|0|116|895|865|37|02:32:43|SRM PC8|https://www.strava.com/activities/3058494687
1/30/2020|131.56|03:00:35|1611|0|296|2713|170|75%|0|0|43.7|91.4|87|184|154|192|250|1283|3,025|34|03:01:31|SRM PC8|https://www.strava.com/activities/3056166631
1/29/2020|108.13|03:25:48|996|0|220|2175|112|56%|0|0|31.5|75.6|80|197|115|173|176|1064|2,425|28|03:36:48|SRM PC8|https://www.strava.com/activities/3052890038
1/28/2020|54.22|01:55:28|236|0|134|799|24|34%|0|0|28.2|52.6|75|129|0|0|115|849|891|27|02:38:29|SRM PC8|https://www.strava.com/activities/3052889932
1/26/2020|59.9|01:54:19|610|0|178|969|40|45%|0|0|31.4|64.1|75|188|114|149|141|1007|1,081|29|01:58:11|SRM PC8|https://www.strava.com/activities/3043812348
1/26/2020|153.39|03:30:13|1790|0|302|3509|207|77%|0|0|43.8|87.1|89|172|148|183|278|1204|3,912|26|03:30:13|SRM PC8|https://www.strava.com/activities/3043812391
1/25/2020|157.25|03:39:04|1786|0|265|2520|177|67%|0|0|43.1|88.6|82|135|125|187|192|1053|2,809|27|03:56:08|SRM PC8|https://www.strava.com/activities/3041167792
1/24/2020|162.89|03:47:22|1799|0|266|2829|177|68%|0|0|43|121|83|163|129|196|207|1213|3,154|25|03:52:00|SRM PC8|https://www.strava.com/activities/3038262851
1/23/2020|28.14|00:55:30|156|0|130|355|11|33%|0|0|30.4|68.4|72|126|108|143|107|722|396|24|01:02:39|SRM PC8|https://www.strava.com/activities/3035672161
1/23/2020|126.84|03:09:37|2317|0|286|2742|187|73%|0|0|40.1|91.4|83|138|137|187|241|1256|3,057|20|03:32:18|SRM PC8|https://www.strava.com/activities/3035672414
1/22/2020|18.95|00:35:37|124|0|164|219|12|42%|0|0|31.9|70.6|67|112|112|195|103|726|245|21|00:41:46|SRM PC8|https://www.strava.com/activities/3032693560
1/22/2020|113.04|02:42:04|2047|0|272|2091|169|69%|0|0|41.9|135.4|83|169|133|193|215|1081|2,331|27|03:32:26|SRM PC8|https://www.strava.com/activities/3032693686
1/21/2020|150.11|03:28:27|1244|0|277|2965|172|70%|0|0|43.2|82.1|86|183|148|199|237|1113|3,306|30|03:30:00|SRM PC8|https://www.strava.com/activities/3029883540
1/20/2020|35.09|01:19:05|96|0|127|552|15|32%|0|0|26.6|40.3|71|129|0|0|116|846|615|22|02:00:04|SRM PC8|https://www.strava.com/activities/3029883431
1/19/2020|49.75|01:04:40|94|0|346|1288|83|88%|0|0|46.2|77|90|200|171|207|332|1216|1,436|19|01:04:40|SRM PC8|https://www.strava.com/activities/3024428057
1/19/2020|34.81|01:16:22|50|0|125|477|14|32%|0|0|27.4|40.3|75|132|0|0|104|661|532|22|01:56:08|SRM PC8|https://www.strava.com/activities/3023653333
1/18/2020|44.39|01:48:31|800|0|177|961|40|45%|0|0|24.5|71.3|72|103|0|0|148|1001|1,071|27|02:31:04|SRM PC8|https://www.strava.com/activities/3020705443
1/17/2020|87.17|02:50:09|148|0|183|1422|66|47%|0|0|30.7|59.8|75|148|99|177|139|1290|1,586|24|03:11:10|SRM PC8|https://www.strava.com/activities/3018195552
1/16/2020|128.77|04:06:18|2257|0|228|2828|156|58%|0|0|31.4|77.8|77|190|121|185|191|1268|3,153|22|04:46:10|SRM PC8|https://www.strava.com/activities/3015343319
1/15/2020|89.68|03:10:33|1714|0|225|2212|118|57%|0|0|28.2|88.6|81|153|128|184|193|1199|2,466|28|03:43:18|SRM PC8|https://www.strava.com/activities/3012584527
1/14/2020|61.65|01:57:30|108|0|181|1070|46|46%|0|0|31.5|46.1|82|156|101|158|152|753|1,193|33|03:03:32|SRM PC8|https://www.strava.com/activities/3009603796
1/13/2020|61.73|01:54:58|112|0|223|1304|69|57%|0|0|32.2|47.5|83|120|0|0|189|956|1,454|33|02:34:38|SRM PC8|https://www.strava.com/activities/3006825837
1/9/2020|117.17|03:53:25|275|0|220|2888|129|56%|0|0|30.1|51.1|84|106|133|179|206|712|3,220|12|04:21:13|SRM PC8|https://www.strava.com/activities/2996052853
1/8/2020|46.52|01:32:58|272|0|0|0|0||186|1040|30|47.5|0|0|137|177|0|0|1,160|12|01:37:14|SRM PC8|https://www.strava.com/activities/2993478979
1/5/2020|131.44|04:01:36|643|0|224|2845|138|57%|0|0|32.6|61.2|84|107|124|240|196|1158|3,172|7|04:39:09|SRM PC8|https://www.strava.com/activities/2984518377
1/4/2020|162.85|05:03:28|832|0|257|4244|226|65%|0|0|32.2|74.2|85|107|144|202|233|1026|4,732|7|05:45:41|SRM PC8|https://www.strava.com/activities/2981342809
1/3/2020|92.26|02:59:57|196|0|221|2277|100|56%|0|0|30.8|51.8|86|123|140|186|211|1328|2,539|9|03:17:49|SRM PC8|https://www.strava.com/activities/2978120797
1/2/2020|59.52|02:00:58|174|0|205|1476|60|52%|0|0|29.5|42.5|86|111|128|152|203|807|1,646|4|02:34:52|SRM PC8|https://www.strava.com/activities/2978120710
1/30/2020|27.45|00:55:01|112|0|145|424|13|37%|0|0|29.9|49.7|80|140|103|148|128|543|473|44|01:00:38|SRM PC8|https://www.strava.com/activities/3056166402
1/8/2020|30.3|01:00:08|350|0|188|661|23|48%|0|0|30.2|74.9|88|112|0|0|183|365|632||01:00:08|Zwift|https://www.strava.com/activities/2992710358
1/7/2020|24.15|01:03:30|633|0|179|671|23|46%|0|0|22.8|87.1|84|107|0|0|176|700|642||01:07:29|Zwift|https://www.strava.com/activities/2989670253
1/31/2020|52.52|01:51:53|198|0|126|776|21|32%|0|0|28.2|46.8|76|164|0|0|116|895|865|37|02:32:43|SRM PC8|https://www.strava.com/activities/3058494687
1/30/2020|131.56|03:00:35|1611|0|296|2713|170|75%|0|0|43.7|91.4|87|184|154|192|250|1283|3,025|34|03:01:31|SRM PC8|https://www.strava.com/activities/3056166631
1/29/2020|108.13|03:25:48|996|0|220|2175|112|56%|0|0|31.5|75.6|80|197|115|173|176|1064|2,425|28|03:36:48|SRM PC8|https://www.strava.com/activities/3052890038
1/28/2020|54.22|01:55:28|236|0|134|799|24|34%|0|0|28.2|52.6|75|129|0|0|115|849|891|27|02:38:29|SRM PC8|https://www.strava.com/activities/3052889932
1/26/2020|59.9|01:54:19|610|0|178|969|40|45%|0|0|31.4|64.1|75|188|114|149|141|1007|1,081|29|01:58:11|SRM PC8|https://www.strava.com/activities/3043812348
1/26/2020|153.39|03:30:13|1790|0|302|3509|207|77%|0|0|43.8|87.1|89|172|148|183|278|1204|3,912|26|03:30:13|SRM PC8|https://www.strava.com/activities/3043812391
1/25/2020|157.25|03:39:04|1786|0|265|2520|177|67%|0|0|43.1|88.6|82|135|125|187|192|1053|2,809|27|03:56:08|SRM PC8|https://www.strava.com/activities/3041167792
1/24/2020|162.89|03:47:22|1799|0|266|2829|177|68%|0|0|43|121|83|163|129|196|207|1213|3,154|25|03:52:00|SRM PC8|https://www.strava.com/activities/3038262851
1/23/2020|28.14|00:55:30|156|0|130|355|11|33%|0|0|30.4|68.4|72|126|108|143|107|722|396|24|01:02:39|SRM PC8|https://www.strava.com/activities/3035672161
1/23/2020|126.84|03:09:37|2317|0|286|2742|187|73%|0|0|40.1|91.4|83|138|137|187|241|1256|3,057|20|03:32:18|SRM PC8|https://www.strava.com/activities/3035672414
1/22/2020|18.95|00:35:37|124|0|164|219|12|42%|0|0|31.9|70.6|67|112|112|195|103|726|245|21|00:41:46|SRM PC8|https://www.strava.com/activities/3032693560
1/22/2020|113.04|02:42:04|2047|0|272|2091|169|69%|0|0|41.9|135.4|83|169|133|193|215|1081|2,331|27|03:32:26|SRM PC8|https://www.strava.com/activities/3032693686
1/21/2020|150.11|03:28:27|1244|0|277|2965|172|70%|0|0|43.2|82.1|86|183|148|199|237|1113|3,306|30|03:30:00|SRM PC8|https://www.strava.com/activities/3029883540
1/20/2020|35.09|01:19:05|96|0|127|552|15|32%|0|0|26.6|40.3|71|129|0|0|116|846|615|22|02:00:04|SRM PC8|https://www.strava.com/activities/3029883431
1/19/2020|49.75|01:04:40|94|0|346|1288|83|88%|0|0|46.2|77|90|200|171|207|332|1216|1,436|19|01:04:40|SRM PC8|https://www.strava.com/activities/3024428057
1/19/2020|34.81|01:16:22|50|0|125|477|14|32%|0|0|27.4|40.3|75|132|0|0|104|661|532|22|01:56:08|SRM PC8|https://www.strava.com/activities/3023653333
1/18/2020|44.39|01:48:31|800|0|177|961|40|45%|0|0|24.5|71.3|72|103|0|0|148|1001|1,071|27|02:31:04|SRM PC8|https://www.strava.com/activities/3020705443
1/17/2020|87.17|02:50:09|148|0|183|1422|66|47%|0|0|30.7|59.8|75|148|99|177|139|1290|1,586|24|03:11:10|SRM PC8|https://www.strava.com/activities/3018195552
1/16/2020|128.77|04:06:18|2257|0|228|2828|156|58%|0|0|31.4|77.8|77|190|121|185|191|1268|3,153|22|04:46:10|SRM PC8|https://www.strava.com/activities/3015343319
1/15/2020|89.68|03:10:33|1714|0|225|2212|118|57%|0|0|28.2|88.6|81|153|128|184|193|1199|2,466|28|03:43:18|SRM PC8|https://www.strava.com/activities/3012584527
1/14/2020|61.65|01:57:30|108|0|181|1070|46|46%|0|0|31.5|46.1|82|156|101|158|152|753|1,193|33|03:03:32|SRM PC8|https://www.strava.com/activities/3009603796
1/13/2020|61.73|01:54:58|112|0|223|1304|69|57%|0|0|32.2|47.5|83|120|0|0|189|956|1,454|33|02:34:38|SRM PC8|https://www.strava.com/activities/3006825837
1/9/2020|117.17|03:53:25|275|0|220|2888|129|56%|0|0|30.1|51.1|84|106|133|179|206|712|3,220|12|04:21:13|SRM PC8|https://www.strava.com/activities/2996052853
1/8/2020|46.52|01:32:58|272|0|0|0|0||186|1040|30|47.5|0|0|137|177|0|0|1,160|12|01:37:14|SRM PC8|https://www.strava.com/activities/2993478979
1/5/2020|131.44|04:01:36|643|0|224|2845|138|57%|0|0|32.6|61.2|84|107|124|240|196|1158|3,172|7|04:39:09|SRM PC8|https://www.strava.com/activities/2984518377
1/4/2020|162.85|05:03:28|832|0|257|4244|226|65%|0|0|32.2|74.2|85|107|144|202|233|1026|4,732|7|05:45:41|SRM PC8|https://www.strava.com/activities/2981342809
1/3/2020|92.26|02:59:57|196|0|221|2277|100|56%|0|0|30.8|51.8|86|123|140|186|211|1328|2,539|9|03:17:49|SRM PC8|https://www.strava.com/activities/2978120797
1/2/2020|59.52|02:00:58|174|0|205|1476|60|52%|0|0|29.5|42.5|86|111|128|152|203|807|1,646|4|02:34:52|SRM PC8|https://www.strava.com/activities/2978120710
3/19/2020|28.39|00:56:09|102|0|204|682|27|52%|0|0|30.3|44.6|86|109|0|0|203|547|761|18|01:33:09|SRM PC8|https://www.strava.com/activities/3203330299
3/14/2020|50.47|01:52:54|136|0|177|1141|39|45%|0|0|26.8|38.9|79|99|0|0|168|585|1,272|13|02:02:35|SRM PC8|https://www.strava.com/activities/3181787274
3/13/2020|106.04|03:37:46|897|0|217|2527|113|55%|0|0|29.2|97.9|77|122|0|0|193|841|2,818|12|03:45:12|SRM PC8|https://www.strava.com/activities/3179550173
3/8/2020|95.76|03:08:50|452|0|234|2324|115|60%|0|0|30.4|57.6|80|104|134|181|205|927|2,591|11|03:53:11|SRM PC8|https://www.strava.com/activities/3165884120
3/7/2020|128.56|04:30:24|2365|0|254|3475|195|65%|0|0|28.5|87.8|78|106|135|179|214|724|3,875|8|04:40:30|SRM PC8|https://www.strava.com/activities/3162280454
3/6/2020|31.82|01:00:26|223|0|164|586|17|42%|0|0|31.6|54.4|89|100|0|0|162|326|560||01:00:26|Zwift|https://www.strava.com/activities/3158531581
3/5/2020|52.15|01:31:15|360|0|234|1094|55|60%|0|0|34.3|63.4|87|116|0|0|200|849|1,049||01:33:24|Zwift|https://www.strava.com/activities/3156122735
3/3/2020|73.17|02:27:25|256|0|191|1658|62|49%|0|0|29.8|59.8|83|104|129|150|187|695|1,848|9|03:09:17|SRM PC8|https://www.strava.com/activities/3150664666
3/2/2020|29.83|01:00:03|104|0|189|689|24|48%|0|0|29.8|41.8|85|100|0|0|191|449|768|11|01:04:06|SRM PC8|https://www.strava.com/activities/3150664540
3/21/2020|63.46|02:05:32|162|0|221|1589|67|56%|0|0|30.3|48.2|80|101|0|0|211|731|1,772|11|02:07:54|SRM PC8|https://www.strava.com/activities/3203330374
3/12/2020|101.34|03:22:15|389|0|225|2501|114|57%|0|0|30.1|58.3|81|120|0|0|206|1319|2,789|13|03:49:47|SRM PC8|https://www.strava.com/activities/3177417325
3/11/2020|60.28|01:57:27|234|0|209|1380|58|53%|0|0|30.8|48.2|81|100|122|167|196|790|1,539|15|02:04:53|SRM PC8|https://www.strava.com/activities/3175460590
3/9/2020|195.73|06:05:33|975|0|227|4714|216|58%|0|0|32.1|90.7|81|116|131|198|215|1378|5,256|10|06:59:05|SRM PC8|https://www.strava.com/activities/3168563469
3/4/2020|125.42|04:01:21|593|0|217|3045|127|55%|0|0|31.2|65.5|81|106|134|166|210|1007|3,396|9|04:18:40|SRM PC8|https://www.strava.com/activities/3153679688
5/30/2020|68.9|02:22:24|212|0|179|1443|51|46%|0|0|29|42.5|83|117|0|0|169|772|1,609|24|02:43:56|SRM PC8|https://www.strava.com/activities/3538346507
5/27/2020|132.18|04:29:59|2448|0|262|3576|206|67%|0|0|29.4|80.6|75|119|145|190|221|1222|3,988|24|05:03:37|SRM PC8|https://www.strava.com/activities/3520470726
5/23/2020|103.13|03:33:15|555|0|211|2336|105|54%|0|0|29|61.9|80|107|127|179|183|947|2,604|18|04:08:05|SRM PC8|https://www.strava.com/activities/3498278951
5/20/2020|23.4|00:46:19|68|0|190|519|20|48%|0|0|30.3|42.5|86|105|0|0|187|650|579|25|01:28:20|SRM PC8|https://www.strava.com/activities/3487696225
5/16/2020|40.91|01:24:29|200|0|192|911|35|49%|0|0|29.1|52.6|83|99|0|0|180|858|1,016|18|01:37:35|SRM PC8|https://www.strava.com/activities/3462757575
5/31/2020|65.2|02:36:59|404|0|0|0|0||120|1131|24.9|61.9|0|0|145|191|0|0|1,261|21|03:04:53|SRM PC8|https://www.strava.com/activities/3540569983
5/28/2020|155.51|04:43:00|402|0|197|3233|124|50%|0|0|33|55.4|87|112|124|159|190|1196|3,604|21|05:21:11|SRM PC8|https://www.strava.com/activities/3525576162
5/26/2020|99.51|03:03:47|296|0|228|2429|106|58%|0|0|32.5|51.8|86|128|142|183|220|1302|2,708|23|03:18:15|SRM PC8|https://www.strava.com/activities/3514360518
5/25/2020|36.05|01:25:32|184|0|139|652|19|35%|0|0|25.3|62.6|81|103|50|189|127|587|727|24|01:38:33|SRM PC8|https://www.strava.com/activities/3514360293
5/22/2020|129.46|04:16:24|2332|0|272|3580|208|69%|0|0|30.3|95.8|78|135|150|199|233|1320|3,992|24|04:24:04|SRM PC8|https://www.strava.com/activities/3493506686
5/21/2020|113.82|03:22:21|264|0|238|2606|132|61%|0|0|33.7|61.9|86|112|150|205|215|1114|2,906|25|04:10:55|SRM PC8|https://www.strava.com/activities/3487682400
5/19/2020|111.83|03:31:32|624|0|223|2683|119|57%|0|0|31.7|63.4|84|133|137|213|211|942|2,992|23|03:50:28|SRM PC8|https://www.strava.com/activities/3476967009
5/18/2020|98.05|03:03:37|314|0|224|2339|100|57%|0|0|32|62.6|83|123|0|0|212|1355|2,608|21|03:06:30|SRM PC8|https://www.strava.com/activities/3471722012
5/17/2020|94.22|02:55:51|432|0|217|2152|94|55%|0|0|32.2|51.1|83|110|132|175|204|1028|2,399|20|03:24:01|SRM PC8|https://www.strava.com/activities/3467403615
5/8/2020|227.53|07:10:55|2474|0|256|5823|319|65%|0|0|31.7|67|79|117|142|190|225|1305|6,493|23|08:17:34|SRM PC8|https://www.strava.com/activities/3419352885
5/6/2020|200.91|06:31:07|1291|0|232|5021|240|59%|0|0|30.8|76.3|78|106|145|214|214|986|5,599|19|07:46:03|SRM PC8|https://www.strava.com/activities/3408039447
6/30/2020|121.59|03:57:28|405|0|216|2818|127|55%|0|0|30.7|61.9|83|109|132|239|198|1100|3,142|22|04:45:33|SRM PC8|https://www.strava.com/activities/3693202922
6/29/2020|128.89|04:34:25|2356|0|270|3501|222|69%|0|0|28.2|77|80|112|130|185|213|724|3,904|18|04:41:18|SRM PC8|https://www.strava.com/activities/3688153141
6/20/2020|57.42|01:55:53|354|0|219|1264|61|56%|0|0|29.7|64.1|82|121|0|0|182|1085|1,409|22|02:43:13|SRM PC8|https://www.strava.com/activities/3652521963
6/18/2020|146.88|05:11:17|2689|0|250|3876|221|64%|0|0|28.3|90|75|129|138|191|208|1278|4,321|21|06:12:09|SRM PC8|https://www.strava.com/activities/3634237626
6/16/2020|28.51|00:56:16|58|0|181|607|21|46%|0|0|30.4|44.6|99|116|0|0|180|564|676|26|01:45:35|SRM PC8|https://www.strava.com/activities/3634236761
6/15/2020|129.88|04:27:18|2310|0|262|3306|202|67%|0|0|29.2|86.4|79|120|136|187|206|989|3,686|21|04:33:05|SRM PC8|https://www.strava.com/activities/3618282020
6/14/2020|99.9|03:13:53|214|0|206|2083|91|52%|0|0|30.9|77|85|118|126|217|179|1408|2,323|22|03:26:17|SRM PC8|https://www.strava.com/activities/3614485765
6/13/2020|93.48|03:03:05|276|0|218|2126|100|55%|0|0|30.6|58.3|84|111|127|180|194|1210|2,371|24|03:52:17|SRM PC8|https://www.strava.com/activities/3608808876
6/12/2020|59.95|02:16:04|1036|0|234|1572|85|60%|0|0|26.4|71.3|78|106|134|185|193|703|1,752|24|02:26:54|SRM PC8|https://www.strava.com/activities/3608808756
6/11/2020|30.12|01:00:03|84|0|192|660|25|49%|0|0|30.1|42.5|94|113|0|0|183|683|736|20|01:20:14|SRM PC8|https://www.strava.com/activities/3597529078
6/10/2020|31.16|01:00:30|76|0|198|719|27|50%|0|0|30.9|46.4|95|113|0|0|198|614|802|15|01:05:42|SRM PC8|https://www.strava.com/activities/3597529072
6/8/2020|155.87|05:01:01|930|0|213|3664|151|54%|0|0|31.1|56.9|84|106|127|166|203|949|4,086|16|05:10:10|SRM PC8|https://www.strava.com/activities/3582496626
6/7/2020|146.35|05:08:40|2683|0|261|4133|237|66%|0|0|28.4|84.2|76|107|134|191|223|1046|4,608|17|05:48:24|SRM PC8|https://www.strava.com/activities/3578691205
6/6/2020|112.78|03:50:29|676|0|206|2529|108|52%|0|0|29.4|63.4|82|116|128|248|183|1066|2,819|17|04:11:02|SRM PC8|https://www.strava.com/activities/3571828376
6/3/2020|127.13|04:24:06|2218|0|267|3489|212|68%|0|0|28.9|87.1|74|117|138|192|220|951|3,890|21|04:58:23|SRM PC8|https://www.strava.com/activities/3558372121
6/1/2020|16.94|00:35:02|48|0|194|352|15|49%|0|0|29|47.5|88|111|0|0|167|970|392|29|01:38:46|SRM PC8|https://www.strava.com/activities/3552646713
6/28/2020|107.62|03:23:37|328|0|218|2468|104|55%|0|0|31.7|51.1|87|124|129|181|202|1304|2,752|20|03:26:28|SRM PC8|https://www.strava.com/activities/3683551379
6/27/2020|50.58|01:43:54|282|0|186|985|40|47%|0|0|29.2|51.1|83|108|119|171|158|968|1,098|27|02:46:32|SRM PC8|https://www.strava.com/activities/3683551193
6/26/2020|39.09|01:22:04|124|0|163|775|24|41%|0|0|28.6|53.3|85|105|116|139|157|558|864|30|02:03:34|SRM PC8|https://www.strava.com/activities/3683551106
6/25/2020|128.4|04:07:02|2096|0|266|3183|197|68%|0|0|31.2|87.8|83|125|139|194|215|911|3,550|27|04:19:26|SRM PC8|https://www.strava.com/activities/3669563273
6/24/2020|180.17|06:00:39|3177|0|248|4256|246|63%|0|0|30|76.3|80|120|134|213|197|1303|4,745|29|06:18:59|SRM PC8|https://www.strava.com/activities/3664865935
6/23/2020|148.34|04:49:11|2680|0|261|3711|217|66%|0|0|30.8|80.6|82|116|146|191|214|1365|4,138|27|05:12:48|SRM PC8|https://www.strava.com/activities/3659614595
6/21/2020|46.89|01:35:58|294|0|194|889|42|49%|0|0|29.3|62.6|86|106|0|0|154|960|991|25|02:57:18|SRM PC8|https://www.strava.com/activities/3652521928
6/19/2020|107.07|03:34:48|320|0|184|2284|85|47%|0|0|29.9|46.1|80|105|117|153|177|1007|2,546|24|04:33:14|SRM PC8|https://www.strava.com/activities/3638926252
6/4/2020|188.84|05:32:26|446|0|223|4127|184|57%|0|0|34.1|64.1|84|121|131|180|207|1138|4,601|14|05:42:57|SRM PC8|https://www.strava.com/activities/3562737782
6/2/2020|136.92|04:09:36|304|0|235|3194|157|60%|0|0|32.9|59|87|127|151|190|213|1457|3,561|29|05:32:17|SRM PC8|https://www.strava.com/activities/3552647235
7/26/2020|30.24|01:02:03|102|0|153|544|17|39%|0|0|29.2|43.9|86|99|0|0|146|625|606|23|01:23:43|SRM PC8|https://www.strava.com/activities/3827251175
7/25/2020|128.51|04:27:46|2309|0|270|3563|221|69%|0|0|28.8|95|76|116|131|249|222|1134|3,973|23|05:19:26|SRM PC8|https://www.strava.com/activities/3811872168
7/24/2020|98.42|02:27:56|260|0|256|2066|110|65%|0|0|39.9|70.6|90|113|147|187|233|1273|2,304|24|02:41:53|SRM PC8|https://www.strava.com/activities/3808018789
7/22/2020|38.29|01:20:05|78|0|194|903|33|49%|0|0|28.7|37.4|85|103|0|0|188|826|1,007|21|02:18:34|SRM PC8|https://www.strava.com/activities/3808018683
7/20/2020|140.57|05:40:21|3599|0|247|4428|236|63%|0|0|24.8|95|72|120|135|173|217|1300|4,937|27|06:06:10|SRM PC8|https://www.strava.com/activities/3791118898
7/19/2020|28.81|01:09:22|408|0|182|678|25|46%|0|0|24.9|86.4|77|109|0|0|163|352|756|22|01:12:03|SRM PC8|https://www.strava.com/activities/3791116706
7/16/2020|26.53|00:28:09|809|0|227|335|29|58%|0|0|56.6|67|78|115|110|158|198|1156|374|14|01:25:44|SRM PC8|https://www.strava.com/activities/3769988219
7/13/2020|7.84|00:27:25|355|0|232|372|15|59%|0|0|17.2|41.8|71|88|130|143|226|483|414|22|00:27:25|SRM PC8|https://www.strava.com/activities/3757686911
7/13/2020|8.23|00:13:13|18|0|99|39|1|25%|0|0|37.4|67.7|62|80|89|130|49|430|44|17|00:13:13|SRM PC8|https://www.strava.com/activities/3757686830
7/10/2020|35.6|01:09:02|407|0|184|600|30|47%|0|0|30.9|74.9|78|107|116|152|145|619|669|26|01:46:03|SRM PC8|https://www.strava.com/activities/3740340841
7/9/2020|115.12|04:07:31|2126|0|212|2602|128|54%|0|0|27.9|104.4|79|117|133|169|175|845|2,902|25|04:31:54|SRM PC8|https://www.strava.com/activities/3736496903
7/8/2020|43.48|01:19:48|427|0|204|841|37|52%|0|0|32.7|108.7|81|121|128|163|176|1202|938|24|01:25:37|SRM PC8|https://www.strava.com/activities/3731662494
7/4/2020|37.51|00:54:32|435|0|300|916|53|76%|0|0|41.3|73.8|91|112|179|192|280|677|996||00:54:59|Zwift|https://www.strava.com/activities/3712545875
7/31/2020|33.63|01:03:11|232|0|217|730|32|55%|0|0|31.9|54|84|113|123|176|192|1148|814|34|01:04:57|SRM PC8|https://www.strava.com/activities/3849862678
7/30/2020|56.84|01:53:31|220|0|202|1258|52|51%|0|0|30|51.8|86|131|127|179|185|847|1,403|25|03:03:12|SRM PC8|https://www.strava.com/activities/3849864077
7/28/2020|176.02|04:57:30|656|0|245|4116|202|62%|0|0|35.5|66.2|86|111|133|185|231|1358|4,590|24|06:58:34|SRM PC8|https://www.strava.com/activities/3827251862
7/27/2020|63.32|02:02:01|301|0|196|1369|52|50%|0|0|31.1|59|84|106|124|155|187|749|1,526|26|02:05:30|SRM PC8|https://www.strava.com/activities/3827251456
7/18/2020|188.68|07:07:16|4545|0|250|5304|313|64%|0|0|26.5|92.2|74|154|134|229|207|1265|5,914|20|08:01:51|SRM PC8|https://www.strava.com/activities/3781425057
7/17/2020|8.23|00:28:19|360|0|221|360|14|56%|0|0|17.4|43.9|70|102|139|164|212|888|402|16|00:28:36|SRM PC8|https://www.strava.com/activities/3776832362
7/17/2020|48.78|01:20:17|460|0|289|959|84|74%|0|0|36.5|57.6|80|106|131|216|199|1136|1,069|17|01:38:23|SRM PC8|https://www.strava.com/activities/3776838554
7/17/2020|57.5|02:04:47|1414|0|256|1446|96|65%|0|0|27.7|82.8|70|111|128|178|193|820|1,612|18|02:20:41|SRM PC8|https://www.strava.com/activities/3776838604
7/15/2020|134.39|03:46:38|1166|0|232|2386|148|59%|0|0|35.6|82.8|79|143|124|211|175|1203|2,660|15|04:22:44|SRM PC8|https://www.strava.com/activities/3766924537
7/14/2020|164.05|05:43:47|2725|0|238|3768|231|61%|0|0|28.6|92.2|74|117|125|247|183|1018|4,201|17|06:28:43|SRM PC8|https://www.strava.com/activities/3761399628
7/13/2020|16.03|00:31:56|68|0|194|289|17|49%|0|0|30.1|61.2|74|107|95|140|151|912|322|20|01:10:44|SRM PC8|https://www.strava.com/activities/3757686948
7/12/2020|122.72|04:54:49|3592|0|252|3659|217|64%|0|0|25|100.1|71|149|140|234|207|1099|4,079|23|05:41:20|SRM PC8|https://www.strava.com/activities/3751631250
7/11/2020|127.04|03:52:37|3537|0|215|2478|132|55%|0|0|32.8|108|80|131|136|244|178|1365|2,763|12|04:27:05|SRM PC8|https://www.strava.com/activities/3745649121
7/8/2020|58.97|01:52:27|675|0|217|1211|57|55%|0|0|31.5|79.2|83|119|118|163|179|977|1,350|20|01:57:01|SRM PC8|https://www.strava.com/activities/3731662763
7/7/2020|79.19|02:27:46|1081|0|201|1475|72|51%|0|0|32.2|95|79|118|126|161|166|787|1,645|20|02:47:12|SRM PC8|https://www.strava.com/activities/3726371244
7/3/2020|71.99|02:25:14|270|0|195|1621|65|50%|0|0|29.7|51.8|83|128|135|176|186|1313|1,807|20|03:06:38|SRM PC8|https://www.strava.com/activities/3713674904
8/31/2020|26.39|00:52:40|94|0|194|589|21|49%|0|0|30.1|46.1|85|102|0|0|186|649|656|21|00:52:59|SRM PC8|https://www.strava.com/activities/4006126431
8/30/2020|206.01|04:53:41|1586|0|291|4383|270|74%|0|0|42.1|83.5|82|184|136|186|249|1095|4,887|19|04:56:29|SRM PC8|https://www.strava.com/activities/3988960286
8/26/2020|126|04:10:20|1055|0|244|3138|169|62%|0|0|30.2|64.1|81|103|125|184|209|872|3,499|20|04:24:57|SRM PC8|https://www.strava.com/activities/3968176624
8/25/2020|55.48|02:06:48|396|0|0|0|0||163|1240|26.3|53.3|0|0|141|183|0|0|1,383|19|02:32:26|SRM PC8|https://www.strava.com/activities/3963527810
8/24/2020|60.29|02:00:28|152|0|194|1355|49|49%|0|0|30|48.2|80|104|0|0|187|769|1,511|21|02:04:00|SRM PC8|https://www.strava.com/activities/3963527756
8/22/2020|29.8|00:59:41|38|0|181|638|22|46%|0|0|30|45.4|82|97|0|0|178|513|712|25|01:12:54|SRM PC8|https://www.strava.com/activities/3949687167
8/16/2020|37.96|01:16:13|98|0|178|779|27|45%|0|0|29.9|59.8|82|120|0|0|170|689|868|31|01:51:13|SRM PC8|https://www.strava.com/activities/3932768056
8/15/2020|131.17|03:11:42|262|0|262|2843|153|67%|0|0|41.1|65.5|87|108|138|174|247|997|3,170|26|04:01:55|SRM PC8|https://www.strava.com/activities/3916723798
8/14/2020|35.71|01:13:13|206|0|209|848|36|53%|0|0|29.3|49.7|77|107|0|0|193|661|946|26|01:18:25|SRM PC8|https://www.strava.com/activities/3916723161
8/13/2020|124.2|04:07:54|1885|0|279|3369|214|71%|0|0|30.1|70.6|75|99|130|181|227|895|3,757|27|04:29:54|SRM PC8|https://www.strava.com/activities/3907101452
8/10/2020|36.83|01:15:09|190|0|200|830|34|51%|0|0|29.4|52.6|84|103|0|0|184|596|925|33|01:20:31|SRM PC8|https://www.strava.com/activities/3902800138
8/3/2020|12.49|00:19:43|14|0|88|60|1|22%|0|0|38|72|65|100|100|123|51|456|67|18|00:19:43|SRM PC8|https://www.strava.com/activities/3860103346
8/2/2020|182.59|04:37:23|2259|0|285|4085|249|73%|0|0|39.5|82.1|85|172|141|192|245|1104|4,554|28|04:43:21|SRM PC8|https://www.strava.com/activities/3854871303
8/1/2020|190.44|04:46:33|2197|0|256|3513|204|65%|0|0|39.9|90|83|126|155|198|204|1179|3,917|38|04:49:12|SRM PC8|https://www.strava.com/activities/3849865909
8/29/2020|194.19|04:43:06|1825|0|328|4944|330|83%|0|0|41.2|88.6|87|196|152|191|291|1163|5,512|18|04:45:51|SRM PC8|https://www.strava.com/activities/3983095817
8/21/2020|170|04:09:35|2021|0|302|3724|246|77%|0|0|40.9|83.5|83|125|138|183|249|1248|4,152|24|04:10:09|SRM PC8|https://www.strava.com/activities/3949688031
8/20/2020|182.07|04:46:58|3001|0|283|4158|247|72%|0|0|38.1|81.4|82|119|148|194|242|1162|4,637|34|04:46:58|SRM PC8|https://www.strava.com/activities/3941666356
8/19/2020|180.53|04:35:33|2024|0|276|3605|226|70%|0|0|39.3|77.8|81|124|140|191|218|1174|4,019|32|04:36:04|SRM PC8|https://www.strava.com/activities/3941666024
8/18/2020|192.14|04:54:52|2462|0|283|4238|256|72%|0|0|39.1|90|83|168|145|193|240|1102|4,726|26|04:56:34|SRM PC8|https://www.strava.com/activities/3932768755
8/17/2020|32.71|01:06:59|399|0|217|736|34|55%|0|0|29.3|59.8|75|161|117|172|183|917|821|24|01:07:45|SRM PC8|https://www.strava.com/activities/3932768220
8/12/2020|90.82|02:56:18|236|0|195|2014|77|50%|0|0|30.9|44.6|81|103|125|155|190|627|2,246|31|03:57:40|SRM PC8|https://www.strava.com/activities/3902800221
8/8/2020|317.99|07:50:19|2660|0|244|5675|306|62%|0|0|40.6|90.7|82|207|138|194|201|1162|6,327|35|07:57:30|SRM PC8|https://www.strava.com/activities/3887756207
8/7/2020|43.35|01:22:07|118|0|182|738|30|46%|0|0|31.7|56.9|80|160|0|0|150|940|822|30|01:24:59|SRM PC8|https://www.strava.com/activities/3877389060
8/5/2020|25.51|00:52:18|74|0|155|446|13|39%|0|0|29.3|38.9|80|101|0|0|142|808|498|31|00:52:49|SRM PC8|https://www.strava.com/activities/3870360562
8/4/2020|197.03|04:41:41|2088|0|281|4181|249|72%|0|0|42|82.8|84|237|137|178|247|1172|4,662|29|04:50:48|SRM PC8|https://www.strava.com/activities/3870360946
8/3/2020|167.26|05:16:46|3868|0|277|4722|263|70%|0|0|31.7|94.3|77|167|141|184|248|910|5,265|22|05:20:15|SRM PC8|https://www.strava.com/activities/3860103972
9/28/2020|11.72|00:52:36|839|0|270|730|41|69%|0|0|13.4|38.9|80|99|0|0|231|487|699||00:52:36|Zwift|https://www.strava.com/activities/4122899335
9/26/2020|30.14|01:00:23|171|0|141|499|13|36%|0|0|29.9|50.8|90|102|0|0|138|275|478||01:01:46|Zwift|https://www.strava.com/activities/4113972849
9/23/2020|22.66|00:50:29|82|0|149|425|12|38%|0|0|26.9|38.9|76|92|0|0|140|482|473|23|00:50:50|SRM PC8|https://www.strava.com/activities/4115875332
9/21/2020|14.16|00:28:58|16|0|170|293|9|43%|0|0|29.3|36|85|104|0|0|169|625|327|21|00:29:31|SRM PC8|https://www.strava.com/activities/4115875249
9/14/2020|10.67|00:20:53|8|0|170|196|7|43%|0|0|30.7|44.6|75|97|0|126|156|457|218|29|01:15:07|SRM PC8|https://www.strava.com/activities/4077571979
9/8/2020|201.18|05:03:54|1356|0|237|3331|183|60%|0|0|39.7|79.9|79|152|127|196|183|1159|3,714|34|05:04:54|SRM PC8|https://www.strava.com/activities/4036332757
9/7/2020|137.02|03:08:04|908|0|280|2614|163|71%|0|0|43.7|82.1|84|190|148|190|232|1113|2,914|31|03:14:35|SRM PC8|https://www.strava.com/activities/4025708358
9/6/2020|40.46|01:27:04|430|0|220|866|47|56%|0|0|27.9|51.8|75|158|114|175|166|1006|965|28|02:02:36|SRM PC8|https://www.strava.com/activities/4021858970
9/5/2020|59.26|01:27:17|200|0|267|1298|72|68%|0|0|40.7|61.2|90|119|141|229|248|1254|1,447|20|01:48:28|SRM PC8|https://www.strava.com/activities/4021859036
9/4/2020|31.47|01:07:07|76|0|183|696|25|47%|0|0|28.1|49.7|79|99|0|0|173|504|777|17|01:13:20|SRM PC8|https://www.strava.com/activities/4021858793
9/3/2020|122.2|04:29:35|2160|0|270|3308|221|69%|0|0|27.2|61.2|71|98|128|185|205|877|3,688|16|04:59:57|SRM PC8|https://www.strava.com/activities/4006127279
9/2/2020|56.62|01:56:07|164|0|182|1215|42|46%|0|0|29.3|44.6|80|101|0|0|174|1006|1,355|20|01:58:48|SRM PC8|https://www.strava.com/activities/4006126541
9/22/2020|234.34|05:20:48|1985|0|271|3585|255|69%|0|0|43.8|85|84|122|147|222|186|1228|3,997|23|05:22:04|SRM PC8|https://www.strava.com/activities/4115876127
9/20/2020|201.27|04:34:02|968|0|300|4162|265|76%|0|0|44.1|67.7|85|117|147|188|253|1239|4,640|26|04:34:40|SRM PC8|https://www.strava.com/activities/4089901010
9/19/2020|34.17|01:03:29|60|0|230|859|37|59%|0|0|32.3|43.9|84|100|0|0|226|898|958|19|01:04:34|SRM PC8|https://www.strava.com/activities/4089900485
9/18/2020|59.56|01:59:02|168|0|197|1364|53|50%|0|0|30|46.1|80|110|0|0|191|714|1,521|20|02:58:52|SRM PC8|https://www.strava.com/activities/4077572286
9/17/2020|48.21|01:36:56|206|0|210|1156|50|53%|0|0|29.8|46.1|78|99|0|0|199|909|1,289|19|02:39:18|SRM PC8|https://www.strava.com/activities/4077572155
9/14/2020|10.06|00:12:41|0|0|391|303|20|99%|0|0|47.6|60.5|93|101|0|0|398|712|338|30|00:12:41|SRM PC8|https://www.strava.com/activities/4077571947
9/13/2020|183.95|04:43:24|2670|0|299|4226|273|76%|0|0|38.9|90|79|153|139|178|249|1169|4,712|32|04:43:24|SRM PC8|https://www.strava.com/activities/4054495702
9/12/2020|173.38|04:03:24|1489|0|274|3290|198|70%|0|0|42.7|87.8|80|152|126|184|225|1176|3,668|31|04:03:49|SRM PC8|https://www.strava.com/activities/4049472510
9/11/2020|205.85|06:04:02|3752|0|285|5333|322|73%|0|0|33.9|85.7|77|133|138|181|244|1128|5,946|28|06:05:46|SRM PC8|https://www.strava.com/activities/4045338644
9/10/2020|198.35|05:18:35|2998|0|270|4278|253|69%|0|0|37.4|89.3|77|132|136|184|224|1209|4,770|30|05:21:16|SRM PC8|https://www.strava.com/activities/4040016834
9/9/2020|219.74|05:53:04|3070|0|263|4552|265|67%|0|0|37.3|85.7|77|159|134|195|215|1006|5,076|34|05:55:08|SRM PC8|https://www.strava.com/activities/4036332802
10/31/2020|67.39|02:16:37|156|0|197|1547|59|50%|0|0|29.6|49|89|129|119|171|189|1136|1,725|16|02:28:50|SRM PC8|https://www.strava.com/activities/4266820412
10/30/2020|45.35|01:34:41|100|0|179|991|34|46%|0|0|28.7|39.6|90|109|130|165|175|649|1,105|16|01:39:31|SRM PC8|https://www.strava.com/activities/4263815234
10/29/2020|38.91|01:20:24|174|0|201|937|36|51%|0|0|29|47.5|96|112|145|179|194|601|1,044|14|01:24:01|SRM PC8|https://www.strava.com/activities/4259702151
10/27/2020|39.04|01:20:11|100|0|186|854|30|47%|0|0|29.2|41.8|80|109|133|185|177|883|952|12|01:22:42|SRM PC8|https://www.strava.com/activities/4255421232
10/26/2020|44.99|01:36:32|222|0|187|1005|37|48%|0|0|28|43.9|84|108|138|171|173|738|1,120|13|01:38:11|SRM PC8|https://www.strava.com/activities/4246206028
10/24/2020|52.12|01:53:01|248|0|192|1182|46|49%|0|0|27.7|52.6|81|124|140|186|174|1129|1,317|14|02:05:22|SRM PC8|https://www.strava.com/activities/4237039740
11/30/2020|25.73|00:53:44|98|0|207|658|25|53%|0|0|28.7|41.8|88|101|0|0|204|550|734|2|00:54:59|SRM PC8|https://www.strava.com/activities/4421703370
11/28/2020|91.3|03:02:43|164|0|215|2164|91|55%|0|0|30|53.3|80|124|0|0|197|1331|2,413|10|03:03:22|SRM PC8|https://www.strava.com/activities/4403211246
11/26/2020|152.24|05:01:50|514|0|215|3861|157|55%|0|0|30.3|52.6|85|109|147|178|213|840|4,305|11|05:28:33|SRM PC8|https://www.strava.com/activities/4393109998
11/25/2020|124.65|04:30:33|2212|0|252|3623|192|64%|0|0|27.6|69.1|77|112|148|187|223|696|4,040|9|04:42:58|SRM PC8|https://www.strava.com/activities/4389347317
11/23/2020|28.12|00:59:35|92|0|192|670|24|49%|0|0|28.3|46.1|89|105|139|160|187|668|747|11|01:00:14|SRM PC8|https://www.strava.com/activities/4389346555
11/21/2020|27.57|00:58:55|106|0|225|632|34|57%|0|0|28.1|49.7|88|103|0|0|179|1015|704|11|01:03:43|SRM PC8|https://www.strava.com/activities/4368590979
11/20/2020|86.43|03:04:45|478|0|191|2018|76|49%|0|0|28.1|51.8|84|119|134|184|182|1248|2,250|9|03:19:15|SRM PC8|https://www.strava.com/activities/4366369261
11/19/2020|91.68|03:03:03|288|0|209|2202|90|53%|0|0|30.1|49|84|104|147|188|200|853|2,455|11|03:26:35|SRM PC8|https://www.strava.com/activities/4360322431
11/16/2020|30.5|01:05:58|132|0|224|740|36|57%|0|0|27.7|50.4|82|97|0|0|187|1177|825|13|01:07:26|SRM PC8|https://www.strava.com/activities/4345586205
11/15/2020|58.75|02:19:47|380|0|0|0|0||144|1209|25.2|56.9|0|0|146|188|0|0|1,348|16|02:21:06|SRM PC8|https://www.strava.com/activities/4341913043
11/14/2020|127.16|04:11:59|640|0|221|3101|139|56%|0|0|30.3|58.3|88|120|114|215|205|1141|3,457|16|04:32:50|SRM PC8|https://www.strava.com/activities/4336395603
11/13/2020|107.66|03:33:03|250|0|218|2729|116|55%|0|0|30.3|54.7|89|121|141|244|213|1285|3,043|14|04:21:31|SRM PC8|https://www.strava.com/activities/4331406135
11/7/2020|107.06|03:29:39|366|0|216|2489|107|55%|0|0|30.6|51.8|88|112|133|188|198|887|2,775|14|03:41:57|SRM PC8|https://www.strava.com/activities/4301326073
11/29/2020|79.73|03:04:29|537|0|0|0|0||153|1696|25.9|70.6|0|0|162|228|0|0|1,891|3|03:11:45|SRM PC8|https://www.strava.com/activities/4408326697
11/27/2020|49.77|01:41:09|208|0|205|1190|46|52%|0|0|29.5|52.6|87|108|136|172|196|865|1,326|7|01:42:17|SRM PC8|https://www.strava.com/activities/4397475548
11/22/2020|83.08|03:16:22|608|0|0|0|0||155|1825|25.4|56.9|0|0|169|202|0|0|2,035|9|03:25:57|SRM PC8|https://www.strava.com/activities/4375705149
11/18/2020|128.38|04:41:46|2349|0|252|3599|195|64%|0|0|27.3|71.3|76|110|153|192|213|1228|4,013|15|05:13:47|SRM PC8|https://www.strava.com/activities/4356781723
11/12/2020|48.73|01:40:09|252|0|209|1210|48|53%|0|0|29.2|46.8|96|118|140|177|201|876|1,349|14|01:43:14|SRM PC8|https://www.strava.com/activities/4331405730
11/10/2020|78.67|02:35:47|250|0|211|1880|78|54%|0|0|30.3|43.2|89|109|144|252|201|895|2,096|15|02:44:14|SRM PC8|https://www.strava.com/activities/4319716052
11/9/2020|24.24|00:58:39|92|0|0|0|0||121|425|24.8|57.6|0|0|122|175|0|0|474|16|00:58:39|SRM PC8|https://www.strava.com/activities/4312033515
11/8/2020|76.05|02:48:16|373|0|0|0|0||149|1502|27.1|53.3|0|0|144|232|0|0|1,674|11|02:52:33|SRM PC8|https://www.strava.com/activities/4308273499
11/6/2020|58.07|02:23:51|338|0|0|0|0||131|1131|24.2|53.3|0|0|161|197|0|0|1,261|11|02:56:47|SRM PC8|https://www.strava.com/activities/4296979977
11/4/2020|88.24|02:49:52|274|0|230|2316|101|59%|0|0|31.2|43.9|86|108|154|180|227|925|2,582|11|02:56:09|SRM PC8|https://www.strava.com/activities/4284670045
11/3/2020|65.52|02:14:44|238|0|213|1620|66|54%|0|0|29.2|49.7|86|108|142|187|200|703|1,807|12|02:16:42|SRM PC8|https://www.strava.com/activities/4280155587
11/2/2020|44.72|01:33:49|178|0|184|999|35|47%|0|0|28.6|43.9|88|112|141|170|177|1053|1,113|20|01:45:03|SRM PC8|https://www.strava.com/activities/4277880963
12/31/2020|50.23|01:30:22|389|0|201|1032|39|51%|0|0|33.4|71.3|93|110|0|0|190|455|986||01:30:50|Zwift|https://www.strava.com/activities/4543023816
12/29/2020|61.24|02:02:19|176|0|203|1455|56|52%|0|0|30|42.5|85|112|136|161|198|610|1,622|5|02:14:59|SRM PC8|https://www.strava.com/activities/4544711629
12/27/2020|27.14|00:50:33|128|0|171|512|16|44%|0|0|32.2|55.4|88|99|0|0|169|433|489||00:50:33|Zwift|https://www.strava.com/activities/4522947082
12/26/2020|47.62|01:39:08|200|0|199|1127|43|51%|0|0|28.8|48.2|86|100|125|160|189|668|1,256|5|01:40:41|SRM PC8|https://www.strava.com/activities/4523531510
12/18/2020|156.72|05:05:55|342|0|214|3794|154|54%|0|0|30.7|58.3|88|109|129|251|207|791|4,230|10|05:22:53|SRM PC8|https://www.strava.com/activities/4487319153
12/17/2020|90.96|03:02:14|275|0|210|2250|90|53%|0|0|29.9|46.1|84|107|125|161|206|729|2,509|11|03:12:09|SRM PC8|https://www.strava.com/activities/4483745593
12/14/2020|44.85|01:30:34|102|0|206|1093|44|52%|0|0|29.7|40.3|87|106|0|0|201|652|1,219|12|01:52:17|SRM PC8|https://www.strava.com/activities/4480089363
12/12/2020|200.79|06:10:57|1495|0|240|4639|240|61%|0|0|32.5|72.7|80|118|136|185|208|1327|5,173|12|06:30:59|SRM PC8|https://www.strava.com/activities/4463137914
12/10/2020|142.8|04:45:03|571|0|213|3489|143|54%|0|0|30.1|50.4|84|104|136|172|204|796|3,890|4|04:55:15|SRM PC8|https://www.strava.com/activities/4455928321
12/9/2020|63.1|02:07:41|216|0|199|1507|58|51%|0|0|29.7|49|87|105|125|149|197|599|1,681|2|02:20:16|SRM PC8|https://www.strava.com/activities/4455927943
12/8/2020|30.37|01:03:23|110|0|191|710|26|49%|0|0|28.7|46.1|88|111|142|163|187|569|792|4|01:05:56|SRM PC8|https://www.strava.com/activities/4455927678
12/6/2020|58.86|02:21:37|390|0|0|0|0||144|1220|24.9|48.2|0|0|151|184|0|0|1,361|1|02:36:43|SRM PC8|https://www.strava.com/activities/4436895979
12/4/2020|94.82|03:11:47|500|0|218|2359|103|55%|0|0|29.7|55.4|82|118|136|185|205|1218|2,630|8|03:36:15|SRM PC8|https://www.strava.com/activities/4428698048
12/3/2020|31.96|01:09:55|170|0|189|761|28|48%|0|0|27.4|49|82|107|120|205|181|795|848|7|01:30:25|SRM PC8|https://www.strava.com/activities/4424558063
12/2/2020|146.95|04:53:31|216|0|223|3873|170|57%|0|0|30|46.8|85|109|0|0|220|789|4,318|7|05:33:31|SRM PC8|https://www.strava.com/activities/4421704322
12/28/2020|172.27|05:42:04|718|0|219|4255|186|56%|0|0|30.2|59.8|86|112|131|243|207|768|4,744|5|06:01:42|SRM PC8|https://www.strava.com/activities/4529861353
12/27/2020|42.2|00:59:54|208|0|303|946|61|77%|0|0|42.3|59.8|91|112|0|0|263|840|994||01:02:23|Zwift|https://www.strava.com/activities/4523430893
12/25/2020|125.33|04:01:22|380|0|245|3352|158|62%|0|0|31.2|54|88|110|136|174|231|690|3,737|5|04:06:34|SRM PC8|https://www.strava.com/activities/4515751792
12/24/2020|62.76|01:42:10|482|0|242|1339|65|62%|0|0|36.9|68|90|119|0|0|218|797|1,283||01:42:10|Zwift|https://www.strava.com/activities/4512398942
12/20/2020|61.7|02:23:56|328|0|0|0|0||143|1234|25.7|53.3|0|0|152|193|0|0|1,376|9|02:26:24|SRM PC8|https://www.strava.com/activities/4495498541
12/19/2020|43.46|01:27:07|238|0|219|1089|48|56%|0|0|29.9|50.4|86|103|132|176|208|703|1,214|12|01:32:46|SRM PC8|https://www.strava.com/activities/4495498640
12/16/2020|190.2|06:05:58|772|0|228|4829|215|58%|0|0|31.2|68.4|86|113|146|237|220|1183|5,384|9|06:50:15|SRM PC8|https://www.strava.com/activities/4480090138
12/13/2020|114.15|03:42:05|1384|0|235|2537|137|60%|0|0|30.8|66.2|80|108|125|171|190|997|2,829|12|03:54:28|SRM PC8|https://www.strava.com/activities/4467320793
12/5/2020|154.36|05:03:51|496|0|220|3802|162|56%|0|0|30.5|61.9|84|107|139|175|209|924|4,240|6|05:18:31|SRM PC8|https://www.strava.com/activities/4432727037
loaded urls in 4.10:11:51.6379496
