date|distance|mov_time|elevation|relativeEffort|avg_power_weig|work_total|training_load|intensity|estAvgPower|energyOutput|avg_speed|max_speed|avg_cadence|max_cadence|avg_heartRate|max_heartRate|avg_power|max_power|avg_calories|avg_temperature|avg_elap_time|bicycle_model|url
1/31/2019|146.03|04:22:55|996|0|254|3796|164|60%|0|0|33.3|56.9|85|123|138|166|241|793|3,793|9|04:45:40|Garmin Edge 1030|https://www.strava.com/activities/2115952434
1/30/2019|68.34|02:12:46|569|0|280|1769|99|66%|0|0|30.9|58|81|114|128|177|222|922|1,757|8|02:16:54|Garmin Edge 1030|https://www.strava.com/activities/2113662632
1/29/2019|139.37|04:23:28|1442|0|293|4047|218|69%|0|0|31.7|77.8|82|118|141|184|256|767|4,036|4|04:36:04|Garmin Edge 1030|https://www.strava.com/activities/2111774929
1/24/2019|96.45|03:17:52|759|0|205|2252|82|48%|0|0|29.2|58.3|80|112|120|174|190|896|2,247|9|04:37:35|Garmin Edge 1030|https://www.strava.com/activities/2100806179
1/23/2019|0|00:00:00|0|0|0|0|0||0|0|0.4|0.7|0|0|0|0|0|0|2|0|00:00:06|Garmin Edge 1030|https://www.strava.com/activities/2099416206
1/23/2019|37.45|01:36:31|295|0|0|0|0||219|1269|23.3|46.1|0|0|114|140|0|0|889|8|02:05:43|Garmin Edge 1030|https://www.strava.com/activities/2099416255
1/22/2019|24.3|01:00:37|252|0|146|473|12|34%|0|0|24.1|49.7|78|115|0|0|130|708|471|15|01:52:51|Garmin Edge 1030|https://www.strava.com/activities/2099416157
1/15/2019|16.11|00:44:30|151|0|120|205|6|28%|0|0|21.7|46.8|57|111|95|118|77|535|353|9|01:41:33|Garmin Edge 1030|https://www.strava.com/activities/2080807397
1/10/2019|13.16|00:31:08|139|0|174|309|10|41%|0|0|25.4|45.7|75|123|0|0|165|871|306|14|01:51:07|Garmin Edge 1030|https://www.strava.com/activities/2070313886
1/9/2019|96.37|03:07:47|724|0|0|0|0||189|2127|30.8|59.8|0|0|0|0|0|0|3,671|11|03:15:55|Garmin Edge 520|https://www.strava.com/activities/2067166089
1/8/2019|200.68|06:19:56|2310|0|253|5201|233|60%|0|0|31.7|66.2|83|127|0|0|228|858|5,202|19|06:59:21|Garmin Edge 1030|https://www.strava.com/activities/2065247235
1/6/2019|129.33|04:12:55|1568|0|247|3378|147|58%|0|0|30.7|66.2|80|115|0|0|223|1001|3,377|15|04:31:18|Garmin Edge 1030|https://www.strava.com/activities/2060809000
1/5/2019|98.08|03:43:16|1831|0|263|2718|149|62%|0|0|26.4|70.6|76|123|0|0|203|918|2,725|16|03:54:01|Garmin Edge 1030|https://www.strava.com/activities/2058071094
1/4/2019|141.79|04:31:59|1535|0|249|3911|164|59%|0|0|31.3|78.5|85|128|0|0|240|618|3,914|9|05:00:49|Garmin Edge 1030|https://www.strava.com/activities/2055549487
1/3/2019|39.43|01:33:53|346|0|186|940|32|44%|0|0|25.2|51.8|76|118|0|0|167|453|945|2|01:42:45|Garmin Edge 1030|https://www.strava.com/activities/2053158359
1/2/2019|21.43|00:41:56|224|0|172|416|11|40%|0|0|30.7|74.5|86|113|0|0|165|378|402||00:41:56|Zwift|https://www.strava.com/activities/2051127418
1/27/2019|79.5|02:57:18|1333|0|294|2237|145|69%|0|0|26.9|69.8|76|124|124|180|210|811|2,225|14|03:02:23|Garmin Edge 1030|https://www.strava.com/activities/2107691336
1/26/2019|213.01|06:26:45|2362|0|283|6017|302|67%|0|0|33|76|83|124|144|189|259|1026|6,000|10|07:20:55|Garmin Edge 1030|https://www.strava.com/activities/2105376467
1/25/2019|131.48|04:28:33|1725|0|226|3297|132|53%|0|0|29.4|67.3|80|119|126|172|205|765|3,291|7|05:02:37|Garmin Edge 1030|https://www.strava.com/activities/2102874225
1/19/2019|202.93|05:35:11|1798|0|292|5179|280|69%|0|0|36.3|70.6|84|122|147|183|257|1035|5,172|7|06:18:03|Garmin Edge 1030|https://www.strava.com/activities/2090073093
1/18/2019|189.8|06:06:07|1993|0|231|4734|188|54%|0|0|31.1|81|79|132|127|161|216|781|4,721|12|06:39:22|Garmin Edge 1030|https://www.strava.com/activities/2087575308
1/17/2019|125.47|03:58:22|1067|0|295|3249|200|69%|0|0|31.6|80.3|80|125|135|185|227|830|3,236|16|04:20:58|Garmin Edge 1030|https://www.strava.com/activities/2085510647
1/16/2019|152.34|04:53:18|1130|0|267|4287|198|63%|0|0|31.2|70.6|82|133|0|0|244|1085|4,272|8|05:01:23|Garmin Edge 1030|https://www.strava.com/activities/2083409842
1/14/2019|137.63|04:12:18|958|0|271|3583|179|64%|0|0|32.7|59|85|120|0|0|237|729|3,882|4|04:30:19|Garmin Edge 1030|https://www.strava.com/activities/2078686035
1/11/2019|161.7|05:03:54|1731|0|262|4341|208|62%|0|0|31.9|78.8|82|190|0|0|238|1217|4,396|9|05:45:05|Garmin Edge 1030|https://www.strava.com/activities/2071757122
2/28/2019|92.11|03:09:48|1245|0|228|2265|92|54%|0|0|29.1|79.2|80|131|120|153|199|915|2,274|16|03:10:51|Garmin Edge 1030|https://www.strava.com/activities/2181402745
2/27/2019|61.47|02:15:19|1086|0|299|1658|111|70%|0|0|27.3|61.2|75|123|124|181|204|924|1,661|16|02:16:26|Garmin Edge 1030|https://www.strava.com/activities/2178955430
2/26/2019|121.8|03:57:15|1459|0|290|3091|191|68%|0|0|30.8|60.5|82|117|131|187|217|642|3,079|14|04:12:12|Garmin Edge 520|https://www.strava.com/activities/2176596407
2/4/2019|65.92|02:04:41|505|0|0|0|0||200|1499|31.7|58|0|0|0|0|0|0|2,482|17|02:10:26|Garmin Edge 520|https://www.strava.com/activities/2123917918
2/1/2019|15.45|00:38:51|121|0|144|303|8|34%|0|0|23.9|47.9|76|115|94|123|130|513|298|15|02:00:27|Garmin Edge 1030|https://www.strava.com/activities/2117529231
2/24/2019|223.82|07:08:27|3483|0|279|5936|330|66%|0|0|31.3|67.3|79|127|137|187|231|1209|5,961|11|09:05:49|Garmin Edge 1030|https://www.strava.com/activities/2172780019
2/23/2019|103.36|03:56:52|1625|0|229|2952|118|54%|0|0|26.2|64.1|78|119|126|161|208|683|2,957|15|04:23:03|Garmin Edge 1030|https://www.strava.com/activities/2169222636
2/22/2019|81.73|02:50:47|936|0|234|1996|89|55%|0|0|28.7|62.6|80|143|119|177|195|1076|1,999|16|02:56:25|Garmin Edge 1030|https://www.strava.com/activities/2166818323
2/21/2019|48.99|01:47:52|529|0|196|1133|39|46%|0|0|27.3|53.3|79|193|109|139|175|465|1,136|11|01:50:26|Garmin Edge 1030|https://www.strava.com/activities/2164500927
2/19/2019|43.57|01:28:05|396|0|180|830|26|42%|0|0|29.7|54|81|110|104|132|157|446|828|6|01:30:07|Garmin Edge 1030|https://www.strava.com/activities/2159673559
2/17/2019|16.95|00:32:02|217|0|170|244|8|40%|0|0|31.8|78.8|66|107|115|138|127|488|244|18|00:33:11|Garmin Edge 1030|https://www.strava.com/activities/2156445771
2/17/2019|175.36|04:09:32|2391|0|285|3587|187|67%|0|0|42.2|88.2|86|139|143|179|240|1087|3,627|23|04:09:58|Garmin Edge 1030|https://www.strava.com/activities/2156447204
2/16/2019|177.4|04:19:41|2810|0|303|4031|219|71%|0|0|41|79.9|88|129|154|184|259|2450|4,081|22|04:19:41|Garmin Edge 1030|https://www.strava.com/activities/2153698695
2/15/2019|136.05|03:07:38|1234|0|304|2882|163|72%|0|0|43.5|94.3|91|188|148|191|256|1141|2,888|28|03:11:02|Garmin Edge 1030|https://www.strava.com/activities/2151027966
2/14/2019|170.66|03:57:28|1907|0|285|3368|180|67%|0|0|43.1|80.6|87|132|152|186|236|1020|3,412|19|04:12:02|Garmin Edge 1030|https://www.strava.com/activities/2149069170
2/13/2019|155.61|03:23:13|1594|0|293|3197|161|69%|0|0|45.9|79.6|94|167|157|192|262|1031|3,204|23|03:24:02|Garmin Edge 1030|https://www.strava.com/activities/2143756185
2/12/2019|13.96|00:15:33|91|0|415|375|24|98%|0|0|53.9|69.5|99|118|186|193|402|883|375|29|00:15:33|Garmin Edge 1030|https://www.strava.com/activities/2141580630
2/12/2019|28.12|00:46:03|184|0|231|526|23|54%|0|0|36.6|67.3|84|114|133|167|190|823|548|23|00:47:48|Garmin Edge 1030|https://www.strava.com/activities/2141580186
2/11/2019|62.87|02:08:47|928|0|191|1247|44|45%|0|0|29.3|65.2|77|122|117|148|161|678|1,248|23|02:15:55|Garmin Edge 1030|https://www.strava.com/activities/2139291864
2/10/2019|101.25|03:43:53|2009|0|243|2389|128|57%|0|0|27.1|71.6|75|132|127|179|178|858|2,407|16|04:09:42|Garmin Edge 1030|https://www.strava.com/activities/2137563169
2/9/2019|105.69|03:23:51|1925|0|254|2430|125|60%|0|0|31.1|78.5|78|117|130|183|199|905|2,451|18|03:35:22|Garmin Edge 1030|https://www.strava.com/activities/2136862784
2/8/2019|104.37|03:39:21|1773|0|222|2256|104|52%|0|0|28.6|75.6|75|137|128|169|171|705|2,271|17|04:06:25|Garmin Edge 1030|https://www.strava.com/activities/2132668844
2/7/2019|104.69|03:22:33|1367|0|206|2081|80|48%|0|0|31|66.2|79|137|125|174|171|691|2,095|19|04:07:59|Garmin Edge 1030|https://www.strava.com/activities/2130818474
2/6/2019|63.63|02:18:00|1227|0|208|1435|58|49%|0|0|27.7|76.3|78|142|123|160|173|582|1,445|20|03:18:28|Garmin Edge 1030|https://www.strava.com/activities/2128736654
2/2/2019|251.65|07:35:00|2600|0|276|6884|336|65%|0|0|33.2|64.4|83|215|143|182|252|1270|6,886|13|08:30:02|Garmin Edge 1030|https://www.strava.com/activities/2120123340
3/31/2019|152.64|03:52:57|2048|0|307|3357|202|72%|0|0|39.3|78.5|85|130|149|188|240|1021|3,407|21|03:53:52|Garmin Edge 1030|https://www.strava.com/activities/2254913719
3/30/2019|171.4|03:47:55|317|0|249|2881|133|59%|0|0|45.1|66.6|89|125|131|172|211|1048|2,892|20|03:51:17|Garmin Edge 1030|https://www.strava.com/activities/2252139340
3/29/2019|167.54|04:07:29|2591|0|307|3668|218|72%|0|0|40.6|83.5|86|133|144|188|247|1019|3,693|16|04:13:09|Garmin Edge 1030|https://www.strava.com/activities/2249406003
3/28/2019|136.41|03:56:38|3276|0|0|0|0||361|5124|34.6|81|0|0|155|187|0|0|3,402|12|04:00:05|Garmin Edge 1030|https://www.strava.com/activities/2247027033
3/27/2019|13.59|00:17:42|68|0|385|374|26|91%|0|0|46.1|61.9|92|117|170|186|352|835|368|13|00:19:31|Garmin Edge 520|https://www.strava.com/activities/2244574513
3/27/2019|29.42|00:50:22|91|0|214|579|21|50%|0|0|35.1|54.7|83|123|130|161|192|723|578|12|00:51:51|Garmin Edge 520|https://www.strava.com/activities/2244459678
3/27/2019|108.46|02:44:43|733|0|299|2392|140|70%|0|0|39.5|78.1|90|144|155|193|242|1116|2,394|12|03:02:55|Garmin Edge 1030|https://www.strava.com/activities/2244113252
3/26/2019|20.83|00:48:08|146|0|177|444|15|42%|0|0|26|58.3|81|110|103|143|154|540|438|10|00:54:01|Garmin Edge 1030|https://www.strava.com/activities/2243714613
3/25/2019|47.59|01:34:55|409|0|232|1086|49|55%|0|0|30.1|56.2|82|109|119|172|191|451|1,085|16|02:14:18|Garmin Edge 520|https://www.strava.com/activities/2239358562
3/23/2019|297.99|07:01:01|1971|0|267|5215|282|63%|0|0|42.5|93.2|89|200|137|194|206|996|5,251|19|07:08:13|Garmin Edge 1030|https://www.strava.com/activities/2234518800
3/22/2019|37.04|01:16:12|139|0|178|747|23|42%|0|0|29.2|51.1|84|109|108|130|163|419|743|20|01:21:29|Garmin Edge 1030|https://www.strava.com/activities/2231690893
3/21/2019|48.55|01:52:27|921|0|301|1336|94|71%|0|0|25.9|54|72|108|126|184|198|623|1,333|13|01:52:52|Garmin Edge 1030|https://www.strava.com/activities/2229067856
3/20/2019|118.59|04:02:09|1604|0|233|2878|126|55%|0|0|29.4|63|80|113|123|174|198|601|2,888|14|04:31:58|Garmin Edge 1030|https://www.strava.com/activities/2226826250
3/19/2019|87.04|03:10:39|1070|0|222|2024|92|52%|0|0|27.4|56.5|83|126|120|175|177|532|2,026|11|04:36:04|Garmin Edge 1030|https://www.strava.com/activities/2224328829
3/18/2019|30.38|01:15:53|445|0|178|707|22|42%|0|0|24|59.8|77|120|107|140|155|381|708|14|01:16:45|Garmin Edge 1030|https://www.strava.com/activities/2221874735
3/17/2019|25.5|01:09:22|273|0|151|535|15|36%|0|0|22.1|50|81|116|101|133|129|435|529|17|01:42:00|Garmin Edge 1030|https://www.strava.com/activities/2219385222
3/15/2019|116.52|03:03:13|1417|0|266|2433|121|63%|0|0|38.2|84.6|84|139|130|178|221|969|2,497|21|03:04:34|Garmin Edge 1030|https://www.strava.com/activities/2218966489
3/14/2019|26.66|00:36:47|170|0|379|789|59|89%|0|0|43.5|65.5|89|112|166|185|358|854|801|14|00:44:50|Garmin Edge 520|https://www.strava.com/activities/2212911318
3/14/2019|27.16|00:49:34|179|0|229|587|24|54%|0|0|32.9|58|86|110|117|142|197|472|591|11|00:50:37|Garmin Edge 520|https://www.strava.com/activities/2212479608
3/13/2019|217.07|05:14:34|3068|0|301|4747|266|71%|0|0|41.4|88.9|89|133|145|185|252|1053|4,831|8|05:17:50|Garmin Edge 1030|https://www.strava.com/activities/2210860243
3/12/2019|206.33|05:31:31|1167|0|223|3426|151|52%|0|0|37.3|74.5|84|125|119|181|172|986|3,444|13|05:34:05|Garmin Edge 1030|https://www.strava.com/activities/2208603887
3/11/2019|170.64|03:28:29|992|0|337|3733|217|79%|0|0|49.1|81.7|97|143|162|188|298|1089|3,762|8|03:28:47|Garmin Edge 1030|https://www.strava.com/activities/2206308022
3/10/2019|142.14|03:31:48|1359|0|322|3346|204|76%|0|0|40.3|81.4|93|214|158|194|263|1037|3,353|10|03:33:08|Garmin Edge 1030|https://www.strava.com/activities/2204138194
3/9/2019|24.06|00:56:18|236|0|202|537|23|48%|0|0|25.6|58.3|85|122|109|149|159|437|531|12|01:00:48|Garmin Edge 1030|https://www.strava.com/activities/2201940190
3/8/2019|64.77|02:23:13|803|0|236|1711|76|56%|0|0|27.1|67|81|170|125|171|199|1145|1,713|14|02:28:11|Garmin Edge 1030|https://www.strava.com/activities/2198942272
3/6/2019|84.71|02:55:26|973|0|290|2072|138|68%|0|0|29|68.4|78|123|126|182|197|689|2,056|14|02:58:54|Garmin Edge 520|https://www.strava.com/activities/2194747902
3/5/2019|63.58|02:21:21|829|0|212|1393|60|50%|0|0|27|61.9|75|138|104|172|164|872|1,400|15|02:25:33|Garmin Edge 1030|https://www.strava.com/activities/2192483607
3/4/2019|33.76|01:25:47|473|0|168|773|23|40%|0|0|23.6|55.8|71|110|99|128|150|521|778|17|01:30:57|Garmin Edge 1030|https://www.strava.com/activities/2190359889
3/3/2019|104.08|03:41:33|1749|0|289|2737|175|68%|0|0|28.2|59|74|110|122|182|206|588|2,743|15|03:47:30|Garmin Edge 1030|https://www.strava.com/activities/2188418227
3/2/2019|183.39|06:03:41|2870|0|274|4927|258|64%|0|0|30.3|67|80|121|136|186|226|800|4,943|13|06:47:11|Garmin Edge 1030|https://www.strava.com/activities/2186117560
3/1/2019|14.12|00:39:03|173|0|202|326|17|48%|0|0|21.7|53.6|71|102|99|163|139|951|325|13|01:04:15|Garmin Edge 1030|https://www.strava.com/activities/2183356064
4/28/2019|260.84|06:55:24|2373|0|303|6060|352|71%|0|0|37.7|83.5|83|130|146|190|243|1774|6,138|5|06:57:59|Garmin Edge 1030|https://www.strava.com/activities/2325866394
4/27/2019|27.68|01:01:32|296|0|230|747|30|54%|0|0|27|56.2|80|111|0|0|202|1044|754|6|01:02:15|Garmin Edge 1030|https://www.strava.com/activities/2322077723
4/26/2019|99.63|03:25:48|2046|0|265|2432|135|62%|0|0|29|76|76|129|123|181|197|760|2,439|10|03:32:14|Garmin Edge 1030|https://www.strava.com/activities/2320112883
4/25/2019|37.42|01:20:06|503|0|145|407|16|34%|0|0|28|66.6|78|108|0|0|85|341|1,133|14|02:04:07|Garmin Edge 1030|https://www.strava.com/activities/2319702386
4/24/2019|169.9|04:36:35|2265|0|276|3667|196|65%|0|0|36.9|87.5|82|132|148|191|221|1072|3,715|24|04:39:05|Garmin Edge 1030|https://www.strava.com/activities/2317320240
4/23/2019|64.19|02:09:03|569|0|181|1166|41|43%|0|0|29.8|59.8|80|113|0|0|151|515|1,169|20|02:35:19|Garmin Edge 1030|https://www.strava.com/activities/2312175355
4/22/2019|24.32|01:01:37|260|0|106|283|7|25%|0|0|23.7|57.6|72|106|0|0|76|472|436|23|01:38:03|Garmin Edge 1030|https://www.strava.com/activities/2309486025
4/21/2019|264.96|06:43:42|3493|0|296|5797|328|70%|0|0|39.4|84.6|85|136|148|192|239|959|5,856|25|06:44:36|Garmin Edge 1030|https://www.strava.com/activities/2307719859
4/20/2019|47.76|01:39:54|202|0|151|766|22|36%|0|0|28.7|50|81|125|95|142|128|548|769|20|02:25:52|Garmin Edge 1030|https://www.strava.com/activities/2304077626
4/19/2019|84.32|02:54:05|1166|0|228|1651|86|54%|0|0|29.1|70.6|80|158|114|168|158|652|1,780|20|02:59:52|Garmin Edge 1030|https://www.strava.com/activities/2301463776
4/18/2019|43.21|01:34:39|168|0|148|595|19|35%|0|0|27.4|45.7|81|109|0|0|105|550|1,005|19|02:14:36|Garmin Edge 1030|https://www.strava.com/activities/2298877518
4/17/2019|162.02|04:08:12|1810|0|280|3334|180|66%|0|0|39.2|86.8|84|135|140|194|224|1028|3,402|14|04:09:24|Garmin Edge 1030|https://www.strava.com/activities/2296794162
4/16/2019|18.77|00:40:06|35|0|203|380|15|48%|0|0|28.1|53.6|81|106|100|151|158|896|380|17|00:41:22|Garmin Edge 1030|https://www.strava.com/activities/2294243975
4/15/2019|29.64|01:13:49|450|0|186|704|26|44%|0|0|24.1|57.6|74|117|103|134|159|515|746|13|01:57:24|Garmin Edge 1030|https://www.strava.com/activities/2291344783
4/13/2019|124.39|03:47:38|2855|0|327|3690|229|77%|0|0|32.8|79.2|81|134|143|180|270|1034|3,718|20|04:01:31|Garmin Edge 1030|https://www.strava.com/activities/2287034195
4/12/2019|151.8|04:15:45|3133|0|327|4018|253|77%|0|0|35.6|83.2|81|121|144|184|262|1054|4,048|15|04:16:42|Garmin Edge 1030|https://www.strava.com/activities/2284508298
4/11/2019|173.09|04:30:39|1216|0|308|3969|237|72%|0|0|38.4|81.4|83|130|142|185|244|1048|4,029|6|04:34:01|Garmin Edge 1030|https://www.strava.com/activities/2282063108
4/10/2019|208.83|05:25:32|2743|0|274|4383|224|64%|0|0|38.5|93.6|83|133|0|0|224|1168|4,511|11|05:27:03|Garmin Edge 1030|https://www.strava.com/activities/2279693032
4/9/2019|131.89|03:19:05|1988|0|319|3184|206|75%|0|0|39.7|85.7|88|135|148|191|267|1059|3,466|14|03:40:20|Garmin Edge 1030|https://www.strava.com/activities/2277136212
4/8/2019|11.31|00:19:19|120|0|419|433|31|99%|0|0|35.2|88.6|83|134|176|188|373|878|427|9|00:19:55|Garmin Edge 520|https://www.strava.com/activities/2274763625
4/8/2019|17.16|00:46:03|326|0|226|445|28|53%|0|0|22.4|76.3|72|114|122|175|161|620|451|8|01:00:05|Garmin Edge 520|https://www.strava.com/activities/2274055354
4/7/2019|48.81|01:45:41|753|0|239|1162|57|56%|0|0|27.7|72|79|116|115|176|183|716|1,169|10|01:50:01|Garmin Edge 1030|https://www.strava.com/activities/2271749185
4/6/2019|68.55|01:49:36|588|0|303|1629|97|71%|0|0|37.5|70.6|91|140|141|186|248|827|1,630|10|02:19:09|Garmin Edge 1030|https://www.strava.com/activities/2268452104
4/3/2019|22.19|00:53:31|302|0|177|510|19|42%|0|0|24.9|59.4|75|128|107|151|159|518|530|12|1.20:53:19|Garmin Edge 1030|https://www.strava.com/activities/2266253754
4/4/2019|55.47|01:57:48|868|0|296|1489|97|70%|0|0|28.3|59.4|75|128|128|181|211|586|1,482|7|01:59:34|Garmin Edge 520|https://www.strava.com/activities/2264067674
4/3/2019|114.04|03:52:02|1061|0|226|2815|110|53%|0|0|29.5|59|81|113|124|159|202|509|2,821|15|03:55:46|Garmin Edge 1030|https://www.strava.com/activities/2261938896
4/2/2019|28.53|01:12:29|361|0|158|582|18|37%|0|0|23.6|64.1|70|119|99|137|134|509|588|16|01:52:13|Garmin Edge 1030|https://www.strava.com/activities/2259297719
5/31/2019|125.26|04:06:22|1763|0|276|3397|176|65%|0|0|30.5|65.5|79|109|137|184|230|608|3,406|24|04:13:33|Garmin Edge 1030|https://www.strava.com/activities/2411556112
5/29/2019|183.36|06:14:15|2906|0|257|5029|230|60%|0|0|29.4|63.7|79|136|135|180|224|699|5,045|20|06:42:36|Garmin Edge 1030|https://www.strava.com/activities/2406514393
5/28/2019|79.85|02:22:02|628|0|292|2001|114|69%|0|0|33.7|65.9|84|115|129|170|235|590|1,994|18|02:28:16|Garmin Edge 520|https://www.strava.com/activities/2403622342
5/27/2019|180.16|06:07:44|2582|0|246|4798|209|58%|0|0|29.4|67|80|116|137|176|217|890|4,811|21|06:37:14|Garmin Edge 1030|https://www.strava.com/activities/2401430224
5/24/2019|52.59|01:48:19|620|0|226|1285|54|53%|0|0|29.1|52.6|80|118|126|176|198|736|1,298|15|01:57:56|Garmin Edge 1030|https://www.strava.com/activities/2392835155
5/23/2019|34.53|01:23:53|497|0|174|789|25|41%|0|0|24.7|65.5|76|110|111|147|157|430|805|26|01:30:34|Garmin Edge 1030|https://www.strava.com/activities/2390199721
5/20/2019|54.34|03:08:42|317|0|0|0|0||89|1010|17.3|83.9|0|0|0|0|0|0|1,589|25|09:14:07|Garmin Edge 520 Plus|https://www.strava.com/activities/2386409796
5/9/2019|91.67|02:55:30|435|0|222|2187|82|52%|0|0|31.3|48.2|86|124|122|160|208|543|2,188|21|03:39:40|Garmin Edge 1030|https://www.strava.com/activities/2354894637
5/6/2019|101.32|03:51:56|1611|0|214|2628|99|50%|0|0|26.2|61.2|77|115|121|159|189|507|2,637|17|03:56:13|Garmin Edge 1030|https://www.strava.com/activities/2346294671
5/3/2019|56.25|01:56:05|601|0|228|1394|56|54%|0|0|29.1|58.3|77|122|122|166|200|542|1,400|9|01:56:52|Garmin Edge 1030|https://www.strava.com/activities/2346293570
5/2/2019|88.24|03:28:43|1558|0|230|2460|103|54%|0|0|25.4|64.4|76|119|126|170|196|501|2,474|17|03:31:36|Garmin Edge 1030|https://www.strava.com/activities/2335987165
5/1/2019|64.14|02:26:56|864|0|212|1638|62|50%|0|0|26.2|60.1|77|110|120|156|186|509|1,647|22|02:31:15|Garmin Edge 1030|https://www.strava.com/activities/2333051561
5/30/2019|30.22|01:24:56|407|0|149|657|19|35%|0|0|21.4|52.2|70|114|96|125|129|388|710|20|02:22:16|Garmin Edge 1030|https://www.strava.com/activities/2408505816
5/26/2019|115.7|03:50:28|1466|0|233|2923|120|55%|0|0|30.1|65.2|76|134|0|0|211|761|2,930|19|04:18:38|Garmin Edge 1030|https://www.strava.com/activities/2398627364
5/25/2019|87.42|03:20:51|1195|0|208|2131|86|49%|0|0|26.1|89.6|78|149|123|178|177|649|2,165|17|04:25:55|Garmin Edge 1030|https://www.strava.com/activities/2395820055
5/21/2019|9.99|00:45:26|50|0|0|0|0||36|97|13.2|29.5|0|0|0|0|0|0|254|18|02:41:20|Garmin Edge 520 Plus|https://www.strava.com/activities/2386409441
5/18/2019|129.36|03:03:56|2021|0|335|3174|190|79%|0|0|42.2|87.5|87|150|149|180|288|1072|3,180|21|03:03:56|Garmin Edge 1030|https://www.strava.com/activities/2378532049
5/17/2019|136.48|04:21:33|3555|0|302|3992|221|71%|0|0|31.3|82.8|79|131|143|177|254|868|4,025|17|04:23:36|Garmin Edge 1030|https://www.strava.com/activities/2375879858
5/16/2019|221.96|05:10:32|2942|0|324|5135|300|76%|0|0|42.9|92.9|89|250|148|183|276|1062|5,138|18|05:10:56|Garmin Edge 1030|https://www.strava.com/activities/2373535572
5/15/2019|221.56|06:09:12|2367|0|256|4563|223|60%|0|0|36|82.8|82|136|126|183|206|1018|4,566|15|06:11:47|Garmin Edge 1030|https://www.strava.com/activities/2371130100
5/14/2019|215.33|06:07:40|3168|0|286|5188|277|67%|0|0|35.1|79.6|83|127|146|186|235|1020|5,216|22|06:08:52|Garmin Edge 1030|https://www.strava.com/activities/2368286181
5/13/2019|216.66|06:25:17|4579|0|269|5370|259|63%|0|0|33.7|100.4|84|153|156|190|232|838|5,448|23|06:30:50|Garmin Edge 1030|https://www.strava.com/activities/2365486535
5/12/2019|148.32|03:28:12|275|0|216|2099|90|51%|0|0|42.7|66.2|89|136|143|196|168|987|2,108|31|03:29:27|Garmin Edge 1030|https://www.strava.com/activities/2363248525
5/11/2019|46.82|01:35:01|100|0|187|983|33|44%|0|0|29.6|51.1|83|168|111|163|173|945|979|20|02:15:34|Garmin Edge 1030|https://www.strava.com/activities/2359774904
5/10/2019|55.77|01:52:38|333|0|211|1256|49|50%|0|0|29.7|63.4|86|120|118|164|186|538|1,253|25|02:18:05|Garmin Edge 1030|https://www.strava.com/activities/2357385156
5/7/2019|118.2|04:02:06|1501|0|226|2888|119|53%|0|0|29.3|67|80|117|127|168|199|581|2,899|19|04:36:03|Garmin Edge 1030|https://www.strava.com/activities/2348700727
6/25/2019|44.58|01:38:40|421|0|173|803|28|41%|0|0|27.1|50.8|85|112|0|0|136|423|1,096|29|02:37:56|Garmin Edge 1030|https://www.strava.com/activities/2478919425
6/24/2019|30.02|01:11:43|420|0|189|720|24|44%|0|0|25.1|55.1|78|118|117|151|167|410|740|29|01:16:09|Garmin Edge 1030|https://www.strava.com/activities/2476208221
6/22/2019|19.66|00:25:30|66|0|379|529|34|89%|0|0|46.3|73.1|91|113|167|177|346|790|536|17|00:26:00|Garmin Edge 520|https://www.strava.com/activities/2471180732
6/15/2019|12.25|00:19:13|61|0|361|326|26|85%|0|0|38.3|64.4|85|113|0|0|282|953|318|22|00:22:36|Garmin Edge 520|https://www.strava.com/activities/2451807753
6/15/2019|12.69|00:23:08|79|0|203|253|9|48%|0|0|32.9|50.8|86|109|129|161|182|451|252|20|00:30:55|Garmin Edge 520|https://www.strava.com/activities/2451365550
6/14/2019|49.6|01:39:28|599|0|201|1023|39|47%|0|0|29.9|64.4|79|106|110|139|171|592|1,021|20|02:04:49|Garmin Edge 520|https://www.strava.com/activities/2448972322
6/12/2019|30.06|01:10:15|331|0|175|674|20|41%|0|0|25.7|47.5|76|114|108|133|160|469|674|13|01:11:33|Garmin Edge 1030|https://www.strava.com/activities/2443636928
6/11/2019|28.35|01:09:06|357|0|187|681|22|44%|0|0|24.6|59|75|112|112|145|164|391|686|11|01:10:57|Garmin Edge 1030|https://www.strava.com/activities/2440998310
6/10/2019|87.26|02:34:26|651|0|297|2141|135|70%|0|0|33.9|66.2|84|139|144|192|231|749|2,143|24|03:11:46|Garmin Edge 520|https://www.strava.com/activities/2438774750
6/8/2019|29.95|01:18:21|509|0|178|686|23|42%|0|0|22.9|57.2|70|117|102|144|146|471|689|22|01:18:51|Garmin Edge 1030|https://www.strava.com/activities/2432597070
6/6/2019|169.81|06:00:48|2864|0|243|4630|199|57%|0|0|28.2|72.7|77|121|125|175|214|526|4,644|21|06:14:34|Garmin Edge 1030|https://www.strava.com/activities/2428277984
6/5/2019|69.71|02:00:39|569|0|309|1746|108|73%|0|0|34.7|67|83|113|136|183|241|659|1,745|20|02:02:31|Garmin Edge 520|https://www.strava.com/activities/2425116021
6/4/2019|169.54|05:59:30|3035|0|258|4756|232|61%|0|0|28.3|73.4|77|212|138|173|221|493|4,793|25|10:29:10|Garmin Edge 1030|https://www.strava.com/activities/2422830922
6/1/2019|72.44|02:26:21|793|0|269|1614|99|63%|0|0|29.7|67.7|76|112|125|184|184|611|1,606|24|02:29:30|Garmin Edge 520|https://www.strava.com/activities/2413940106
6/30/2019|84.1|02:58:30|994|0|215|1870|80|51%|0|0|28.3|68.4|75|118|0|0|175|1251|1,925|33|04:29:51|Garmin Edge 1030|https://www.strava.com/activities/2493166951
6/28/2019|72.09|02:01:55|479|0|252|1287|75|59%|0|0|35.5|74.5|84|183|119|185|176|726|1,302|27|02:29:10|Garmin Edge 520|https://www.strava.com/activities/2486809259
6/27/2019|110.28|03:11:01|717|0|247|2153|116|58%|0|0|34.6|75.6|83|121|127|188|188|811|2,157|30|03:55:50|Garmin Edge 520|https://www.strava.com/activities/2484367576
6/26/2019|47.19|01:43:50|569|0|205|1167|41|48%|0|0|27.3|63.4|78|112|118|141|187|474|1,169|30|02:16:33|Garmin Edge 1030|https://www.strava.com/activities/2481593918
6/22/2019|22.42|00:38:10|95|0|230|490|18|54%|0|0|35.2|59.4|85|108|121|140|214|532|490|14|00:38:10|Garmin Edge 520|https://www.strava.com/activities/2470550026
6/21/2019|218.87|05:57:52|4078|0|292|5390|283|69%|0|0|36.7|94|82|147|141|176|251|963|5,482|17|05:58:18|Garmin Edge 1030|https://www.strava.com/activities/2468540372
6/20/2019|140.3|03:43:09|1873|0|288|2979|178|68%|0|0|37.7|87.8|86|138|137|184|223|948|2,997|18|03:58:49|Garmin Edge 1030|https://www.strava.com/activities/2466093299
6/19/2019|181.11|04:34:42|2675|0|276|3693|193|65%|0|0|39.6|88.2|85|146|143|184|224|940|3,792|29|04:35:27|Garmin Edge 1030|https://www.strava.com/activities/2463396534
6/18/2019|166.08|03:59:46|1825|0|270|2995|163|64%|0|0|41.6|92.9|85|125|139|194|208|964|3,054|29|04:01:44|Garmin Edge 1030|https://www.strava.com/activities/2460374658
6/17/2019|163.22|03:47:55|1727|0|267|3036|150|63%|0|0|43|82.8|88|126|141|199|222|1224|3,062|27|03:48:50|Garmin Edge 1030|https://www.strava.com/activities/2457632176
6/16/2019|160.97|04:10:45|2530|0|294|3519|200|69%|0|0|38.5|95.8|85|137|155|195|234|974|3,585|21|04:11:51|Garmin Edge 1030|https://www.strava.com/activities/2455302245
6/13/2019|195.21|04:51:29|2214|0|273|3546|203|64%|0|0|40.2|85|86|123|144|197|203|1046|3,617|26|05:01:57|Garmin Edge 1030|https://www.strava.com/activities/2447280102
6/9/2019|49.61|01:41:53|532|0|217|1193|45|51%|0|0|29.2|67.3|79|120|114|144|195|539|1,196|20|01:44:46|Garmin Edge 1030|https://www.strava.com/activities/2435461479
6/2/2019|173.35|06:00:29|2564|0|237|4616|194|56%|0|0|28.9|65.5|77|129|129|167|213|781|4,637|25|06:50:36|Garmin Edge 1030|https://www.strava.com/activities/2417673336
7/31/2019|79.31|02:55:30|1365|0|207|2019|72|49%|0|0|27.1|101.5|79|120|0|0|192|355|2,040|21|03:02:46|Garmin Edge 520|https://www.strava.com/activities/2579464221
7/29/2019|17.47|00:37:34|179|0|168|344|10|40%|0|0|27.9|66.2|72|114|133|157|153|537|343|33|00:40:55|Garmin Edge 1030|https://www.strava.com/activities/2573104277
7/29/2019|45.78|01:49:53|686|0|261|1190|76|61%|0|0|25|81.4|74|186|126|195|180|998|1,184|26|02:24:36|Garmin Edge 1030|https://www.strava.com/activities/2572979708
7/26/2019|27.39|00:40:06|269|0|392|797|56|92%|0|0|41|69.8|86|118|157|189|331|906|832||00:40:06|Zwift|https://www.strava.com/activities/2565663407
7/26/2019|2.85|00:06:24|59|0|223|86|2|52%|0|0|26.8|42.8|84|105|116|126|223|374|82||00:06:24|Zwift|https://www.strava.com/activities/2565593369
7/26/2019|64.59|02:18:44|493|0|175|1375|40|41%|0|0|27.9|53.6|73|105|104|128|165|494|1,376|20|02:24:09|Garmin Edge 1030|https://www.strava.com/activities/2564707805
7/25/2019|123.29|04:13:59|1126|0|214|3119|110|50%|0|0|29.1|75.6|80|115|121|154|205|519|3,111|20|04:28:31|Garmin Edge 1030|https://www.strava.com/activities/2562323794
7/24/2019|80.91|02:50:03|689|0|199|1963|68|47%|0|0|28.6|51.8|78|107|114|147|192|506|1,956|23|03:38:16|Garmin Edge 1030|https://www.strava.com/activities/2559483569
7/23/2019|141.98|04:46:39|1651|0|258|3834|185|61%|0|0|29.7|69.5|77|115|136|183|223|704|3,822|24|05:12:55|Garmin Edge 1030|https://www.strava.com/activities/2556747184
7/22/2019|54|01:45:18|1359|0|313|1673|96|74%|0|0|30.8|75.6|87|119|145|187|265|831|1,596||01:46:00|Zwift|https://www.strava.com/activities/2554888412
7/22/2019|87.58|03:03:36|800|0|210|2112|77|49%|0|0|28.6|65.5|78|113|120|163|192|503|2,108|25|03:11:09|Garmin Edge 1030|https://www.strava.com/activities/2553700322
7/19/2019|111.95|03:48:07|842|0|199|2578|86|47%|0|0|29.4|56.2|77|104|117|154|188|855|2,575|25|04:01:18|Garmin Edge 1030|https://www.strava.com/activities/2545529518
7/18/2019|124.44|04:11:33|1027|0|204|2917|101|48%|0|0|29.7|77|77|109|121|154|193|644|2,913|27|04:34:13|Garmin Edge 1030|https://www.strava.com/activities/2543454972
7/17/2019|121.47|04:04:51|808|0|191|2651|88|45%|0|0|29.8|59.8|78|108|122|149|180|678|2,649|26|04:34:27|Garmin Edge 520|https://www.strava.com/activities/2540249403
7/16/2019|33.22|00:52:55|242|0|331|843|53|78%|0|0|37.7|60.1|82|109|153|196|266|702|821||00:52:55|Zwift|https://www.strava.com/activities/2538401977
7/16/2019|23.71|00:40:16|385|0|280|617|29|66%|0|0|35.3|68|91|113|134|170|255|470|589||00:41:21|Zwift|https://www.strava.com/activities/2538302157
7/16/2019|66.26|02:14:19|493|0|198|1519|52|47%|0|0|29.6|51.8|78|108|122|149|189|465|1,518|24|02:22:32|Garmin Edge 1030|https://www.strava.com/activities/2536943025
7/15/2019|146.27|04:54:27|1176|0|208|3399|123|49%|0|0|29.8|77.8|79|135|133|175|192|604|3,397|27|05:23:20|Garmin Edge 1030|https://www.strava.com/activities/2534516911
7/12/2019|47.63|01:51:31|376|0|156|983|27|37%|0|0|25.6|59.4|76|108|110|138|147|415|982|24|02:04:27|Garmin Edge 1030|https://www.strava.com/activities/2525834628
7/11/2019|123.08|04:00:56|940|0|215|2904|108|51%|0|0|30.7|77|80|121|131|169|201|821|2,897|23|04:17:22|Garmin Edge 1030|https://www.strava.com/activities/2523496242
7/10/2019|98.72|03:02:13|704|0|244|2517|102|57%|0|0|32.5|58.3|83|109|138|181|230|980|2,512|25|03:07:15|Garmin Edge 1030|https://www.strava.com/activities/2520640999
7/9/2019|105.82|03:31:20|877|0|232|2619|113|55%|0|0|30|59|79|125|139|193|207|1075|2,613|27|03:52:11|Garmin Edge 1030|https://www.strava.com/activities/2517804551
7/27/2019|129.1|04:10:39|1543|0|245|3201|148|58%|0|0|30.9|73.4|76|121|128|188|213|1160|3,202|23|04:58:12|Garmin Edge 1030|https://www.strava.com/activities/2567668177
7/25/2019|54.08|01:25:27|275|0|333|1390|100|78%|0|0|38|60.1|87|123|152|193|271|1186|1,394|27|01:45:47|Garmin Edge 1030|https://www.strava.com/activities/2563526348
7/18/2019|55.36|01:22:43|208|0|335|1435|94|79%|0|0|40.2|62.6|90|117|162|199|289|1079|1,427|31|01:37:59|Garmin Edge 1030|https://www.strava.com/activities/2544273599
7/13/2019|160.58|05:00:51|1907|0|237|3682|166|56%|0|0|32|68.8|79|119|137|184|204|877|3,680|26|05:44:10|Garmin Edge 1030|https://www.strava.com/activities/2529077231
7/11/2019|56.58|01:23:53|219|0|331|1475|95|78%|0|0|40.5|62.3|89|117|166|199|293|1182|1,469|30|02:10:29|Garmin Edge 1030|https://www.strava.com/activities/2524751076
7/8/2019|77.32|02:36:18|769|0|228|1974|79|54%|0|0|29.7|84.2|80|121|143|181|211|626|1,966|26|02:47:27|Garmin Edge 1030|https://www.strava.com/activities/2514769593
7/7/2019|72.76|02:21:30|481|0|211|1645|59|50%|0|0|30.9|54.4|81|117|132|160|194|556|1,650|25|02:23:08|Garmin Edge 1030|https://www.strava.com/activities/2512835821
7/6/2019|59.14|02:34:32|427|0|0|0|0||119|1099|23|48.2|0|0|0|0|0|0|2,268|27|02:51:44|Garmin Edge 1030|https://www.strava.com/activities/2509409033
8/31/2019|172.97|04:20:43|2082|0|279|3332|188|66%|0|0|39.8|92.9|84|131|130|182|213|1066|3,429|30|04:21:39|Garmin Edge 830|https://www.strava.com/activities/2667761274
8/30/2019|198.35|05:29:33|2940|0|281|4590|241|66%|0|0|36.1|82.1|84|138|139|185|232|991|4,645|32|05:31:28|Garmin Edge 830|https://www.strava.com/activities/2664860269
8/29/2019|206.14|05:17:16|3330|0|305|4701|275|72%|0|0|39|90.4|85|137|0|0|247|918|4,767|29|05:19:59|Garmin Edge 830|https://www.strava.com/activities/2661992084
8/28/2019|184.27|05:34:17|3586|0|265|4333|218|62%|0|0|33.1|85|81|127|135|179|216|1123|4,412|29|05:39:17|Garmin Edge 830|https://www.strava.com/activities/2659313092
8/27/2019|184.49|04:30:07|1281|0|255|3123|163|60%|0|0|41|81.7|84|136|123|186|193|952|3,180|29|04:32:26|Garmin Edge 830|https://www.strava.com/activities/2656145425
8/26/2019|194.79|04:42:05|1765|0|255|3317|171|60%|0|0|41.4|100.4|84|140|126|183|196|949|3,383|29|04:45:24|Garmin Edge 830|https://www.strava.com/activities/2653315106
8/25/2019|210.02|05:37:46|3339|0|282|4583|248|66%|0|0|37.3|85.3|85|147|142|188|226|985|4,637|33|05:40:44|Garmin Edge 830|https://www.strava.com/activities/2650732402
8/24/2019|17.36|00:31:54|111|0|302|410|49|71%|0|0|32.7|73.8|81|117|147|191|214|921|427|26|00:58:37|Garmin Edge 830|https://www.strava.com/activities/2647884037
8/24/2019|35.02|01:01:34|231|0|252|676|39|59%|0|0|34.1|82.1|82|114|127|170|183|854|674|30|01:08:41|Garmin Edge 830|https://www.strava.com/activities/2647314240
8/24/2019|33.34|00:59:19|139|0|208|571|24|49%|0|0|33.7|48.2|88|124|113|164|161|756|572|29|01:00:50|Garmin Edge 830|https://www.strava.com/activities/2646229475
8/23/2019|45.65|01:31:28|262|0|185|859|31|44%|0|0|30|54.4|84|122|102|144|156|817|855|30|01:57:46|Garmin Edge 830|https://www.strava.com/activities/2644672766
8/22/2019|103.66|02:56:19|923|0|236|2034|98|56%|0|0|35.3|69.1|84|128|123|183|192|732|2,042|29|03:19:29|Garmin Edge 830|https://www.strava.com/activities/2641076456
8/20/2019|32.72|01:06:00|394|0|181|629|20|43%|0|0|29.7|68|0|0|0|0|159|474|601||01:06:00|Zwift|https://www.strava.com/activities/2637362417
8/18/2019|132.2|03:27:08|2253|0|297|2952|171|70%|0|0|38.3|101.9|82|136|146|185|238|888|2,979|33|03:31:58|Garmin Edge 830|https://www.strava.com/activities/2631273135
8/17/2019|133.05|03:18:58|1488|0|268|2280|132|63%|0|0|40.1|94.7|82|136|137|188|191|925|2,309|31|03:20:02|Garmin Edge 830|https://www.strava.com/activities/2628327035
8/16/2019|86.1|01:59:56|1211|0|328|1885|118|77%|0|0|43.1|95.4|88|123|162|196|262|1106|1,893|28|01:59:56|Garmin Edge 830|https://www.strava.com/activities/2625354085
8/16/2019|16.42|00:38:26|134|0|144|293|8|34%|0|0|25.6|50.8|73|102|105|134|127|624|298|26|01:38:33|Garmin Edge 830|https://www.strava.com/activities/2624521843
8/15/2019|140.31|03:28:17|1778|0|306|3053|182|72%|0|0|40.4|94.3|84|123|155|197|244|1065|3,112|37|04:13:56|Garmin Edge 830|https://www.strava.com/activities/2622535386
8/14/2019|149.27|03:57:45|2087|0|289|3348|186|68%|0|0|37.7|95|83|125|154|191|235|1040|3,369|36|04:04:54|Garmin Edge 830|https://www.strava.com/activities/2619606792
8/13/2019|145.72|03:33:37|1252|0|267|2625|142|63%|0|0|40.9|76.3|85|121|149|196|205|1276|2,656|34|03:36:32|Garmin Edge 830|https://www.strava.com/activities/2617119365
8/12/2019|5.85|00:09:43|186|0|407|208|14|96%|0|0|36.2|83.5|82|124|181|191|357|868|207|21|00:09:43|Garmin Edge 830|https://www.strava.com/activities/2613521284
8/12/2019|5.8|00:13:36|185|0|244|176|7|57%|0|0|25.6|97.6|75|115|147|171|215|472|174|24|00:13:36|Garmin Edge 830|https://www.strava.com/activities/2613396434
8/12/2019|5.71|00:14:46|180|0|223|167|6|52%|0|0|23.2|82.8|68|117|137|162|188|537|167|25|00:14:46|Garmin Edge 830|https://www.strava.com/activities/2613396269
8/11/2019|48.94|01:42:07|687|0|254|1158|65|60%|0|0|28.8|73.8|81|124|135|188|189|656|1,155|29|01:50:21|Garmin Edge 830|https://www.strava.com/activities/2610712337
8/10/2019|60.36|01:56:41|524|0|189|1158|39|44%|0|0|31|77.4|77|126|120|162|165|689|1,150|24|02:03:24|Garmin Edge 520|https://www.strava.com/activities/2607606992
8/8/2019|51.42|02:05:18|901|0|193|1217|44|45%|0|0|24.6|66.6|70|108|106|148|162|433|1,216|16|02:52:24|Garmin Edge 520|https://www.strava.com/activities/2602139121
8/7/2019|200.17|06:07:48|2135|0|242|4883|205|57%|0|0|32.7|90|83|112|144|185|221|567|4,875|20|06:25:02|Garmin Edge 520|https://www.strava.com/activities/2599814159
8/5/2019|99.14|03:07:54|1046|0|243|2278|105|57%|0|0|31.7|73.4|83|125|130|173|202|492|2,256|24|03:16:16|Garmin Edge 520|https://www.strava.com/activities/2593675592
8/4/2019|131.69|04:37:32|2174|0|232|3466|147|55%|0|0|28.5|101.2|79|118|138|179|208|592|3,463|25|05:17:55|Garmin Edge 520|https://www.strava.com/activities/2591409904
8/3/2019|32.73|01:17:25|384|0|176|731|22|41%|0|0|25.4|56.5|76|114|0|0|157|511|729|19|01:45:19|Garmin Edge 520|https://www.strava.com/activities/2587606054
8/2/2019|118.6|05:11:45|3369|0|222|3774|147|52%|0|0|22.8|93.6|71|116|0|0|202|446|3,772|24|05:39:47|Garmin Edge 520|https://www.strava.com/activities/2585039412
8/1/2019|137.33|04:49:13|1839|0|209|3358|121|49%|0|0|28.5|85.3|76|111|0|0|193|484|3,351|23|05:26:25|Garmin Edge 520|https://www.strava.com/activities/2582513496
9/29/2019|233.89|06:00:58|698|0|310|5582|322|73%|0|0|38.9|90.7|89|129|152|187|258|997|5,639|9|06:03:38|Garmin Edge 830|https://www.strava.com/activities/2749526808
9/28/2019|29.91|01:14:52|525|0|214|802|36|50%|0|0|24|63|76|165|111|161|179|1115|796|14|02:08:55|Garmin Edge 830|https://www.strava.com/activities/2746116372
9/27/2019|88|02:56:45|737|0|243|2318|100|57%|0|0|29.9|73.8|83|134|124|162|219|639|2,321|10|03:13:21|Garmin Edge 830|https://www.strava.com/activities/2743644834
9/26/2019|28.1|01:02:50|375|0|195|661|24|46%|0|0|26.8|56.9|82|117|105|144|175|905|649|15|01:32:10|Garmin Edge 830|https://www.strava.com/activities/2740931012
9/25/2019|55.66|01:15:20|676|0|381|1641|115|90%|0|0|44.3|83.9|97|129|173|190|363|810|1,630|16|01:40:50|Garmin Edge 830|https://www.strava.com/activities/2738920050
9/24/2019|28|01:02:54|198|0|265|858|44|62%|0|0|26.7|74.9|84|126|122|168|227|592|853|14|01:09:55|Garmin Edge 830|https://www.strava.com/activities/2738918912
9/23/2019|108.37|03:27:54|1263|0|236|2724|112|56%|0|0|31.3|76.3|87|120|126|152|218|549|2,727|15|03:56:54|Garmin Edge 830|https://www.strava.com/activities/2734319217
9/22/2019|45.76|01:35:21|712|0|224|1153|48|53%|0|0|28.8|77.4|84|122|120|152|202|540|1,155|15|01:50:43|Garmin Edge 830|https://www.strava.com/activities/2731232590
9/21/2019|88.45|03:01:22|327|0|254|2420|112|60%|0|0|29.3|58.7|83|114|128|177|222|569|2,416|16|03:11:12|Garmin Edge 830|https://www.strava.com/activities/2730754354
9/20/2019|84.57|03:12:02|1100|0|225|2056|94|53%|0|0|26.4|60.8|79|115|113|179|178|606|2,057|23|03:25:46|Garmin Edge 830|https://www.strava.com/activities/2724602319
9/19/2019|53.48|01:54:31|566|0|194|1006|40|46%|0|0|28|59.8|82|113|110|140|146|626|1,152|23|02:11:37|Garmin Edge 830|https://www.strava.com/activities/2721732820
9/18/2019|30.42|01:12:14|426|0|0|0|0||159|691|25.3|64.4|0|0|0|0|0|0|1,258|25|01:12:34|Garmin Edge 830|https://www.strava.com/activities/2718848202
9/15/2019|105.44|02:52:54|794|0|231|1760|87|54%|0|0|36.6|80.6|79|133|108|157|170|1021|1,781|21|03:01:27|Garmin Edge 830|https://www.strava.com/activities/2711952568
9/14/2019|205.4|06:24:10|2409|0|306|5709|334|72%|0|0|32.1|82.4|80|134|132|174|248|1103|5,759|15|06:27:53|Garmin Edge 830|https://www.strava.com/activities/2708229830
9/13/2019|174.71|04:19:55|1381|0|0|0|0||350|5464|40.3|83.5|0|0|139|182|0|0|2,968|18|04:22:12|Garmin Edge 830|https://www.strava.com/activities/2705035627
9/12/2019|183.52|05:15:40|3639|0|285|4459|236|67%|0|0|34.9|103.3|82|123|129|168|235|965|4,518|25|05:16:28|Garmin Edge 830|https://www.strava.com/activities/2702268664
9/11/2019|228.62|04:46:20|2556|0|337|4942|302|79%|0|0|47.9|104.4|91|148|150|184|288|1049|5,000|24|04:49:34|Garmin Edge 830|https://www.strava.com/activities/2699234929
9/10/2019|28.43|01:06:23|280|0|185|610|23|44%|0|0|25.7|62.6|80|116|0|0|153|510|606|10|01:30:43|Garmin Edge 830|https://www.strava.com/activities/2695615564
9/9/2019|171.42|05:20:32|3267|0|286|4441|242|67%|0|0|32.1|94.3|79|128|125|171|231|934|4,468|19|05:23:18|Garmin Edge 830|https://www.strava.com/activities/2693839121
9/8/2019|177.29|05:14:32|3753|0|316|4772|291|74%|0|0|33.8|83.5|84|141|140|187|253|924|4,792|23|05:19:00|Garmin Edge 830|https://www.strava.com/activities/2691330965
9/7/2019|191.72|04:59:05|2554|0|261|3813|187|61%|0|0|38.5|89.3|84|128|118|163|212|1098|3,868|24|05:00:03|Garmin Edge 830|https://www.strava.com/activities/2687950121
9/6/2019|177.89|05:21:55|4060|0|298|4751|265|70%|0|0|33.2|85.3|81|129|130|170|246|983|4,791|20|05:24:22|Garmin Edge 830|https://www.strava.com/activities/2685038485
9/5/2019|180.72|04:28:20|2211|0|291|3733|209|68%|0|0|40.4|90|84|137|129|175|232|1058|3,790|18|04:29:52|Garmin Edge 830|https://www.strava.com/activities/2682208558
9/4/2019|185.73|04:58:36|3093|0|324|4799|292|76%|0|0|37.3|86|88|130|147|189|268|1136|4,860|26|05:18:43|Garmin Edge 830|https://www.strava.com/activities/2679461925
9/3/2019|40.89|01:01:40|540|0|0|0|0||0|0|39.8|74.9|92|125|0|0|0|0|1,199|24|01:05:26|Garmin Edge 830|https://www.strava.com/activities/2676362526
9/3/2019|35.64|01:08:41|521|0|149|139|14|35%|0|0|31.1|65.9|66|93|0|0|34|460|1,496|16|01:14:24|Garmin Edge 830|https://www.strava.com/activities/2675498402
9/2/2019|48.45|01:48:53|597|0|197|935|41|46%|0|0|26.7|59.4|76|114|0|0|143|536|935|18|02:15:33|Garmin Edge 830|https://www.strava.com/activities/2672932012
9/1/2019|92.94|03:27:09|3221|0|327|3640|210|77%|0|0|26.9|83.5|81|122|149|176|293|997|3,704|20|03:36:57|Garmin Edge 830|https://www.strava.com/activities/2671418795
10/7/2019|2.51|00:30:20|0|0|0|0|0||0|0|0|0|0|0|0|0|0|0|||00:00:00|Garmin fēnix 5 Plus|https://www.strava.com/activities/2770133094
11/30/2019|18.18|00:26:47|69|0|256|360|16|60%|0|0|40.7|61.2|90|106|129|179|224|582|348||00:27:29|Zwift|https://www.strava.com/activities/2902776380
11/29/2019|9.8|01:07:11|0|0|0|0|0||0|0|0|0|0|0|0|0|0|0|||00:00:00|Garmin fēnix 5 Plus|https://www.strava.com/activities/2900201789
11/26/2019|142.33|05:03:07|1663|0|211|3549|131|50%|0|0|28.2|68.4|82|121|137|178|195|913|3,544|16|05:32:58|Garmin Edge 1030|https://www.strava.com/activities/2893614172
11/23/2019|125.38|04:12:33|920|0|178|1887|75|42%|0|0|29.8|51.5|65|123|129|160|125|571|2,581|8|04:22:12|Garmin Edge 1030|https://www.strava.com/activities/2885997480
11/22/2019|17.9|00:51:03|141|0|0|0|0||97|296|21|42.1|0|0|125|152|0|0|460|9|00:57:54|Garmin Edge 1030|https://www.strava.com/activities/2885317750
11/21/2019|16.72|00:40:53|141|0|0|0|0||124|303|24.5|68.8|0|0|116|141|0|0|388|22|01:07:19|Garmin Edge 1030|https://www.strava.com/activities/2881546792
11/19/2019|85.79|03:01:57|760|0|198|2083|71|47%|0|0|28.3|71.6|83|117|152|175|191|668|2,079|19|03:16:25|Garmin Edge 830|https://www.strava.com/activities/2876712750
11/18/2019|65.57|02:29:43|852|0|189|1590|50|44%|0|0|26.3|68|81|120|136|164|177|596|1,581|17|02:36:00|Garmin Edge 830|https://www.strava.com/activities/2874302427
11/15/2019|85.02|03:03:17|774|0|194|2020|67|46%|0|0|27.8|75.2|87|120|132|169|184|730|2,015|13|03:11:27|Garmin Edge 830|https://www.strava.com/activities/2866996595
11/14/2019|39.69|01:20:34|655|0|186|893|25|44%|0|0|29.6|70.2|89|106|121|157|185|296|1,910||01:20:34|Zwift|https://www.strava.com/activities/2865407502
11/12/2019|49.96|01:34:37|640|0|165|932|24|39%|0|0|31.7|64.4|91|125|132|151|164|403|890||01:41:33|Zwift|https://www.strava.com/activities/2860087706
11/11/2019|52.28|01:56:55|425|0|186|1287|41|44%|0|0|26.8|49.7|83|132|137|165|183|618|1,279|22|02:10:29|Garmin Edge 830|https://www.strava.com/activities/2857905674
11/6/2019|56.86|02:09:24|652|0|188|1357|43|44%|0|0|26.4|77|81|118|140|171|175|537|1,353|23|02:14:16|Garmin Edge 830|https://www.strava.com/activities/2845831083
11/5/2019|44.21|01:34:39|395|0|186|1002|32|44%|0|0|28|55.4|85|118|145|182|176|549|1,003|24|01:41:05|Garmin Edge 830|https://www.strava.com/activities/2843290240
11/4/2019|31.16|01:11:33|305|0|0|0|0||241|1035|26.1|58.3|0|0|133|173|0|0|915|22|01:45:51|Garmin Edge 830|https://www.strava.com/activities/2840911242
11/25/2019|113.48|04:00:33|1209|0|201|2568|96|47%|0|0|28.3|67.7|82|131|131|187|178|974|2,566|22|04:47:24|Garmin Edge 1030|https://www.strava.com/activities/2891087387
11/24/2019|85.46|03:00:22|792|0|198|2010|70|47%|0|0|28.4|70.9|83|142|131|172|186|646|2,006|17|03:27:03|Garmin Edge 1030|https://www.strava.com/activities/2889019984
11/20/2019|96.61|03:32:41|1117|0|191|2282|76|45%|0|0|27.3|67|79|118|148|177|179|730|2,279|20|03:49:55|Garmin Edge 830|https://www.strava.com/activities/2879214454
11/16/2019|125.52|04:04:50|844|0|204|2484|101|48%|0|0|30.8|64.1|82|124|134|191|169|1073|2,495|13|04:37:26|Garmin Edge 830|https://www.strava.com/activities/2869536272
11/13/2019|54.79|02:36:28|411|0|0|0|0||98|920|21|50.4|0|0|140|173|0|0|1,668|3|03:21:58|Garmin Edge 830|https://www.strava.com/activities/2862603459
11/9/2019|56.28|01:50:12|67|0|0|0|0||212|1404|30.6|69.1|0|0|0|0|0|0|1,566||02:54:44||https://www.strava.com/activities/2852799348
11/7/2019|18.05|01:08:35|84|0|0|0|0||218|898|15.8|31.3|0|0|139|178|0|0|816|19|01:14:32|Garmin Edge 830|https://www.strava.com/activities/2848254121
11/2/2019|21.54|01:22:29|230|0|0|0|0||215|1062|15.7|44.3|0|0|0|0|0|0|874|17|01:28:59|Garmin Edge 830|https://www.strava.com/activities/2836111440
12/30/2019|120.35|04:06:28|1006|0|203|2905|99|48%|0|0|29.3|68.4|81|118|125|151|196|612|2,903|10|04:34:11|Garmin Edge 1030|https://www.strava.com/activities/2968586750
12/28/2019|134.12|04:19:35|1386|0|265|3714|173|62%|0|0|31|72|82|127|150|183|238|632|3,708|16|04:40:22|Garmin Edge 1030|https://www.strava.com/activities/2963474021
12/27/2019|93.36|03:02:38|693|0|214|2228|78|50%|0|0|30.7|51.5|89|135|135|166|203|976|2,230|13|03:06:02|Garmin Edge 1030|https://www.strava.com/activities/2960631955
12/23/2019|27.46|01:11:38|231|0|134|530|12|32%|0|0|23|59.8|76|103|102|128|123|267|527|9|01:15:57|Garmin Edge 1030|https://www.strava.com/activities/2951591121
12/22/2019|14.71|00:45:16|405|0|150|391|9|35%|0|0|19.5|51.8|84|117|0|0|144|276|371||00:46:14|Zwift|https://www.strava.com/activities/2949632581
12/19/2019|155.35|05:10:29|1104|0|218|3934|144|51%|0|0|30|54.4|83|112|136|165|211|752|3,923|11|05:31:53|Garmin Edge 1030|https://www.strava.com/activities/2943790220
12/9/2019|54.54|01:54:13|399|0|196|1196|44|46%|0|0|28.7|52.2|80|114|123|170|175|852|1,199|17|02:11:17|Garmin Edge 1030|https://www.strava.com/activities/2922017585
12/7/2019|17.35|00:32:09|160|0|0|0|0||296|571|32.4|81.4|0|0|104|141|0|0|226|13|01:20:54|Garmin Edge 830|https://www.strava.com/activities/2920991526
12/3/2019|122.39|04:03:53|1270|0|237|3251|134|56%|0|0|30.1|80.3|84|121|142|179|222|707|3,248|15|04:29:12|Garmin Edge 1030|https://www.strava.com/activities/2909008254
12/31/2019|206.31|06:48:19|2618|0|241|5389|229|57%|0|0|30.3|78.1|82|142|137|191|220|1155|5,372|8|07:28:02|Garmin Edge 1030|https://www.strava.com/activities/2971485309
12/29/2019|166.99|05:17:44|2049|0|264|4162|214|62%|0|0|31.5|84.2|82|125|140|189|218|955|4,161|12|06:01:14|Garmin Edge 1030|https://www.strava.com/activities/2966307285
12/20/2019|113.66|03:41:46|965|0|247|3136|132|58%|0|0|30.8|80.3|82|120|144|171|236|623|3,133|6|03:55:17|Garmin Edge 1030|https://www.strava.com/activities/2945446085
12/16/2019|167.92|05:57:12|3525|0|270|4636|260|64%|0|0|28.2|88.6|77|126|136|193|216|1112|4,632|13|06:34:35|Garmin Edge 1030|https://www.strava.com/activities/2937800721
12/15/2019|156.2|05:10:52|2904|0|262|4320|213|62%|0|0|30.1|86.8|81|157|139|172|232|799|4,319|12|05:59:00|Garmin Edge 1030|https://www.strava.com/activities/2935841033
12/14/2019|121.18|04:21:27|2586|0|251|3241|163|59%|0|0|27.8|86|75|122|136|183|207|1047|3,231|13|05:20:36|Garmin Edge 1030|https://www.strava.com/activities/2933154693
12/13/2019|23.02|01:10:16|483|0|180|665|23|42%|0|0|19.7|64.8|66|115|115|150|158|627|662|21|01:23:34|Garmin Edge 1030|https://www.strava.com/activities/2932599001
12/12/2019|138.8|04:57:17|2856|0|245|3610|174|58%|0|0|28|77.4|73|128|134|179|202|860|3,611|19|05:17:47|Garmin Edge 1030|https://www.strava.com/activities/2929118562
12/11/2019|109.05|03:42:37|2139|0|246|2714|132|58%|0|0|29.4|83.9|79|121|131|193|203|1241|2,714|15|03:57:21|Garmin Edge 1030|https://www.strava.com/activities/2926992379
12/10/2019|102.75|03:38:09|1964|0|244|2568|129|57%|0|0|28.3|85.3|78|123|134|185|196|886|2,571|13|04:12:44|Garmin Edge 1030|https://www.strava.com/activities/2925158126
12/6/2019|145.16|04:54:00|1653|0|221|3583|139|52%|0|0|29.6|71.3|80|123|137|186|203|1343|3,584|15|05:42:14|Garmin Edge 1030|https://www.strava.com/activities/2915545101
12/4/2019|123.91|04:13:42|928|0|202|3013|105|48%|0|0|29.3|55.8|81|115|124|151|198|884|3,001|15|04:44:44|Garmin Edge 1030|https://www.strava.com/activities/2911310845
12/2/2019|144.99|04:49:54|1655|0|229|3494|149|54%|0|0|30|72.4|82|119|142|187|201|785|3,797|10|05:36:18|Garmin Edge 1030|https://www.strava.com/activities/2906799574
12/1/2019|145.4|04:42:55|945|0|232|3409|148|55%|0|0|30.8|65.2|86|121|143|190|201|1088|3,624|13|05:38:05|Garmin Edge 1030|https://www.strava.com/activities/2905047890
1/31/2020|133.02|04:21:46|1086|0|272|3452|190|64%|0|0|30.5|68|80|115|137|186|220|597|3,435|8|04:50:45|Garmin Edge 1030|https://www.strava.com/activities/3060017340
1/29/2020|19.82|00:30:20|202|0|407|629|46|96%|0|0|39.2|60.5|0|0|0|0|346|966|668||00:30:20|Zwift|https://www.strava.com/activities/3055039133
1/29/2020|4.1|00:07:44|15|0|168|78|2|40%|0|0|31.8|51.5|0|0|0|0|168|245|74||00:07:44|Zwift|https://www.strava.com/activities/3054789748
1/28/2020|82.5|03:02:49|1091|0|204|2037|74|48%|0|0|27.1|73.8|76|115|118|153|186|580|2,030|14|03:22:23|Garmin Edge 1030|https://www.strava.com/activities/3051330657
1/27/2020|3.52|00:09:25|34|0|160|88|2|38%|0|0|22.4|36|64|93|121|134|156|344|88|15|00:09:25|Garmin Edge 1030|https://www.strava.com/activities/3048752937
1/27/2020|84.98|03:18:35|1576|0|302|2498|176|71%|0|0|25.7|74.5|76|128|134|188|210|820|2,484|9|03:32:03|Garmin Edge 1030|https://www.strava.com/activities/3048753184
1/25/2020|10.55|00:31:23|151|0|141|236|6|33%|0|0|20.2|46.4|66|97|107|132|125|475|237|16|00:33:57|Garmin Edge 1030|https://www.strava.com/activities/3042830763
1/23/2020|66.3|02:19:47|554|0|203|1631|60|48%|0|0|28.5|51.5|87|170|119|165|194|539|1,607|10|02:38:56|Garmin Edge 1030|https://www.strava.com/activities/3036891794
1/21/2020|27.34|01:16:00|243|0|0|0|0||103|470|21.6|41.8|0|0|98|134|0|0|454|14|01:49:40|Garmin Edge 1030|https://www.strava.com/activities/3031434336
1/20/2020|5.56|00:22:32|31|0|67|75|1|16%|0|0|14.8|27.7|50|85|0|0|56|455|75|10|00:49:05|Garmin Edge 1030|https://www.strava.com/activities/3028049522
1/11/2020|91.52|03:44:01|1686|0|242|2527|137|57%|0|0|24.5|77.4|77|125|130|187|188|835|2,518|8|04:33:52|Garmin Edge 1030|https://www.strava.com/activities/3002482388
1/10/2020|20.38|00:45:29|358|0|216|467|19|51%|0|0|26.9|50|88|118|120|175|171|540|440||00:45:29|Zwift|https://www.strava.com/activities/2998963122
1/8/2020|10.96|00:43:20|89|0|46|44|0|11%|0|0|15.2|29.9|55|77|0|0|17|296|271|17|01:26:35|Garmin Edge 1030|https://www.strava.com/activities/2993739907
1/7/2020|138.19|04:33:38|940|0|228|3443|134|54%|0|0|30.3|49.3|79|111|125|161|210|481|3,436|13|04:57:11|Garmin Edge 1030|https://www.strava.com/activities/2990870254
1/6/2020|141.6|04:26:08|1030|0|251|3652|163|59%|0|0|31.9|59.4|83|112|136|191|229|878|3,638|17|04:56:32|Garmin Edge 1030|https://www.strava.com/activities/2988144740
1/2/2020|19.82|01:18:22|155|0|91|348|6|21%|0|0|15.2|32.8|58|118|0|0|74|494|345|12|02:24:10|Garmin Edge 1030|https://www.strava.com/activities/2976360177
1/29/2020|72.55|02:51:36|1151|0|207|1912|73|49%|0|0|25.4|68.8|76|123|119|158|186|640|1,905|9|03:28:56|Garmin Edge 1030|https://www.strava.com/activities/3054265145
1/26/2020|25.12|01:32:15|170|0|0|0|0||67|368|16.3|36.7|0|0|0|0|0|0|708|19|02:35:54|Garmin Edge 1030|https://www.strava.com/activities/3046228502
1/25/2020|74.16|02:27:21|613|0|217|1529|72|51%|0|0|30.2|59.4|79|128|111|183|173|973|1,520|10|02:46:55|Garmin Edge 1030|https://www.strava.com/activities/3042596287
1/24/2020|94.02|03:27:36|1094|0|210|2380|91|49%|0|0|27.2|85|78|126|122|185|191|638|2,365|11|03:50:16|Garmin Edge 1030|https://www.strava.com/activities/3040048815
1/18/2020|203.44|05:34:54|1648|0|305|5070|317|72%|0|0|36.4|65.5|85|130|145|193|252|1061|5,074|15|07:01:24|Garmin Edge 1030|https://www.strava.com/activities/3023168513
1/17/2020|150.87|05:21:07|824|0|194|3563|124|46%|0|0|28.2|52.6|76|134|112|142|185|1169|3,561|9|07:02:53|Garmin Edge 1030|https://www.strava.com/activities/3020023290
1/16/2020|170.37|05:39:17|1517|0|280|4420|262|66%|0|0|30.1|86|78|124|133|192|217|1058|4,413|10|06:31:34|Garmin Edge 1030|https://www.strava.com/activities/3017485479
1/15/2020|205.86|06:12:11|2207|0|248|5037|222|58%|0|0|33.2|72.7|84|124|150|185|226|781|5,038|21|07:00:52|Garmin Edge 1030|https://www.strava.com/activities/3014684159
1/14/2020|33.85|01:21:45|289|0|159|719|21|37%|0|0|24.8|52.9|75|117|106|138|147|594|719|16|02:33:47|Garmin Edge 1030|https://www.strava.com/activities/3011044637
1/13/2020|112.11|03:43:29|1216|0|269|2946|168|63%|0|0|30.1|79.9|82|150|134|192|220|813|2,935|10|05:10:31|Garmin Edge 1030|https://www.strava.com/activities/3008505228
1/12/2020|173.55|05:18:10|2056|0|278|4633|245|65%|0|0|32.7|79.2|84|140|149|195|243|1164|4,626|8|06:20:39|Garmin Edge 1030|https://www.strava.com/activities/3006234069
1/5/2020|137.56|04:54:02|1724|0|220|3396|139|52%|0|0|28.1|75.2|77|126|125|189|193|1181|3,392|17|05:34:35|Garmin Edge 1030|https://www.strava.com/activities/2985598994
1/4/2020|187.64|05:36:29|1420|0|286|4978|262|67%|0|0|33.5|60.5|85|123|154|195|247|1069|4,977|9|06:23:39|Garmin Edge 1030|https://www.strava.com/activities/2982088037
1/3/2020|104.34|03:57:01|760|0|197|2644|91|46%|0|0|26.4|48.6|80|109|126|160|186|636|2,642|13|04:21:34|Garmin Edge 1030|https://www.strava.com/activities/2979029492
1/31/2020|133.02|04:21:46|1086|0|272|3452|190|64%|0|0|30.5|68|80|115|137|186|220|597|3,435|8|04:50:45|Garmin Edge 1030|https://www.strava.com/activities/3060017340
1/29/2020|19.82|00:30:20|202|0|407|629|46|96%|0|0|39.2|60.5|0|0|0|0|346|966|668||00:30:20|Zwift|https://www.strava.com/activities/3055039133
1/29/2020|4.1|00:07:44|15|0|168|78|2|40%|0|0|31.8|51.5|0|0|0|0|168|245|74||00:07:44|Zwift|https://www.strava.com/activities/3054789748
1/28/2020|82.5|03:02:49|1091|0|204|2037|74|48%|0|0|27.1|73.8|76|115|118|153|186|580|2,030|14|03:22:23|Garmin Edge 1030|https://www.strava.com/activities/3051330657
1/27/2020|3.52|00:09:25|34|0|160|88|2|38%|0|0|22.4|36|64|93|121|134|156|344|88|15|00:09:25|Garmin Edge 1030|https://www.strava.com/activities/3048752937
1/27/2020|84.98|03:18:35|1576|0|302|2498|176|71%|0|0|25.7|74.5|76|128|134|188|210|820|2,484|9|03:32:03|Garmin Edge 1030|https://www.strava.com/activities/3048753184
1/25/2020|10.55|00:31:23|151|0|141|236|6|33%|0|0|20.2|46.4|66|97|107|132|125|475|237|16|00:33:57|Garmin Edge 1030|https://www.strava.com/activities/3042830763
1/23/2020|66.3|02:19:47|554|0|203|1631|60|48%|0|0|28.5|51.5|87|170|119|165|194|539|1,607|10|02:38:56|Garmin Edge 1030|https://www.strava.com/activities/3036891794
1/21/2020|27.34|01:16:00|243|0|0|0|0||103|470|21.6|41.8|0|0|98|134|0|0|454|14|01:49:40|Garmin Edge 1030|https://www.strava.com/activities/3031434336
1/20/2020|5.56|00:22:32|31|0|67|75|1|16%|0|0|14.8|27.7|50|85|0|0|56|455|75|10|00:49:05|Garmin Edge 1030|https://www.strava.com/activities/3028049522
1/11/2020|91.52|03:44:01|1686|0|242|2527|137|57%|0|0|24.5|77.4|77|125|130|187|188|835|2,518|8|04:33:52|Garmin Edge 1030|https://www.strava.com/activities/3002482388
1/10/2020|20.38|00:45:29|358|0|216|467|19|51%|0|0|26.9|50|88|118|120|175|171|540|440||00:45:29|Zwift|https://www.strava.com/activities/2998963122
1/8/2020|10.96|00:43:20|89|0|46|44|0|11%|0|0|15.2|29.9|55|77|0|0|17|296|271|17|01:26:35|Garmin Edge 1030|https://www.strava.com/activities/2993739907
1/7/2020|138.19|04:33:38|940|0|228|3443|134|54%|0|0|30.3|49.3|79|111|125|161|210|481|3,436|13|04:57:11|Garmin Edge 1030|https://www.strava.com/activities/2990870254
1/6/2020|141.6|04:26:08|1030|0|251|3652|163|59%|0|0|31.9|59.4|83|112|136|191|229|878|3,638|17|04:56:32|Garmin Edge 1030|https://www.strava.com/activities/2988144740
1/2/2020|19.82|01:18:22|155|0|91|348|6|21%|0|0|15.2|32.8|58|118|0|0|74|494|345|12|02:24:10|Garmin Edge 1030|https://www.strava.com/activities/2976360177
1/29/2020|72.55|02:51:36|1151|0|207|1912|73|49%|0|0|25.4|68.8|76|123|119|158|186|640|1,905|9|03:28:56|Garmin Edge 1030|https://www.strava.com/activities/3054265145
1/26/2020|25.12|01:32:15|170|0|0|0|0||67|368|16.3|36.7|0|0|0|0|0|0|708|19|02:35:54|Garmin Edge 1030|https://www.strava.com/activities/3046228502
1/25/2020|74.16|02:27:21|613|0|217|1529|72|51%|0|0|30.2|59.4|79|128|111|183|173|973|1,520|10|02:46:55|Garmin Edge 1030|https://www.strava.com/activities/3042596287
1/24/2020|94.02|03:27:36|1094|0|210|2380|91|49%|0|0|27.2|85|78|126|122|185|191|638|2,365|11|03:50:16|Garmin Edge 1030|https://www.strava.com/activities/3040048815
1/18/2020|203.44|05:34:54|1648|0|305|5070|317|72%|0|0|36.4|65.5|85|130|145|193|252|1061|5,074|15|07:01:24|Garmin Edge 1030|https://www.strava.com/activities/3023168513
1/17/2020|150.87|05:21:07|824|0|194|3563|124|46%|0|0|28.2|52.6|76|134|112|142|185|1169|3,561|9|07:02:53|Garmin Edge 1030|https://www.strava.com/activities/3020023290
1/16/2020|170.37|05:39:17|1517|0|280|4420|262|66%|0|0|30.1|86|78|124|133|192|217|1058|4,413|10|06:31:34|Garmin Edge 1030|https://www.strava.com/activities/3017485479
1/15/2020|205.86|06:12:11|2207|0|248|5037|222|58%|0|0|33.2|72.7|84|124|150|185|226|781|5,038|21|07:00:52|Garmin Edge 1030|https://www.strava.com/activities/3014684159
1/14/2020|33.85|01:21:45|289|0|159|719|21|37%|0|0|24.8|52.9|75|117|106|138|147|594|719|16|02:33:47|Garmin Edge 1030|https://www.strava.com/activities/3011044637
1/13/2020|112.11|03:43:29|1216|0|269|2946|168|63%|0|0|30.1|79.9|82|150|134|192|220|813|2,935|10|05:10:31|Garmin Edge 1030|https://www.strava.com/activities/3008505228
1/12/2020|173.55|05:18:10|2056|0|278|4633|245|65%|0|0|32.7|79.2|84|140|149|195|243|1164|4,626|8|06:20:39|Garmin Edge 1030|https://www.strava.com/activities/3006234069
1/5/2020|137.56|04:54:02|1724|0|220|3396|139|52%|0|0|28.1|75.2|77|126|125|189|193|1181|3,392|17|05:34:35|Garmin Edge 1030|https://www.strava.com/activities/2985598994
1/4/2020|187.64|05:36:29|1420|0|286|4978|262|67%|0|0|33.5|60.5|85|123|154|195|247|1069|4,977|9|06:23:39|Garmin Edge 1030|https://www.strava.com/activities/2982088037
1/3/2020|104.34|03:57:01|760|0|197|2644|91|46%|0|0|26.4|48.6|80|109|126|160|186|636|2,642|13|04:21:34|Garmin Edge 1030|https://www.strava.com/activities/2979029492
3/31/2020|42.17|01:03:35|341|0|251|834|36|59%|0|0|39.8|78.5|80|104|0|0|219|614|832||01:03:35|Zwift|https://www.strava.com/activities/3239121965
3/31/2020|23.69|01:18:05|826|0|203|776|29|48%|0|0|18.2|73.4|86|120|0|0|166|429|741||01:18:05|Zwift|https://www.strava.com/activities/3238695459
3/30/2020|34.78|00:56:43|268|0|254|707|33|60%|0|0|36.8|54.4|88|141|0|0|208|562|675||00:56:43|Zwift|https://www.strava.com/activities/3235369842
3/30/2020|7.08|00:27:52|59|0|0|0|0||65|109|15.2|29.9|0|0|0|0|0|0|194|17|00:29:51|Garmin Edge 1030|https://www.strava.com/activities/3234924279
3/29/2020|62.89|02:13:33|544|0|195|1477|48|46%|0|0|28.3|51.5|79|113|124|149|184|539|1,475|22|02:19:05|Garmin Edge 1030|https://www.strava.com/activities/3232435531
3/26/2020|39.67|00:52:12|329|0|354|1031|63|83%|0|0|45.6|60.8|87|103|0|0|329|767|1,077||00:54:47|Zwift|https://www.strava.com/activities/3222193768
3/23/2020|33.33|01:11:50|389|0|195|767|25|46%|0|0|27.8|50.8|84|116|0|0|178|451|728||01:11:50|Zwift|https://www.strava.com/activities/3211299586
3/23/2020|37.73|01:15:49|400|0|225|958|35|53%|0|0|29.9|52.2|88|116|0|0|211|387|915||01:15:49|Zwift|https://www.strava.com/activities/3210035037
3/22/2020|26|01:00:07|416|0|208|726|24|49%|0|0|26|73.4|87|116|0|0|201|306|692||01:00:07|Zwift|https://www.strava.com/activities/3208541637
3/22/2020|30.1|00:48:17|257|0|272|758|32|64%|0|0|37.4|62.3|88|108|0|0|262|437|762||00:48:17|Zwift|https://www.strava.com/activities/3207140218
3/12/2020|202.17|05:09:35|2488|0|264|3957|199|62%|0|0|39.2|92.5|83|136|138|179|213|907|3,980|15|05:10:36|Garmin Edge 830|https://www.strava.com/activities/3187613252
3/11/2020|15.39|00:23:28|215|0|386|467|33|91%|0|0|39.4|86.4|88|115|166|187|331|905|466|17|00:24:42|Garmin Edge 130|https://www.strava.com/activities/3174145939
3/11/2020|15.63|00:33:04|227|0|203|346|12|48%|0|0|28.4|82.1|77|103|121|141|174|477|355|17|00:35:39|Garmin Edge 130|https://www.strava.com/activities/3173853189
3/10/2020|218.77|06:07:18|1128|0|236|4299|191|56%|0|0|35.7|79.6|82|127|126|179|195|1056|4,347|9|06:10:30|Garmin Edge 830|https://www.strava.com/activities/3173501427
3/9/2020|169.04|04:02:15|603|0|278|3300|172|65%|0|0|41.9|84.2|86|124|136|188|227|974|3,322|8|04:02:53|Garmin Edge 830|https://www.strava.com/activities/3168612929
3/8/2020|161.35|03:55:52|1362|0|308|3676|206|72%|0|0|41|88.6|89|130|160|194|260|1056|3,696|8|03:56:54|Garmin Edge 830|https://www.strava.com/activities/3165611132
3/7/2020|29.49|01:02:30|400|0|238|731|51|56%|0|0|28.3|58.3|81|119|0|0|195|549|735|3|01:39:38|Garmin Edge 1030|https://www.strava.com/activities/3160945256
3/6/2020|29.86|01:17:40|398|0|171|663|23|40%|0|0|23.1|55.4|74|115|99|130|142|638|667|14|01:55:46|Garmin Edge 830|https://www.strava.com/activities/3158665909
3/5/2020|98.69|03:01:07|791|0|246|2125|117|58%|0|0|32.7|63|82|113|122|177|196|463|2,122|16|04:40:48|Garmin Edge 1030|https://www.strava.com/activities/3160773613
3/3/2020|119.35|03:52:12|1526|0|267|2795|158|63%|0|0|30.8|63.7|79|129|122|182|201|910|2,844|6|04:01:26|Garmin Edge 1030|https://www.strava.com/activities/3150259481
3/2/2020|28.43|01:07:46|308|0|161|585|17|38%|0|0|25.2|61.6|74|113|95|125|144|616|586|17|01:25:25|Garmin Edge 1030|https://www.strava.com/activities/3149659043
3/1/2020|96.04|03:03:07|852|0|273|2077|127|64%|0|0|31.5|65.9|83|113|116|185|189|604|2,071|14|03:06:01|Garmin Edge 1030|https://www.strava.com/activities/3144660287
4/30/2020|42.76|00:55:15|415|0|381|1141|74|90%|0|0|46.4|74.5|0|0|0|0|344|1029|1,210||00:55:15|Zwift|https://www.strava.com/activities/3377561798
4/30/2020|2.64|00:05:36|22|0|149|52|1|35%|0|0|28.4|48.6|0|0|0|0|154|274|49||00:05:36|Zwift|https://www.strava.com/activities/3377393170
4/30/2020|45.47|01:31:18|607|0|209|1001|36|49%|0|0|29.9|76.3|0|0|0|0|183|907|955||01:31:18|Zwift|https://www.strava.com/activities/3375321177
4/29/2020|125.83|04:12:13|1001|0|0|0|0||175|2653|29.9|56.5|0|0|131|185|0|0|2,635|25|04:58:40|Garmin Edge 1030|https://www.strava.com/activities/3372463784
4/28/2020|123.44|04:01:40|1126|0|225|3111|119|53%|0|0|30.6|78.8|80|119|138|163|215|488|3,112|26|04:27:25|Garmin Edge 1030|https://www.strava.com/activities/3367442950
4/26/2020|91.9|03:00:08|702|0|210|2176|74|49%|0|0|30.6|68.4|79|116|123|146|201|911|2,176|21|03:05:50|Garmin Edge 1030|https://www.strava.com/activities/3357994650
4/25/2020|78.54|02:44:07|698|0|206|1793|70|48%|0|0|28.7|60.1|76|125|116|173|182|658|1,780|24|03:06:25|Garmin Edge 1030|https://www.strava.com/activities/3352620242
4/24/2020|52.41|02:06:35|1806|0|280|1781|93|66%|0|0|24.8|80.3|67|112|0|0|235|639|1,704||02:08:30|Zwift|https://www.strava.com/activities/3346900389
4/24/2020|24.71|00:46:49|181|0|173|489|13|41%|0|0|31.7|55.1|85|103|0|0|174|330|467||00:49:03|Zwift|https://www.strava.com/activities/3346040419
4/23/2020|41.55|00:52:37|344|0|347|1008|58|82%|0|0|47.4|61.6|0|0|0|0|319|1012|1,057||00:52:37|Zwift|https://www.strava.com/activities/3343779618
4/23/2020|35.54|01:06:51|333|0|200|768|24|47%|0|0|31.9|64.1|0|0|0|0|191|540|733||01:06:51|Zwift|https://www.strava.com/activities/3341065498
4/23/2020|4.18|00:06:58|9|0|172|74|1|40%|0|0|36|42.5|0|0|0|0|177|213|70||00:06:58|Zwift|https://www.strava.com/activities/3340757883
4/23/2020|4.56|00:08:21|20|0|174|87|2|41%|0|0|32.8|47.5|0|0|0|0|173|289|83||00:08:21|Zwift|https://www.strava.com/activities/3340719721
4/22/2020|46.3|01:41:02|1449|0|352|1777|118|83%|0|0|27.5|83.5|76|126|0|0|293|675|1,692||01:43:26|Zwift|https://www.strava.com/activities/3336619770
4/21/2020|88.76|03:12:50|1085|0|210|2201|82|49%|0|0|27.6|71.6|77|121|126|166|190|505|2,195|26|03:24:10|Garmin Edge 1030|https://www.strava.com/activities/3332695834
4/20/2020|35.13|01:00:02|273|0|263|749|38|62%|0|0|35.1|71.6|0|0|0|0|208|725|715||01:00:02|Zwift|https://www.strava.com/activities/3326606003
4/20/2020|36.25|01:11:02|366|0|182|755|22|43%|0|0|30.6|75.2|0|0|0|0|177|559|719||01:28:29|Zwift|https://www.strava.com/activities/3326295327
4/19/2020|32.82|01:04:26|543|0|205|712|24|48%|0|0|30.6|79.9|0|0|0|0|184|516|680||01:04:26|Zwift|https://www.strava.com/activities/3322259700
4/18/2020|93.25|03:10:48|1128|0|227|2424|91|53%|0|0|29.3|67|76|121|130|170|212|592|2,423|11|03:13:35|Garmin Edge 1030|https://www.strava.com/activities/3318128890
4/16/2020|42.07|00:53:24|411|0|380|1126|71|89%|0|0|47.3|73.8|0|0|0|0|352|809|1,214||00:53:41|Zwift|https://www.strava.com/activities/3309752608
4/16/2020|31.16|01:02:58|278|0|206|723|24|48%|0|0|29.7|64.4|0|0|0|0|191|837|690||01:02:58|Zwift|https://www.strava.com/activities/3307203897
4/15/2020|84.51|02:51:29|838|0|272|2070|123|64%|0|0|29.6|68.8|75|204|127|186|201|1000|2,064|13|03:02:26|Garmin Edge 1030|https://www.strava.com/activities/3303855786
4/14/2020|63.54|02:12:54|540|0|233|1569|72|55%|0|0|28.7|72.7|75|114|124|184|197|992|1,568|17|02:23:54|Garmin Edge 830|https://www.strava.com/activities/3298899302
4/13/2020|28.06|00:51:17|391|0|344|774|56|81%|0|0|32.8|77.8|0|0|0|0|251|881|817||00:51:17|Zwift|https://www.strava.com/activities/3294505984
4/13/2020|5.87|00:09:28|82|0|225|127|4|53%|0|0|37.2|61.6|0|0|0|0|223|381|120||00:09:28|Zwift|https://www.strava.com/activities/3294238053
4/11/2020|82.65|02:54:47|964|0|241|1970|97|57%|0|0|28.4|75.2|75|119|126|184|188|1096|1,969|18|03:00:38|Garmin Edge 1030|https://www.strava.com/activities/3285965797
4/10/2020|31.48|01:37:10|1058|0|182|978|32|43%|0|0|19.4|73.8|0|0|0|0|168|538|930||01:45:03|Zwift|https://www.strava.com/activities/3280193444
4/9/2020|40.34|00:51:53|336|0|388|1117|71|91%|0|0|46.7|67.3|0|0|0|0|359|897|1,118||00:51:53|Zwift|https://www.strava.com/activities/3277692506
4/9/2020|8.45|00:13:50|12|0|182|149|4|43%|0|0|36.7|42.8|0|0|0|0|180|297|145||00:13:50|Zwift|https://www.strava.com/activities/3277550456
4/9/2020|47.1|01:41:51|453|0|197|1053|36|46%|0|0|27.7|64.8|79|119|116|158|172|478|1,050|24|01:43:21|Garmin Edge 1030|https://www.strava.com/activities/3276111530
4/3/2020|9.33|00:26:35|77|0|0|0|0||101|160|21.1|34.6|0|0|105|126|0|0|214|30|4.18:01:39|Garmin Edge 830|https://www.strava.com/activities/3272230610
4/8/2020|30.11|00:58:11|254|0|169|574|15|40%|0|0|31.1|62.3|0|0|0|0|165|463|547||00:58:11|Zwift|https://www.strava.com/activities/3271098440
4/7/2020|82.67|02:46:01|909|0|218|1585|74|51%|0|0|29.9|66.6|77|118|128|185|159|1055|1,587|26|03:13:43|Garmin Edge 1030|https://www.strava.com/activities/3268327468
4/6/2020|34.17|01:00:29|287|0|214|740|25|50%|0|0|33.9|72.7|0|0|0|0|204|494|706||01:00:29|Zwift|https://www.strava.com/activities/3262796179
4/5/2020|72.81|01:45:10|1362|0|355|2169|124|84%|0|0|41.5|89.6|0|0|0|0|344|950|2,152||01:46:39|Zwift|https://www.strava.com/activities/3259688709
4/5/2020|45.05|01:31:23|741|0|184|986|28|43%|0|0|29.6|74.9|0|0|0|0|180|542|941||01:31:42|Zwift|https://www.strava.com/activities/3258602157
4/4/2020|28.8|01:00:50|1192|0|379|1324|80|89%|0|0|28.4|72.7|0|0|0|0|363|638|1,372||01:01:10|Zwift|https://www.strava.com/activities/3254780606
4/4/2020|46.72|01:19:22|361|0|208|963|31|49%|0|0|35.3|61.9|0|0|0|0|202|491|918||01:19:22|Zwift|https://www.strava.com/activities/3253882277
4/4/2020|3.32|00:06:06|6|0|138|52|1|32%|0|0|32.7|37.4|0|0|0|0|141|179|49||00:06:06|Zwift|https://www.strava.com/activities/3253488474
4/2/2020|41.37|00:54:32|405|0|377|1154|74|89%|0|0|45.5|72.7|0|0|0|0|353|746|1,167||00:56:21|Zwift|https://www.strava.com/activities/3248278068
4/2/2020|9.43|00:15:02|38|0|213|185|6|50%|0|0|37.6|57.6|0|0|0|0|205|840|181||00:15:02|Zwift|https://www.strava.com/activities/3248123790
4/2/2020|37.37|01:15:30|303|0|189|814|24|44%|0|0|29.7|51.8|87|105|0|0|180|368|777||01:16:27|Zwift|https://www.strava.com/activities/3246211911
4/1/2020|36.27|01:31:24|546|0|200|970|37|47%|0|0|23.8|82.8|75|111|120|162|177|428|964|22|01:42:57|Garmin Edge 1030|https://www.strava.com/activities/3243452780
4/1/2020|19.73|00:50:21|171|0|175|524|14|41%|0|0|23.5|45.4|85|105|0|0|173|269|608||00:50:21|Zwift|https://www.strava.com/activities/3242323425
4/1/2020|2.43|00:07:22|57|0|151|71|2|36%|0|0|19.8|43.6|87|99|0|0|160|245|76||00:09:24|Zwift|https://www.strava.com/activities/3242109020
5/31/2020|121.86|03:45:01|1053|0|278|2934|172|65%|0|0|32.5|64.1|80|121|140|195|217|1314|2,927|23|04:18:11|Garmin Edge 1030|https://www.strava.com/activities/3543129076
5/30/2020|22.71|01:35:16|142|0|0|0|0||60|343|14.3|33.8|0|0|0|0|0|0|382||02:40:43||https://www.strava.com/activities/3537255377
5/28/2020|40.38|00:52:22|336|0|368|1050|65|87%|0|0|46.3|68.4|81|102|0|0|334|931|1,083||00:52:22|Zwift|https://www.strava.com/activities/3528380466
5/28/2020|92.19|03:07:28|731|0|203|2221|75|48%|0|0|29.5|52.2|80|110|120|145|197|424|2,220|24|03:18:22|Garmin Edge 1030|https://www.strava.com/activities/3526665353
5/27/2020|82.45|02:47:26|970|0|254|2185|105|60%|0|0|29.5|74.2|80|121|131|177|218|569|2,181|24|02:56:33|Garmin Edge 1030|https://www.strava.com/activities/3520642701
5/26/2020|55.76|01:33:45|312|0|291|1288|77|68%|0|0|35.7|82.1|86|113|132|189|229|632|1,288|22|02:18:16|Garmin Edge 1030|https://www.strava.com/activities/3515221015
5/25/2020|123.36|04:03:18|1092|0|218|3036|111|51%|0|0|30.4|73.8|78|112|121|158|208|544|3,036|18|04:21:15|Garmin Edge 1030|https://www.strava.com/activities/3510085245
5/24/2020|122.32|04:00:35|904|0|209|2806|102|49%|0|0|30.5|54.7|78|120|123|170|194|983|2,800|28|04:30:35|Garmin Edge 1030|https://www.strava.com/activities/3505756036
5/23/2020|116.23|03:35:08|1265|0|292|3135|174|69%|0|0|32.4|64.4|80|117|141|188|243|790|3,130|25|04:10:20|Garmin Edge 1030|https://www.strava.com/activities/3500027858
5/22/2020|16.19|01:03:47|121|0|0|0|0||65|250|15.2|32.4|0|0|0|0|0|0|485|28|01:24:35|Garmin Edge 1030|https://www.strava.com/activities/3494089093
5/21/2020|40.53|00:53:09|336|0|368|1059|67|87%|0|0|45.8|61.9|80|104|0|0|332|999|1,136||00:53:25|Zwift|https://www.strava.com/activities/3491155801
5/21/2020|127.4|04:16:55|1031|0|197|2876|96|46%|0|0|29.8|58.3|78|118|126|155|187|440|2,875|27|04:35:06|Garmin Edge 1030|https://www.strava.com/activities/3489451403
5/20/2020|90.05|02:49:28|639|0|250|1928|101|59%|0|0|31.9|56.9|82|120|134|188|190|545|1,922|26|02:59:03|Garmin Edge 1030|https://www.strava.com/activities/3483224623
5/19/2020|130.1|04:31:34|1616|0|212|3110|116|50%|0|0|28.7|71.6|76|146|138|178|191|734|3,103|31|04:55:24|Garmin Edge 1030|https://www.strava.com/activities/3478566734
5/16/2020|19.51|01:24:04|63|0|0|0|0||60|302|13.9|27.7|0|0|111|138|0|0|562|24|01:35:33|Garmin Edge 1030|https://www.strava.com/activities/3462471958
5/15/2020|84.4|03:02:12|819|0|191|1928|67|45%|0|0|27.8|67.7|74|116|118|150|176|558|1,927|22|03:27:56|Garmin Edge 1030|https://www.strava.com/activities/3455463582
5/14/2020|30.18|00:36:17|296|0|381|789|48|90%|0|0|49.9|70.2|0|0|0|0|362|1048|896||00:36:17|Zwift|https://www.strava.com/activities/3452624871
5/14/2020|98.81|03:13:23|732|0|238|2397|105|56%|0|0|30.7|53.3|79|116|138|188|207|646|2,391|26|03:22:34|Garmin Edge 1030|https://www.strava.com/activities/3451062118
5/13/2020|54.72|01:47:51|587|0|192|1206|36|45%|0|0|30.4|70.2|0|0|0|0|186|485|1,152||01:48:56|Zwift|https://www.strava.com/activities/3445403889
5/10/2020|18.43|01:14:31|131|0|0|0|0||72|323|14.8|68.8|0|0|101|132|0|0|483|30|02:38:16|Garmin fēnix 5 Plus|https://www.strava.com/activities/3432394068
5/9/2020|83.53|02:54:25|851|0|223|1971|85|52%|0|0|28.7|73.8|76|121|111|174|188|1046|1,987|22|21:36:18|Garmin Edge 1030|https://www.strava.com/activities/3431437034
5/9/2020|149.82|04:53:47|1725|0|235|3792|153|55%|0|0|30.6|72|77|154|126|165|215|922|3,793|20|05:18:37|Garmin Edge 1030|https://www.strava.com/activities/3426657812
5/8/2020|39.48|01:00:59|342|0|199|710|22|47%|0|0|38.8|63.4|0|0|0|0|194|458|683||01:00:59|Zwift|https://www.strava.com/activities/3419081699
5/7/2020|196.44|05:50:44|2073|0|252|4611|214|59%|0|0|33.6|68.4|78|120|129|176|219|1213|4,613|22|07:01:43|Garmin Edge 1030|https://www.strava.com/activities/3415635565
5/6/2020|62.4|02:19:43|550|0|177|1340|41|42%|0|0|26.8|49|80|114|119|146|160|444|1,340|26|02:21:07|Garmin Edge 1030|https://www.strava.com/activities/3409250555
5/6/2020|77.99|01:50:33|1045|0|349|2071|126|82%|0|0|42.3|77.4|0|0|0|0|312|808|2,149||01:52:17|Zwift|https://www.strava.com/activities/3408081710
5/6/2020|2.73|00:05:10|9|0|144|44|0|34%|0|0|31.7|43.6|0|0|0|0|143|2000|49||00:05:10|Zwift|https://www.strava.com/activities/3407180099
5/5/2020|46.77|01:03:59|585|0|372|1344|86|88%|0|0|43.9|76.3|0|0|0|0|350|900|1,447||01:07:50|Zwift|https://www.strava.com/activities/3401764790
5/5/2020|2.52|00:05:06|8|0|147|46|1|35%|0|0|29.7|39.6|0|0|0|0|151|231|44||00:05:06|Zwift|https://www.strava.com/activities/3401394129
5/3/2020|122.26|04:00:01|1359|0|240|3027|130|56%|0|0|30.6|67.3|78|132|129|185|210|895|3,030|26|04:31:48|Garmin Edge 1030|https://www.strava.com/activities/3393141659
5/2/2020|152.59|05:11:48|1393|0|220|3630|144|52%|0|0|29.4|81.4|73|160|132|190|194|768|3,621|26|05:47:14|Garmin Edge 1030|https://www.strava.com/activities/3387209268
5/1/2020|19.06|01:24:12|132|0|0|0|0||64|323|13.6|40.3|0|0|86|114|0|0|387|29|01:46:14|Garmin fēnix 5 Plus|https://www.strava.com/activities/3380817116
6/25/2020|84.57|03:11:06|733|0|176|1858|56|41%|0|0|26.6|64.4|78|117|114|154|162|444|1,852|23|03:18:04|Garmin Edge 1030|https://www.strava.com/activities/3669516244
6/23/2020|76.2|02:04:29|720|0|288|1811|99|68%|0|0|36.7|65.9|89|112|0|0|242|510|1,735||02:09:25|Zwift|https://www.strava.com/activities/3659187234
6/22/2020|117.81|04:02:56|1056|0|212|2898|106|50%|0|0|29.1|78.5|78|114|129|159|199|541|2,891|25|04:25:10|Garmin Edge 1030|https://www.strava.com/activities/3654230026
6/18/2020|62.75|02:10:12|514|0|182|1306|41|43%|0|0|28.9|54|81|115|113|140|167|402|1,305|24|02:17:38|Garmin Edge 1030|https://www.strava.com/activities/3634090057
6/17/2020|49.1|01:57:26|447|0|166|1062|31|39%|0|0|25.1|56.2|72|113|103|138|151|569|1,064|27|02:02:55|Garmin Edge 1030|https://www.strava.com/activities/3629513706
6/16/2020|10.52|00:50:30|79|0|0|0|0||66|199|12.5|34.6|0|0|87|123|0|0|224|31|01:00:58|Garmin fēnix 5 Plus|https://www.strava.com/activities/3624364101
6/7/2020|7.28|00:26:29|62|0|0|0|0||72|114|16.5|37.4|0|0|0|0|0|0|222|33|01:16:18|Garmin Edge 1030|https://www.strava.com/activities/3578834992
6/3/2020|134.32|04:11:49|1010|0|237|3107|139|56%|0|0|32|56.9|79|119|128|187|206|1248|3,100|24|04:50:05|Garmin Edge 1030|https://www.strava.com/activities/3559052583
6/27/2020|125.68|03:54:48|1088|0|273|2905|179|64%|0|0|32.1|64.4|82|125|137|198|206|1272|2,896|27|04:51:04|Garmin Edge 1030|https://www.strava.com/activities/3679742995
6/25/2020|67.18|01:56:42|356|0|302|1666|107|71%|0|0|34.5|61.6|87|126|150|202|238|1123|1,665|28|02:12:58|Garmin Edge 1030|https://www.strava.com/activities/3671893089
6/24/2020|144.19|04:34:42|1742|0|272|3753|200|64%|0|0|31.5|70.6|82|139|140|195|228|945|3,751|21|05:15:38|Garmin Edge 1030|https://www.strava.com/activities/3665034244
6/19/2020|86.54|03:04:58|769|0|188|1893|63|44%|0|0|28.1|63|75|117|118|160|171|566|1,899|24|03:22:43|Garmin Edge 1030|https://www.strava.com/activities/3638814885
6/18/2020|69.77|02:10:00|377|0|280|1630|103|66%|0|0|32.2|69.5|83|126|145|197|209|1119|1,634|30|02:39:44|Garmin Edge 1030|https://www.strava.com/activities/3636480764
6/14/2020|190.03|05:49:15|2130|0|244|4220|203|57%|0|0|32.6|72|79|125|138|201|201|1056|4,367|24|06:51:22|Garmin Edge 1030|https://www.strava.com/activities/3615235469
6/13/2020|125.42|03:54:33|1079|0|283|2956|191|67%|0|0|32.1|62.3|79|128|131|199|210|1117|2,957|26|05:02:12|Garmin Edge 1030|https://www.strava.com/activities/3609127938
6/12/2020|141.43|04:29:12|1623|0|280|3431|209|66%|0|0|31.5|78.8|79|125|132|195|212|1186|3,434|22|05:15:00|Garmin Edge 1030|https://www.strava.com/activities/3603630710
6/11/2020|134.35|04:14:37|1693|0|251|3095|157|59%|0|0|31.7|75.6|78|146|130|188|203|1029|3,099|24|05:01:13|Garmin Edge 1030|https://www.strava.com/activities/3598663863
6/10/2020|42.67|00:56:26|571|0|370|1112|71|87%|0|0|45.4|72|82|102|0|0|328|708|1,144||00:56:26|Zwift|https://www.strava.com/activities/3595626699
6/10/2020|96.67|03:42:26|1132|0|193|2245|83|45%|0|0|26.1|74.2|76|118|104|158|168|659|2,246|20|04:30:57|Garmin Edge 1030|https://www.strava.com/activities/3593436130
6/9/2020|59.36|02:06:49|468|0|175|1190|38|41%|0|0|28.1|54.7|75|119|101|134|156|475|1,195|24|02:19:49|Garmin Edge 1030|https://www.strava.com/activities/3588019244
6/8/2020|170.28|05:16:53|2189|0|234|3842|166|55%|0|0|32.2|79.6|78|148|132|193|202|1149|3,849|28|05:48:58|Garmin Edge 1030|https://www.strava.com/activities/3583711582
6/6/2020|115.41|03:49:12|1232|0|265|2706|165|62%|0|0|30.2|76|79|136|124|193|197|1193|2,714|27|04:36:38|Garmin Edge 1030|https://www.strava.com/activities/3573393551
6/5/2020|165.8|05:00:08|1789|0|244|3746|173|57%|0|0|33.1|73.1|82|123|128|182|208|1113|3,748|27|05:59:52|Garmin Edge 1030|https://www.strava.com/activities/3568634996
6/4/2020|42.33|00:54:06|562|0|371|1097|68|87%|0|0|46.9|69.8|81|99|0|0|338|872|1,135||00:54:06|Zwift|https://www.strava.com/activities/3565445255
6/4/2020|76.83|02:33:36|545|0|193|1634|56|45%|0|0|30|56.5|79|117|111|140|177|612|1,640|23|02:51:34|Garmin Edge 1030|https://www.strava.com/activities/3563157060
6/2/2020|171.15|05:17:55|1851|0|259|4084|213|61%|0|0|32.3|89.3|80|126|137|194|214|1159|4,079|25|06:17:25|Garmin Edge 1030|https://www.strava.com/activities/3554123751
6/1/2020|126.84|04:01:44|941|0|254|2971|161|60%|0|0|31.5|60.1|80|119|131|187|205|1226|2,969|23|04:58:35|Garmin Edge 1030|https://www.strava.com/activities/3548282843
6/25/2020|84.57|03:11:06|733|0|176|1858|56|41%|0|0|26.6|64.4|78|117|114|154|162|444|1,852|23|03:18:04|Garmin Edge 1030|https://www.strava.com/activities/3669516244
6/23/2020|76.2|02:04:29|720|0|288|1811|99|68%|0|0|36.7|65.9|89|112|0|0|242|510|1,735||02:09:25|Zwift|https://www.strava.com/activities/3659187234
6/22/2020|117.81|04:02:56|1056|0|212|2898|106|50%|0|0|29.1|78.5|78|114|129|159|199|541|2,891|25|04:25:10|Garmin Edge 1030|https://www.strava.com/activities/3654230026
6/18/2020|62.75|02:10:12|514|0|182|1306|41|43%|0|0|28.9|54|81|115|113|140|167|402|1,305|24|02:17:38|Garmin Edge 1030|https://www.strava.com/activities/3634090057
6/17/2020|49.1|01:57:26|447|0|166|1062|31|39%|0|0|25.1|56.2|72|113|103|138|151|569|1,064|27|02:02:55|Garmin Edge 1030|https://www.strava.com/activities/3629513706
6/16/2020|10.52|00:50:30|79|0|0|0|0||66|199|12.5|34.6|0|0|87|123|0|0|224|31|01:00:58|Garmin fēnix 5 Plus|https://www.strava.com/activities/3624364101
6/7/2020|7.28|00:26:29|62|0|0|0|0||72|114|16.5|37.4|0|0|0|0|0|0|222|33|01:16:18|Garmin Edge 1030|https://www.strava.com/activities/3578834992
6/3/2020|134.32|04:11:49|1010|0|237|3107|139|56%|0|0|32|56.9|79|119|128|187|206|1248|3,100|24|04:50:05|Garmin Edge 1030|https://www.strava.com/activities/3559052583
6/27/2020|125.68|03:54:48|1088|0|273|2905|179|64%|0|0|32.1|64.4|82|125|137|198|206|1272|2,896|27|04:51:04|Garmin Edge 1030|https://www.strava.com/activities/3679742995
6/25/2020|67.18|01:56:42|356|0|302|1666|107|71%|0|0|34.5|61.6|87|126|150|202|238|1123|1,665|28|02:12:58|Garmin Edge 1030|https://www.strava.com/activities/3671893089
6/24/2020|144.19|04:34:42|1742|0|272|3753|200|64%|0|0|31.5|70.6|82|139|140|195|228|945|3,751|21|05:15:38|Garmin Edge 1030|https://www.strava.com/activities/3665034244
6/19/2020|86.54|03:04:58|769|0|188|1893|63|44%|0|0|28.1|63|75|117|118|160|171|566|1,899|24|03:22:43|Garmin Edge 1030|https://www.strava.com/activities/3638814885
6/18/2020|69.77|02:10:00|377|0|280|1630|103|66%|0|0|32.2|69.5|83|126|145|197|209|1119|1,634|30|02:39:44|Garmin Edge 1030|https://www.strava.com/activities/3636480764
6/14/2020|190.03|05:49:15|2130|0|244|4220|203|57%|0|0|32.6|72|79|125|138|201|201|1056|4,367|24|06:51:22|Garmin Edge 1030|https://www.strava.com/activities/3615235469
6/13/2020|125.42|03:54:33|1079|0|283|2956|191|67%|0|0|32.1|62.3|79|128|131|199|210|1117|2,957|26|05:02:12|Garmin Edge 1030|https://www.strava.com/activities/3609127938
6/12/2020|141.43|04:29:12|1623|0|280|3431|209|66%|0|0|31.5|78.8|79|125|132|195|212|1186|3,434|22|05:15:00|Garmin Edge 1030|https://www.strava.com/activities/3603630710
6/11/2020|134.35|04:14:37|1693|0|251|3095|157|59%|0|0|31.7|75.6|78|146|130|188|203|1029|3,099|24|05:01:13|Garmin Edge 1030|https://www.strava.com/activities/3598663863
6/10/2020|42.67|00:56:26|571|0|370|1112|71|87%|0|0|45.4|72|82|102|0|0|328|708|1,144||00:56:26|Zwift|https://www.strava.com/activities/3595626699
6/10/2020|96.67|03:42:26|1132|0|193|2245|83|45%|0|0|26.1|74.2|76|118|104|158|168|659|2,246|20|04:30:57|Garmin Edge 1030|https://www.strava.com/activities/3593436130
6/9/2020|59.36|02:06:49|468|0|175|1190|38|41%|0|0|28.1|54.7|75|119|101|134|156|475|1,195|24|02:19:49|Garmin Edge 1030|https://www.strava.com/activities/3588019244
6/8/2020|170.28|05:16:53|2189|0|234|3842|166|55%|0|0|32.2|79.6|78|148|132|193|202|1149|3,849|28|05:48:58|Garmin Edge 1030|https://www.strava.com/activities/3583711582
6/6/2020|115.41|03:49:12|1232|0|265|2706|165|62%|0|0|30.2|76|79|136|124|193|197|1193|2,714|27|04:36:38|Garmin Edge 1030|https://www.strava.com/activities/3573393551
6/5/2020|165.8|05:00:08|1789|0|244|3746|173|57%|0|0|33.1|73.1|82|123|128|182|208|1113|3,748|27|05:59:52|Garmin Edge 1030|https://www.strava.com/activities/3568634996
6/4/2020|42.33|00:54:06|562|0|371|1097|68|87%|0|0|46.9|69.8|81|99|0|0|338|872|1,135||00:54:06|Zwift|https://www.strava.com/activities/3565445255
6/4/2020|76.83|02:33:36|545|0|193|1634|56|45%|0|0|30|56.5|79|117|111|140|177|612|1,640|23|02:51:34|Garmin Edge 1030|https://www.strava.com/activities/3563157060
6/2/2020|171.15|05:17:55|1851|0|259|4084|213|61%|0|0|32.3|89.3|80|126|137|194|214|1159|4,079|25|06:17:25|Garmin Edge 1030|https://www.strava.com/activities/3554123751
6/1/2020|126.84|04:01:44|941|0|254|2971|161|60%|0|0|31.5|60.1|80|119|131|187|205|1226|2,969|23|04:58:35|Garmin Edge 1030|https://www.strava.com/activities/3548282843
8/31/2020|38.09|01:12:00|272|0|248|854|41|58%|0|0|31.7|61.2|86|127|123|167|198|593|846|19|01:12:57|Garmin Edge 130|https://www.strava.com/activities/3990165545
8/30/2020|61.46|02:12:47|747|0|205|1431|52|48%|0|0|27.8|58.7|78|113|113|141|180|477|1,427|21|02:18:06|Garmin Edge 1030 Plus|https://www.strava.com/activities/3985665311
8/29/2020|116.86|03:49:24|1686|0|298|3439|194|70%|0|0|30.6|55.1|81|116|144|190|250|645|3,440|17|04:05:56|Garmin Edge 1030 Plus|https://www.strava.com/activities/3981522579
8/27/2020|70.02|02:00:20|602|0|310|1841|106|73%|0|0|34.9|69.5|88|118|147|184|255|547|1,838|26|02:00:20|Garmin Edge 130|https://www.strava.com/activities/3972139899
8/26/2020|41.51|01:17:15|318|0|244|941|45|57%|0|0|32.2|59.8|84|113|131|177|203|569|946|28|01:39:47|Garmin Edge 130|https://www.strava.com/activities/3967425819
8/24/2020|96.64|03:20:41|1193|0|222|2366|94|52%|0|0|28.9|59.4|79|142|121|159|197|541|2,364|26|04:20:31|Garmin Edge 1030 Plus|https://www.strava.com/activities/3958556112
8/22/2020|48.51|01:43:17|488|0|249|1121|59|59%|0|0|28.2|65.9|78|120|123|176|181|1121|1,120|30|01:43:50|Garmin Edge 1030 Plus|https://www.strava.com/activities/3948440655
8/21/2020|137.52|05:17:53|2348|0|221|3613|150|52%|0|0|26|64.4|75|111|119|159|189|543|3,620|29|06:02:24|Garmin Edge 1030 Plus|https://www.strava.com/activities/3945040530
8/20/2020|140.89|05:06:25|1868|0|248|3290|182|58%|0|0|27.6|65.5|76|112|124|181|179|490|3,288|32|05:59:55|Garmin Edge 1030 Plus|https://www.strava.com/activities/3940538691
8/19/2020|170.45|06:02:42|2305|0|226|4317|177|53%|0|0|28.2|64.4|80|124|134|179|198|488|4,319|32|06:56:28|Garmin Edge 1030 Plus|https://www.strava.com/activities/3935970014
8/18/2020|47.63|01:44:26|487|0|184|1034|34|43%|0|0|27.4|59|80|114|108|133|165|502|1,044|24|02:11:01|Garmin Edge 830|https://www.strava.com/activities/3929824540
8/16/2020|18.55|00:55:31|206|0|117|321|8|28%|0|0|20.1|52.9|66|112|92|122|96|415|321|27|02:32:29|Garmin Edge 1030 Plus|https://www.strava.com/activities/3920398595
8/15/2020|165.81|06:01:48|2420|0|220|4079|168|52%|0|0|27.5|65.2|79|126|122|155|188|636|4,083|30|06:54:41|Garmin Edge 1030 Plus|https://www.strava.com/activities/3916699472
8/13/2020|119.35|04:09:49|1524|0|227|2920|124|53%|0|0|28.7|61.9|79|122|122|176|195|628|2,919|29|05:13:57|Garmin Edge 1030 Plus|https://www.strava.com/activities/3907014882
8/11/2020|43.11|01:23:09|319|0|244|905|46|57%|0|0|31.1|61.9|82|116|118|166|181|561|901|30|01:25:53|Garmin Edge 130|https://www.strava.com/activities/3896339980
8/10/2020|96.16|02:51:30|491|0|222|2111|79|52%|0|0|33.6|58.7|82|118|123|160|205|465|2,144|31|03:07:59|Garmin Edge 1030 Plus|https://www.strava.com/activities/3892337815
8/25/2020|69.64|02:38:42|967|0|203|1726|61|48%|0|0|26.3|72.4|74|123|112|140|181|454|1,722|30|02:41:00|Garmin Edge 1030 Plus|https://www.strava.com/activities/3962864057
8/14/2020|116.61|03:59:21|1576|0|261|2904|156|61%|0|0|29.2|72.4|79|117|128|193|202|759|2,897|32|04:51:40|Garmin Edge 1030 Plus|https://www.strava.com/activities/3911476215
8/8/2020|316.93|07:58:15|2767|0|228|5250|233|54%|0|0|39.8|90.7|85|134|141|188|183|976|5,318|33|08:05:35|Garmin Edge 830|https://www.strava.com/activities/3883740577
8/7/2020|48.71|01:28:52|143|0|187|834|29|44%|0|0|32.9|57.2|81|147|107|149|156|636|834|31|01:31:13|Garmin Edge 1030 Plus|https://www.strava.com/activities/3877233115
8/6/2020|91.57|02:35:40|848|0|229|1614|81|54%|0|0|35.3|70.2|80|113|113|180|173|800|1,669|28|02:47:55|Garmin Edge 1030 Plus|https://www.strava.com/activities/3872559224
8/4/2020|221.47|06:45:53|3223|0|258|5008|262|61%|0|0|32.7|79.2|80|119|126|182|206|730|5,018|26|07:23:05|Garmin Edge 1030 Plus|https://www.strava.com/activities/3863085688
8/3/2020|105.92|03:13:39|1091|0|225|2144|96|53%|0|0|32.8|76|81|126|0|0|185|781|2,159|31|03:31:49|Garmin Edge 1030 Plus|https://www.strava.com/activities/3857511239
8/1/2020|186.81|05:26:02|3113|0|293|4789|258|69%|0|0|34.4|91.1|86|134|162|194|245|1076|4,812|38|05:26:24|Garmin Edge 830|https://www.strava.com/activities/3849484405
9/30/2020|105.66|03:19:38|1654|0|256|2440|130|60%|0|0|31.8|69.8|84|116|128|180|204|886|2,450|27|03:47:58|Garmin Edge 1030 Plus|https://www.strava.com/activities/4132249518
9/29/2020|66.09|02:34:27|1362|0|239|1686|83|56%|0|0|25.7|68|77|119|117|161|182|619|1,685|25|02:59:31|Garmin Edge 1030 Plus|https://www.strava.com/activities/4127564023
9/27/2020|177.34|05:11:14|3586|0|286|4352|234|67%|0|0|34.2|83.2|85|133|147|185|233|773|4,376|17|05:12:13|Garmin Edge 130|https://www.strava.com/activities/4119224665
9/26/2020|41.91|01:36:43|543|0|208|1034|42|49%|0|0|26|58.3|76|124|109|143|178|813|1,024|21|02:14:15|Garmin Edge 1030 Plus|https://www.strava.com/activities/4113624319
9/25/2020|32.03|00:44:04|196|0|360|861|53|85%|0|0|43.6|70.6|93|111|175|191|326|745|855|22|00:45:23|Garmin Edge 130|https://www.strava.com/activities/4110356830
9/24/2020|42.12|01:31:11|706|0|258|1135|57|61%|0|0|27.7|63.7|84|176|126|180|207|572|1,134|25|01:33:28|Garmin Edge 1030 Plus|https://www.strava.com/activities/4105236429
9/23/2020|63.32|01:57:23|361|0|221|1390|55|52%|0|0|32.4|58.7|84|128|119|155|197|530|1,383|24|02:06:41|Garmin Edge 130|https://www.strava.com/activities/4100729314
9/22/2020|31.97|01:01:32|151|0|189|691|22|44%|0|0|31.2|48.2|83|109|121|140|187|461|688|28|01:07:58|Garmin Edge 1030 Plus|https://www.strava.com/activities/4096112005
9/22/2020|58.11|01:39:21|319|0|244|1413|57|57%|0|0|35.1|60.5|89|112|132|160|237|618|1,412|24|01:45:41|Garmin Edge 130|https://www.strava.com/activities/4096446109
9/20/2020|107.12|03:20:45|1398|0|289|2572|164|68%|0|0|32|72.4|83|134|136|197|214|903|2,569|25|03:47:15|Garmin Edge 1030 Plus|https://www.strava.com/activities/4086726132
9/19/2020|127.72|04:12:37|1641|0|234|3152|136|55%|0|0|30.3|65.5|82|130|132|177|208|1059|3,153|27|05:21:31|Garmin Edge 1030 Plus|https://www.strava.com/activities/4081898404
9/18/2020|40.86|01:30:04|398|0|193|901|31|45%|0|0|27.2|63|78|112|110|145|167|398|903|23|01:35:35|Garmin Edge 1030 Plus|https://www.strava.com/activities/4080466504
9/17/2020|93.18|03:22:11|836|0|179|1962|62|42%|0|0|27.7|72.7|79|118|106|144|162|444|1,958|28|03:58:12|Garmin Edge 1030 Plus|https://www.strava.com/activities/4072623717
9/16/2020|58.12|01:58:05|508|0|186|1131|39|44%|0|0|29.5|63|81|115|101|131|160|493|1,134|27|02:28:39|Garmin Edge 1030 Plus|https://www.strava.com/activities/4071856924
9/14/2020|10.18|00:12:33|10|0|1|0|0|0%|0|0|48.7|57.6|32|32|0|0|0|82|245|29|00:51:15|Garmin Edge 130|https://www.strava.com/activities/4057993441
9/14/2020|20.21|00:33:28|18|0|239|426|17|56%|0|0|36.2|55.4|90|116|0|0|212|487|424|29|00:34:16|Garmin Edge 130|https://www.strava.com/activities/4057642242
9/13/2020|184.06|04:40:44|2672|0|295|3857|224|69%|0|0|39.3|90.7|84|142|0|0|229|974|3,883|31|04:41:25|Garmin Edge 830|https://www.strava.com/activities/4054099566
9/12/2020|176.59|04:13:02|1656|0|260|3193|158|61%|0|0|41.9|87.8|85|127|0|0|210|1063|3,219|29|04:14:26|Garmin Edge 830|https://www.strava.com/activities/4048664567
9/11/2020|204.95|06:14:16|4454|0|295|5800|299|69%|0|0|32.9|86.4|84|129|0|0|258|748|5,805|26|06:15:51|Garmin Edge 830|https://www.strava.com/activities/4044152540
9/10/2020|198.43|05:23:40|3080|0|296|4890|263|70%|0|0|36.8|90|84|135|0|0|252|953|4,902|28|05:24:16|Garmin Edge 830|https://www.strava.com/activities/4039485970
9/9/2020|219.49|05:54:08|3021|0|265|4352|228|62%|0|0|37.2|83.9|85|136|0|0|205|931|4,422|33|05:54:59|Garmin Edge 830|https://www.strava.com/activities/4034903938
9/8/2020|202.74|05:10:16|1428|0|225|3107|145|53%|0|0|39.2|81|84|131|0|0|167|1016|3,154|32|05:11:17|Garmin Edge 830|https://www.strava.com/activities/4030555761
9/7/2020|136.08|03:08:28|1010|0|272|2411|128|64%|0|0|43.3|76.7|90|129|0|0|213|1091|2,445|30|03:08:54|Garmin Edge 830|https://www.strava.com/activities/4025102220
9/6/2020|40.33|01:24:52|31|0|148|683|18|35%|0|0|28.5|42.1|79|112|0|0|134|559|684|27|01:32:08|Garmin Edge 1030 Plus|https://www.strava.com/activities/4019443180
9/5/2020|93.19|03:07:37|1199|0|261|2334|121|61%|0|0|29.8|61.6|81|116|126|169|207|887|2,330|28|03:19:43|Garmin Edge 1030 Plus|https://www.strava.com/activities/4014597183
9/4/2020|127.23|04:16:16|1594|0|268|3111|177|63%|0|0|29.8|61.9|81|118|133|182|202|765|3,100|27|04:33:49|Garmin Edge 1030 Plus|https://www.strava.com/activities/4010059955
9/2/2020|138.5|03:58:11|1458|0|267|3232|162|63%|0|0|34.9|81.7|86|129|138|191|226|1246|3,229|26|04:29:37|Garmin Edge 1030 Plus|https://www.strava.com/activities/4000730394
10/12/2020|48|01:42:30|658|0|0|0|0||144|884|28.1|52.2|0|0|0|0|0|0|1,607|17|01:45:46|Garmin Edge 830|https://www.strava.com/activities/4184547973
10/11/2020|209.66|05:59:19|4557|0|0|0|0||354|7633|35|98.6|0|0|141|179|0|0|3,704|14|06:05:18|Garmin Edge 830|https://www.strava.com/activities/4181362644
10/10/2020|204.04|05:14:02|2939|0|0|0|0||364|6866|39|75.6|0|0|129|178|0|0|2,838|24|05:15:25|Garmin Edge 830|https://www.strava.com/activities/4176436532
10/9/2020|148.46|03:04:57|588|0|0|0|0||534|5922|48.2|86|0|0|141|178|0|0|1,939|24|03:05:24|Garmin Edge 830|https://www.strava.com/activities/4171879702
10/8/2020|71.88|02:33:18|1328|0|0|0|0||288|2645|28.1|76.7|0|0|131|181|0|0|1,518|22|02:39:40|Garmin Edge 830|https://www.strava.com/activities/4167846818
10/8/2020|33.89|01:11:48|891|0|0|0|0||268|1155|28.3|85.7|0|0|123|159|0|0|1,366|23|02:34:02|Garmin Edge 830|https://www.strava.com/activities/4167844056
10/8/2020|0|00:00:00|0|0|0|0|0||0|0|0|0|0|0|0|98|0|0|6|0|00:01:14|Garmin Edge 830|https://www.strava.com/activities/4167843248
10/7/2020|224.42|06:46:12|4965|0|0|0|0||332|8098|33.1|86.4|0|0|138|181|0|0|3,853|16|06:46:50|Garmin Edge 830|https://www.strava.com/activities/4164614453
10/6/2020|148.11|03:45:41|2318|0|0|0|0||370|5017|39.4|77.8|0|0|135|186|0|0|2,284|23|03:46:42|Garmin Edge 830|https://www.strava.com/activities/4158694878
10/5/2020|156.52|04:40:43|3877|0|0|0|0||346|5828|33.5|85.7|0|0|155|191|0|0|3,518|23|05:10:36|Garmin Edge 830|https://www.strava.com/activities/4154625766
10/4/2020|157.81|03:46:49|1985|0|0|0|0||435|5922|41.7|88.9|0|0|139|194|0|0|2,509|29|03:47:59|Garmin Edge 830|https://www.strava.com/activities/4150512741
10/3/2020|15.32|00:17:21|89|0|397|375|25|93%|0|0|53|95.8|92|131|183|193|360|879|374|37|00:17:58|Garmin Edge 130|https://www.strava.com/activities/4144951824
10/3/2020|5.52|00:11:35|119|0|254|159|6|60%|0|0|28.6|95.8|81|109|141|161|229|554|159|36|00:11:35|Garmin Edge 130|https://www.strava.com/activities/4144504229
10/3/2020|27.81|00:53:19|222|0|184|463|17|43%|0|0|31.3|91.1|82|112|118|162|145|540|473|36|00:57:03|Garmin Edge 130|https://www.strava.com/activities/4144342960
10/2/2020|42.17|01:19:05|366|0|223|830|39|52%|0|0|32|68.8|79|118|109|163|175|633|825|27|01:27:38|Garmin Edge 130|https://www.strava.com/activities/4140656521
10/1/2020|79.84|02:28:53|721|0|273|1547|109|64%|0|0|32.2|58.7|78|138|121|180|173|796|1,700|26|02:43:50|Garmin Edge 130|https://www.strava.com/activities/4136590706
11/29/2020|62.92|02:21:28|937|0|209|1542|60|49%|0|0|26.7|72.7|77|118|118|156|182|545|1,547|9|03:32:49|Garmin Edge 1030 Plus|https://www.strava.com/activities/4408907686
11/25/2020|163.99|04:55:05|1129|0|258|4278|189|61%|0|0|33.3|63|86|119|151|190|242|781|4,275|17|05:32:21|Garmin Edge 1030 Plus|https://www.strava.com/activities/4390204079
11/23/2020|88.59|02:59:42|872|0|215|2206|83|51%|0|0|29.6|73.8|80|130|131|161|205|830|2,203|15|03:40:06|Garmin Edge 1030 Plus|https://www.strava.com/activities/4380847276
11/21/2020|121.75|04:13:10|1560|0|224|2946|121|53%|0|0|28.9|74.2|74|123|139|175|194|877|3,057|21|04:51:54|Garmin Edge 1030 Plus|https://www.strava.com/activities/4370958025
11/20/2020|69.35|02:32:08|943|0|210|1645|64|49%|0|0|27.4|70.6|80|118|126|171|180|601|1,637|23|02:40:57|Garmin Edge 1030 Plus|https://www.strava.com/activities/4365493979
11/18/2020|78.86|02:34:11|638|0|201|1736|60|47%|0|0|30.7|58|86|124|134|160|188|541|1,733|20|02:44:08|Garmin Edge 830|https://www.strava.com/activities/4356759837
11/17/2020|46.5|01:29:48|487|0|0|0|0||220|1186|31.1|81.4|0|0|143|179|0|0|1,090|13|01:34:15|Garmin Edge 130|https://www.strava.com/activities/4351218616
11/16/2020|17.83|00:59:24|129|0|0|0|0||82|294|18|36.7|0|0|109|135|0|0|435|22|01:01:25|Garmin fēnix 5 Plus|https://www.strava.com/activities/4346886337
11/14/2020|16.04|01:03:16|217|0|0|0|0||83|313|15.2|31.7|0|0|150|181|0|0|887|24|01:11:06|Garmin Edge 830|https://www.strava.com/activities/4337568734
11/13/2020|62.87|01:59:02|409|0|210|1408|49|49%|0|0|31.7|54.7|90|123|143|170|197|510|1,407|30|02:02:55|Garmin Edge 1030 Plus|https://www.strava.com/activities/4332641212
11/12/2020|33.07|01:35:29|232|0|0|0|0||105|599|20.8|47.2|0|0|127|174|0|0|973|28|02:46:38|Garmin Edge 1030 Plus|https://www.strava.com/activities/4332640610
11/11/2020|32.43|01:14:36|204|0|0|0|0||121|542|26.1|45.4|0|0|126|151|0|0|643|24|01:18:12|Garmin Edge 1030 Plus|https://www.strava.com/activities/4323552527
11/30/2020|18.72|01:13:50|211|0|0|0|0||85|375|15.2|36.7|0|0|114|163|0|0|545|10|01:23:19|Garmin Edge 1030 Plus|https://www.strava.com/activities/4412709482
11/22/2020|89.85|03:05:37|1000|0|219|2251|84|52%|0|0|29|80.6|79|120|132|168|202|475|2,245|21|03:10:07|Garmin Edge 1030 Plus|https://www.strava.com/activities/4376331452
11/19/2020|62.3|02:44:02|435|0|0|0|0||105|1031|22.8|49|0|0|126|178|0|0|1,361|20|03:17:34|Garmin Edge 1030 Plus|https://www.strava.com/activities/4361008942
11/15/2020|107.2|03:41:54|1002|0|0|0|0||168|2237|29|69.5|0|0|143|192|0|0|1,714|19|04:33:39|Garmin Edge 1030 Plus|https://www.strava.com/activities/4343395141
12/30/2020|133.16|04:03:47|990|0|258|3538|160|61%|0|0|32.8|58.7|84|114|145|184|242|577|3,535|20|04:20:22|Garmin Edge 1030 Plus|https://www.strava.com/activities/4540518503
12/26/2020|32.82|01:41:43|295|0|0|0|0||101|618|19.4|52.6|0|0|122|180|0|0|918|18|02:07:58|Garmin Edge 1030 Plus|https://www.strava.com/activities/4521210940
12/21/2020|136.85|04:26:11|1094|0|219|3300|126|52%|0|0|30.8|51.1|75|108|119|157|207|830|3,287|14|04:53:20|Garmin Edge 1030 Plus|https://www.strava.com/activities/4501112961
12/11/2020|73.09|02:28:22|203|0|214|1821|65|50%|0|0|29.6|55.4|80|111|115|141|205|442|1,813|16|02:36:32|Garmin Edge 1030 Plus|https://www.strava.com/activities/4458945953
12/8/2020|40.92|01:10:25|363|0|246|820|41|58%|0|0|34.9|68.4|84|126|0|0|194|549|782||01:13:34|Zwift|https://www.strava.com/activities/4446690466
12/6/2020|34.52|01:56:52|368|0|0|0|0||88|615|17.7|40.7|0|0|110|147|0|0|775|11|02:11:10|Garmin Edge 1030 Plus|https://www.strava.com/activities/4438620274
12/4/2020|135.72|04:42:05|1766|0|225|3571|139|53%|0|0|28.9|68|81|117|130|159|211|771|3,564|9|05:24:24|Garmin Edge 1030 Plus|https://www.strava.com/activities/4429647980
12/3/2020|153.19|05:00:48|1555|0|240|4141|166|56%|0|0|30.6|75.6|84|114|137|171|229|496|4,143|11|05:39:10|Garmin Edge 1030 Plus|https://www.strava.com/activities/4425949901
12/2/2020|125.4|04:12:25|1008|0|221|3273|121|52%|0|0|29.8|56.5|84|120|139|169|216|974|3,267|15|04:51:52|Garmin Edge 1030 Plus|https://www.strava.com/activities/4421704252
12/29/2020|84.99|02:53:22|755|0|212|2089|77|50%|0|0|29.4|64.4|77|113|125|158|201|645|2,086|18|03:06:34|Garmin Edge 1030 Plus|https://www.strava.com/activities/4535253514
12/28/2020|61.01|02:02:15|485|0|215|1468|56|51%|0|0|29.9|59.4|86|160|120|165|200|722|1,461|19|02:11:26|Garmin Edge 1030 Plus|https://www.strava.com/activities/4530731589
12/27/2020|45.78|02:14:26|300|0|0|0|0||101|815|20.4|47.5|0|0|113|169|0|0|995|20|02:38:47|Garmin Edge 1030 Plus|https://www.strava.com/activities/4526077872
12/23/2020|133.61|04:04:21|1559|0|266|3699|167|63%|0|0|32.8|66.6|82|118|142|183|252|839|3,699|22|04:34:11|Garmin Edge 1030 Plus|https://www.strava.com/activities/4509544152
12/20/2020|175.76|05:31:39|1330|0|219|3896|155|52%|0|0|31.8|59.4|78|117|118|166|196|1125|3,901|14|05:59:06|Garmin Edge 1030 Plus|https://www.strava.com/activities/4497694227
12/19/2020|182.04|06:37:51|3579|0|260|5409|263|61%|0|0|27.5|86|74|125|140|194|227|895|5,405|16|07:30:13|Garmin Edge 1030 Plus|https://www.strava.com/activities/4493010530
12/17/2020|150.09|04:55:37|1790|0|224|3716|141|53%|0|0|30.5|64.8|77|113|124|161|209|556|3,710|13|05:26:28|Garmin Edge 1030 Plus|https://www.strava.com/activities/4484696682
12/16/2020|124.57|04:06:33|1400|0|246|3412|148|58%|0|0|30.3|76|78|121|131|173|231|923|3,389|9|04:38:17|Garmin Edge 1030 Plus|https://www.strava.com/activities/4480618881
12/15/2020|156.66|05:06:00|2027|0|237|4173|163|56%|0|0|30.7|63.7|79|111|136|165|227|694|4,172|10|05:33:41|Garmin Edge 1030 Plus|https://www.strava.com/activities/4476723032
12/12/2020|207.6|06:11:30|1091|0|276|5755|274|65%|0|0|33.5|58.7|87|130|148|191|258|1013|5,744|13|06:45:05|Garmin Edge 1030 Plus|https://www.strava.com/activities/4464289085
12/10/2020|169.77|05:33:48|2251|0|232|4271|174|55%|0|0|30.5|75.6|79|151|132|178|213|1226|4,267|19|06:10:26|Garmin Edge 1030 Plus|https://www.strava.com/activities/4455684904
12/7/2020|122.35|04:04:04|1457|0|228|3169|121|54%|0|0|30.1|59.4|81|120|132|162|216|674|3,169|16|04:13:19|Garmin Edge 1030 Plus|https://www.strava.com/activities/4442976968
12/5/2020|151.28|04:42:04|994|0|243|3502|161|57%|0|0|32.2|56.5|82|129|129|177|207|1091|3,507|9|05:48:39|Garmin Edge 1030 Plus|https://www.strava.com/activities/4434339544
12/1/2020|59.89|01:46:05|507|0|196|1181|39|46%|0|0|33.9|68.8|85|155|0|0|186|793|1,127||01:54:47|Zwift|https://www.strava.com/activities/4416876178
loaded urls in 05:34:42.2824680
