date|distance|mov_time|elevation|relativeEffort|avg_power_weig|work_total|training_load|intensity|estAvgPower|energyOutput|avg_speed|max_speed|avg_cadence|max_cadence|avg_heartRate|max_heartRate|avg_power|max_power|avg_calories|avg_temperature|avg_elap_time|bicycle_model|url
1/31/2019|133.14|04:39:24|719|0|0|0|0||0|0|28.6|61.9|85|186|0|0|0|0|3,485|-3|04:49:36|Wahoo ELEMNT BOLT|https://www.strava.com/activities/2132230741
1/29/2019|124.71|04:25:06|1220|0|0|0|0||0|0|28.2|68|84|210|0|0|0|0|3,082|1|04:33:55|Wahoo ELEMNT BOLT|https://www.strava.com/activities/2132228489
1/26/2019|124.22|04:17:46|1232|0|0|0|0||0|0|28.9|77.4|86|201|0|0|0|0|3,262|4|04:22:54|Wahoo ELEMNT BOLT|https://www.strava.com/activities/2132229173
1/25/2019|118.88|04:02:08|776|0|0|0|0||0|0|29.5|65.2|86|169|0|0|0|0|2,957|0|04:07:01|Wahoo ELEMNT BOLT|https://www.strava.com/activities/2132214443
1/24/2019|109.21|03:42:18|854|0|0|0|0||0|0|29.5|57.6|84|173|0|0|0|0|2,895|-4|03:50:33|Wahoo ELEMNT BOLT|https://www.strava.com/activities/2132215343
1/22/2019|123.99|04:25:17|1095|0|0|0|0||0|0|28|70.6|84|177|0|0|0|0|3,043|-2|04:39:31|Wahoo ELEMNT BOLT|https://www.strava.com/activities/2132214960
1/21/2019|53.31|01:56:54|294|0|0|0|0||0|0|27.4|50.8|83|199|0|0|0|0|1,265|-3|03:48:19|Wahoo ELEMNT BOLT|https://www.strava.com/activities/2132223058
1/17/2019|81.28|02:51:37|486|0|0|0|0||0|0|28.4|56.2|85|144|0|0|0|0|2,126|3|02:55:05|Wahoo ELEMNT BOLT|https://www.strava.com/activities/2132222768
1/16/2019|73.96|02:44:01|417|0|0|0|0||0|0|27.1|53.3|85|154|0|0|0|0|1,629|3|03:00:22|Wahoo ELEMNT BOLT|https://www.strava.com/activities/2132223746
1/6/2019|96.38|03:19:18|659|0|0|0|0||0|0|29|67.7|89|157|0|0|0|0|2,702|2|03:22:46|Wahoo ELEMNT BOLT|https://www.strava.com/activities/2132223495
1/5/2019|75.79|02:49:37|463|0|0|0|0||0|0|26.8|52.9|83|205|0|0|0|0|1,808|3|02:52:58|Wahoo ELEMNT BOLT|https://www.strava.com/activities/2132216507
1/2/2019|82.17|02:57:15|477|0|0|0|0||0|0|27.8|49|86|152|0|0|0|0|2,081|3|03:00:49|Wahoo ELEMNT BOLT|https://www.strava.com/activities/2132220178
1/4/2019|92.79|03:13:33|650|0|0|0|0||0|0|28.8|53.6|87|229|0|0|0|0|1,914|2|03:43:15|Wahoo ELEMNT BOLT|https://www.strava.com/activities/2132216073
1/3/2019|105.56|03:30:01|554|0|0|0|0||0|0|30.2|52.2|88|171|0|0|0|0|2,140|1|03:49:48|Wahoo ELEMNT BOLT|https://www.strava.com/activities/2132217199
2/28/2019|132.65|04:23:48|1401|0|0|0|0||0|0|30.2|63|90|179|0|0|0|0|2,917|11|05:21:12|Wahoo ELEMNT BOLT|https://www.strava.com/activities/2185259607
2/26/2019|29.49|01:17:08|293|0|0|0|0||0|0|22.9|51.1|80|141|0|0|0|0|630|18|02:17:14|Wahoo ELEMNT BOLT|https://www.strava.com/activities/2179079871
2/13/2019|142.15|04:28:31|1094|0|0|0|0||0|0|31.8|59|87|212|0|0|0|0|2,370|15|04:42:43|Wahoo ELEMNT BOLT|https://www.strava.com/activities/2148431876
2/9/2019|56.96|01:59:30|397|0|0|0|0||0|0|28.6|63.4|82|185|0|0|0|0|1,392|6|02:09:24|Wahoo ELEMNT BOLT|https://www.strava.com/activities/2148433430
2/7/2019|53.78|02:02:32|330|0|0|0|0||0|0|26.3|46.8|0|0|0|0|0|0||0|02:06:02|Wahoo ELEMNT BOLT|https://www.strava.com/activities/2132205823
2/6/2019|137.35|04:58:12|1355|0|0|0|0||0|0|27.6|72.4|0|0|0|0|0|0||3|05:18:14|Wahoo ELEMNT BOLT|https://www.strava.com/activities/2132225878
2/5/2019|131.51|04:35:11|1254|0|0|0|0||0|0|28.7|61.2|0|0|0|0|0|0||1|04:52:27|Wahoo ELEMNT BOLT|https://www.strava.com/activities/2132226461
2/3/2019|141.09|05:01:33|1313|0|0|0|0||0|0|28.1|59.8|83|216|0|0|0|0|2,934|0|05:12:49|Wahoo ELEMNT BOLT|https://www.strava.com/activities/2132210760
2/2/2019|135.71|04:43:19|835|0|0|0|0||0|0|28.7|55.8|82|167|0|0|0|0|3,381|0|05:54:30|Wahoo ELEMNT BOLT|https://www.strava.com/activities/2132230102
2/27/2019|116.44|03:57:07|1019|0|0|0|0||0|0|29.5|66.2|90|186|0|0|0|0|3,026|15|03:58:27|Wahoo ELEMNT BOLT|https://www.strava.com/activities/2179079569
2/23/2019|202.13|06:39:14|2133|0|0|0|0||0|0|30.4|79.2|84|197|0|0|0|0|3,946|18|07:41:36|Wahoo ELEMNT BOLT|https://www.strava.com/activities/2176564111
2/22/2019|170.51|05:27:50|1889|0|0|0|0||0|0|31.2|77|86|177|0|0|0|0|3,359|17|06:39:41|Wahoo ELEMNT BOLT|https://www.strava.com/activities/2167716508
2/21/2019|161.34|05:49:11|3007|0|0|0|0||0|0|27.7|75.2|77|217|0|0|0|0|4,199|13|07:03:35|Wahoo ELEMNT BOLT|https://www.strava.com/activities/2167731625
2/19/2019|190.59|06:05:09|2108|0|0|0|0||0|0|31.3|73.4|87|198|0|0|0|0|4,071|15|07:20:55|Wahoo ELEMNT BOLT|https://www.strava.com/activities/2167728653
2/18/2019|177.11|05:44:20|1863|0|0|0|0||0|0|30.9|65.2|87|221|0|0|0|0|3,612|15|06:39:55|Wahoo ELEMNT BOLT|https://www.strava.com/activities/2167721464
2/17/2019|149.64|05:01:12|2147|0|0|0|0||0|0|29.8|73.1|79|202|0|0|0|0|3,379|14|05:20:18|Wahoo ELEMNT BOLT|https://www.strava.com/activities/2167719167
2/16/2019|28.08|01:13:30|90|0|0|0|0||0|0|22.9|38.5|75|218|0|0|0|0|369|18|04:01:33|Wahoo ELEMNT BOLT|https://www.strava.com/activities/2167725393
2/15/2019|178.17|05:38:03|1567|0|0|0|0||0|0|31.6|65.9|84|228|0|0|0|0|3,300|16|06:10:35|Wahoo ELEMNT BOLT|https://www.strava.com/activities/2167726519
2/14/2019|143.39|05:01:29|1988|0|0|0|0||0|0|28.5|71.6|81|189|0|0|0|0|3,187|14|06:52:10|Wahoo ELEMNT BOLT|https://www.strava.com/activities/2149400323
2/12/2019|45.37|01:32:15|264|0|0|0|0||0|0|29.5|57.6|82|153|0|0|0|0|616|13|02:07:58|Wahoo ELEMNT BOLT|https://www.strava.com/activities/2148432467
3/22/2019|139.37|04:48:30|1468|0|0|0|0||0|0|29|76|90|151|0|0|0|0|3,616|16|05:22:00|Wahoo ELEMNT BOLT|https://www.strava.com/activities/2239437006
3/20/2019|59.66|02:06:53|291|0|0|0|0||0|0|28.2|56.9|90|200|0|0|0|0|1,433|10|02:10:08|Wahoo ELEMNT BOLT|https://www.strava.com/activities/2239438015
3/18/2019|48.61|01:51:27|379|0|0|0|0||0|0|26.2|68|91|137|0|0|0|0|1,165|9|02:47:31|Wahoo ELEMNT BOLT|https://www.strava.com/activities/2222152136
3/14/2019|24.83|01:01:30|214|0|0|0|0||0|0|24.2|57.2|85|211|0|0|0|0|535|15|02:34:59|Wahoo ELEMNT BOLT|https://www.strava.com/activities/2212616450
3/7/2019|88.41|02:57:48|1119|0|0|0|0||0|0|29.8|69.8|92|238|0|0|0|0|1,955|13|03:22:51|Wahoo ELEMNT BOLT|https://www.strava.com/activities/2205712209
3/31/2019|175.82|04:15:15|1446|0|0|0|0||0|0|41.3|78.1|94|213|0|0|0|0|4,713|13|04:27:18|Wahoo ELEMNT BOLT|https://www.strava.com/activities/2264335786
3/30/2019|60.51|02:05:49|270|0|0|0|0||0|0|28.9|57.6|91|206|0|0|0|0|1,305|17|03:28:56|Wahoo ELEMNT BOLT|https://www.strava.com/activities/2264336313
3/28/2019|87.15|02:57:43|1134|0|0|0|0||0|0|29.4|65.9|90|200|0|0|0|0|2,026|10|02:58:53|Wahoo ELEMNT BOLT|https://www.strava.com/activities/2249610392
3/27/2019|132.51|04:33:59|1562|0|0|0|0||0|0|29|66.6|91|212|0|0|0|0|3,276|10|05:31:50|Wahoo ELEMNT BOLT|https://www.strava.com/activities/2249612053
3/26/2019|30.63|01:07:04|81|0|0|0|0||0|0|27.4|42.5|85|200|0|0|0|0|545|10|01:45:16|Wahoo ELEMNT BOLT|https://www.strava.com/activities/2249612929
3/25/2019|31.73|01:17:50|237|0|0|0|0||0|0|24.5|47.2|89|111|0|0|0|0|731|6|02:13:03|Wahoo ELEMNT BOLT|https://www.strava.com/activities/2239925716
3/24/2019|120.65|03:59:17|1076|0|0|0|0||0|0|30.3|69.8|95|144|0|0|0|0|3,256|7|04:05:46|Wahoo ELEMNT BOLT|https://www.strava.com/activities/2239434415
3/23/2019|56.6|01:57:56|351|0|0|0|0||0|0|28.8|68|90|191|0|0|0|0|1,349|7|02:02:52|Wahoo ELEMNT BOLT|https://www.strava.com/activities/2239434968
3/21/2019|120.68|04:08:10|958|0|0|0|0||0|0|29.2|68|91|133|0|0|0|0|2,931|13|04:55:56|Wahoo ELEMNT BOLT|https://www.strava.com/activities/2239437615
3/17/2019|158.13|03:34:49|1594|0|0|0|0||0|0|44.2|80.6|89|205|0|0|0|0|3,356|18|03:37:04|Wahoo ELEMNT BOLT|https://www.strava.com/activities/2221855721
3/16/2019|190.82|04:53:46|2432|0|0|0|0||0|0|39|91.4|90|226|0|0|0|0|4,311|17|05:16:41|Wahoo ELEMNT BOLT|https://www.strava.com/activities/2221856766
3/15/2019|166.92|03:57:59|1905|0|0|0|0||0|0|42.1|80.3|91|239|0|0|0|0|3,449|17|04:17:45|Wahoo ELEMNT BOLT|https://www.strava.com/activities/2221857940
3/13/2019|41.95|01:21:00|500|0|0|0|0||0|0|31.1|62.6|94|137|0|0|0|0|949|13|02:17:13|Wahoo ELEMNT BOLT|https://www.strava.com/activities/2212617055
3/12/2019|90.11|03:09:39|1010|0|0|0|0||0|0|28.5|56.2|95|216|0|0|0|0|1,937|14|04:28:47|Wahoo ELEMNT BOLT|https://www.strava.com/activities/2210112323
3/11/2019|156.72|05:05:09|2157|0|0|0|0||0|0|30.8|78.1|88|230|0|0|0|0|3,536|14|05:15:43|Wahoo ELEMNT BOLT|https://www.strava.com/activities/2210113012
3/10/2019|30.52|01:07:02|354|0|0|0|0||0|0|27.3|58.3|89|225|0|0|0|0|612|14|03:18:56|Wahoo ELEMNT BOLT|https://www.strava.com/activities/2205696969
3/9/2019|172.23|04:04:08|2038|0|0|0|0||0|0|42.3|84.2|90|235|0|0|0|0|3,672|15|04:35:27|Wahoo ELEMNT BOLT|https://www.strava.com/activities/2205697674
3/8/2019|58.71|01:55:36|611|0|0|0|0||0|0|30.5|62.3|91|218|0|0|0|0|1,247|17|02:51:09|Wahoo ELEMNT BOLT|https://www.strava.com/activities/2205711795
3/6/2019|156.32|03:44:37|1581|0|0|0|0||0|0|41.8|68.4|91|227|0|0|0|0|3,281|16|03:48:03|Wahoo ELEMNT BOLT|https://www.strava.com/activities/2205712751
3/5/2019|80.15|02:34:36|841|0|0|0|0||0|0|31.1|63|0|0|0|0|0|0|1,889|13|02:38:14|Wahoo ELEMNT BOLT|https://www.strava.com/activities/2205712992
3/4/2019|37.09|01:16:58|377|0|0|0|0||0|0|28.9|54.4|87|198|0|0|0|0|609|12|02:09:08|Wahoo ELEMNT BOLT|https://www.strava.com/activities/2205713244
4/30/2019|45.37|01:30:36|241|0|219|1062|50|57%|0|0|30|56.2|97|204|0|0|195|1077|1,184|10|01:32:54|Wahoo ELEMNT BOLT|https://www.strava.com/activities/2335530923
4/29/2019|29.56|01:07:39|187|0|121|405|12|32%|0|0|26.2|51.1|92|112|0|0|100|488|451|16|01:45:50|Wahoo ELEMNT BOLT|https://www.strava.com/activities/2335533146
4/28/2019|145.35|05:03:44|1342|0|222|3749|174|58%|0|0|28.7|72.7|90|224|0|0|206|1068|4,180|6|05:10:49|Wahoo ELEMNT BOLT|https://www.strava.com/activities/2335534858
4/27/2019|154.35|05:30:14|1703|0|221|3906|190|58%|0|0|28|65.5|86|206|0|0|197|831|4,355|7|05:42:47|Wahoo ELEMNT BOLT|https://www.strava.com/activities/2323469861
4/26/2019|153.58|05:18:17|1380|0|210|3575|166|55%|0|0|29|68.8|88|144|0|0|187|679|3,986|12|06:10:40|Wahoo ELEMNT BOLT|https://www.strava.com/activities/2323471859
4/24/2019|35.89|01:17:14|262|0|166|724|25|43%|0|0|27.9|54|93|127|0|0|156|615|808|25|01:37:38|Wahoo ELEMNT BOLT|https://www.strava.com/activities/2323473876
4/23/2019|79.16|02:46:16|422|0|169|1625|56|44%|0|0|28.6|54.7|95|144|0|0|163|808|1,812|20|03:32:50|Wahoo ELEMNT BOLT|https://www.strava.com/activities/2323473562
4/15/2019|78.6|02:44:26|406|0|165|1590|54|43%|0|0|28.7|55.8|94|130|0|0|161|752|1,773|14|03:31:48|Wahoo ELEMNT BOLT|https://www.strava.com/activities/2309242245
4/14/2019|26.69|01:03:28|99|0|137|513|16|36%|0|0|25.2|41|87|109|0|0|135|427|571|11|02:13:50|Wahoo ELEMNT BOLT|https://www.strava.com/activities/2289058221
4/10/2019|100.83|03:40:57|595|0|166|2135|71|43%|0|0|27.4|61.6|92|190|0|0|161|647|2,381|13|04:35:56|Wahoo ELEMNT BOLT|https://www.strava.com/activities/2287421953
4/6/2019|52.95|01:47:04|291|0|0|0|0||0|0|29.7|56.2|97|132|0|0|0|0|1,375|11|01:51:11|Wahoo ELEMNT BOLT|https://www.strava.com/activities/2278975916
4/5/2019|33.94|01:18:09|231|0|0|0|0||0|0|26.1|60.1|91|120|0|0|0|0|792|8|02:40:59|Wahoo ELEMNT BOLT|https://www.strava.com/activities/2278976771
4/21/2019|168.8|03:31:00|530|0|276|3167|182|72%|0|0|48|82.4|95|210|0|0|250|1110|3,532|25|03:31:00|Wahoo ELEMNT BOLT|https://www.strava.com/activities/2309243827
4/20/2019|172.35|03:45:28|546|0|244|2885|153|64%|0|0|45.9|77|93|183|0|0|213|1103|3,217|23|03:46:07|Wahoo ELEMNT BOLT|https://www.strava.com/activities/2309245612
4/19/2019|149.33|03:21:55|788|0|275|2838|173|72%|0|0|44.4|84.6|94|192|0|0|234|1123|3,165|20|03:21:55|Wahoo ELEMNT BOLT|https://www.strava.com/activities/2302932305
4/18/2019|192.01|04:12:59|1152|0|265|3533|201|69%|0|0|45.5|79.2|96|238|0|0|233|1010|3,939|17|04:13:43|Wahoo ELEMNT BOLT|https://www.strava.com/activities/2309241735
4/17/2019|31.63|01:20:03|195|0|153|576|25|40%|0|0|23.7|67.3|82|173|0|0|120|976|642|16|01:52:49|Wahoo ELEMNT BOLT|https://www.strava.com/activities/2309241014
4/13/2019|166.11|04:11:30|2055|0|0|0|0||0|0|39.6|88.2|90|235|0|0|0|0|4,409|10|04:12:44|Wahoo ELEMNT BOLT|https://www.strava.com/activities/2287419630
4/12/2019|47.36|01:34:41|79|0|0|0|0||0|0|30|48.6|94|187|0|0|0|0|1,052|9|03:00:21|Wahoo ELEMNT BOLT|https://www.strava.com/activities/2287421162
5/31/2019|32.58|01:08:44|180|0|214|746|37|56%|0|0|28.4|52.2|91|124|0|0|181|548|831|23|01:50:58|Wahoo ELEMNT BOLT|https://www.strava.com/activities/2411352455
5/30/2019|89.64|03:01:59|364|0|0|0|0||153|1669|29.6|51.1|0|0|0|0|0|0|1,861|21|03:50:50|Wahoo ELEMNT BOLT|https://www.strava.com/activities/2411354256
5/29/2019|57.91|02:03:40|135|0|0|0|0||126|933|28.1|44.3|0|0|0|0|0|0|1,041|14|02:07:02|Wahoo ELEMNT BOLT|https://www.strava.com/activities/2411353169
5/28/2019|26.92|01:02:11|118|0|0|0|0||112|419|26|47.5|0|0|0|0|0|0|468|18|01:14:30|Wahoo ELEMNT BOLT|https://www.strava.com/activities/2411353501
5/27/2019|110.92|04:01:30|976|0|172|2288|83|45%|0|0|27.6|72.7|86|114|0|0|158|522|2,551|16|04:11:38|Wahoo ELEMNT BOLT|https://www.strava.com/activities/2401222419
5/24/2019|29.51|01:05:35|172|0|142|557|16|37%|0|0|27|46.1|90|110|0|0|141|332|621|23|02:05:34|Wahoo ELEMNT BOLT|https://www.strava.com/activities/2393040360
5/23/2019|174.12|06:00:05|1959|0|220|4273|204|57%|0|0|29|94.7|87|135|0|0|198|851|4,765|19|07:18:17|Wahoo ELEMNT BOLT|https://www.strava.com/activities/2390842596
5/21/2019|26.9|00:59:40|199|0|188|669|25|49%|0|0|27.1|50.8|89|116|0|0|187|493|746|8|01:04:50|Wahoo ELEMNT BOLT|https://www.strava.com/activities/2385028327
5/20/2019|29.46|01:07:05|169|0|150|598|18|39%|0|0|26.4|55.1|87|116|0|0|149|361|667|11|01:58:42|Wahoo ELEMNT BOLT|https://www.strava.com/activities/2382302709
5/19/2019|160.32|05:35:43|1737|0|187|3552|140|49%|0|0|28.7|78.1|84|115|0|0|176|722|3,960|18|06:01:17|Wahoo ELEMNT BOLT|https://www.strava.com/activities/2380215472
5/18/2019|143.38|05:03:41|1297|0|193|3387|131|50%|0|0|28.3|78.5|83|113|0|0|186|644|3,776|17|06:06:41|Wahoo ELEMNT BOLT|https://www.strava.com/activities/2377233013
5/17/2019|128.26|04:31:07|1021|0|186|2898|110|49%|0|0|28.4|73.4|86|136|0|0|178|716|3,231|12|04:41:13|Wahoo ELEMNT BOLT|https://www.strava.com/activities/2375022537
5/16/2019|84.89|02:55:34|458|0|175|1785|63|46%|0|0|29|63|88|114|0|0|169|487|1,990|14|03:01:03|Wahoo ELEMNT BOLT|https://www.strava.com/activities/2372078329
5/15/2019|43.69|01:40:05|223|0|223|1173|63|58%|0|0|26.2|50.8|81|112|0|0|195|673|1,308|18|01:57:42|Wahoo ELEMNT BOLT|https://www.strava.com/activities/2369815710
5/14/2019|75.16|02:53:40|1056|0|180|1791|66|47%|0|0|26|74.5|83|121|0|0|172|666|1,997|7|03:00:28|Wahoo ELEMNT BOLT|https://www.strava.com/activities/2366423085
5/13/2019|80.43|03:13:03|1320|0|180|2015|73|47%|0|0|25|86.4|83|119|0|0|174|827|2,247|12|03:20:34|Wahoo ELEMNT BOLT|https://www.strava.com/activities/2364022836
5/12/2019|35.26|01:24:41|397|0|166|790|28|43%|0|0|25|54.7|86|113|0|0|155|454|881|12|01:32:31|Wahoo ELEMNT BOLT|https://www.strava.com/activities/2362006535
5/10/2019|32.62|01:19:09|370|0|137|561|17|36%|0|0|24.7|56.2|85|116|0|0|118|309|625|14|01:21:27|Wahoo ELEMNT BOLT|https://www.strava.com/activities/2356077733
5/6/2019|50.18|01:58:36|323|0|165|1022|40|43%|0|0|25.4|56.5|84|136|0|0|144|744|1,140|7|04:14:53|Wahoo ELEMNT BOLT|https://www.strava.com/activities/2346296361
5/26/2019|134.21|03:18:52|2026|0|287|3102|185|75%|0|0|40.5|78.5|89|130|0|0|260|1045|3,459|23|03:18:52|Wahoo ELEMNT BOLT|https://www.strava.com/activities/2401220432
5/25/2019|94.94|03:15:16|433|0|173|1968|69|45%|0|0|29.2|50.8|88|114|0|0|168|688|2,194|16|04:01:23|Wahoo ELEMNT BOLT|https://www.strava.com/activities/2401221445
5/22/2019|153.57|05:31:27|1768|0|204|3543|161|53%|0|0|27.8|90.4|87|128|0|0|178|711|3,950|15|06:42:56|Wahoo ELEMNT BOLT|https://www.strava.com/activities/2391107639
5/5/2019|185.21|04:08:39|1700|0|297|3974|250|78%|0|0|44.7|77.8|86|124|0|0|266|1140|4,431|11|04:08:39|Wahoo ELEMNT BOLT|https://www.strava.com/activities/2346295976
5/4/2019|180.26|04:15:31|1969|0|288|3927|240|75%|0|0|42.3|76|85|131|0|0|256|1136|4,379|8|04:16:03|Wahoo ELEMNT BOLT|https://www.strava.com/activities/2346297161
5/3/2019|42.18|01:29:28|400|0|207|763|46|54%|0|0|28.3|60.5|83|146|0|0|142|1187|851|15|02:57:48|Wahoo ELEMNT BOLT|https://www.strava.com/activities/2346295409
5/2/2019|45.18|01:33:05|239|0|178|955|36|46%|0|0|29.1|50.8|92|153|0|0|171|481|1,065|13|02:30:58|Wahoo ELEMNT BOLT|https://www.strava.com/activities/2335860204
5/1/2019|117.96|02:46:34|1642|0|304|2663|174|79%|0|0|42.5|97.9|94|212|0|0|266|1092|2,969|19|02:46:34|Wahoo ELEMNT BOLT|https://www.strava.com/activities/2335530349
6/28/2019|0.22|00:01:29|1|0|240|4|20|63%|0|0|9.2|20.2|30|140|0|0|40|730|4|24|00:32:30|Wahoo ELEMNT BOLT|https://www.strava.com/activities/2514229772
6/27/2019|50.07|01:35:23|271|0|206|929|48|54%|0|0|31.5|60.1|93|122|0|0|162|558|1,036|27|01:40:45|Wahoo ELEMNT BOLT|https://www.strava.com/activities/2484849091
6/26/2019|35.14|01:07:45|165|0|149|580|17|39%|0|0|31.1|55.4|91|121|0|0|143|666|646|34|01:07:45|Wahoo ELEMNT BOLT|https://www.strava.com/activities/2484849696
6/25/2019|134.18|03:40:23|504|0|233|2555|143|61%|0|0|36.5|64.1|93|127|0|0|193|819|2,849|30|04:22:52|Wahoo ELEMNT BOLT|https://www.strava.com/activities/2479018897
6/24/2019|30.63|01:04:37|154|0|159|548|20|42%|0|0|28.4|57.6|86|114|0|0|141|512|612|31|02:26:46|Wahoo ELEMNT BOLT|https://www.strava.com/activities/2478629245
6/23/2019|67.82|01:53:14|1082|0|314|1857|128|82%|0|0|35.9|63|86|177|0|0|273|1203|2,070|28|01:54:23|Wahoo ELEMNT BOLT|https://www.strava.com/activities/2476255229
6/23/2019|27.07|00:56:35|162|0|152|486|15|40%|0|0|28.7|63.7|89|118|0|0|143|320|542|23|00:58:25|Wahoo ELEMNT BOLT|https://www.strava.com/activities/2472996697
6/22/2019|111.41|03:21:43|742|0|247|2435|141|64%|0|0|33.1|73.8|93|120|0|0|201|488|2,714|22|03:25:04|Wahoo ELEMNT BOLT|https://www.strava.com/activities/2470661552
6/20/2019|93.47|02:33:55|415|0|245|1852|111|64%|0|0|36.4|67.7|93|123|0|0|201|792|2,065|17|04:11:11|Wahoo ELEMNT BOLT|https://www.strava.com/activities/2466056888
6/19/2019|0.05|00:00:00|0|0|219|5|33|57%|0|0|7.1|6.1|96|112|0|0|187|323|5|25|01:02:04|Wahoo ELEMNT BOLT|https://www.strava.com/activities/2464184625
6/18/2019|58.81|01:31:37|234|0|249|1153|67|65%|0|0|38.5|68.8|97|126|0|0|210|793|1,286|27|01:35:42|Wahoo ELEMNT BOLT|https://www.strava.com/activities/2460366853
6/17/2019|41.87|01:32:15|188|0|136|692|21|36%|0|0|27.2|58.3|82|112|0|0|125|645|772|24|02:34:14|Wahoo ELEMNT BOLT|https://www.strava.com/activities/2457199696
6/14/2019|21.21|00:45:55|263|0|195|489|20|51%|0|0|27.7|64.1|90|137|0|0|177|515|545|26|00:48:08|Wahoo ELEMNT BOLT|https://www.strava.com/activities/2456894156
6/13/2019|29.38|01:00:00|161|0|152|529|16|40%|0|0|29.4|49.3|93|113|0|0|147|385|590|19|02:04:27|Wahoo ELEMNT BOLT|https://www.strava.com/activities/2446556145
6/12/2019|71.56|02:08:49|284|0|221|1469|74|58%|0|0|33.3|80.3|86|114|0|0|190|394|1,638|14|02:13:50|Wahoo ELEMNT BOLT|https://www.strava.com/activities/2445222278
6/12/2019|65.03|02:03:56|242|0|217|1428|68|57%|0|0|31.5|60.5|84|117|0|0|192|405|1,592|12|02:06:34|Wahoo ELEMNT BOLT|https://www.strava.com/activities/2443785472
6/11/2019|55.57|01:27:25|238|0|226|1039|52|59%|0|0|38.1|68|100|132|0|0|198|783|1,159|14|01:29:50|Wahoo ELEMNT BOLT|https://www.strava.com/activities/2440968704
6/9/2019|96.21|02:45:42|383|0|283|2315|173|74%|0|0|34.8|58.3|89|139|0|0|233|1067|2,581|20|04:40:00|Wahoo ELEMNT BOLT|https://www.strava.com/activities/2437375884
6/7/2019|31.48|01:07:56|97|0|0|0|0||128|522|27.8|44.6|0|0|0|0|0|0|582|17|01:28:35|Wahoo ELEMNT BOLT|https://www.strava.com/activities/2433412008
6/6/2019|128.83|04:00:22|922|0|0|0|0||206|2964|32.2|71.3|0|0|0|0|0|0|3,305|14|04:09:44|Wahoo ELEMNT BOLT|https://www.strava.com/activities/2428101697
6/5/2019|121.65|04:00:06|1169|0|0|0|0||184|2652|30.4|70.2|0|0|0|0|0|0|2,957|22|04:36:48|Wahoo ELEMNT BOLT|https://www.strava.com/activities/2433462191
6/3/2019|39.59|01:23:00|219|0|152|687|24|40%|0|0|28.6|64.4|84|112|0|0|138|525|766|23|02:12:54|Wahoo ELEMNT BOLT|https://www.strava.com/activities/2419833239
6/1/2019|55.76|01:44:04|276|0|242|1289|69|63%|0|0|32.2|56.5|93|140|0|0|206|779|1,437|23|01:45:12|Wahoo ELEMNT BOLT|https://www.strava.com/activities/2413800081
6/30/2019|116.59|02:59:33|2093|0|297|2768|181|78%|0|0|39|89.3|85|147|0|0|257|1122|3,086|38|02:59:50|Wahoo ELEMNT BOLT|https://www.strava.com/activities/2514227209
6/29/2019|27.06|00:58:36|243|0|174|480|21|45%|0|0|27.7|57.2|79|118|0|0|137|833|536|32|02:12:42|Wahoo ELEMNT BOLT|https://www.strava.com/activities/2514229172
6/28/2019|33.79|00:41:41|163|0|378|951|68|99%|0|0|48.6|67.7|101|123|0|0|380|865|1,061|21|00:42:45|Wahoo ELEMNT BOLT|https://www.strava.com/activities/2514229409
6/16/2019|140.41|03:35:28|2088|0|310|3349|235|81%|0|0|39.1|83.5|80|175|0|0|259|1380|3,734|21|03:35:28|Wahoo ELEMNT BOLT|https://www.strava.com/activities/2456892974
6/15/2019|165.08|03:59:45|2012|0|289|3420|226|75%|0|0|41.3|90|85|185|0|0|238|1072|3,813|25|03:59:45|Wahoo ELEMNT BOLT|https://www.strava.com/activities/2456893885
6/10/2019|136.36|03:47:03|468|0|245|2730|173|64%|0|0|36|63.7|82|143|0|0|200|1071|3,044|22|04:40:03|Wahoo ELEMNT BOLT|https://www.strava.com/activities/2439615861
6/2/2019|194.32|04:46:16|2336|0|270|3758|237|70%|0|0|40.7|96.1|84|142|0|0|219|1102|4,190|31|04:51:34|Wahoo ELEMNT BOLT|https://www.strava.com/activities/2419834251
7/31/2019|34.55|01:14:00|511|0|200|812|35|52%|0|0|28|64.1|89|128|0|0|183|734|906|16|01:18:08|Wahoo ELEMNT BOLT|https://www.strava.com/activities/2583245260
7/30/2019|92.11|02:57:09|558|0|223|2178|106|58%|0|0|31.2|69.5|93|132|0|0|205|1124|2,429|26|03:51:47|Wahoo ELEMNT BOLT|https://www.strava.com/activities/2575163300
7/29/2019|40.15|01:33:14|226|0|146|791|26|38%|0|0|25.8|63|88|118|0|0|141|513|882|27|02:28:34|Wahoo ELEMNT BOLT|https://www.strava.com/activities/2572926416
7/26/2019|28.83|01:08:36|169|0|131|508|14|34%|0|0|25.2|49|81|117|0|0|123|795|566|33|02:11:49|Wahoo ELEMNT BOLT|https://www.strava.com/activities/2722720302
7/25/2019|149.93|05:00:51|1309|0|206|3354|151|54%|0|0|29.9|74.2|84|118|0|0|186|1008|3,739|32|05:37:56|Wahoo ELEMNT BOLT|https://www.strava.com/activities/2561748957
7/24/2019|119.72|04:07:33|1112|0|199|2539|114|52%|0|0|29|80.3|83|117|0|0|171|749|2,831|33|04:16:39|Wahoo ELEMNT BOLT|https://www.strava.com/activities/2558969968
7/23/2019|51.31|01:58:28|270|0|138|928|27|36%|0|0|26|49.3|88|114|0|0|131|620|1,035|35|02:56:13|Wahoo ELEMNT BOLT|https://www.strava.com/activities/2556285614
7/21/2019|142.43|04:03:06|2462|0|284|3639|223|74%|0|0|35.2|78.8|87|183|0|0|249|1148|4,057|24|04:04:03|Wahoo ELEMNT BOLT|https://www.strava.com/activities/2556287065
7/17/2019|54.02|01:56:46|293|0|166|1103|37|43%|0|0|27.8|60.8|88|113|0|0|157|1020|1,229|14|01:59:36|Wahoo ELEMNT BOLT|https://www.strava.com/activities/2556284947
7/16/2019|81.84|03:13:59|1053|0|162|1695|61|42%|0|0|25.3|82.8|80|254|0|0|146|507|1,890|22|03:29:54|Wahoo ELEMNT BOLT|https://www.strava.com/activities/2539198731
7/15/2019|149.95|05:04:39|2079|0|202|3242|147|53%|0|0|29.5|92.2|80|141|0|0|177|823|3,615|20|05:37:23|Wahoo ELEMNT BOLT|https://www.strava.com/activities/2556280521
7/14/2019|43.49|01:27:19|236|0|156|739|25|41%|0|0|29.9|49.7|85|115|0|0|141|609|824|23|02:08:02|Wahoo ELEMNT BOLT|https://www.strava.com/activities/2556281038
7/13/2019|163.88|05:05:23|1658|0|198|3223|141|52%|0|0|32.2|92.5|87|133|0|0|176|871|3,593|24|05:39:29|Wahoo ELEMNT BOLT|https://www.strava.com/activities/2556284380
7/12/2019|92.01|03:06:41|1401|0|246|2161|146|64%|0|0|29.6|77|93|126|0|0|193|589|2,409|21|04:18:12|Wahoo ELEMNT BOLT|https://www.strava.com/activities/2525925449
7/11/2019|33.95|01:25:47|491|0|170|778|29|44%|0|0|23.8|78.1|77|113|0|0|151|473|868|22|01:54:54|Wahoo ELEMNT BOLT|https://www.strava.com/activities/2525926021
7/10/2019|115.21|03:53:22|996|0|192|2568|100|50%|0|0|29.6|73.8|91|119|0|0|183|558|2,864|23|04:30:46|Wahoo ELEMNT BOLT|https://www.strava.com/activities/2525927562
7/9/2019|102.48|03:33:50|1279|0|204|2547|104|53%|0|0|28.8|69.8|88|117|0|0|198|854|2,840|10|03:41:09|Wahoo ELEMNT BOLT|https://www.strava.com/activities/2517326694
7/8/2019|80.92|02:58:14|1288|0|192|1954|76|50%|0|0|27.2|85.3|87|120|0|0|183|510|2,179|14|03:02:01|Wahoo ELEMNT BOLT|https://www.strava.com/activities/2514230492
7/6/2019|8.47|00:21:13|108|0|222|230|12|58%|0|0|24|61.2|93|112|0|0|181|496|257|22|00:22:58|Wahoo ELEMNT BOLT|https://www.strava.com/activities/2525928853
7/28/2019|106.7|02:57:44|2561|0|309|2870|193|81%|0|0|36|98.6|84|136|0|0|269|922|3,200|13|02:57:44|Wahoo ELEMNT BOLT|https://www.strava.com/activities/2572928713
7/27/2019|52.03|01:48:03|1162|0|238|1318|71|62%|0|0|28.9|101.9|84|129|0|0|203|856|1,470|19|01:51:07|Wahoo ELEMNT BOLT|https://www.strava.com/activities/2572930433
7/20/2019|79.06|02:54:26|1078|0|191|1600|80|50%|0|0|27.2|77.8|77|119|0|0|153|1150|1,784|26|03:15:00|Wahoo ELEMNT BOLT|https://www.strava.com/activities/2556278601
7/19/2019|55.49|02:18:13|902|0|206|1288|75|54%|0|0|24.1|76.7|74|120|0|0|155|676|1,436|30|03:06:16|Wahoo ELEMNT BOLT|https://www.strava.com/activities/2556282166
8/27/2019|50.54|01:36:43|199|0|148|807|26|39%|0|0|31.4|58.3|89|110|0|0|139|653|899|26|02:35:36|Wahoo ELEMNT|https://www.strava.com/activities/2661294872
8/26/2019|116.69|04:00:20|769|0|181|2421|91|47%|0|0|29.1|77.4|89|131|0|0|168|474|2,700|27|04:10:47|Wahoo ELEMNT|https://www.strava.com/activities/2661296943
8/24/2019|31.04|01:07:15|171|0|147|567|17|38%|0|0|27.7|45.4|89|109|0|0|140|372|632|26|02:27:46|Wahoo ELEMNT|https://www.strava.com/activities/2650029536
8/23/2019|60.38|01:33:25|210|0|300|1473|107|78%|0|0|38.8|57.6|82|145|0|0|263|1255|1,642|20|02:23:42|Wahoo ELEMNT BOLT|https://www.strava.com/activities/2645046602
8/23/2019|68.73|02:25:59|341|0|176|1425|53|46%|0|0|28.3|49|84|129|0|0|163|982|1,589|24|02:41:11|Wahoo ELEMNT BOLT|https://www.strava.com/activities/2643768821
8/22/2019|122.45|03:54:14|877|0|212|2760|122|55%|0|0|31.4|64.8|90|120|0|0|196|624|3,078|23|04:02:54|Wahoo ELEMNT|https://www.strava.com/activities/2650043565
8/20/2019|43.2|01:32:00|234|0|161|862|29|42%|0|0|28.2|63.4|90|117|0|0|156|547|961|20|03:38:02|Wahoo ELEMNT|https://www.strava.com/activities/2650085137
8/19/2019|27.32|01:02:15|152|0|147|506|15|38%|0|0|26.3|53.6|83|111|0|0|135|347|564|19|01:05:16|Wahoo ELEMNT|https://www.strava.com/activities/2650084528
8/18/2019|164.63|03:42:51|2069|0|298|3551|225|78%|0|0|44.3|88.9|88|131|0|0|266|1106|3,960|18|03:43:22|Wahoo ELEMNT|https://www.strava.com/activities/2650088563
8/17/2019|176.46|04:18:40|2129|0|289|4003|244|75%|0|0|40.9|85|90|126|0|0|258|1107|4,463|16|04:19:15|Wahoo ELEMNT|https://www.strava.com/activities/2628945164
8/16/2019|171.75|03:43:39|1358|0|251|2924|161|66%|0|0|46.1|79.6|87|157|0|0|218|987|3,261|16|03:44:41|Wahoo ELEMNT|https://www.strava.com/activities/2628946480
8/15/2019|180.5|04:02:19|1764|0|281|3522|216|73%|0|0|44.7|89.3|90|144|0|0|242|1081|3,927|13|04:02:19|Wahoo ELEMNT|https://www.strava.com/activities/2628948807
8/14/2019|51.68|01:34:40|403|0|0|0|0||210|1193|32.8|68|0|0|0|0|0|0|1,330|12|01:46:08|Wahoo ELEMNT|https://www.strava.com/activities/2620616434
8/11/2019|82.29|02:35:45|469|0|219|1899|87|57%|0|0|31.7|57.2|93|122|0|0|203|553|2,117|21|02:40:09|Wahoo ELEMNT BOLT|https://www.strava.com/activities/2609295351
8/10/2019|29.15|01:04:36|176|0|148|559|17|39%|0|0|27.1|49|87|112|0|0|144|684|624|22|03:38:47|Wahoo ELEMNT BOLT|https://www.strava.com/activities/2606722696
8/8/2019|169.33|05:43:42|1792|0|214|4022|184|56%|0|0|29.6|81.4|82|124|0|0|195|646|4,484|19|05:56:12|Wahoo ELEMNT BOLT|https://www.strava.com/activities/2601337676
8/6/2019|39.19|01:30:08|213|0|157|781|26|41%|0|0|26.1|48.6|85|119|0|0|145|441|871|16|01:34:10|Wahoo ELEMNT BOLT|https://www.strava.com/activities/2596730938
8/31/2019|194.89|04:51:11|1867|0|248|3651|205|65%|0|0|40.2|86.8|85|133|0|0|209|975|4,071|32|04:52:50|Wahoo ELEMNT|https://www.strava.com/activities/2722687779
8/30/2019|199.39|04:37:15|2322|0|291|4171|266|76%|0|0|43.2|95.8|88|132|0|0|251|990|4,650|25|04:37:15|Wahoo ELEMNT|https://www.strava.com/activities/2666766590
8/29/2019|173.58|04:03:45|1425|0|253|3115|182|66%|0|0|42.7|94.7|88|131|0|0|213|941|3,473|26|04:50:44|Wahoo ELEMNT|https://www.strava.com/activities/2664021351
8/25/2019|150.99|04:57:43|1264|0|213|3443|159|56%|0|0|30.4|73.4|87|120|0|0|193|959|3,838|25|05:13:12|Wahoo ELEMNT|https://www.strava.com/activities/2650028481
8/21/2019|125.63|04:06:16|828|0|188|2637|103|49%|0|0|30.6|67.7|88|114|0|0|178|805|2,940|17|04:18:28|Wahoo ELEMNT|https://www.strava.com/activities/2650083404
8/12/2019|94.69|03:00:05|624|0|227|2096|107|59%|0|0|31.6|64.8|89|254|0|0|194|1162|2,337|20|03:05:48|Wahoo ELEMNT BOLT|https://www.strava.com/activities/2612125506
8/9/2019|200.74|06:46:48|1054|0|173|4073|144|45%|0|0|29.6|55.4|84|113|0|0|167|913|4,542|19|07:25:11|Wahoo ELEMNT BOLT|https://www.strava.com/activities/2604379915
8/7/2019|145.16|04:21:03|691|0|214|3098|142|56%|0|0|33.4|54.7|85|254|0|0|198|844|3,455|22|09:58:56|Wahoo ELEMNT BOLT|https://www.strava.com/activities/2600586072
8/2/2019|130.05|03:10:12|2185|0|286|2856|177|75%|0|0|41|101.5|85|173|0|0|250|1348|3,184|22|03:10:12|Wahoo ELEMNT BOLT|https://www.strava.com/activities/2596730440
8/1/2019|148.83|04:12:51|2918|0|288|3598|254|75%|0|0|35.3|83.5|85|141|0|0|237|1114|4,012|23|05:04:03|Wahoo ELEMNT BOLT|https://www.strava.com/activities/2583242697
9/28/2019|0|00:00:00|0|0|0|0|0||57|0|2.9|0.7|0|0|0|0|0|0|0|18|00:01:27|Wahoo ELEMNT BOLT|https://www.strava.com/activities/2825275451
9/27/2019|30.01|01:08:55|169|0|189|625|29|49%|0|0|26.1|54.4|81|138|0|0|151|1119|697|18|01:32:50|Wahoo ELEMNT|https://www.strava.com/activities/2747247543
9/27/2019|121.11|04:03:11|1134|0|221|2957|140|58%|0|0|29.9|71.6|87|114|0|0|203|901|3,297|15|04:38:06|Wahoo ELEMNT|https://www.strava.com/activities/2753787475
9/25/2019|35.05|01:22:06|307|0|0|0|0||116|569|25.6|54.7|0|0|0|0|0|0|635|13|01:32:18|Wahoo ELEMNT BOLT|https://www.strava.com/activities/2747230950
9/24/2019|30.25|00:43:21|442|0|316|912|93|83%|0|0|41.9|81|101|134|0|0|350|826|1,016|11|01:31:33|Wahoo ELEMNT BOLT|https://www.strava.com/activities/2747231460
9/20/2019|1.53|00:06:00|13|0|0|0|0||38|14|15.3|43.9|0|0|0|0|0|0|15|23|08:59:46|Wahoo ELEMNT BOLT|https://www.strava.com/activities/2731562252
9/19/2019|105.46|02:59:29|410|0|240|2173|123|63%|0|0|35.3|63|92|126|0|0|202|941|2,423|15|03:22:57|Wahoo ELEMNT BOLT|https://www.strava.com/activities/2722159088
9/17/2019|59.79|01:38:19|238|0|213|1168|56|56%|0|0|36.5|56.9|98|132|0|0|198|842|1,303|15|02:52:45|Wahoo ELEMNT BOLT|https://www.strava.com/activities/2716118218
9/16/2019|130.95|04:00:51|894|0|232|2938|152|61%|0|0|32.6|81.7|90|130|0|0|203|702|3,275|17|04:08:08|Wahoo ELEMNT BOLT|https://www.strava.com/activities/2713474114
9/15/2019|94.7|03:10:00|499|0|167|1724|61|44%|0|0|29.9|76|84|118|0|0|151|544|1,922|23|03:21:51|Wahoo ELEMNT BOLT|https://www.strava.com/activities/2711152014
9/14/2019|0|00:00:00|0|0|0|0|0||0|0|0|0|0|0|0|0|0|0|0|0|01:03:35|Wahoo ELEMNT|https://www.strava.com/activities/2722661578
9/6/2019|40.73|01:28:03|328|0|211|959|46|55%|0|0|27.8|58|90|126|0|0|182|911|1,070|15|01:32:56|Wahoo ELEMNT|https://www.strava.com/activities/2722677539
9/5/2019|105.12|02:56:34|325|0|201|2067|83|52%|0|0|35.7|56.2|98|126|0|0|195|689|2,304|18|03:07:19|Wahoo ELEMNT|https://www.strava.com/activities/2722678901
9/4/2019|84.64|02:28:37|341|0|203|1736|74|53%|0|0|34.2|55.1|96|120|0|0|195|997|1,935|19|02:42:00|Wahoo ELEMNT|https://www.strava.com/activities/2722680400
9/2/2019|36.98|01:28:29|88|0|114|581|14|30%|0|0|25.1|39.2|84|107|0|0|109|433|648|19|02:35:45|Wahoo ELEMNT|https://www.strava.com/activities/2722681385
9/30/2019|119.68|03:58:04|552|0|211|2700|125|55%|0|0|30.2|56.5|91|118|0|0|189|912|3,010|15|05:06:49|Wahoo ELEMNT|https://www.strava.com/activities/2753786873
9/28/2019|138.73|04:38:38|1047|0|209|3115|144|55%|0|0|29.9|68.8|87|114|0|0|186|1011|3,474|15|05:31:33|Wahoo ELEMNT|https://www.strava.com/activities/2747246460
9/23/2019|53.17|01:42:00|649|0|234|1197|68|61%|0|0|31.3|73.4|86|124|0|0|196|710|1,335|14|01:55:56|Wahoo ELEMNT BOLT|https://www.strava.com/activities/2747232270
9/21/2019|70.04|02:20:24|1109|0|244|1815|100|64%|0|0|29.9|79.2|90|128|0|0|215|743|2,024|18|02:28:08|Wahoo ELEMNT BOLT|https://www.strava.com/activities/2731560946
9/18/2019|117.69|03:26:17|1079|0|248|2723|152|65%|0|0|34.2|70.2|87|132|0|0|220|857|3,036|11|03:50:56|Wahoo ELEMNT BOLT|https://www.strava.com/activities/2719139389
9/10/2019|172.53|04:37:15|3123|0|300|4245|282|78%|0|0|37.3|90|88|138|0|0|255|961|4,733|15|04:37:47|Wahoo ELEMNT|https://www.strava.com/activities/2722665417
9/9/2019|182.12|04:20:59|1641|0|271|3768|225|71%|0|0|41.9|81.7|88|127|0|0|241|1044|4,202|15|04:38:12|Wahoo ELEMNT|https://www.strava.com/activities/2722668715
9/8/2019|165.34|04:01:49|1867|0|268|3472|198|70%|0|0|41|85.7|89|127|0|0|239|1059|3,871|17|04:03:39|Wahoo ELEMNT|https://www.strava.com/activities/2722672878
9/7/2019|200.18|04:36:48|2000|0|273|4111|235|71%|0|0|43.4|84.6|91|141|0|0|248|1049|4,584|17|04:38:56|Wahoo ELEMNT|https://www.strava.com/activities/2722676844
9/1/2019|158.02|03:47:36|2255|0|297|3394|230|78%|0|0|41.7|90.7|84|127|0|0|249|1049|3,785|22|03:48:15|Wahoo ELEMNT|https://www.strava.com/activities/2722684158
10/8/2019|28.68|00:59:28|89|0|148|500|16|39%|0|0|28.9|43.2|83|121|0|0|140|996|558|18|01:04:39|Wahoo ELEMNT|https://www.strava.com/activities/2828420699
10/7/2019|69.5|02:22:59|352|0|173|1359|53|45%|0|0|29.2|57.6|88|114|0|0|158|1095|1,515|9|03:10:53|Wahoo ELEMNT|https://www.strava.com/activities/2828421629
10/5/2019|93.79|03:09:51|626|0|196|2063|91|51%|0|0|29.6|59|89|127|0|0|181|609|2,300|9|05:50:41|Wahoo ELEMNT|https://www.strava.com/activities/2828423122
10/1/2019|0|00:00:00|0|0|176|0|21|46%|0|0|0|0|0|108|0|0|0|282|0|0|01:00:12|Wahoo ELEMNT|https://www.strava.com/activities/2828423409
10/21/2019|128.07|02:43:04|426|0|279|2566|144|73%|0|0|47.1|69.1|92|124|0|0|262|1136|2,861|24|02:43:04|Wahoo ELEMNT BOLT|https://www.strava.com/activities/2866068480
10/20/2019|32.09|01:06:45|114|0|181|569|25|47%|0|0|28.9|56.2|88|121|0|0|142|894|634|24|01:07:54|Wahoo ELEMNT BOLT|https://www.strava.com/activities/2866068840
10/19/2019|60.82|01:51:50|163|0|237|808|95|62%|0|0|32.6|60.8|75|121|0|0|120|777|901|21|03:49:44|Wahoo ELEMNT BOLT|https://www.strava.com/activities/2866069123
10/18/2019|37.7|01:07:21|84|0|222|701|40|58%|0|0|33.6|59|93|120|0|0|173|716|782|21|01:11:40|Wahoo ELEMNT BOLT|https://www.strava.com/activities/2825273137
10/17/2019|77.35|02:50:18|180|0|141|1217|45|37%|0|0|27.3|50|73|112|0|0|119|594|1,357|20|04:54:49|Wahoo ELEMNT BOLT|https://www.strava.com/activities/2825273579
10/16/2019|65.22|02:22:43|225|0|177|1258|52|46%|0|0|27.4|47.9|75|116|0|0|147|981|1,403|11|02:31:12|Wahoo ELEMNT BOLT|https://www.strava.com/activities/2825273987
10/15/2019|13.66|00:37:41|64|0|123|233|7|32%|0|0|21.8|42.8|66|111|0|0|103|864|260|23|01:35:43|Wahoo ELEMNT BOLT|https://www.strava.com/activities/2825274315
10/9/2019|172.69|04:00:20|1011|0|260|3276|185|68%|0|0|43.1|73.8|87|120|0|0|227|1009|3,653|12|04:01:19|Wahoo ELEMNT|https://www.strava.com/activities/2828420157
10/3/2019|191.8|04:27:12|1533|0|304|4512|279|79%|0|0|43.1|75.2|93|145|0|0|281|1124|5,031|9|04:27:12|Wahoo ELEMNT BOLT|https://www.strava.com/activities/2825275098
10/2/2019|38.38|01:12:39|146|0|0|0|0||182|794|31.7|52.2|0|0|0|0|0|0|885|11|01:16:02|Wahoo ELEMNT BOLT|https://www.strava.com/activities/2825275339
11/30/2019|119.72|04:16:11|483|0|181|2701|96|47%|0|0|28|49.7|91|115|0|0|176|666|3,011|3|04:20:54|Wahoo ELEMNT BOLT|https://www.strava.com/activities/2905694338
11/28/2019|48.31|01:41:25|632|0|232|1216|65|61%|0|0|28.6|61.2|89|115|0|0|200|679|1,356|5|01:48:03|Wahoo ELEMNT BOLT|https://www.strava.com/activities/2905694544
11/26/2019|97.1|03:21:49|355|0|215|2352|102|56%|0|0|28.9|56.5|90|143|0|0|194|572|2,622|9|03:44:06|Wahoo ELEMNT BOLT|https://www.strava.com/activities/2896651816
11/25/2019|38.44|01:39:02|197|0|157|882|32|41%|0|0|23.3|54|83|112|0|0|149|592|984|7|03:08:56|Wahoo ELEMNT BOLT|https://www.strava.com/activities/2891105250
11/24/2019|100.38|04:12:28|767|0|219|2853|148|57%|0|0|23.9|54|83|127|0|0|188|1212|3,181|5|05:59:43|Wahoo ELEMNT BOLT|https://www.strava.com/activities/2891109663
11/23/2019|38.24|01:41:55|292|0|180|989|42|47%|0|0|22.5|48.2|85|110|0|0|162|1028|1,103|6|01:55:26|Wahoo ELEMNT BOLT|https://www.strava.com/activities/2891110894
11/22/2019|30.38|01:28:23|306|0|193|868|43|50%|0|0|20.6|43.9|79|128|0|0|164|1056|968|4|01:57:43|Wahoo ELEMNT BOLT|https://www.strava.com/activities/2884574066
11/21/2019|47.7|02:08:44|331|0|208|1514|67|54%|0|0|22.2|51.5|82|131|0|0|196|980|1,688|4|02:20:58|Wahoo ELEMNT BOLT|https://www.strava.com/activities/2884574913
11/19/2019|55.5|02:04:34|294|0|166|1201|41|43%|0|0|26.7|55.4|86|110|0|0|161|674|1,340|3|02:12:14|Wahoo ELEMNT BOLT|https://www.strava.com/activities/2876480746
11/12/2019|89.27|03:12:44|466|0|183|2037|75|48%|0|0|27.8|51.8|87|125|0|0|176|572|2,271|4|03:16:37|Wahoo ELEMNT BOLT|https://www.strava.com/activities/2866066839
11/8/2019|42.08|01:40:57|224|0|153|853|28|40%|0|0|25|46.8|85|115|0|0|141|956|951|8|02:15:15|Wahoo ELEMNT BOLT|https://www.strava.com/activities/2866067771
11/20/2019|110.92|03:42:57|652|0|207|2257|113|54%|0|0|29.9|63|86|122|0|0|169|603|2,516|2|04:03:08|Wahoo ELEMNT BOLT|https://www.strava.com/activities/2884577943
11/17/2019|120|03:56:33|461|0|184|2419|95|48%|0|0|30.4|51.8|88|129|0|0|170|815|2,697|1|04:33:23|Wahoo ELEMNT BOLT|https://www.strava.com/activities/2876493207
11/14/2019|137.13|04:33:57|537|0|186|2847|115|49%|0|0|30|58|88|130|0|0|173|1004|3,175|5|05:32:56|Wahoo ELEMNT BOLT|https://www.strava.com/activities/2866065576
11/13/2019|94.36|03:08:13|396|0|194|2074|83|51%|0|0|30.1|53.3|90|117|0|0|184|718|2,313|5|03:13:18|Wahoo ELEMNT BOLT|https://www.strava.com/activities/2866066449
11/10/2019|58.01|02:09:25|239|0|176|1216|48|46%|0|0|26.9|65.5|85|127|0|0|157|655|1,356|1|02:16:52|Wahoo ELEMNT BOLT|https://www.strava.com/activities/2866067313
12/31/2019|60.18|02:00:02|310|0|208|1409|60|54%|0|0|30.1|49.3|91|120|0|0|196|782|1,571|1|02:03:04|Wahoo ELEMNT BOLT|https://www.strava.com/activities/2978547721
12/30/2019|53.34|02:00:49|781|0|157|1008|35|41%|0|0|26.5|74.2|90|143|0|0|139|715|1,124|1|02:05:51|Wahoo ELEMNT BOLT|https://www.strava.com/activities/2978548520
12/28/2019|95.63|03:21:17|1440|0|212|2223|107|55%|0|0|28.5|76|91|144|0|0|184|813|2,478|-2|03:30:59|Wahoo ELEMNT BOLT|https://www.strava.com/activities/2962714556
12/27/2019|125.18|04:35:18|1921|0|227|3494|166|59%|0|0|27.3|74.9|91|123|0|0|212|685|3,896|0|04:46:06|Wahoo ELEMNT BOLT|https://www.strava.com/activities/2959919201
12/26/2019|94.39|03:55:45|1551|0|245|2959|166|64%|0|0|24|70.6|86|138|0|0|209|1143|3,299|1|04:04:07|Wahoo ELEMNT BOLT|https://www.strava.com/activities/2957899566
12/24/2019|83.47|03:00:19|262|0|220|2287|101|57%|0|0|27.8|44.3|89|113|0|0|211|686|2,549|4|03:05:46|Wahoo ELEMNT BOLT|https://www.strava.com/activities/2957901549
12/22/2019|140.03|04:47:51|237|0|203|3421|137|53%|0|0|29.2|44.3|90|108|0|0|198|792|3,814|1|04:54:41|Wahoo ELEMNT BOLT|https://www.strava.com/activities/2949628851
12/21/2019|96|03:30:10|1495|0|240|2783|146|63%|0|0|27.4|73.8|88|142|0|0|221|604|3,103|7|03:44:25|Wahoo ELEMNT BOLT|https://www.strava.com/activities/2949629823
12/20/2019|86.99|02:42:34|357|0|204|1929|80|53%|0|0|32.1|63.4|88|113|0|0|198|541|2,151|9|02:50:04|Wahoo ELEMNT BOLT|https://www.strava.com/activities/2945527825
12/14/2019|44.04|01:44:56|616|0|164|893|32|43%|0|0|25.2|70.9|84|119|0|0|142|544|996|17|01:45:31|Wahoo ELEMNT BOLT|https://www.strava.com/activities/2933670081
12/14/2019|2.44|00:25:21|0|0|284|171|35|74%|0|0|5.8|31.7|82|114|0|0|112|490|191|19|00:39:20|Wahoo ELEMNT BOLT|https://www.strava.com/activities/2933670192
12/12/2019|33.25|01:18:32|192|0|179|819|30|47%|0|0|25.4|48.2|86|112|0|0|174|555|913|4|01:53:43|Wahoo ELEMNT BOLT|https://www.strava.com/activities/2930216122
12/11/2019|0.07|00:00:00|0|0|142|4|17|37%|0|0|9.6|8.6|93|120|0|0|140|324|4|22|01:17:15|Wahoo ELEMNT BOLT|https://www.strava.com/activities/2930216647
12/10/2019|92.15|03:34:49|650|0|175|2063|78|46%|0|0|25.7|60.1|84|124|0|0|160|705|2,300|4|03:43:08|Wahoo ELEMNT BOLT|https://www.strava.com/activities/2930218148
12/9/2019|0.05|00:00:00|0|0|107|4|9|28%|0|0|4.6|8.3|93|108|0|0|107|228|5|20|01:16:03|Wahoo ELEMNT BOLT|https://www.strava.com/activities/2930218801
12/8/2019|119.04|04:05:42|923|0|195|2647|111|51%|0|0|29.1|79.9|90|189|0|0|180|573|2,951|8|09:46:37|Wahoo ELEMNT BOLT|https://www.strava.com/activities/2920389514
12/7/2019|97.41|03:22:34|601|0|216|2248|112|56%|0|0|28.9|59.8|88|110|0|0|185|717|2,507|6|03:36:33|Wahoo ELEMNT BOLT|https://www.strava.com/activities/2920391023
12/6/2019|0.14|00:00:00|0|0|144|1|14|38%|0|0|13.5|34.6|81|115|0|0|22|260|1|19|01:01:31|Wahoo ELEMNT BOLT|https://www.strava.com/activities/2920391489
12/5/2019|55.85|02:02:57|290|0|184|1315|48|48%|0|0|27.3|50.8|92|111|0|0|178|512|1,466|2|02:05:34|Wahoo ELEMNT BOLT|https://www.strava.com/activities/2914837402
12/4/2019|98.87|03:26:42|540|0|202|2308|97|53%|0|0|28.7|69.8|91|117|0|0|186|635|2,573|2|03:29:22|Wahoo ELEMNT BOLT|https://www.strava.com/activities/2914841049
12/3/2019|61.2|02:15:37|316|0|175|1370|48|46%|0|0|27.1|57.2|88|110|0|0|168|497|1,527|4|02:19:55|Wahoo ELEMNT BOLT|https://www.strava.com/activities/2914842337
12/2/2019|33.54|01:21:41|180|0|139|667|20|36%|0|0|24.6|50.4|86|113|0|0|136|1179|744|3|02:58:43|Wahoo ELEMNT BOLT|https://www.strava.com/activities/2914843066
12/1/2019|174.83|06:11:18|1384|0|192|3990|164|50%|0|0|28.3|65.9|86|113|0|0|179|896|4,448|0|06:51:11|Wahoo ELEMNT BOLT|https://www.strava.com/activities/2905693633
12/18/2019|101.88|03:16:02|1189|0|205|1812|97|54%|0|0|31.2|77.8|83|116|0|0|154|796|2,021|13|03:34:15|Wahoo ELEMNT BOLT|https://www.strava.com/activities/2945542404
12/17/2019|157.89|05:22:06|2873|0|253|3872|239|66%|0|0|29.4|74.5|82|117|0|0|200|965|4,317|13|05:57:32|Wahoo ELEMNT BOLT|https://www.strava.com/activities/2946418010
12/15/2019|146.64|04:38:48|2700|0|254|3390|212|66%|0|0|31.6|69.8|85|133|0|0|203|999|3,780|13|05:19:58|Wahoo ELEMNT BOLT|https://www.strava.com/activities/2936929829
1/8/2020|83.42|02:56:29|379|0|170|1713|60|44%|0|0|28.4|55.1|89|118|0|0|162|562|1,910|8|03:06:01|Wahoo ELEMNT BOLT|https://www.strava.com/activities/3003380441
1/4/2020|136.2|04:44:21|1157|0|208|3379|143|54%|0|0|28.7|88.2|92|131|0|0|198|891|3,767|3|05:31:32|Wahoo ELEMNT BOLT|https://www.strava.com/activities/2982226871
1/3/2020|102.75|03:24:11|666|0|243|2525|139|63%|0|0|30.2|67.3|94|120|0|0|206|758|2,816|6|03:28:56|Wahoo ELEMNT BOLT|https://www.strava.com/activities/2978543988
1/2/2020|69.93|02:28:01|351|0|188|1610|60|49%|0|0|28.3|53.6|93|113|0|0|181|513|1,795|2|02:31:35|Wahoo ELEMNT BOLT|https://www.strava.com/activities/2978546627
1/8/2020|83.42|02:56:29|379|0|170|1713|60|44%|0|0|28.4|55.1|89|118|0|0|162|562|1,910|8|03:06:01|Wahoo ELEMNT BOLT|https://www.strava.com/activities/3003380441
1/4/2020|136.2|04:44:21|1157|0|208|3379|143|54%|0|0|28.7|88.2|92|131|0|0|198|891|3,767|3|05:31:32|Wahoo ELEMNT BOLT|https://www.strava.com/activities/2982226871
1/3/2020|102.75|03:24:11|666|0|243|2525|139|63%|0|0|30.2|67.3|94|120|0|0|206|758|2,816|6|03:28:56|Wahoo ELEMNT BOLT|https://www.strava.com/activities/2978543988
1/2/2020|69.93|02:28:01|351|0|188|1610|60|49%|0|0|28.3|53.6|93|113|0|0|181|513|1,795|2|02:31:35|Wahoo ELEMNT BOLT|https://www.strava.com/activities/2978546627
6/30/2020|67.87|02:23:48|184|0|157|1273|43|41%|0|0|28.3|45.7|88|113|0|0|148|410|1,419|20|02:39:10|Garmin Edge 830|https://www.strava.com/activities/3696406968
6/28/2020|223.36|06:47:21|742|0|206|4838|201|54%|0|0|32.9|65.9|91|121|0|0|198|1108|5,394|23|07:08:15|Garmin Edge 830|https://www.strava.com/activities/3684782837
6/27/2020|150.75|05:14:37|2322|0|214|3845|170|56%|0|0|28.7|79.9|89|120|0|0|204|724|4,287|29|05:32:09|Garmin Edge 830|https://www.strava.com/activities/3682199857
6/26/2020|118.97|04:02:06|2171|0|258|3239|187|67%|0|0|29.5|94.7|90|127|0|0|223|795|3,611|21|04:09:11|Garmin Edge 830|https://www.strava.com/activities/3673245158
6/25/2020|50.68|01:57:50|584|0|168|1007|40|44%|0|0|25.8|70.6|88|119|0|0|142|461|1,123|24|02:05:07|Garmin Edge 830|https://www.strava.com/activities/3668354735
6/22/2020|32.04|01:14:41|101|0|152|644|21|40%|0|0|25.7|44.3|90|127|0|0|144|647|718|20|01:22:18|Garmin Edge 830|https://www.strava.com/activities/3657215983
6/20/2020|151.04|05:02:06|2199|0|236|3837|198|62%|0|0|30|78.8|91|125|0|0|212|907|4,278|16|05:13:59|Garmin Edge 830|https://www.strava.com/activities/3643304968
6/19/2020|42.66|01:34:22|594|0|175|903|34|46%|0|0|27.1|76.3|91|114|0|0|159|351|1,006|22|01:37:16|Garmin fēnix 6 Pro|https://www.strava.com/activities/3637753932
6/18/2020|115.83|04:06:55|2283|0|235|3252|161|61%|0|0|28.1|97.6|83|121|0|0|219|567|3,626|15|04:21:21|Garmin Edge 830|https://www.strava.com/activities/3633089015
6/17/2020|120.5|03:59:54|1785|0|240|3038|162|63%|0|0|30.1|89.6|91|120|0|0|211|969|3,388|23|04:07:29|Garmin Edge 830|https://www.strava.com/activities/3633088149
6/16/2020|107.83|03:50:49|2021|0|222|2834|135|58%|0|0|28|87.1|82|118|0|0|205|1037|3,160|22|04:02:39|Garmin Edge 830|https://www.strava.com/activities/3623149109
6/15/2020|86.13|03:01:46|1504|0|219|2240|101|57%|0|0|28.4|84.6|88|118|0|0|205|809|2,498|21|03:07:45|Garmin Edge 830|https://www.strava.com/activities/3620168947
6/13/2020|55.52|01:53:50|664|0|180|1140|43|47%|0|0|29.3|71.3|94|118|0|0|167|490|1,271|28|01:58:49|Garmin Edge 830|https://www.strava.com/activities/3606676768
6/12/2020|53.35|01:59:38|785|0|182|1202|48|48%|0|0|26.8|78.1|91|117|0|0|167|597|1,340|25|02:19:38|Garmin Edge 830|https://www.strava.com/activities/3606060282
6/10/2020|33.63|01:43:05|618|0|171|923|36|45%|0|0|19.6|45.7|82|120|0|0|149|489|1,030|17|01:52:56|Garmin fēnix 6 Pro|https://www.strava.com/activities/3606007078
6/9/2020|27.84|01:20:02|499|0|191|813|34|50%|0|0|20.9|74.9|80|139|0|0|169|807|906|18|01:22:42|Garmin fēnix 6 Pro|https://www.strava.com/activities/3605989579
6/7/2020|100.58|03:19:09|510|0|244|2714|145|64%|0|0|30.3|72|88|123|0|0|227|701|3,026|9|03:34:49|Garmin Edge 830|https://www.strava.com/activities/3581492279
6/6/2020|84.32|03:04:10|1725|0|235|2355|119|61%|0|0|27.5|92.5|78|127|0|0|213|590|2,626|12|03:11:34|Garmin Edge 830|https://www.strava.com/activities/3581491483
6/5/2020|100.39|03:13:18|1271|0|205|1039|62|54%|0|0|31.2|78.8|91|116|0|0|90|606|1,158|11|03:25:13|Garmin Edge 830|https://www.strava.com/activities/3570849243
6/3/2020|97.59|03:14:19|769|0|203|2134|93|53%|0|0|30.1|72.7|84|117|0|0|183|661|2,379|23|03:20:57|Garmin Edge 830|https://www.strava.com/activities/3570847304
6/29/2020|29.94|01:04:01|101|0|159|572|19|42%|0|0|28.1|43.9|93|161|0|0|149|710|638|18|01:06:18|Garmin Edge 830|https://www.strava.com/activities/3691658291
6/24/2020|135.13|04:23:54|559|0|195|2969|123|51%|0|0|30.7|59.8|91|111|0|0|188|779|3,311|23|05:23:08|Garmin Edge 830|https://www.strava.com/activities/3663912299
6/23/2020|152.36|04:35:15|456|0|238|3527|191|62%|0|0|33.2|56.9|96|119|0|0|214|718|3,933|23|05:55:38|Garmin Edge 830|https://www.strava.com/activities/3662599624
6/21/2020|115.59|04:05:27|1670|0|218|2735|143|57%|0|0|28.3|81.4|88|124|0|0|186|1156|3,049|20|05:06:18|Garmin Edge 830|https://www.strava.com/activities/3650172257
6/4/2020|95.73|03:04:01|464|0|194|2051|83|51%|0|0|31.2|52.6|91|127|0|0|186|681|2,286|13|03:15:40|Garmin Edge 830|https://www.strava.com/activities/3570848395
6/2/2020|116.5|03:34:59|820|0|205|2367|108|54%|0|0|32.5|74.2|92|134|0|0|184|1217|2,639|25|04:25:28|Garmin Edge 830|https://www.strava.com/activities/3570846167
7/31/2020|52.81|01:41:54|271|0|204|1055|50|53%|0|0|31.1|60.8|91|124|0|0|172|1180|1,052|29|01:51:03|Garmin Edge 830|https://www.strava.com/activities/3847500772
7/30/2020|138.13|04:34:18|1303|0|197|3022|123|51%|0|0|30.2|83.5|90|117|0|0|184|909|3,370|27|04:47:36|Garmin Edge 830|https://www.strava.com/activities/3842201349
7/29/2020|130|04:04:10|639|0|236|2897|167|62%|0|0|31.9|65.2|90|122|0|0|198|1061|2,886|21|04:23:44|Garmin Edge 830|https://www.strava.com/activities/3836870019
7/26/2020|168.92|05:21:43|1567|0|233|3868|210|61%|0|0|31.5|81.7|90|122|0|0|200|893|4,312|23|06:26:34|Garmin Edge 830|https://www.strava.com/activities/3818132448
7/25/2020|133.81|04:21:08|1114|0|206|3016|131|54%|0|0|30.7|92.9|90|119|0|0|192|466|3,363|23|04:39:50|Garmin Edge 830|https://www.strava.com/activities/3818130641
7/24/2020|123|03:54:36|1213|0|254|3093|179|66%|0|0|31.5|72.7|92|122|0|0|220|1087|3,449|24|04:10:11|Garmin Edge 830|https://www.strava.com/activities/3818127155
7/23/2020|58.84|02:04:25|278|0|162|1081|39|42%|0|0|28.4|54|87|116|0|0|145|1085|1,206|25|02:17:29|Garmin Edge 830|https://www.strava.com/activities/3818123263
7/22/2020|120.98|04:08:15|1997|0|233|3271|160|61%|0|0|29.2|100.1|90|139|0|0|220|669|3,647|25|04:26:37|Garmin Edge 830|https://www.strava.com/activities/3801037102
7/20/2020|136.7|04:19:11|1317|0|246|3361|184|64%|0|0|31.6|74.9|90|118|0|0|216|1091|3,748|16|04:30:54|Garmin Edge 830|https://www.strava.com/activities/3795495188
7/19/2020|56.63|02:00:45|300|0|152|999|33|40%|0|0|28.1|52.6|87|111|0|0|138|512|1,114|28|02:05:59|Garmin Edge 830|https://www.strava.com/activities/3786428594
7/15/2020|56.28|01:59:51|268|0|152|1034|34|40%|0|0|28.2|49.3|87|114|0|0|144|355|1,153|21|02:08:48|Garmin Edge 830|https://www.strava.com/activities/3786426059
7/12/2020|186.36|06:05:06|2251|0|240|4686|247|63%|0|0|30.6|80.3|89|114|0|0|214|751|5,224|19|06:18:24|Garmin Edge 830|https://www.strava.com/activities/3752082703
7/11/2020|124.15|04:09:10|882|0|196|2711|111|51%|0|0|29.9|74.2|88|114|0|0|181|629|3,023|19|04:44:58|Garmin Edge 830|https://www.strava.com/activities/3752078931
7/10/2020|60.6|01:58:05|299|0|189|1257|51|49%|0|0|30.8|63|87|111|0|0|177|1045|1,401|19|02:11:44|Garmin Edge 830|https://www.strava.com/activities/3752075563
7/10/2020|67.12|02:16:14|282|0|207|1623|72|54%|0|0|29.6|56.9|90|115|0|0|199|1064|1,810|18|02:59:25|Garmin Edge 830|https://www.strava.com/activities/3752074229
7/9/2020|128.58|04:22:26|1427|0|244|2933|184|64%|0|0|29.4|67|92|127|0|0|186|1152|3,270|23|04:32:50|Garmin Edge 830|https://www.strava.com/activities/3736369377
7/7/2020|46.87|01:41:41|246|0|157|870|30|41%|0|0|27.7|46.4|91|121|0|0|143|432|970|19|01:51:43|Garmin Edge 830|https://www.strava.com/activities/3735285874
7/5/2020|225.68|07:01:07|716|0|199|4850|197|52%|0|0|32.2|51.1|92|120|0|0|192|1033|5,408|24|08:18:20|Garmin Edge 830|https://www.strava.com/activities/3718218133
7/4/2020|52.74|01:52:59|226|0|162|1069|38|42%|0|0|28|45|90|116|0|0|158|456|1,191|24|04:47:14|Garmin Edge 830|https://www.strava.com/activities/3715324108
7/3/2020|132.18|04:06:00|425|0|233|3002|155|61%|0|0|32.2|52.6|92|115|0|0|203|747|3,347|21|04:14:12|Garmin Edge 830|https://www.strava.com/activities/3710992341
7/2/2020|160.68|05:07:18|573|0|208|3605|158|54%|0|0|31.4|65.2|91|112|0|0|196|767|4,019|20|05:54:27|Garmin Edge 830|https://www.strava.com/activities/3702537565
7/1/2020|48.64|01:34:29|122|0|250|1170|69|65%|0|0|30.9|50.8|91|113|0|0|206|932|1,305|18|01:37:56|Garmin Edge 830|https://www.strava.com/activities/3697183679
7/1/2020|75.75|02:21:18|374|0|216|1627|78|56%|0|0|32.2|56.9|91|115|0|0|192|659|1,815|19|02:28:13|Garmin Edge 830|https://www.strava.com/activities/3696823670
7/28/2020|125.07|04:04:08|1033|0|212|2873|129|55%|0|0|30.7|65.2|89|116|0|0|196|1178|3,203|23|04:42:01|Garmin Edge 830|https://www.strava.com/activities/3831296110
7/21/2020|128.11|04:07:01|875|0|211|2858|131|55%|0|0|31.1|70.2|90|116|0|0|193|1159|3,187|20|04:52:44|Garmin Edge 830|https://www.strava.com/activities/3795496881
7/18/2020|61.3|02:02:56|277|0|170|1186|42|44%|0|0|29.9|49.7|91|113|0|0|161|449|1,323|25|03:10:25|Garmin Edge 830|https://www.strava.com/activities/3786427325
7/14/2020|45.44|01:42:27|306|0|187|1080|44|49%|0|0|26.6|50.4|89|108|0|0|176|595|1,204|25|02:32:22|Garmin fēnix 6 Pro|https://www.strava.com/activities/3786446503
8/31/2020|88.87|02:54:38|367|0|179|1780|66|47%|0|0|30.5|58.3|89|113|0|0|170|590|1,985|18|03:04:46|Garmin Edge 830|https://www.strava.com/activities/3993907685
8/30/2020|66.55|02:02:32|406|0|185|1289|48|48%|0|0|32.6|65.5|92|119|0|0|175|585|1,438|17|02:05:53|Garmin Edge 830|https://www.strava.com/activities/3993906912
8/29/2020|64.23|02:07:38|295|0|186|1360|52|49%|0|0|30.2|61.9|90|111|0|0|178|443|1,517|20|02:11:15|Garmin Edge 830|https://www.strava.com/activities/3993905995
8/28/2020|57.42|01:58:41|240|0|172|1169|43|45%|0|0|29|46.4|88|114|0|0|164|569|1,304|21|02:09:06|Garmin Edge 830|https://www.strava.com/activities/3994301473
8/24/2020|25.77|00:33:18|331|0|379|744|54|99%|0|0|46.4|77.8|102|125|0|0|372|731|743|18|00:37:50|Garmin Edge 830|https://www.strava.com/activities/3992823674
8/24/2020|0.07|00:00:00|29|0|213|2|17|56%|0|0|6.5|15.1|69|151|0|0|36|724|330|23|00:33:34|Garmin Edge 830|https://www.strava.com/activities/3992823355
8/24/2020|17.95|00:39:22|78|0|149|327|10|39%|0|0|27.4|41.4|94|115|0|0|139|406|325|21|00:40:19|Garmin Edge 830|https://www.strava.com/activities/3992822693
8/21/2020|65.51|01:35:07|399|0|238|1164|61|62%|0|0|41.3|64.4|102|130|0|0|204|788|1,297|27|01:36:09|Garmin Edge 830|https://www.strava.com/activities/3955817106
8/20/2020|69.05|02:01:32|438|0|210|1343|63|55%|0|0|34.1|65.2|93|117|0|0|184|540|1,498|25|02:06:54|Garmin Edge 830|https://www.strava.com/activities/3939742624
8/19/2020|70.33|01:59:39|427|0|218|1400|65|57%|0|0|35.3|65.2|95|122|0|0|195|525|1,561|24|02:01:04|Garmin Edge 830|https://www.strava.com/activities/3939300169
8/18/2020|74.09|02:07:31|398|0|240|1531|84|63%|0|0|34.9|64.8|96|124|0|0|200|508|1,707|23|02:08:46|Garmin Edge 830|https://www.strava.com/activities/3939299680
8/17/2020|53.57|01:49:34|284|0|158|955|31|41%|0|0|29.3|62.3|90|110|0|0|145|616|1,064|23|02:19:04|Garmin Edge 830|https://www.strava.com/activities/3939299112
8/16/2020|33.99|01:05:12|242|0|169|604|21|44%|0|0|31.3|61.6|90|119|0|0|154|388|674|24|01:07:28|Garmin Edge 830|https://www.strava.com/activities/3922744623
8/15/2020|229.36|06:05:50|3480|0|279|5361|324|73%|0|0|37.6|91.8|92|134|0|0|244|1084|5,978|31|06:06:33|Garmin Edge 830|https://www.strava.com/activities/3917443938
8/14/2020|52.57|01:35:35|189|0|217|892|54|57%|0|0|33|60.8|94|152|0|0|156|1017|995|29|02:06:03|Garmin Edge 830|https://www.strava.com/activities/3914985844
8/1/2020|67.28|02:03:19|635|0|200|1312|61|52%|0|0|32.7|65.5|90|130|0|0|177|1029|1,463|29|02:24:43|Garmin Edge 830|https://www.strava.com/activities/3848256080
8/26/2020|177.7|04:17:45|2524|0|296|3858|255|77%|0|0|41.4|87.8|92|134|0|0|249|1046|4,302|20|04:17:45|Garmin Edge 830|https://www.strava.com/activities/3992826046
8/25/2020|46.61|01:43:45|265|0|193|969|47|50%|0|0|27|52.2|89|129|0|0|156|1061|1,080|21|02:51:14|Garmin Edge 830|https://www.strava.com/activities/3992824509
8/23/2020|41.61|01:26:38|639|0|240|1016|61|63%|0|0|28.8|76.7|84|140|0|0|195|657|1,133|20|01:36:57|Garmin Edge 830|https://www.strava.com/activities/3956444748
8/22/2020|14.54|00:32:33|61|0|146|268|9|38%|0|0|26.8|49|85|111|0|0|137|567|299|18|00:42:03|Garmin Edge 830|https://www.strava.com/activities/3955817208
8/13/2020|45.04|01:26:22|123|0|124|557|16|32%|0|0|31.3|40|88|111|0|0|108|567|621|29|01:56:38|Garmin Edge 830|https://www.strava.com/activities/3914984856
8/11/2020|52.71|01:48:32|112|0|192|906|47|50%|0|0|29.1|55.1|92|131|0|0|139|1072|1,011|30|01:52:47|Garmin Edge 830|https://www.strava.com/activities/3901582508
8/10/2020|58.05|01:53:49|202|0|166|1039|37|43%|0|0|30.6|50|94|127|0|0|152|503|1,158|32|02:25:25|Garmin Edge 830|https://www.strava.com/activities/3901582193
8/9/2020|38.68|01:26:46|115|0|113|526|13|30%|0|0|26.8|40.7|87|111|0|0|101|417|586|34|01:52:02|Garmin Edge 830|https://www.strava.com/activities/3901581616
8/8/2020|144.07|04:42:56|2167|0|257|3432|220|67%|0|0|30.6|69.8|87|122|0|0|202|937|3,827|29|05:11:12|Garmin Edge 830|https://www.strava.com/activities/3884311225
8/7/2020|131.83|04:08:34|1416|0|226|2959|149|59%|0|0|31.8|69.1|90|118|0|0|198|825|3,300|29|04:36:14|Garmin Edge 830|https://www.strava.com/activities/3880947323
8/6/2020|48.29|01:29:59|135|0|126|634|17|33%|0|0|32.2|59.8|86|119|0|0|117|633|707|30|02:06:31|Garmin Edge 830|https://www.strava.com/activities/3872605372
8/5/2020|204.06|04:28:10|1003|0|249|3535|189|65%|0|0|45.7|77.4|93|127|0|0|220|1037|3,941|31|04:28:39|Garmin Edge 830|https://www.strava.com/activities/3870200069
8/4/2020|50.5|01:42:06|172|0|176|713|38|46%|0|0|29.7|57.2|82|121|0|0|116|1102|795|26|02:19:18|Garmin Edge 830|https://www.strava.com/activities/3867202937
9/25/2020|156.96|05:13:57|1890|0|229|3861|190|60%|0|0|30|77.8|89|120|0|0|205|727|4,305|13|05:22:20|Garmin Edge 830|https://www.strava.com/activities/4110346265
9/21/2020|48.83|01:39:14|236|0|168|937|32|44%|0|0|29.5|48.6|89|111|0|0|157|436|1,045|24|01:40:11|Garmin Edge 830|https://www.strava.com/activities/4091751798
9/15/2020|36.42|01:31:33|940|0|240|1097|64|63%|0|0|23.9|69.5|84|120|0|0|200|1061|1,223|30|01:49:22|Garmin Edge 830|https://www.strava.com/activities/4062628264
9/14/2020|69.12|02:07:09|376|0|178|1242|47|46%|0|0|32.6|67.3|92|131|0|0|163|978|1,384|29|02:13:42|Garmin Edge 830|https://www.strava.com/activities/4058125621
9/13/2020|32.62|01:12:24|174|0|150|604|18|39%|0|0|27|58.7|89|115|0|0|139|674|673|24|01:13:45|Garmin Edge 830|https://www.strava.com/activities/4053259952
9/11/2020|57.76|02:01:35|292|0|162|1098|36|42%|0|0|28.5|59.4|90|117|0|0|151|629|1,225|23|02:04:53|Garmin Edge 830|https://www.strava.com/activities/4043712442
9/10/2020|163.49|05:25:40|1900|0|219|4086|183|57%|0|0|30.1|71.3|87|133|0|0|209|692|4,556|18|05:39:56|Garmin Edge 830|https://www.strava.com/activities/4039263494
9/9/2020|149.21|05:02:03|1595|0|202|3466|145|53%|0|0|29.6|77.8|89|119|0|0|191|935|3,865|22|05:55:06|Garmin Edge 830|https://www.strava.com/activities/4038100611
9/8/2020|142.56|04:34:52|1238|0|217|3395|155|57%|0|0|31.1|78.5|90|114|0|0|206|499|3,785|21|05:04:40|Garmin Edge 830|https://www.strava.com/activities/4038099409
9/7/2020|50.92|01:40:57|306|0|158|900|29|41%|0|0|30.3|64.1|89|120|0|0|149|335|1,004|21|01:43:01|Garmin Edge 830|https://www.strava.com/activities/4024839718
9/6/2020|158.43|05:07:44|1798|0|220|3875|172|57%|0|0|30.9|86.4|89|118|0|0|210|765|4,321|17|05:19:03|Garmin Edge 830|https://www.strava.com/activities/4020898471
9/4/2020|46.1|01:47:09|225|0|148|786|25|39%|0|0|25.8|55.1|81|112|0|0|122|381|877|21|01:50:55|Garmin Edge 830|https://www.strava.com/activities/4009680831
9/3/2020|123.97|03:57:41|1095|0|245|3032|167|64%|0|0|31.3|67.7|91|128|0|0|213|768|3,381|13|04:06:24|Garmin Edge 830|https://www.strava.com/activities/4009680992
9/1/2020|137.63|04:23:33|1006|0|228|3119|161|60%|0|0|31.3|72.7|91|117|0|0|197|802|3,478|17|04:31:10|Garmin Edge 830|https://www.strava.com/activities/3995808931
9/30/2020|80.82|02:20:48|87|0|215|1688|78|56%|0|0|34.4|56.2|93|114|0|0|200|921|1,882|16|03:21:43|Garmin Edge 830|https://www.strava.com/activities/4148378586
9/29/2020|138.31|03:15:08|341|0|0|0|0||387|4533|42.5|67|0|0|0|0|0|0|4,194|17|03:15:57|Garmin Edge 830|https://www.strava.com/activities/4148377779
9/24/2020|156.14|05:01:36|590|0|204|3260|151|53%|0|0|31.1|53.6|90|125|0|0|180|922|3,635|17|06:32:19|Garmin Edge 830|https://www.strava.com/activities/4106003267
9/23/2020|123.53|04:08:27|1094|0|209|2722|130|55%|0|0|29.8|94.3|88|132|0|0|183|759|3,035|22|04:20:12|Garmin Edge 830|https://www.strava.com/activities/4101244693
9/22/2020|61.34|01:56:30|369|0|173|1092|39|45%|0|0|31.6|65.2|90|114|0|0|156|525|1,217|22|01:57:57|Garmin Edge 830|https://www.strava.com/activities/4101242876
9/19/2020|194.92|04:59:52|2626|0|290|4482|294|76%|0|0|39|85|92|129|0|0|249|1115|4,997|22|05:09:59|Garmin Edge 830|https://www.strava.com/activities/4091230333
9/18/2020|59.51|02:08:59|637|0|175|1068|47|46%|0|0|27.7|62.6|86|122|0|0|138|921|1,191|26|02:35:17|Garmin Edge 830|https://www.strava.com/activities/4080454535
9/17/2020|209.67|05:03:53|2512|0|280|4206|273|73%|0|0|41.4|108.7|91|137|0|0|231|1052|4,689|31|05:07:35|Garmin Edge 830|https://www.strava.com/activities/4076470907
9/16/2020|184.43|04:20:59|1566|0|263|3433|211|69%|0|0|42.4|155.9|92|130|0|0|219|1100|3,828|32|04:28:13|Garmin Edge 830|https://www.strava.com/activities/4071724699
9/12/2020|125.74|04:07:27|1154|0|238|2987|164|62%|0|0|30.5|76.7|91|114|0|0|201|856|3,331|20|05:01:01|Garmin Edge 830|https://www.strava.com/activities/4048135835
9/5/2020|131.35|04:16:55|1288|0|255|3341|198|67%|0|0|30.7|73.4|94|121|0|0|217|1108|3,726|16|04:28:16|Garmin Edge 830|https://www.strava.com/activities/4014690576
9/2/2020|155.76|05:00:57|1358|0|217|3710|164|57%|0|0|31.1|71.6|91|115|0|0|205|881|4,137|18|05:05:54|Garmin Edge 830|https://www.strava.com/activities/4000542021
10/28/2020|134.58|04:23:21|1111|0|216|3216|148|56%|0|0|30.7|73.1|89|116|0|0|204|1024|3,586|12|04:59:21|Garmin Edge 830|https://www.strava.com/activities/4254290649
10/27/2020|93.33|03:58:31|769|0|200|2649|113|52%|0|0|23.5|51.5|82|116|0|0|185|915|2,954|11|04:14:07|Garmin Edge 830|https://www.strava.com/activities/4249822706
10/23/2020|122.42|05:17:52|926|0|184|3258|131|48%|0|0|23.1|50.4|79|120|0|0|171|893|3,632|13|05:46:07|Garmin Edge 830|https://www.strava.com/activities/4233148045
10/19/2020|57.82|02:05:13|274|0|171|1214|43|45%|0|0|27.7|55.8|88|114|0|0|162|371|1,353|12|02:09:40|Garmin Edge 830|https://www.strava.com/activities/4215508894
10/14/2020|120.27|04:01:26|526|0|194|2704|106|51%|0|0|29.9|52.6|90|117|0|0|187|430|3,015|8|04:07:24|Garmin Edge 830|https://www.strava.com/activities/4193530083
10/12/2020|46.3|01:39:42|258|0|175|982|36|46%|0|0|27.9|55.1|89|116|0|0|164|528|1,095|10|01:43:33|Garmin Edge 830|https://www.strava.com/activities/4186223043
10/6/2020|119.11|04:00:14|921|0|227|2970|144|59%|0|0|29.8|70.9|90|117|0|0|206|660|3,312|13|04:07:48|Garmin Edge 830|https://www.strava.com/activities/4159426974
10/4/2020|33.67|01:16:30|183|0|151|627|19|39%|0|0|26.4|55.4|87|110|0|0|137|347|699|14|01:17:24|Garmin Edge 830|https://www.strava.com/activities/4149983821
10/2/2020|8.08|00:10:57|108|0|400|265|19|104%|0|0|44.3|86.8|96|114|0|0|404|1022|261|15|00:10:57|Garmin Edge 830|https://www.strava.com/activities/4148379388
10/2/2020|1.16|00:04:52|9|0|232|36|23|61%|0|0|14.3|38.5|84|150|0|0|122|748|403|18|00:37:58|Garmin Edge 830|https://www.strava.com/activities/4148379336
10/2/2020|16.29|00:29:45|176|0|202|338|14|53%|0|0|32.9|74.2|88|111|0|0|189|481|377|12|00:30:43|Garmin Edge 830|https://www.strava.com/activities/4148379160
10/26/2020|121.52|04:12:49|855|0|205|2875|128|54%|0|0|28.8|84.2|87|116|0|0|190|859|3,205|10|05:22:50|Garmin Edge 830|https://www.strava.com/activities/4245979054
10/24/2020|114.14|04:04:07|608|0|197|2582|112|51%|0|0|28.1|50.8|86|114|0|0|176|1131|2,878|14|05:18:30|Garmin Edge 830|https://www.strava.com/activities/4240016399
10/22/2020|43.83|01:32:36|194|0|177|921|35|46%|0|0|28.4|52.2|89|108|0|0|166|510|1,026|16|02:04:18|Garmin Edge 830|https://www.strava.com/activities/4227753234
10/11/2020|240.41|05:40:28|1079|0|285|5055|313|74%|0|0|42.4|88.2|94|132|0|0|247|1151|5,636|12|05:41:12|Garmin Edge 830|https://www.strava.com/activities/4186222959
10/10/2020|49.69|01:33:09|255|0|231|1062|62|60%|0|0|32|47.9|92|121|0|0|190|885|1,184|11|02:30:43|Garmin Edge 830|https://www.strava.com/activities/4186217069
10/7/2020|140.47|04:21:40|597|0|238|3195|181|62%|0|0|32.2|59.8|91|120|0|0|204|1037|3,563|12|05:10:49|Garmin Edge 830|https://www.strava.com/activities/4162970205
10/3/2020|189.8|04:23:24|2085|0|310|4260|287|81%|0|0|43.2|77|94|128|0|0|270|1170|4,750|12|04:23:24|Garmin Edge 830|https://www.strava.com/activities/4148380977
10/1/2020|159.83|03:32:58|216|0|277|3216|184|72%|0|0|45|67.7|92|122|0|0|252|1110|3,586|13|03:32:58|Garmin Edge 830|https://www.strava.com/activities/4148379569
11/30/2020|90.27|02:55:20|539|0|202|2046|85|53%|0|0|30.9|61.2|100|130|0|0|194|567|2,281|16|03:06:44|Garmin Edge 830|https://www.strava.com/activities/4411417875
11/29/2020|108.07|03:51:01|1018|0|205|2683|115|54%|0|0|28.1|64.1|92|128|0|0|194|494|2,992|0|03:59:09|Garmin Edge 830|https://www.strava.com/activities/4407056062
11/28/2020|80.13|02:48:23|262|0|181|1783|66|47%|0|0|28.6|49.3|93|116|0|0|177|743|1,988|4|03:04:25|Garmin Edge 830|https://www.strava.com/activities/4401478637
11/28/2020|3.61|00:23:06|0|0|0|0|0||0|0|0|0|0|0|0|0|0|0|||00:00:00|Garmin fēnix 6 Pro|https://www.strava.com/activities/4410821118
11/25/2020|70.57|02:21:28|336|0|213|1738|74|56%|0|0|29.9|55.8|99|126|0|0|205|651|1,938|6|02:24:10|Garmin Edge 830|https://www.strava.com/activities/4392787435
11/24/2020|64.64|02:41:02|465|0|179|1653|63|47%|0|0|24.1|58|85|129|0|0|171|904|1,843|6|02:56:27|Garmin Edge 830|https://www.strava.com/activities/4388815501
11/21/2020|11.95|01:52:46|0|0|0|0|0||0|0|0|0|0|0|0|0|0|0|||00:00:00|Garmin fēnix 6 Pro|https://www.strava.com/activities/4369402802
11/21/2020|9.01|01:22:48|0|0|0|0|0||0|0|0|0|0|0|0|0|0|0|||00:00:00|Garmin fēnix 6 Pro|https://www.strava.com/activities/4368643309
11/20/2020|40.71|01:43:37|299|0|177|1036|38|46%|0|0|23.6|49|86|117|0|0|167|1568|1,155|7|01:49:44|Garmin Edge 830|https://www.strava.com/activities/4364421890
11/19/2020|58.41|02:05:08|261|0|186|1267|48|49%|0|0|28|54|91|119|0|0|169|477|1,413|8|02:10:07|Garmin Edge 830|https://www.strava.com/activities/4359511147
11/17/2020|56.77|02:29:41|580|0|179|1437|56|47%|0|0|22.8|49.7|79|115|0|0|160|876|1,602|10|02:34:18|Garmin Edge 830|https://www.strava.com/activities/4351629223
11/16/2020|55.74|02:07:35|203|0|180|1280|48|47%|0|0|26.2|39.2|83|108|0|0|167|517|1,428|8|02:12:13|Garmin Edge 830|https://www.strava.com/activities/4345337974
11/15/2020|8.99|00:50:48|0|0|0|0|0||0|0|0|0|0|0|0|0|0|0|||00:00:00|Garmin fēnix 6 Pro|https://www.strava.com/activities/4344937445
11/14/2020|29.86|01:20:19|270|0|164|666|28|43%|0|0|22.3|48.2|74|164|0|0|138|1033|742|18|01:35:37|Garmin fēnix 6 Pro|https://www.strava.com/activities/4344936919
11/12/2020|22.31|01:03:04|151|0|175|607|23|46%|0|0|21.2|46.4|76|115|0|0|160|844|677|10|01:13:21|Garmin Edge 830|https://www.strava.com/activities/4344953159
11/10/2020|3.66|00:20:31|0|0|0|0|0||0|0|0|0|0|0|0|0|0|0|||00:00:00|Garmin fēnix 6 Pro|https://www.strava.com/activities/4326063005
11/8/2020|25.64|01:19:13|566|0|222|714|46|58%|0|0|19.4|66.6|69|120|0|0|150|960|796|14|01:22:24|Garmin fēnix 6 Pro|https://www.strava.com/activities/4326062629
11/26/2020|93.09|03:03:58|382|0|195|2118|84|51%|0|0|30.4|61.9|97|123|0|0|192|1110|2,362|6|03:24:44|Garmin Edge 830|https://www.strava.com/activities/4392789661
11/22/2020|108.38|03:38:34|659|0|208|2627|109|54%|0|0|29.8|64.1|90|126|0|0|200|1250|2,929|8|03:43:07|Garmin Edge 830|https://www.strava.com/activities/4374378537
11/18/2020|83.16|02:42:48|418|0|210|1948|84|55%|0|0|30.6|55.1|89|113|0|0|199|606|2,172|11|02:47:44|Garmin Edge 830|https://www.strava.com/activities/4354876294
12/31/2020|53.12|02:22:05|215|0|0|0|0||92|788|22.4|46.8|0|0|0|0|0|0|878|0|02:52:08|Garmin Edge 830|https://www.strava.com/activities/4544205166
12/28/2020|130.85|04:07:06|410|0|233|3250|158|61%|0|0|31.8|56.2|97|121|0|0|219|715|3,623|2|04:16:04|Garmin Edge 830|https://www.strava.com/activities/4529059857
12/17/2020|139.83|05:13:39|2390|0|237|3852|207|62%|0|0|26.7|72.7|90|117|0|0|205|494|4,295|15|05:24:10|Garmin Edge 830|https://www.strava.com/activities/4483241784
12/15/2020|115.64|04:01:59|1625|0|237|2910|161|62%|0|0|28.7|87.5|92|124|0|0|200|591|3,245|14|04:12:11|Garmin Edge 830|https://www.strava.com/activities/4479275726
12/13/2020|190.5|06:12:52|983|0|206|4416|185|54%|0|0|30.7|54.7|93|121|0|0|197|644|4,924|14|06:57:08|Garmin Edge 830|https://www.strava.com/activities/4469223619
12/12/2020|123.04|04:03:41|1257|0|234|3174|155|61%|0|0|30.3|73.4|96|130|0|0|217|554|3,539|15|04:10:45|Garmin Edge 830|https://www.strava.com/activities/4462079755
12/11/2020|41.18|01:28:33|78|0|150|783|24|39%|0|0|27.9|37.4|90|111|0|0|147|509|873|14|02:24:01|Garmin Edge 830|https://www.strava.com/activities/4460902796
12/10/2020|147.43|05:05:17|1495|0|203|3513|146|53%|0|0|29|66.2|91|120|0|0|192|716|3,918|13|05:31:44|Garmin Edge 830|https://www.strava.com/activities/4460746144
12/9/2020|121.1|04:33:31|2087|0|225|3358|166|59%|0|0|26.6|66.2|90|116|0|0|205|623|3,744|9|04:54:15|Garmin Edge 830|https://www.strava.com/activities/4450043451
12/8/2020|111.85|03:41:32|875|0|225|2744|130|59%|0|0|30.3|57.6|96|125|0|0|206|534|3,060|13|03:45:16|Garmin Edge 830|https://www.strava.com/activities/4449108512
12/6/2020|134.44|04:31:00|1095|0|207|3160|137|54%|0|0|29.8|62.6|96|125|0|0|194|527|3,524|12|04:56:06|Garmin Edge 830|https://www.strava.com/activities/4443341793
12/1/2020|121.28|04:03:07|600|0|200|2800|113|52%|0|0|29.9|67.3|94|123|0|0|192|593|3,122|15|04:22:53|Garmin Edge 830|https://www.strava.com/activities/4424384665
12/30/2020|143.14|04:32:24|591|0|241|3523|185|63%|0|0|31.5|57.2|96|122|0|0|216|577|3,928|4|04:40:38|Garmin Edge 830|https://www.strava.com/activities/4539202733
12/16/2020|128.22|04:12:50|1151|0|225|3154|150|59%|0|0|30.4|60.1|94|119|0|0|208|719|3,517|14|04:43:34|Garmin Edge 830|https://www.strava.com/activities/4479276904
loaded urls in 6.03:17:40.9235831
