date|distance|mov_time|elevation|relativeEffort|avg_power_weig|work_total|training_load|intensity|estAvgPower|energyOutput|avg_speed|max_speed|avg_cadence|max_cadence|avg_heartRate|max_heartRate|avg_power|max_power|avg_calories|avg_temperature|avg_elap_time|bicycle_model|url
29.01.2019|192,99|06:03:33|2,951|0|251|4,645|472|86%|0|0|319|709|84|122|131|187|213|1,13|3,219|11|06:24:24|Sigma Rox 12.0|https://www.strava.com/activities/2111299415
28.01.2019|38,71|01:20:44|343|0|184|702|54|63%|0|0|288|742|79|131|104|163|145|1,203|493|17|01:22:25|Sigma Rox 12.0|https://www.strava.com/activities/2111299560
27.01.2019|195,69|06:15:15|3,081|0|223|4,42|376|76%|0|0|313|846|85|134|123|168|196|1,191|3,023|15|06:59:44|Sigma Rox 12.0|https://www.strava.com/activities/2107385385
26.01.2019|174,77|05:08:13|2,285|0|244|3,712|385|83%|0|0|340|695|89|124|132|200|201|1,046|2,777|16|05:39:12|Sigma Rox 12.0|https://www.strava.com/activities/2104662351
25.01.2019|145,74|04:33:00|1,914|0|222|2,994|272|76%|0|0|320|731|86|155|125|174|183|1,241|2,263|17|04:49:12|Sigma Rox 12.0|https://www.strava.com/activities/2102351883
20.01.2019|71,09|02:35:10|541|0|180|1,629|106|61%|0|0|275|533|87|199|109|137|175|552|1,026|10|02:50:19|Sigma Rox 12.0|https://www.strava.com/activities/2091939497
19.01.2019|154,95|05:24:11|2,32|0|246|4,132|417|84%|0|0|287|706|86|121|131|185|212|1,065|2,886|10|06:01:32|Sigma Rox 12.0|https://www.strava.com/activities/2089675266
18.01.2019|34,86|01:23:07|354|0|176|814|54|60%|0|0|252|486|80|109|104|132|163|443|501|10|01:47:22|Sigma Rox 12.0|https://www.strava.com/activities/2086733245
17.01.2019|150,78|04:58:15|1,489|0|205|3,174|249|70%|0|0|303|688|86|126|115|173|177|1,165|2,181|12|05:18:48|Sigma Rox 12.0|https://www.strava.com/activities/2085247171
16.01.2019|146,35|05:00:54|1,989|0|224|3,866|309|76%|0|0|292|655|84|134|132|164|214|539|2,708|11|05:42:34|Sigma Rox 12.0|https://www.strava.com/activities/2083705865
15.01.2019|112,71|04:05:06|1,802|0|218|2,916|238|74%|0|0|276|644|83|121|134|178|198|1,014|2,261|12|04:30:20|Sigma Rox 12.0|https://www.strava.com/activities/2080513872
14.01.2019|27,54|00:52:04|175|0|202|609|42|69%|0|0|317|605|91|117|118|137|195|529|392|19|00:53:22|Sigma Rox 12.0|https://www.strava.com/activities/2078742992
13.01.2019|30,61|01:05:04|36|0|190|729|45|65%|0|0|282|482|85|124|116|145|187|470|475|6|01:05:04|Sigma Rox 12.0|https://www.strava.com/activities/2075909246
10.01.2019|189,2|06:06:47|3,551|0|241|4,702|424|82%|0|0|310|911|82|170|130|185|214|1,026|3,255|6|06:18:05|Sigma Rox 12.0|https://www.strava.com/activities/2069016231
09.01.2019|144,91|04:17:36|1,379|0|234|3,095|289|80%|0|0|338|641|86|122|128|189|200|730|2,211|16|04:32:33|Sigma Rox 12.0|https://www.strava.com/activities/2066891653
08.01.2019|152,85|05:00:53|2,453|0|229|3,505|318|78%|0|0|305|655|82|147|130|181|194|1,183|2,643|12|05:14:31|Sigma Rox 12.0|https://www.strava.com/activities/2064364867
07.01.2019|36,1|01:16:38|295|0|157|590|37|54%|0|0|283|569|73|117|100|131|128|561|439|14|01:17:02|Sigma Rox 12.0|https://www.strava.com/activities/2062770558
06.01.2019|153,76|05:00:08|2,656|0|232|3,543|325|79%|0|0|307|612|82|148|128|195|197|958|2,566|14|05:12:36|Sigma Rox 12.0|https://www.strava.com/activities/2060084274
05.01.2019|141,45|04:52:57|2,342|0|242|3,269|348|83%|0|0|290|652|85|135|134|195|186|654|2,730|12|05:11:20|Sigma Rox 12.0|https://www.strava.com/activities/2057373368
04.01.2019|132,41|04:04:14|1,886|0|229|2,939|259|78%|0|0|325|670|88|142|142|179|201|1,173|2,457|13|04:34:29|Sigma Rox 12.0|https://www.strava.com/activities/2055099597
28.02.2019|185,9|06:00:39|2,566|0|222|4,512|368|76%|0|0|309|806|86|128|114|168|208|813|3,548|17|07:07:09|Sigma Rox 12.0|https://www.strava.com/activities/2182260378
27.02.2019|147,06|05:02:13|2,232|0|227|3,811|316|77%|0|0|292|810|85|136|125|165|210|1,16|2,816|15|05:49:17|Sigma Rox 12.0|https://www.strava.com/activities/2180141177
24.02.2019|62,4|02:00:18|1,173|0|270|1,716|171|92%|0|0|311|677|84|152|107|173|238|781|1,423|9|02:01:21|Sigma Rox 12.0|https://www.strava.com/activities/2180137961
11.02.2019|61,05|01:57:44|173|0|263|1,587|160|90%|0|0|311|616|89|192|135|187|225|1,091|1,098|5|01:59:23|Sigma Rox 12.0|https://www.strava.com/activities/2139448861
03.02.2019|81,8|02:32:17|218|0|212|1,839|134|72%|0|0|322|536|93|122|124|171|201|1,015|1,252|2|02:36:46|Sigma Rox 12.0|https://www.strava.com/activities/2122031551
02.02.2019|79,45|02:30:09|40|0|214|1,918|138|73%|0|0|318|446|89|118|125|145|213|659|1,249|0|02:35:46|Sigma Rox 12.0|https://www.strava.com/activities/2122030663
28.03.2019|149,44|04:22:32|3,513|0|291|4,089|430|99%|0|0|342|914|85|148|0|0|260|925|6,256|17|04:22:32|Sigma Rox 12.0|https://www.strava.com/activities/2250026440
18.03.2019|144,96|04:45:59|383|0|206|3,508|252|70%|0|0|304|522|85|175|0|0|204|684|3,725|5|05:07:36|Sigma Rox 12.0|https://www.strava.com/activities/2226428451
10.04.2019|200,66|04:30:08|505|0|300|4,329|470|102%|0|0|446|659|94|125|0|0|267|1,055|4,939|14|04:30:28|Sigma Rox 12.0|https://www.strava.com/activities/2284458488
09.04.2019|38,94|01:18:41|554|0|260|981|105|89%|0|0|297|630|84|117|0|0|208|616|1,389|8|01:19:47|Sigma Rox 12.0|https://www.strava.com/activities/2276566444
31.05.2019|175,43|05:40:56|2,479|0|234|4,388|378|80%|0|0|309|695|84|176|132|171|215|1,091|3,132|24|06:13:58|Sigma Rox 12.0|https://www.strava.com/activities/2412179967
30.05.2019|133,6|04:26:22|2,274|0|248|3,435|338|85%|0|0|301|1130|84|116|137|185|215|1,043|2,580|21|04:52:13|Sigma Rox 12.0|https://www.strava.com/activities/2409229862
29.05.2019|121,61|04:01:44|1,443|0|214|2,941|223|73%|0|0|302|677|84|128|127|168|203|1,136|2,086|20|04:37:09|Sigma Rox 12.0|https://www.strava.com/activities/2406633593
28.05.2019|33,74|01:09:35|239|0|179|707|46|61%|0|0|291|464|84|107|0|0|169|630|1,006|21|01:19:19|Sigma Rox 12.0|https://www.strava.com/activities/2404686447
27.05.2019|84,99|02:57:36|1,322|0|214|2,106|163|73%|0|0|287|637|80|163|119|152|198|608|1,395|15|03:07:08|Sigma Rox 12.0|https://www.strava.com/activities/2404685952
26.05.2019|61,24|01:56:15|880|0|258|1,463|152|88%|0|0|316|630|82|160|132|180|210|787|1,070|18|01:58:14|Sigma Rox 12.0|https://www.strava.com/activities/2399268855
24.05.2019|160,43|04:58:33|345|0|189|3,331|217|65%|0|0|322|497|89|113|117|169|186|1,066|2,259|20|05:24:53|Sigma Rox 12.0|https://www.strava.com/activities/2393542233
23.05.2019|132,76|03:57:47|387|0|222|2,768|237|76%|0|0|335|587|89|114|118|179|194|803|1,837|21|04:30:28|Sigma Rox 12.0|https://www.strava.com/activities/2390858438
22.05.2019|165,71|05:01:53|497|0|227|3,774|307|77%|0|0|329|630|91|132|133|191|208|926|2,814|11|05:48:25|Sigma Rox 12.0|https://www.strava.com/activities/2388129102
20.05.2019|200,04|05:56:26|583|0|216|4,539|338|74%|0|0|337|508|89|149|137|168|212|1,021|3,488|19|07:47:50|Sigma Rox 12.0|https://www.strava.com/activities/2383075526
19.05.2019|106,71|03:07:35|567|0|221|2,33|188|75%|0|0|341|644|87|128|127|176|207|602|1,629|22|03:37:55|Sigma Rox 12.0|https://www.strava.com/activities/2383093515
17.05.2019|127,07|04:00:39|212|0|204|2,854|204|70%|0|0|317|544|90|129|0|0|198|1,185|3,151|12|04:42:39|Sigma Rox 12.0|https://www.strava.com/activities/2383094363
29.06.2019|41,84|01:23:41|715|0|265|1,017|119|90%|0|0|300|706|84|122|119|174|203|783|658|31|01:28:17|Sigma Rox 12.0|https://www.strava.com/activities/2489855959
23.06.2019|105,21|03:16:28|2,921|0|30|10|3|10%|0|0|321|968|79|95|1|108|1|310|4,814|25|03:16:28|Sigma Rox 12.0|https://www.strava.com/activities/2482750123
22.06.2019|19,23|00:23:08|85|0|327|481|61|112%|0|0|499|688|100|122|168|184|347|762|328|17|00:29:30|Sigma Rox 12.0|https://www.strava.com/activities/2471539748
21.06.2019|215,56|05:38:41|3,681|0|294|5,339|567|100%|0|0|382|943|89|197|139|184|263|1,082|3,373|19|05:39:11|Sigma Rox 12.0|https://www.strava.com/activities/2468939979
20.06.2019|112,9|02:44:04|1,413|0|306|2,58|297|104%|0|0|413|875|91|141|129|183|262|952|1,787|19|02:44:36|Sigma Rox 12.0|https://www.strava.com/activities/2466224395
19.06.2019|173,43|04:18:41|2,645|0|279|3,75|390|95%|0|0|402|868|90|135|138|183|242|1,078|2,831|29|04:19:19|Sigma Rox 12.0|https://www.strava.com/activities/2463540404
18.06.2019|161,63|03:48:15|1,851|0|270|3,105|323|92%|0|0|425|947|91|134|140|188|227|918|2,298|29|03:49:02|Sigma Rox 12.0|https://www.strava.com/activities/2463532646
17.06.2019|159,17|03:39:34|1,677|0|247|2,828|259|84%|0|0|435|846|92|137|134|189|215|915|2,079|28|03:40:00|Sigma Rox 12.0|https://www.strava.com/activities/2457938690
16.06.2019|156,91|04:02:12|2,528|0|282|3,447|373|96%|0|0|389|940|90|147|151|190|237|976|2,708|22|04:02:30|Sigma Rox 12.0|https://www.strava.com/activities/2455717388
14.06.2019|33,85|01:02:32|374|0|230|751|70|78%|0|0|325|727|84|114|127|177|200|758|541|22|01:21:39|Sigma Rox 12.0|https://www.strava.com/activities/2450112369
13.06.2019|84,35|02:32:58|228|0|202|1,748|127|69%|0|0|331|626|86|177|115|164|191|961|1,117|22|02:42:52|Sigma Rox 12.0|https://www.strava.com/activities/2450111162
12.06.2019|62,98|01:53:49|138|0|194|1,245|85|66%|0|0|332|554|88|122|114|143|182|616|821|20|01:57:57|Sigma Rox 12.0|https://www.strava.com/activities/2450113684
10.06.2019|27,19|01:06:22|322|0|148|530|29|51%|0|0|246|587|80|114|99|131|133|472|371|23|01:08:37|Sigma Rox 12.0|https://www.strava.com/activities/2439326489
09.06.2019|49,33|00:59:58|93|0|319|1,053|126|109%|0|0|494|695|99|119|167|191|293|974|770|19|01:03:56|Sigma Rox 12.0|https://www.strava.com/activities/2439325523
09.06.2019|24,75|00:38:26|43|0|0|0|0||302|696|386|551|0|0|124|157|0|0|315|24|00:42:15|Sigma Rox 12.0|https://www.strava.com/activities/2439326064
08.06.2019|74,22|01:35:38|338|0|337|1,799|210|115%|0|0|466|684|97|127|166|195|314|1,083|1,231|15|01:35:38|Sigma Rox 12.0|https://www.strava.com/activities/2433691263
08.06.2019|18,86|00:38:58|172|0|199|437|30|68%|0|0|291|709|81|110|0|0|187|615|596|15|00:38:58|Sigma Rox 12.0|https://www.strava.com/activities/2433693327
07.06.2019|29,16|01:01:22|296|0|198|679|48|68%|0|0|285|500|78|112|110|138|184|512|422|24|01:03:08|Sigma Rox 12.0|https://www.strava.com/activities/2433694837
06.06.2019|148,93|04:43:12|1,196|0|207|3,389|244|71%|0|0|316|673|85|117|123|163|199|1,141|2,330|26|05:17:27|Sigma Rox 12.0|https://www.strava.com/activities/2428543457
05.06.2019|116,88|04:01:35|1,763|0|253|2,967|311|86%|0|0|290|684|82|119|129|188|205|876|2,133|27|04:18:00|Sigma Rox 12.0|https://www.strava.com/activities/2425730218
04.06.2019|33,34|01:09:44|329|0|181|703|46|62%|0|0|287|576|83|112|0|0|168|601|1,083|29|01:23:27|Sigma Rox 12.0|https://www.strava.com/activities/2424949616
03.06.2019|152,25|05:31:12|3|0|225|3,846|340|77%|0|0|276|968|76|110|125|165|194|505|2,797|26|05:59:17|Sigma Rox 12.0|https://www.strava.com/activities/2420445675
02.06.2019|162,14|05:21:59|2,655|0|251|4,22|414|86%|0|0|302|994|82|194|138|184|218|719|3,162|26|06:04:00|Sigma Rox 12.0|https://www.strava.com/activities/2418064034
01.06.2019|32,55|01:06:53|311|0|192|716|49|66%|0|0|292|544|86|128|111|134|178|441|457|26|01:08:15|Sigma Rox 12.0|https://www.strava.com/activities/2414806753
21.07.2019|183,47|04:48:28|3,807|0|319|4,879|570|109%|0|0|382|860|93|134|0|0|282|1,093|7,775|24|04:48:28|Sigma Rox 12.0|https://www.strava.com/activities/2554338680
01.07.2019|95,24|02:58:26|168|0|185|1,955|122|63%|0|0|320|454|85|108|108|126|183|659|1,190|22|03:13:06|Sigma Rox 12.0|https://www.strava.com/activities/2495412013
10.12.2019|124|04:15:40|1,738|0|205|2,544|218|70%|0|0|291|623|84|180|127|177|166|752|1,821|13|04:50:31|Wahoo ELEMNT BOLT|https://www.strava.com/activities/2923969551
08.12.2019|154,57|04:54:07|1,526|0|200|2,922|234|68%|0|0|315|706|82|170|129|186|166|1,172|2,223|13|05:42:04|Wahoo ELEMNT BOLT|https://www.strava.com/activities/2919847999
03.12.2019|0,65|00:01:30|11|0|143|15|0|49%|0|0|262|961|95|101|111|127|165|235|5|18|00:01:47|Wahoo ELEMNT BOLT|https://www.strava.com/activities/2913124954
31.01.2020|158,44|03:58:56|2,597|0|286|3,525|382|98%|0|0|398|814|91|132|0|0|246|862|3,930|16|04:00:01|Wahoo ELEMNT BOLT|https://www.strava.com/activities/3059262902
30.01.2020|54,94|01:57:54|527|0|214|1,23|118|73%|0|0|280|684|84|187|0|0|174|1,164|1,372|14|02:46:02|Wahoo ELEMNT BOLT|https://www.strava.com/activities/3056493612
29.01.2020|42,42|01:22:02|341|0|182|758|56|62%|0|0|310|688|92|182|0|0|154|1,062|846|18|02:04:22|Wahoo ELEMNT BOLT|https://www.strava.com/activities/3053465856
28.01.2020|99,31|03:32:14|1,666|0|232|2,332|233|79%|0|0|281|652|81|168|0|0|183|837|2,600|16|04:06:03|Wahoo ELEMNT BOLT|https://www.strava.com/activities/3050569250
27.01.2020|109,47|03:44:51|1,313|0|209|2,681|199|71%|0|0|292|742|80|146|0|0|199|620|2,989|13|04:04:15|Wahoo ELEMNT BOLT|https://www.strava.com/activities/3048054460
26.01.2020|33,63|01:03:44|330|0|207|769|56|71%|0|0|317|565|81|112|0|0|201|447|858|13|01:07:03|Wahoo ELEMNT BOLT|https://www.strava.com/activities/3045195732
25.01.2020|140,24|04:27:40|1,833|0|234|3,51|302|80%|0|0|314|688|82|118|0|0|219|607|3,914|12|05:09:48|Wahoo ELEMNT BOLT|https://www.strava.com/activities/3042244241
24.01.2020|154,32|04:56:36|2,369|0|251|3,96|381|86%|0|0|312|756|82|144|0|0|223|712|4,415|12|05:15:33|Wahoo ELEMNT BOLT|https://www.strava.com/activities/3039076573
23.01.2020|36,26|01:07:44|323|0|203|803|63|69%|0|0|321|601|87|165|0|0|198|618|896|15|01:43:20|Wahoo ELEMNT BOLT|https://www.strava.com/activities/3036211164
22.01.2020|169,49|05:30:11|2,305|0|242|4,484|393|83%|0|0|308|666|82|140|0|0|226|630|5,000|12|06:40:19|Wahoo ELEMNT BOLT|https://www.strava.com/activities/3033902822
21.01.2020|107,33|04:05:12|1,331|0|0|0|0||149|2,191|263|601|0|0|0|0|0|0|2,443|9|04:18:45|Wahoo ELEMNT BOLT|https://www.strava.com/activities/3030802252
20.01.2020|29,99|01:03:59|267|0|188|688|47|64%|0|0|281|594|76|115|0|0|179|490|767|11|01:09:39|Wahoo ELEMNT BOLT|https://www.strava.com/activities/3027906050
18.01.2020|202,76|06:29:31|2,535|0|224|5,003|395|76%|0|0|312|720|82|123|0|0|214|829|2,261|11|07:30:19|Wahoo ELEMNT BOLT|https://www.strava.com/activities/3024309583
17.01.2020|172,36|06:01:32|3,173|0|241|4,738|425|82%|0|0|286|648|77|192|0|0|218|740|5,283|13|06:59:51|Wahoo ELEMNT BOLT|https://www.strava.com/activities/3025388425
31.01.2020|158,44|03:58:56|2,597|0|286|3,525|382|98%|0|0|398|814|91|132|0|0|246|862|3,930|16|04:00:01|Wahoo ELEMNT BOLT|https://www.strava.com/activities/3059262902
30.01.2020|54,94|01:57:54|527|0|214|1,23|118|73%|0|0|280|684|84|187|0|0|174|1,164|1,372|14|02:46:02|Wahoo ELEMNT BOLT|https://www.strava.com/activities/3056493612
29.01.2020|42,42|01:22:02|341|0|182|758|56|62%|0|0|310|688|92|182|0|0|154|1,062|846|18|02:04:22|Wahoo ELEMNT BOLT|https://www.strava.com/activities/3053465856
28.01.2020|99,31|03:32:14|1,666|0|232|2,332|233|79%|0|0|281|652|81|168|0|0|183|837|2,600|16|04:06:03|Wahoo ELEMNT BOLT|https://www.strava.com/activities/3050569250
27.01.2020|109,47|03:44:51|1,313|0|209|2,681|199|71%|0|0|292|742|80|146|0|0|199|620|2,989|13|04:04:15|Wahoo ELEMNT BOLT|https://www.strava.com/activities/3048054460
26.01.2020|33,63|01:03:44|330|0|207|769|56|71%|0|0|317|565|81|112|0|0|201|447|858|13|01:07:03|Wahoo ELEMNT BOLT|https://www.strava.com/activities/3045195732
25.01.2020|140,24|04:27:40|1,833|0|234|3,51|302|80%|0|0|314|688|82|118|0|0|219|607|3,914|12|05:09:48|Wahoo ELEMNT BOLT|https://www.strava.com/activities/3042244241
24.01.2020|154,32|04:56:36|2,369|0|251|3,96|381|86%|0|0|312|756|82|144|0|0|223|712|4,415|12|05:15:33|Wahoo ELEMNT BOLT|https://www.strava.com/activities/3039076573
23.01.2020|36,26|01:07:44|323|0|203|803|63|69%|0|0|321|601|87|165|0|0|198|618|896|15|01:43:20|Wahoo ELEMNT BOLT|https://www.strava.com/activities/3036211164
22.01.2020|169,49|05:30:11|2,305|0|242|4,484|393|83%|0|0|308|666|82|140|0|0|226|630|5,000|12|06:40:19|Wahoo ELEMNT BOLT|https://www.strava.com/activities/3033902822
21.01.2020|107,33|04:05:12|1,331|0|0|0|0||149|2,191|263|601|0|0|0|0|0|0|2,443|9|04:18:45|Wahoo ELEMNT BOLT|https://www.strava.com/activities/3030802252
20.01.2020|29,99|01:03:59|267|0|188|688|47|64%|0|0|281|594|76|115|0|0|179|490|767|11|01:09:39|Wahoo ELEMNT BOLT|https://www.strava.com/activities/3027906050
18.01.2020|202,76|06:29:31|2,535|0|224|5,003|395|76%|0|0|312|720|82|123|0|0|214|829|2,261|11|07:30:19|Wahoo ELEMNT BOLT|https://www.strava.com/activities/3024309583
17.01.2020|172,36|06:01:32|3,173|0|241|4,738|425|82%|0|0|286|648|77|192|0|0|218|740|5,283|13|06:59:51|Wahoo ELEMNT BOLT|https://www.strava.com/activities/3025388425
31.03.2020|61,95|02:54:18|1,334|0|221|2,106|176|75%|0|0|213|594|75|126|0|0|201|735|2,349|8|03:12:14|Wahoo ELEMNT BOLT|https://www.strava.com/activities/3238170432
28.03.2020|4,96|00:15:40|106|0|172|157|14|59%|0|0|190|544|71|118|0|0|167|700|175|15|00:30:36|Wahoo ELEMNT BOLT|https://www.strava.com/activities/3230800194
27.03.2020|85,64|03:12:50|1,774|0|231|2,459|210|79%|0|0|266|709|82|177|0|0|212|670|2,741|15|03:23:17|Wahoo ELEMNT BOLT|https://www.strava.com/activities/3223733452
26.03.2020|71,04|02:27:01|1,169|0|226|1,893|147|77%|0|0|290|634|87|162|0|0|215|977|2,110|10|02:29:09|Wahoo ELEMNT BOLT|https://www.strava.com/activities/3220250164
18.03.2020|174,2|05:46:21|2,69|0|232|4,517|372|79%|0|0|302|864|86|191|0|0|217|898|5,037|14|06:07:16|Wahoo ELEMNT BOLT|https://www.strava.com/activities/3194676139
17.03.2020|88,62|04:02:13|2,024|0|231|3,069|256|79%|0|0|220|644|72|130|0|0|211|807|3,422|14|04:07:33|Wahoo ELEMNT BOLT|https://www.strava.com/activities/3191332471
16.03.2020|64,56|03:09:30|1,497|0|226|2,245|198|77%|0|0|204|554|70|119|0|0|197|709|2,503|16|03:21:46|Wahoo ELEMNT BOLT|https://www.strava.com/activities/3188605086
14.03.2020|15,35|00:30:19|2|0|159|255|14|54%|0|0|304|493|102|200|0|0|140|745|284|13|00:30:19|Wahoo ELEMNT BOLT|https://www.strava.com/activities/3188604867
12.03.2020|143,99|05:00:05|2,994|0|252|4,069|382|86%|0|0|288|774|81|200|0|0|226|739|4,536|26|05:17:05|Wahoo ELEMNT BOLT|https://www.strava.com/activities/3177188723
11.03.2020|131,1|04:00:19|1,982|0|243|3,286|296|83%|0|0|327|731|87|124|0|0|228|655|3,664|27|04:27:50|Wahoo ELEMNT BOLT|https://www.strava.com/activities/3174230685
08.03.2020|123,61|04:12:51|2,881|0|242|3,536|306|83%|0|0|293|770|83|133|0|0|233|641|3,943|17|04:40:48|Wahoo ELEMNT BOLT|https://www.strava.com/activities/3165633784
07.03.2020|16,61|00:30:05|110|0|193|351|22|66%|0|0|331|443|103|154|0|0|194|444|391|6|00:30:26|Wahoo ELEMNT BOLT|https://www.strava.com/activities/3163314153
06.03.2020|132,75|04:32:16|3,142|0|239|3,876|319|82%|0|0|293|767|87|123|0|0|237|586|4,322|11|04:51:15|Wahoo ELEMNT BOLT|https://www.strava.com/activities/3159710628
05.03.2020|103,72|03:00:11|1,519|0|234|2,493|198|80%|0|0|345|781|92|149|0|0|231|933|2,779|15|03:12:46|Wahoo ELEMNT BOLT|https://www.strava.com/activities/3156088120
04.03.2020|63,77|02:21:02|1,712|0|232|1,871|155|79%|0|0|271|734|84|119|0|0|221|628|2,086|17|02:37:46|Wahoo ELEMNT BOLT|https://www.strava.com/activities/3153112516
02.03.2020|64,89|03:24:28|1,5|0|215|2,381|190|73%|0|0|190|598|70|111|0|0|194|778|2,655|8|03:32:56|Wahoo ELEMNT BOLT|https://www.strava.com/activities/3151579549
01.03.2020|89,52|04:05:05|2,092|0|259|3,322|338|88%|0|0|219|666|71|140|0|0|226|912|3,704|7|04:21:05|Wahoo ELEMNT BOLT|https://www.strava.com/activities/3145162352
30.04.2020|41,04|01:58:01|764|0|203|1,262|96|69%|0|0|209|475|67|111|0|0|178|737|1,407|15|02:03:41|Wahoo ELEMNT BOLT|https://www.strava.com/activities/3375170105
22.04.2020|21,18|01:09:46|396|0|187|636|48|64%|0|0|182|508|63|108|0|0|152|721|709|19|01:11:08|Wahoo ELEMNT BOLT|https://www.strava.com/activities/3375172933
21.04.2020|65,38|03:23:52|1,586|0|220|2,073|203|75%|0|0|192|601|63|121|0|0|169|934|2,311|19|03:36:17|Wahoo ELEMNT BOLT|https://www.strava.com/activities/3331415310
19.04.2020|74,15|03:21:45|1,737|0|262|2,477|285|89%|0|0|221|634|69|140|0|0|205|753|2,762|17|03:38:48|Wahoo ELEMNT BOLT|https://www.strava.com/activities/3322373203
18.04.2020|96,53|03:34:41|2,327|0|261|2,894|295|89%|0|0|270|706|75|126|0|0|225|914|3,226|19|03:44:36|Wahoo ELEMNT BOLT|https://www.strava.com/activities/3316820146
16.04.2020|118,13|03:41:22|1,796|0|264|3,172|305|90%|0|0|320|724|82|200|0|0|239|769|3,537|22|03:48:33|Wahoo ELEMNT BOLT|https://www.strava.com/activities/3307191731
15.04.2020|77,98|03:00:30|1,771|0|250|2,286|232|85%|0|0|259|648|74|159|0|0|211|631|2,549|16|03:37:16|Wahoo ELEMNT BOLT|https://www.strava.com/activities/3302153412
14.04.2020|60,82|02:12:21|1,029|0|216|1,587|124|74%|0|0|276|644|78|200|0|0|200|678|1,769|5|02:17:18|Wahoo ELEMNT BOLT|https://www.strava.com/activities/3302155093
10.04.2020|179,65|05:52:05|1,413|0|197|3,985|282|67%|0|0|306|745|80|199|0|0|189|811|4,443|18|06:43:22|Wahoo ELEMNT BOLT|https://www.strava.com/activities/3280343839
09.04.2020|173,08|06:06:47|2,817|0|212|4,315|336|72%|0|0|283|803|83|143|0|0|196|896|4,811|19|06:49:34|Wahoo ELEMNT BOLT|https://www.strava.com/activities/3275919036
08.04.2020|151,69|05:02:12|1,228|0|190|3,261|228|65%|0|0|301|774|87|124|0|0|180|754|3,637|23|05:43:08|Wahoo ELEMNT BOLT|https://www.strava.com/activities/3271227227
06.04.2020|136,03|04:59:17|2,608|0|220|3,644|296|75%|0|0|273|803|82|132|0|0|203|1,948|4,063|22|05:35:27|Wahoo ELEMNT BOLT|https://www.strava.com/activities/3262533350
05.04.2020|151,86|04:48:02|1,061|0|210|3,505|255|72%|0|0|316|752|90|157|0|0|203|740|3,908|18|05:17:55|Wahoo ELEMNT BOLT|https://www.strava.com/activities/3258597521
04.04.2020|103,5|03:28:10|1,795|0|257|2,854|281|88%|0|0|298|745|81|153|0|0|229|844|3,183|12|03:41:27|Wahoo ELEMNT BOLT|https://www.strava.com/activities/3253531570
03.04.2020|18,54|00:57:39|509|0|239|716|71|82%|0|0|193|562|78|114|0|0|207|770|798|6|01:06:21|Wahoo ELEMNT BOLT|https://www.strava.com/activities/3253523088
01.04.2020|85,43|04:26:40|2,349|0|228|3,251|297|78%|0|0|192|583|71|127|0|0|203|898|3,624|9|04:54:47|Wahoo ELEMNT BOLT|https://www.strava.com/activities/3242659285
31.05.2020|35,51|01:10:59|116|0|180|759|47|61%|0|0|300|443|84|165|0|0|178|612|846|19|01:45:26|Wahoo ELEMNT BOLT|https://www.strava.com/activities/3541675559
30.05.2020|174,1|06:02:44|2,752|0|213|4,297|344|73%|0|0|288|709|81|192|0|0|197|754|4,791|22|07:16:55|Wahoo ELEMNT BOLT|https://www.strava.com/activities/3537262850
29.05.2020|150,09|05:01:04|2,733|0|252|3,991|388|86%|0|0|299|788|80|137|0|0|221|814|4,450|21|06:16:40|Wahoo ELEMNT BOLT|https://www.strava.com/activities/3530847677
28.05.2020|29,03|01:09:18|245|0|154|588|33|53%|0|0|251|522|79|159|0|0|141|612|656|20|01:34:27|Wahoo ELEMNT BOLT|https://www.strava.com/activities/3524723068
27.05.2020|180,11|06:11:18|2,989|0|225|4,668|383|77%|0|0|291|742|83|161|0|0|210|943|5,205|22|06:50:25|Wahoo ELEMNT BOLT|https://www.strava.com/activities/3520234319
26.05.2020|149,21|05:01:16|2,502|0|239|4,019|353|82%|0|0|297|706|83|187|0|0|222|707|4,481|19|05:38:09|Wahoo ELEMNT BOLT|https://www.strava.com/activities/3514548443
25.05.2020|108,03|04:00:20|2,384|0|255|3,104|316|87%|0|0|270|691|80|121|0|0|215|806|3,461|15|04:25:23|Wahoo ELEMNT BOLT|https://www.strava.com/activities/3508815532
24.05.2020|29,45|01:06:32|281|0|182|682|42|62%|0|0|266|533|80|138|0|0|171|795|761|13|01:06:32|Wahoo ELEMNT BOLT|https://www.strava.com/activities/3502922001
23.05.2020|185,98|06:02:59|1,093|0|196|4,134|289|67%|0|0|307|598|84|200|0|0|190|897|4,610|17|07:11:03|Wahoo ELEMNT BOLT|https://www.strava.com/activities/3499262273
22.05.2020|145,45|04:59:03|2,523|0|241|3,758|358|82%|0|0|292|882|80|200|0|0|209|802|4,190|22|05:56:26|Wahoo ELEMNT BOLT|https://www.strava.com/activities/3493526659
20.05.2020|141,85|04:56:19|2,367|0|226|3,753|306|77%|0|0|287|752|80|140|0|0|211|1,524|4,184|17|05:29:42|Wahoo ELEMNT BOLT|https://www.strava.com/activities/3483348166
19.05.2020|73,94|02:35:45|1,229|0|228|1,908|159|78%|0|0|285|659|79|181|0|0|204|630|2,127|20|02:37:26|Wahoo ELEMNT BOLT|https://www.strava.com/activities/3481100375
19.05.2020|73,94|02:35:45|1,229|0|228|1,908|159|78%|0|0|285|659|79|181|0|0|204|630|2,127|20|02:37:26|Wahoo ELEMNT BOLT|https://www.strava.com/activities/3481100227
08.05.2020|76,37|02:52:57|1,583|0|236|1,974|196|81%|0|0|265|677|74|166|0|0|190|780|2,201|21|03:52:30|Wahoo ELEMNT BOLT|https://www.strava.com/activities/3419274452
06.05.2020|135,92|04:40:54|2,226|0|224|3,499|285|76%|0|0|290|907|76|114|0|0|208|857|3,901|16|05:15:19|Wahoo ELEMNT BOLT|https://www.strava.com/activities/3409088069
05.05.2020|91,3|03:24:53|1,654|0|207|2,319|183|71%|0|0|267|655|75|148|0|0|189|679|2,586|12|03:40:29|Wahoo ELEMNT BOLT|https://www.strava.com/activities/3402575791
04.05.2020|56,47|03:08:24|1,34|0|205|2,033|160|70%|0|0|180|526|66|119|0|0|180|790|2,266|11|03:19:07|Wahoo ELEMNT BOLT|https://www.strava.com/activities/3397473681
02.05.2020|42,38|02:28:25|1,111|0|214|1,617|135|73%|0|0|171|518|64|116|0|0|182|827|1,803|8|02:31:59|Wahoo ELEMNT BOLT|https://www.strava.com/activities/3385982068
01.05.2020|46,41|02:26:39|1,087|0|213|1,587|137|73%|0|0|190|644|65|107|0|0|180|843|1,769|12|02:35:42|Wahoo ELEMNT BOLT|https://www.strava.com/activities/3380227448
29.06.2020|64,65|02:33:53|1,565|0|219|1,834|153|75%|0|0|252|976|80|128|0|0|199|511|2,045|13|02:49:08|Wahoo ELEMNT BOLT|https://www.strava.com/activities/3717356315
28.06.2020|161,47|06:17:15|4,635|0|234|4,635|436|80%|0|0|257|900|74|149|0|0|205|767|5,168|20|07:18:59|Wahoo ELEMNT BOLT|https://www.strava.com/activities/3717363034
27.06.2020|132,71|04:08:12|2,513|0|245|3,266|312|84%|0|0|321|1372|84|159|0|0|219|774|3,642|25|04:40:52|Wahoo ELEMNT BOLT|https://www.strava.com/activities/3717358576
26.06.2020|0,09|00:02:15|0|0|206|28|52|70%|0|0|26|72|107|150|0|0|210|304|32|19|01:04:11|Wahoo ELEMNT BOLT|https://www.strava.com/activities/3717360689
25.06.2020|171,22|06:27:07|5,021|0|248|5,053|494|85%|0|0|265|940|76|140|0|0|218|923|5,634|21|07:17:52|Wahoo ELEMNT BOLT|https://www.strava.com/activities/3717355150
24.06.2020|144,88|05:00:57|3,351|0|241|3,596|358|82%|0|0|289|943|82|144|0|0|199|786|4,010|26|05:51:44|Wahoo ELEMNT BOLT|https://www.strava.com/activities/3706995181
22.06.2020|167,73|06:08:36|4,014|0|220|4,416|361|75%|0|0|273|1033|77|189|0|0|200|798|4,924|14|06:55:40|Wahoo ELEMNT BOLT|https://www.strava.com/activities/3654123564
21.06.2020|165,73|05:08:19|2,606|0|233|3,942|348|80%|0|0|323|860|83|182|0|0|213|851|4,395|12|05:39:44|Wahoo ELEMNT BOLT|https://www.strava.com/activities/3650853421
20.06.2020|122,42|04:18:33|2,953|0|241|3,19|306|82%|0|0|284|821|78|134|0|0|206|799|3,557|16|04:36:47|Wahoo ELEMNT BOLT|https://www.strava.com/activities/3643134830
18.06.2020|187,9|06:23:39|4,015|0|221|4,52|376|75%|0|0|294|900|83|140|0|0|196|727|5,039|20|06:58:39|Wahoo ELEMNT BOLT|https://www.strava.com/activities/3634090099
16.06.2020|0,41|00:08:02|0|0|203|101|51|69%|0|0|31|72|95|152|0|0|209|529|112|19|01:04:16|Wahoo ELEMNT BOLT|https://www.strava.com/activities/3622489323
15.06.2020|110,81|03:56:04|2,337|0|213|2,783|213|73%|0|0|282|774|83|165|0|0|196|811|3,103|13|04:01:14|Wahoo ELEMNT BOLT|https://www.strava.com/activities/3618305170
13.06.2020|133,13|04:10:39|1,793|0|202|2,671|207|69%|0|0|319|814|87|147|0|0|178|764|2,979|27|04:42:40|Wahoo ELEMNT BOLT|https://www.strava.com/activities/3607561543
12.06.2020|14,12|00:51:22|720|0|217|621|51|74%|0|0|165|853|60|178|0|0|202|709|693|11|00:56:43|Wahoo ELEMNT BOLT|https://www.strava.com/activities/3606019905
10.06.2020|127,78|03:58:48|888|0|198|2,816|196|68%|0|0|321|641|87|177|0|0|197|778|3,140|13|04:20:59|Wahoo ELEMNT BOLT|https://www.strava.com/activities/3593094609
09.06.2020|42,18|01:19:37|277|0|193|900|58|66%|0|0|318|497|92|200|0|0|188|574|1,003|12|01:20:42|Wahoo ELEMNT BOLT|https://www.strava.com/activities/3589330088
08.06.2020|122,93|03:56:27|835|0|189|2,601|172|65%|0|0|312|558|89|186|0|0|183|730|2,900|16|04:09:52|Wahoo ELEMNT BOLT|https://www.strava.com/activities/3582573583
07.06.2020|87,32|03:12:31|1,318|0|202|2,198|165|69%|0|0|272|731|81|159|0|0|190|624|2,451|14|04:03:10|Wahoo ELEMNT BOLT|https://www.strava.com/activities/3577560176
06.06.2020|28,42|01:02:42|241|0|165|578|33|56%|0|0|272|623|85|130|0|0|154|538|644|10|01:03:15|Wahoo ELEMNT BOLT|https://www.strava.com/activities/3570722889
05.06.2020|80,25|03:00:40|1,834|0|255|2,396|230|87%|0|0|267|738|79|167|0|0|221|742|2,671|9|03:02:33|Wahoo ELEMNT BOLT|https://www.strava.com/activities/3566838791
04.06.2020|90,86|03:15:45|1,724|0|227|2,345|196|77%|0|0|279|662|82|177|0|0|200|569|2,615|11|03:17:23|Wahoo ELEMNT BOLT|https://www.strava.com/activities/3562583017
02.06.2020|191,19|06:00:28|1,159|0|221|4,406|372|75%|0|0|318|605|84|148|0|0|204|639|4,912|27|07:49:02|Wahoo ELEMNT BOLT|https://www.strava.com/activities/3553075195
01.06.2020|147,89|05:10:17|2,752|0|239|3,684|371|82%|0|0|286|684|79|135|0|0|198|689|4,108|25|06:11:42|Wahoo ELEMNT BOLT|https://www.strava.com/activities/3547492504
31.07.2020|162,99|03:52:34|1,226|0|210|2,358|200|72%|0|0|421|788|88|200|0|0|169|898|2,629|38|03:53:41|Wahoo ELEMNT BOLT|https://www.strava.com/activities/3849269543
30.07.2020|149,27|04:04:40|2,63|0|255|3,181|309|87%|0|0|366|857|88|188|0|0|217|872|3,547|37|04:05:00|Wahoo ELEMNT BOLT|https://www.strava.com/activities/3840309680
29.07.2020|168,39|03:55:06|1,207|0|208|2,535|198|71%|0|0|430|904|93|169|0|0|180|971|2,826|34|03:56:33|Wahoo ELEMNT BOLT|https://www.strava.com/activities/3835213409
28.07.2020|11,26|00:27:35|65|0|159|238|13|54%|0|0|245|378|79|114|0|0|144|378|265|24|00:28:29|Wahoo ELEMNT BOLT|https://www.strava.com/activities/3835213171
28.07.2020|165,86|03:57:46|1,623|0|246|2,746|280|84%|0|0|419|911|90|162|0|0|193|1,011|3,062|27|03:58:44|Wahoo ELEMNT BOLT|https://www.strava.com/activities/3835220224
27.07.2020|32,28|01:04:59|224|0|171|608|40|58%|0|0|298|569|90|143|0|0|156|547|678|34|01:20:31|Wahoo ELEMNT BOLT|https://www.strava.com/activities/3835221364
26.07.2020|94,62|02:56:44|1,127|0|236|2,262|199|81%|0|0|321|659|85|141|0|0|213|645|2,523|32|03:21:08|Wahoo ELEMNT BOLT|https://www.strava.com/activities/3814308058
25.07.2020|35,35|01:13:10|313|0|183|755|48|62%|0|0|290|562|90|148|0|0|172|347|842|25|01:14:46|Wahoo ELEMNT BOLT|https://www.strava.com/activities/3810097115
24.07.2020|131,97|04:16:57|2,368|0|270|3,727|377|92%|0|0|308|709|84|150|0|0|242|861|4,155|29|04:33:21|Wahoo ELEMNT BOLT|https://www.strava.com/activities/3807758126
23.07.2020|118,08|04:00:05|2,288|0|260|3,203|328|89%|0|0|295|698|83|197|0|0|222|911|3,571|29|04:37:18|Wahoo ELEMNT BOLT|https://www.strava.com/activities/3804620994
22.07.2020|33,74|01:13:52|347|0|174|709|45|59%|0|0|274|551|87|155|0|0|160|415|791|27|02:25:42|Wahoo ELEMNT BOLT|https://www.strava.com/activities/3799733081
21.07.2020|207,12|06:59:49|3,282|0|224|5,47|432|76%|0|0|296|738|82|141|0|0|217|784|6,099|31|08:01:45|Wahoo ELEMNT BOLT|https://www.strava.com/activities/3795862873
20.07.2020|125,37|04:14:43|2,2|0|254|3,435|334|87%|0|0|295|709|85|148|0|0|225|638|3,830|30|04:45:06|Wahoo ELEMNT BOLT|https://www.strava.com/activities/3790573977
19.07.2020|41,19|01:21:36|380|0|178|834|54|61%|0|0|303|544|95|161|0|0|170|458|930|21|01:38:18|Wahoo ELEMNT BOLT|https://www.strava.com/activities/3783708244
18.07.2020|178,36|06:00:01|2,53|0|225|4,663|367|77%|0|0|297|763|83|154|0|0|216|531|5,200|26|06:42:56|Wahoo ELEMNT BOLT|https://www.strava.com/activities/3780751135
17.07.2020|138,96|04:48:12|2,458|0|258|3,964|394|88%|0|0|289|666|83|174|0|0|229|769|4,420|22|05:21:25|Wahoo ELEMNT BOLT|https://www.strava.com/activities/3775421712
16.07.2020|133,91|04:49:53|2,849|0|252|3,915|375|86%|0|0|277|662|81|148|0|0|225|798|4,365|22|05:17:16|Wahoo ELEMNT BOLT|https://www.strava.com/activities/3770672131
15.07.2020|29,25|01:01:27|256|0|174|614|35|59%|0|0|286|482|93|159|0|0|166|591|684|20|01:01:27|Wahoo ELEMNT BOLT|https://www.strava.com/activities/3770672877
14.07.2020|143,43|04:45:03|1,922|0|212|3,512|257|72%|0|0|302|680|83|160|0|0|205|687|3,915|29|05:16:32|Wahoo ELEMNT BOLT|https://www.strava.com/activities/3760993991
13.07.2020|120,3|04:05:34|1,812|0|217|3,072|231|74%|0|0|294|680|82|148|0|0|208|730|3,425|30|04:46:38|Wahoo ELEMNT BOLT|https://www.strava.com/activities/3755889460
12.07.2020|113,89|03:35:10|1,183|0|202|2,509|178|69%|0|0|318|742|89|182|0|0|194|762|2,798|31|04:05:09|Wahoo ELEMNT BOLT|https://www.strava.com/activities/3751307756
10.07.2020|28,34|00:55:42|184|0|206|671|45|70%|0|0|305|518|92|157|0|0|201|498|748|14|00:55:42|Wahoo ELEMNT BOLT|https://www.strava.com/activities/3741028490
09.07.2020|67,48|02:23:15|1,066|0|214|1,741|131|73%|0|0|283|652|82|133|0|0|203|608|1,941|17|02:28:21|Wahoo ELEMNT BOLT|https://www.strava.com/activities/3737019814
08.07.2020|81,94|02:58:53|1,479|0|220|2,254|171|75%|0|0|275|695|80|136|0|0|210|1,027|2,513|12|03:03:19|Wahoo ELEMNT BOLT|https://www.strava.com/activities/3732547030
06.07.2020|63,94|02:30:46|1,188|0|195|1,667|120|67%|0|0|254|666|78|129|0|0|184|598|1,859|15|02:47:24|Wahoo ELEMNT BOLT|https://www.strava.com/activities/3722417080
05.07.2020|38,94|01:32:14|623|0|194|985|70|66%|0|0|253|616|78|122|0|0|178|545|1,099|17|01:41:25|Wahoo ELEMNT BOLT|https://www.strava.com/activities/3717349855
03.07.2020|67,65|02:20:50|1,144|0|224|1,827|137|76%|0|0|288|727|83|163|0|0|216|654|2,037|15|02:22:27|Wahoo ELEMNT BOLT|https://www.strava.com/activities/3717348764
02.07.2020|93,07|03:04:25|1,638|0|267|2,498|258|91%|0|0|303|680|82|154|0|0|226|829|2,786|17|03:07:01|Wahoo ELEMNT BOLT|https://www.strava.com/activities/3707004055
01.07.2020|35,27|01:07:40|323|0|207|822|57|71%|0|0|313|666|88|122|0|0|203|511|917|21|01:08:24|Wahoo ELEMNT BOLT|https://www.strava.com/activities/3717350519
31.08.2020|202,04|05:25:27|2,625|0|214|3,46|290|73%|0|0|372|799|84|200|0|0|177|860|3,858|20|05:27:10|Wahoo ELEMNT BOLT|https://www.strava.com/activities/3991801912
30.08.2020|195,71|05:31:28|3,602|0|261|4,372|439|89%|0|0|354|860|86|200|0|0|220|954|4,369|27|05:32:18|Wahoo ELEMNT BOLT|https://www.strava.com/activities/3987891922
29.08.2020|162,91|04:06:53|1,874|0|253|3,066|308|86%|0|0|396|716|89|142|0|0|207|898|3,062|19|04:09:22|Wahoo ELEMNT BOLT|https://www.strava.com/activities/3982736782
28.08.2020|43,91|01:24:22|689|0|238|911|95|81%|0|0|312|724|87|148|0|0|180|538|1,016|26|01:26:39|Wahoo ELEMNT BOLT|https://www.strava.com/activities/3976799253
27.08.2020|46,44|01:30:09|772|0|215|1,077|80|73%|0|0|309|763|87|136|0|0|199|495|1,200|23|01:30:24|Wahoo ELEMNT BOLT|https://www.strava.com/activities/3971938257
26.08.2020|36,52|01:27:23|455|0|174|738|55|59%|0|0|251|616|79|172|0|0|141|491|823|27|01:36:13|Wahoo ELEMNT BOLT|https://www.strava.com/activities/3969133225
25.08.2020|70,18|02:24:26|1,221|0|218|1,772|134|74%|0|0|292|734|84|142|0|0|204|507|1,770|18|02:26:02|Wahoo ELEMNT BOLT|https://www.strava.com/activities/3962790465
24.08.2020|152,96|05:00:15|2,408|0|221|3,832|294|75%|0|0|306|814|83|132|0|0|213|663|4,272|15|05:17:38|Wahoo ELEMNT BOLT|https://www.strava.com/activities/3958940984
23.08.2020|173,75|04:15:05|3,685|0|273|3,488|368|93%|0|0|409|871|90|161|0|0|228|878|3,889|20|04:15:34|Wahoo ELEMNT BOLT|https://www.strava.com/activities/3954553371
21.08.2020|84,51|02:51:49|1,548|0|236|2,189|193|81%|0|0|295|749|82|197|0|0|212|725|2,441|26|02:59:00|Wahoo ELEMNT BOLT|https://www.strava.com/activities/3944887381
20.08.2020|33,81|00:59:54|55|0|201|721|48|69%|0|0|339|461|91|133|0|0|201|372|804|19|01:01:30|Wahoo ELEMNT BOLT|https://www.strava.com/activities/3939486758
19.08.2020|133,15|03:49:01|320|0|215|2,926|216|73%|0|0|349|540|89|178|0|0|213|709|3,263|23|05:01:10|Wahoo ELEMNT BOLT|https://www.strava.com/activities/3936060906
18.08.2020|59,74|02:03:21|1,061|0|233|1,632|132|80%|0|0|291|742|81|142|0|0|220|620|1,819|23|02:04:53|Wahoo ELEMNT BOLT|https://www.strava.com/activities/3930522914
17.08.2020|28,43|01:05:07|221|0|151|552|29|52%|0|0|262|623|81|123|0|0|141|504|616|18|01:05:51|Wahoo ELEMNT BOLT|https://www.strava.com/activities/3926904190
16.08.2020|156,58|04:24:42|3,861|0|314|4,064|507|107%|0|0|355|853|86|155|0|0|256|853|4,532|25|04:25:46|Wahoo ELEMNT BOLT|https://www.strava.com/activities/3922366947
15.08.2020|150,83|04:34:07|4,267|0|308|4,533|504|105%|0|0|330|900|87|200|0|0|276|833|5,055|28|04:34:07|Wahoo ELEMNT BOLT|https://www.strava.com/activities/3918268969
14.08.2020|0|00:00:00|0|0|151|6|4|52%|0|0|9|25|92|107|0|0|153|205|6|33|00:10:09|Wahoo ELEMNT BOLT|https://www.strava.com/activities/3912284231
14.08.2020|159,7|04:16:03|3,344|0|292|3,946|425|100%|0|0|374|929|88|166|0|0|257|1,044|4,400|29|04:16:27|Wahoo ELEMNT BOLT|https://www.strava.com/activities/3912293346
12.08.2020|0,01|00:00:00|0|0|0|0|0||20|1|18|50|0|0|0|0|0|0|1|25|00:07:01|Wahoo ELEMNT BOLT|https://www.strava.com/activities/3902580719
11.08.2020|44,36|01:39:27|1,014|0|237|1,055|118|81%|0|0|268|666|77|198|0|0|177|688|1,176|26|01:48:39|Wahoo ELEMNT BOLT|https://www.strava.com/activities/3896654175
10.08.2020|34,88|01:05:50|148|0|154|563|32|53%|0|0|318|508|93|155|0|0|142|671|628|30|01:09:08|Wahoo ELEMNT BOLT|https://www.strava.com/activities/3896653936
09.08.2020|67,54|02:59:02|2,473|0|233|2,297|200|80%|0|0|226|785|72|140|0|0|214|616|2,561|28|03:11:11|Wahoo ELEMNT BOLT|https://www.strava.com/activities/3896654472
08.08.2020|141,92|05:28:51|3,934|0|260|4,329|432|89%|0|0|259|756|78|171|0|0|219|613|4,827|29|06:03:51|Wahoo ELEMNT BOLT|https://www.strava.com/activities/3883890531
07.08.2020|119,1|04:55:13|3,841|0|231|3,845|324|79%|0|0|242|828|76|160|0|0|217|849|4,287|28|05:24:51|Wahoo ELEMNT BOLT|https://www.strava.com/activities/3878473263
06.08.2020|31,47|01:12:42|441|0|183|666|51|62%|0|0|260|652|82|139|0|0|153|503|696|28|01:32:59|Wahoo ELEMNT BOLT|https://www.strava.com/activities/3876840427
05.08.2020|83,96|03:00:15|1,405|0|207|2,085|156|71%|0|0|280|673|79|133|0|0|193|476|2,325|25|03:07:11|Wahoo ELEMNT BOLT|https://www.strava.com/activities/3867540162
04.08.2020|120,36|03:58:13|1,883|0|223|3,063|241|76%|0|0|303|796|81|133|0|0|214|621|3,415|19|04:13:23|Wahoo ELEMNT BOLT|https://www.strava.com/activities/3862765202
03.08.2020|65,44|02:18:02|1,243|0|230|1,828|149|78%|0|0|284|713|80|130|0|0|221|627|2,038|22|02:40:13|Wahoo ELEMNT BOLT|https://www.strava.com/activities/3857841240
01.08.2020|158,56|03:50:52|2,297|0|261|3,024|306|89%|0|0|412|932|90|200|0|0|218|1,11|3,371|34|03:51:40|Wahoo ELEMNT BOLT|https://www.strava.com/activities/3849263388
30.09.2020|203,66|04:58:13|2,986|0|278|4,023|449|95%|0|0|410|893|91|153|0|0|225|1,011|4,485|15|04:58:59|Wahoo ELEMNT BOLT|https://www.strava.com/activities/4132862601
29.09.2020|36,48|01:15:55|439|0|235|768|84|80%|0|0|288|630|85|166|0|0|169|587|856|13|01:18:48|Wahoo ELEMNT BOLT|https://www.strava.com/activities/4127233721
28.09.2020|0,01|00:00:00|0|0|227|0|46|77%|0|0|374|7|69|144|0|0|264|433|0|11|00:46:35|Wahoo ELEMNT BOLT|https://www.strava.com/activities/4124375062
27.09.2020|142,78|04:31:02|133|0|196|3,139|209|67%|0|0|316|461|87|149|0|0|193|695|3,499|10|05:00:57|Wahoo ELEMNT BOLT|https://www.strava.com/activities/4119884736
26.09.2020|97,56|02:57:30|114|0|213|2,234|159|73%|0|0|330|482|90|145|0|0|210|1,002|2,491|11|02:59:52|Wahoo ELEMNT BOLT|https://www.strava.com/activities/4113988919
24.09.2020|97,59|03:00:21|246|0|193|2,054|137|66%|0|0|325|806|86|132|0|0|190|901|2,290|16|03:10:06|Wahoo ELEMNT BOLT|https://www.strava.com/activities/4105856309
23.09.2020|28,58|00:59:12|223|0|0|0|0||149|530|290|569|0|0|0|0|0|0|590|23|01:00:36|Wahoo ELEMNT BOLT|https://www.strava.com/activities/4101127902
20.09.2020|127,93|03:19:49|875|0|222|1,983|192|76%|0|0|384|770|84|147|0|0|165|766|2,211|26|03:21:00|Wahoo ELEMNT BOLT|https://www.strava.com/activities/4101141416
19.09.2020|35,92|01:00:15|949|0|370|1,327|161|126%|0|0|358|745|91|124|0|0|367|563|1,328|20|01:01:00|Wahoo ELEMNT BOLT|https://www.strava.com/activities/4083282468
19.09.2020|0,55|00:02:20|0|0|230|10|41|78%|0|0|143|263|55|170|0|0|71|479|11|24|00:45:30|Wahoo ELEMNT BOLT|https://www.strava.com/activities/4100856403
18.09.2020|172,15|03:56:20|2,089|0|246|2,883|278|84%|0|0|437|810|92|184|0|0|203|871|3,215|29|03:56:50|Wahoo ELEMNT BOLT|https://www.strava.com/activities/4078018249
17.09.2020|193,53|05:32:04|4,439|0|222|1,418|318|76%|0|0|350|896|88|172|0|0|71|796|1,581|24|05:32:31|Wahoo ELEMNT BOLT|https://www.strava.com/activities/4076718421
16.09.2020|174,62|05:24:58|4,243|0|280|5,03|496|96%|0|0|322|932|85|150|0|0|258|952|5,608|25|05:24:58|Wahoo ELEMNT BOLT|https://www.strava.com/activities/4068835663
15.09.2020|168,8|04:26:54|3,59|0|306|4,356|483|104%|0|0|379|886|91|151|0|0|272|995|4,856|27|04:26:54|Wahoo ELEMNT BOLT|https://www.strava.com/activities/4067317693
15.09.2020|0,01|00:00:00|0|0|170|3|3|58%|0|0|21|58|95|109|0|0|135|244|3|23|00:06:15|Wahoo ELEMNT BOLT|https://www.strava.com/activities/4062499923
14.09.2020|33,13|01:10:06|341|0|155|451|35|53%|0|0|284|608|84|139|0|0|107|544|445|28|01:17:31|Wahoo ELEMNT BOLT|https://www.strava.com/activities/4057831839
13.09.2020|17,22|00:21:54|6|0|87|50|3|30%|0|0|472|832|75|157|0|0|38|398|56|19|00:21:54|Wahoo ELEMNT BOLT|https://www.strava.com/activities/4054978796
13.09.2020|186,95|05:35:16|3,608|0|249|4,34|404|85%|0|0|335|860|81|156|0|0|216|980|4,839|27|05:35:45|Wahoo ELEMNT BOLT|https://www.strava.com/activities/4054983489
12.09.2020|200,32|04:40:47|2,564|0|278|4,097|422|95%|0|0|428|860|93|182|0|0|243|918|4,568|26|04:41:25|Wahoo ELEMNT BOLT|https://www.strava.com/activities/4049570315
11.09.2020|11|00:15:24|29|0|125|107|5|43%|0|0|429|608|86|107|0|0|115|299|119|18|00:24:38|Wahoo ELEMNT BOLT|https://www.strava.com/activities/4049544573
11.09.2020|197,29|05:13:53|4,39|0|300|4,848|546|102%|0|0|377|871|92|166|0|0|257|933|5,406|25|05:13:53|Wahoo ELEMNT BOLT|https://www.strava.com/activities/4049547353
10.09.2020|0|00:00:00|0|0|95|0|0|32%|0|0|0|0|0|111|0|0|0|160|0|0|00:03:02|Wahoo ELEMNT BOLT|https://www.strava.com/activities/4062295812
10.09.2020|220,78|05:19:47|3,533|0|270|4,529|453|92%|0|0|414|914|93|200|0|0|236|1,039|5,050|27|05:20:41|Wahoo ELEMNT BOLT|https://www.strava.com/activities/4039913405
09.09.2020|174,11|04:17:28|1,132|0|203|2,498|206|69%|0|0|406|749|87|200|0|0|162|922|2,785|30|04:18:42|Wahoo ELEMNT BOLT|https://www.strava.com/activities/4038192628
08.09.2020|174,06|03:54:31|732|0|227|2,638|234|77%|0|0|445|749|92|161|0|0|187|980|2,941|28|03:55:21|Wahoo ELEMNT BOLT|https://www.strava.com/activities/4033644167
07.09.2020|30,36|01:06:32|155|0|150|481|30|51%|0|0|274|486|81|168|0|0|121|425|479|22|01:10:04|Wahoo ELEMNT BOLT|https://www.strava.com/activities/4033645050
06.09.2020|161,41|04:34:27|3,434|0|293|4,2|469|100%|0|0|353|893|86|142|0|0|255|1|4,683|16|04:42:25|Wahoo ELEMNT BOLT|https://www.strava.com/activities/4033646301
05.09.2020|142,48|04:27:24|3,599|0|275|3,723|399|94%|0|0|320|864|83|153|0|0|232|774|4,151|26|04:34:17|Wahoo ELEMNT BOLT|https://www.strava.com/activities/4016547127
04.09.2020|172,68|03:44:43|2,058|0|296|3,53|382|101%|0|0|461|961|96|151|0|0|262|913|3,936|31|03:44:43|Wahoo ELEMNT BOLT|https://www.strava.com/activities/4011559849
03.09.2020|194,01|05:00:28|3,11|0|257|3,94|387|88%|0|0|387|896|88|184|0|0|219|1,112|4,394|29|05:01:21|Wahoo ELEMNT BOLT|https://www.strava.com/activities/4005881789
02.09.2020|185,58|04:34:12|1,445|0|219|2,69|257|75%|0|0|406|828|87|200|0|0|164|927|2,999|29|04:35:28|Wahoo ELEMNT BOLT|https://www.strava.com/activities/4001431313
01.09.2020|0|00:00:00|0|0|163|0|2|56%|0|0|0|0|0|109|0|0|0|214|0|0|00:05:00|Wahoo ELEMNT BOLT|https://www.strava.com/activities/3996750221
01.09.2020|160,78|04:13:41|3,141|0|271|3,671|361|92%|0|0|380|896|91|158|0|0|241|848|4,093|21|04:14:49|Wahoo ELEMNT BOLT|https://www.strava.com/activities/3996762860
07.10.2020|199,13|04:46:08|2,19|0|266|3,723|395|91%|0|0|418|846|90|200|0|0|217|1,788|4,151|14|04:47:20|Wahoo ELEMNT BOLT|https://www.strava.com/activities/4163624982
06.10.2020|31,71|00:59:34|47|0|241|712|66|82%|0|0|319|497|86|128|0|0|199|626|794|12|00:59:34|Wahoo ELEMNT BOLT|https://www.strava.com/activities/4157814101
05.10.2020|40,2|01:26:10|345|0|186|817|61|63%|0|0|280|619|80|153|0|0|158|507|911|11|01:45:38|Wahoo ELEMNT BOLT|https://www.strava.com/activities/4153764709
04.10.2020|260,96|06:44:04|4,449|0|277|5,638|606|95%|0|0|388|868|87|200|0|0|233|1,054|6,286|8|06:44:50|Wahoo ELEMNT BOLT|https://www.strava.com/activities/4150686940
03.10.2020|0,02|00:00:00|0|0|263|8|80|90%|0|0|29|97|102|110|0|0|239|499|9|12|01:00:01|Wahoo ELEMNT BOLT|https://www.strava.com/activities/4148382949
02.10.2020|88,35|02:59:24|1,639|0|219|1,917|173|75%|0|0|295|749|79|150|0|0|178|688|2,138|13|03:05:18|Wahoo ELEMNT BOLT|https://www.strava.com/activities/4144498352
01.10.2020|29,91|01:00:54|33|0|177|609|36|60%|0|0|295|418|89|125|0|0|167|671|606|10|01:00:54|Wahoo ELEMNT BOLT|https://www.strava.com/activities/4144491777
20.11.2020|67,96|02:11:28|20|0|197|1,514|105|67%|0|0|310|428|85|133|0|0|192|524|1,513|4|03:31:30|Wahoo ELEMNT BOLT|https://www.strava.com/activities/4364471181
19.11.2020|34,6|01:08:20|12|0|205|809|66|70%|0|0|304|500|86|116|0|0|197|923|799|7|02:09:16|Wahoo ELEMNT BOLT|https://www.strava.com/activities/4359725885
15.11.2020|61,2|02:19:21|1,054|0|202|1,507|111|69%|0|0|264|608|79|151|0|0|180|1,236|1,505|13|02:21:08|Wahoo ELEMNT BOLT|https://www.strava.com/activities/4341362302
14.11.2020|47,73|02:43:35|1,311|0|221|1,878|184|75%|0|0|175|601|67|197|0|0|191|1,088|1,808|13|03:16:11|Wahoo ELEMNT BOLT|https://www.strava.com/activities/4336536099
08.11.2020|83,46|02:51:34|881|0|195|1,845|127|67%|0|0|292|608|84|162|0|0|179|622|1,836|14|02:52:13|Wahoo ELEMNT BOLT|https://www.strava.com/activities/4312626194
07.11.2020|53,19|02:42:09|1,099|0|211|1,792|150|72%|0|0|197|619|70|216|0|0|184|752|1,742|14|02:53:41|Wahoo ELEMNT BOLT|https://www.strava.com/activities/4301760999
06.11.2020|47,87|02:29:39|1,104|0|227|1,793|162|77%|0|0|192|641|71|131|0|0|200|765|1,725|9|02:44:35|Wahoo ELEMNT BOLT|https://www.strava.com/activities/4297429605
04.11.2020|40,38|02:04:49|938|0|221|1,454|123|75%|0|0|194|554|69|145|0|0|194|989|1,407|7|02:11:08|Wahoo ELEMNT BOLT|https://www.strava.com/activities/4285252044
03.11.2020|39,31|01:58:11|908|0|215|1,33|108|73%|0|0|200|536|70|121|0|0|187|727|1,302|10|02:08:54|Wahoo ELEMNT BOLT|https://www.strava.com/activities/4280542959
