date|distance|mov_time|elevation|relativeEffort|avg_power_weig|work_total|training_load|intensity|estAvgPower|energyOutput|avg_speed|max_speed|avg_cadence|max_cadence|avg_heartRate|max_heartRate|avg_power|max_power|avg_calories|avg_temperature|avg_elap_time|bicycle_model|url
12/30/2020|42.13|01:30:52|327|0|0|0|0||143|779|27.8|52.6|0|0|89|119|0|0|701|11|02:32:31|Garmin Edge 1030|https://www.strava.com/activities/4538967518
12/26/2020|93.53|03:18:33|1769|0|237|1477|87|58%|0|0|28.3|65.5|85|120|106|148|124|558|2,278|7|03:41:29|Garmin Edge 1030|https://www.strava.com/activities/4520775430
12/25/2020|43.1|01:32:13|411|0|196|982|38|48%|0|0|28|65.2|82|111|88|125|178|553|982|12|05:10:23|Garmin Edge 1030|https://www.strava.com/activities/4520775047
12/23/2020|124.79|04:22:54|2138|0|254|3392|176|62%|0|0|28.5|61.2|78|115|108|155|215|844|3,378|13|06:00:32|Garmin Edge 1030|https://www.strava.com/activities/4508533134
12/22/2020|41.16|01:31:06|307|0|173|833|28|42%|0|0|27.1|54|82|111|85|114|152|525|831|14|02:24:10|Garmin Edge 1030|https://www.strava.com/activities/4503643069
12/19/2020|122.92|04:00:21|1647|0|253|3142|152|61%|0|0|30.7|59|84|121|114|151|218|1210|3,131|13|04:04:49|Garmin Edge 1030|https://www.strava.com/activities/4490903434
12/18/2020|51.87|01:49:44|502|0|206|1208|46|50%|0|0|28.4|53.6|86|122|93|131|183|601|1,199|10|01:51:05|Garmin Edge 1030|https://www.strava.com/activities/4486364559
12/31/2020|176.46|05:43:33|2578|0|0|0|0||220|4529|30.8|72.4|0|0|113|169|0|0|3,647|10|06:10:35|Garmin Edge 1030|https://www.strava.com/activities/4544827298
12/29/2020|154.91|05:17:35|2853|0|0|0|0||218|4145|29.3|65.5|0|0|109|143|0|0|3,278|7|06:11:07|Garmin Edge 1030|https://www.strava.com/activities/4535100869
12/28/2020|118.29|04:00:10|1747|0|0|0|0||213|3072|29.6|64.1|0|0|112|164|0|0|2,588|12|04:25:57|Garmin Edge 1030|https://www.strava.com/activities/4530068812
12/27/2020|120.1|04:01:25|1729|0|0|0|0||200|2892|29.9|60.5|0|0|111|162|0|0|2,583|10|05:12:02|Garmin Edge 1030|https://www.strava.com/activities/4525246127
12/24/2020|151.64|05:10:02|2810|0|267|4228|226|65%|0|0|29.3|69.5|84|120|113|159|227|852|4,192|12|05:55:55|Garmin Edge 1030|https://www.strava.com/activities/4512544635
12/21/2020|160.27|05:38:30|2775|0|250|4421|216|61%|0|0|28.4|69.5|81|118|105|149|218|918|4,412|11|06:05:27|Garmin Edge 1030|https://www.strava.com/activities/4500191544
12/20/2020|150.89|05:06:19|1935|0|250|3961|203|61%|0|0|29.6|72|85|119|106|155|216|1183|3,955|13|05:50:58|Garmin Edge 1030|https://www.strava.com/activities/4496545298
12/17/2020|147.08|04:54:58|2352|0|261|3826|202|63%|0|0|29.9|86.8|84|125|109|158|216|952|3,795|12|05:13:06|Garmin Edge 1030|https://www.strava.com/activities/4483284383
12/16/2020|116.71|04:05:48|2151|0|249|2861|152|60%|0|0|28.5|65.2|82|122|105|159|194|1222|2,853|12|04:24:24|Garmin Edge 1030|https://www.strava.com/activities/4479278263
12/15/2020|113.5|04:00:07|2197|0|269|3237|172|65%|0|0|28.4|78.5|81|141|117|157|225|1193|3,233|14|04:03:16|Garmin Edge 1030|https://www.strava.com/activities/4475042601
12/14/2020|36.01|01:23:32|545|0|185|821|29|45%|0|0|25.9|72.7|79|119|0|0|164|566|817|11|02:30:06|Garmin Edge 1030|https://www.strava.com/activities/4471469122
12/13/2020|154.27|05:04:26|2503|0|252|4095|194|61%|0|0|30.4|67|85|121|109|136|224|752|4,092|15|05:38:20|Garmin Edge 1030|https://www.strava.com/activities/4467687959
12/12/2020|134.43|04:33:26|2001|0|253|3580|179|61%|0|0|29.5|66.6|85|116|116|161|218|1228|3,574|16|05:07:13|Garmin Edge 1030|https://www.strava.com/activities/4462557766
12/11/2020|122.24|04:08:23|1686|0|249|3283|154|60%|0|0|29.5|76.3|86|117|119|146|220|758|3,279|16|04:26:24|Garmin Edge 1030|https://www.strava.com/activities/4458387322
6/14/2019|86.17|03:12:27|1073|0|230|2028|110|57%|0|0|26.9|56.5|74|160|122|182|176|1390|2,036|24|03:33:11|Garmin Edge 520|https://www.strava.com/activities/2448922853
7/31/2019|92.53|03:09:36|773|0|228|2039|106|56%|0|0|29.3|78.1|73|126|123|172|179|1315|2,029|21|04:25:28|Garmin Edge 520|https://www.strava.com/activities/2578146300
7/30/2019|43.38|01:35:52|276|0|156|777|25|39%|0|0|27.2|51.5|74|108|107|139|135|566|780|23|02:23:18|Garmin Edge 520|https://www.strava.com/activities/2574914285
7/29/2019|186.22|06:32:54|2972|0|249|4756|264|62%|0|0|28.4|77.8|77|134|140|186|202|1324|4,740|28|07:43:22|Garmin Edge 520|https://www.strava.com/activities/2573050063
7/27/2019|147.11|05:20:50|2509|0|245|3200|196|61%|0|0|27.5|77.8|78|116|133|188|166|796|3,350|23|06:10:32|Garmin Edge 520|https://www.strava.com/activities/2567096201
7/26/2019|80.1|02:57:26|1017|0|253|2081|123|63%|0|0|27.1|56.5|78|128|135|183|195|1109|2,061|27|03:10:40|Garmin Edge 520|https://www.strava.com/activities/2564175062
7/26/2019|14.38|00:30:16|45|0|274|358|24|68%|0|0|28.5|41|83|132|116|150|197|2488|5,632|25|00:38:51|Garmin Edge 520|https://www.strava.com/activities/2564173997
7/24/2019|102.44|03:18:45|889|0|181|1793|70|45%|0|0|30.9|70.2|82|145|137|177|150|1419|1,795|30|03:33:46|Garmin Edge 520|https://www.strava.com/activities/2558895070
8/25/2019|52.7|01:33:27|165|0|193|1007|35|48%|0|0|33.8|80.3|86|104|123|147|180|401|1,012|8|01:33:45|Garmin Edge 520|https://www.strava.com/activities/2649147886
8/24/2019|147.14|05:30:00|3262|0|261|4056|242|65%|0|0|26.8|103.7|75|134|138|181|205|908|4,048|15|06:08:00|Garmin Edge 520|https://www.strava.com/activities/2646939665
8/23/2019|113.53|04:00:23|2210|0|249|2955|158|62%|0|0|28.3|86.4|71|126|139|177|205|1145|2,945|13|04:20:23|Garmin Edge 520|https://www.strava.com/activities/2643867773
8/21/2019|67.68|02:14:39|700|0|200|1395|59|50%|0|0|30.2|91.4|78|120|122|159|173|714|1,398|11|02:36:18|Garmin Edge 520|https://www.strava.com/activities/2642317798
8/20/2019|160.44|05:23:09|2118|0|234|3772|190|58%|0|0|29.8|97.9|79|132|142|179|195|871|3,777|12|06:10:56|Garmin Edge 520|https://www.strava.com/activities/2635330577
8/18/2019|19.61|01:44:12|558|0|0|0|0||0|0|11.3|31.3|0|0|82|133|0|0|334|24|03:15:37|Garmin Edge 520|https://www.strava.com/activities/2629894597
8/17/2019|124.67|04:04:08|1566|0|248|2900|158|61%|0|0|30.6|68.8|79|123|127|171|198|978|2,905|21|04:14:19|Garmin Edge 520|https://www.strava.com/activities/2626390337
8/16/2019|98.49|03:36:32|1655|0|254|2533|151|63%|0|0|27.3|61.9|70|124|128|177|195|1322|2,523|21|04:48:45|Garmin Edge 520|https://www.strava.com/activities/2623927781
8/15/2019|89.3|03:10:17|1264|0|227|2113|102|56%|0|0|28.2|61.6|77|124|122|163|185|1315|2,122|21|03:14:45|Garmin Edge 520|https://www.strava.com/activities/2620776921
8/14/2019|98.83|03:32:17|1418|0|239|2226|132|59%|0|0|27.9|68.8|75|114|124|174|175|1302|2,223|22|04:32:26|Garmin Edge 520|https://www.strava.com/activities/2618108549
8/10/2019|31.7|01:12:12|69|0|178|630|26|44%|0|0|26.3|46.8|72|134|111|140|145|1316|640|20|01:30:37|Garmin Edge 520|https://www.strava.com/activities/2610001883
8/9/2019|65.37|02:04:10|1317|0|265|1523|91|66%|0|0|31.6|95|77|158|132|180|204|1539|1,566|26|02:09:42|Garmin Edge 520|https://www.strava.com/activities/2604133795
8/8/2019|176.29|05:15:53|3550|0|286|4225|276|71%|0|0|33.5|84.2|78|137|143|185|223|1324|4,280|19|05:37:21|Garmin Edge 520|https://www.strava.com/activities/2602106839
8/5/2019|0.24|00:01:44|34|0|19|2|0|5%|0|0|8.5|12.2|51|62|107|110|17|182|2|20|00:01:44|Garmin Edge 520|https://www.strava.com/activities/2593705729
8/3/2019|6.02|00:16:39|29|0|91|81|1|23%|0|0|21.7|33.1|67|93|123|179|81|355|85|17|00:22:59|Garmin Edge 520|https://www.strava.com/activities/2587578049
8/2/2019|60.82|01:55:59|491|0|179|1005|39|44%|0|0|31.5|70.6|77|132|120|180|144|1559|1,014|21|02:21:10|Garmin Edge 520|https://www.strava.com/activities/2583700668
8/1/2019|24.99|00:54:02|177|0|185|486|19|46%|0|0|27.8|60.5|75|131|116|165|150|1437|483|22|00:55:16|Garmin Edge 520|https://www.strava.com/activities/2581518142
8/31/2019|195.33|04:50:47|1683|0|240|2828|156|59%|0|0|40.3|89.3|85|137|138|190|162|1006|3,305|30|04:55:00|Garmin Edge 520|https://www.strava.com/activities/2668323813
8/30/2019|206.34|04:46:57|2129|0|276|3666|222|68%|0|0|43.1|86.8|90|174|147|190|213|1606|3,779|23|04:47:15|Garmin Edge 520|https://www.strava.com/activities/2664742433
8/29/2019|168.39|03:58:38|1298|0|236|2563|136|58%|0|0|42.3|89.3|85|148|138|200|179|1203|2,664|24|04:01:23|Garmin Edge 520|https://www.strava.com/activities/2662255477
8/27/2019|112.13|03:48:06|1029|0|198|2321|95|49%|0|0|29.5|61.6|84|121|126|168|170|612|2,327|24|04:26:39|Garmin Edge 520|https://www.strava.com/activities/2655555041
8/13/2019|63.94|02:16:07|675|0|192|1322|56|48%|0|0|28.2|69.8|73|105|121|161|162|1089|1,328|26|03:32:32|Garmin Edge 520|https://www.strava.com/activities/2618107005
8/11/2019|171.64|03:45:49|161|0|298|3661|207|74%|0|0|45.6|67.7|94|132|161|187|270|1268|3,832|18|03:48:09|Garmin Edge 520|https://www.strava.com/activities/2610004146
8/7/2019|157.25|04:09:11|2086|0|260|3009|172|64%|0|0|37.9|87.1|84|154|140|192|201|1105|3,088|27|04:11:28|Garmin Edge 520|https://www.strava.com/activities/2598862942
8/6/2019|140.12|04:20:47|1474|0|189|2092|97|47%|0|0|32.2|74.9|72|115|108|161|134|816|2,132|28|04:31:55|Garmin Edge 520|https://www.strava.com/activities/2598861875
8/5/2019|152.89|03:37:19|822|0|230|2498|117|57%|0|0|42.2|74.5|84|154|130|196|192|1217|2,584|21|03:37:41|Garmin Edge 520|https://www.strava.com/activities/2593706178
8/4/2019|155.87|03:44:20|842|0|230|2420|122|57%|0|0|41.7|75.6|85|136|135|198|180|1138|2,548|21|03:46:48|Garmin Edge 520|https://www.strava.com/activities/2590883680
8/3/2019|138.31|03:19:53|1281|0|255|2419|133|63%|0|0|41.5|82.4|84|164|142|201|202|1386|2,503|15|03:20:41|Garmin Edge 520|https://www.strava.com/activities/2587578226
9/30/2019|114.96|04:06:01|1443|0|206|2456|113|51%|0|0|28|63.7|73|110|124|175|166|871|2,457|19|04:38:54|Garmin Edge 520|https://www.strava.com/activities/2751750256
9/29/2019|58.82|02:03:13|393|0|165|1082|37|41%|0|0|28.6|57.6|73|100|112|141|146|984|1,089|18|02:38:49|Garmin Edge 520|https://www.strava.com/activities/2748731796
9/28/2019|75.91|02:53:30|472|0|143|563|29|35%|0|0|26.3|59.4|75|102|109|169|54|445|840|20|03:47:51|Garmin Edge 520|https://www.strava.com/activities/2746374692
9/20/2019|27.26|01:13:34|10|0|135|400|15|33%|0|0|22.2|42.1|72|139|95|153|91|494|423|19|01:49:51|Garmin Edge 520|https://www.strava.com/activities/2724783881
9/17/2019|62.58|02:05:22|521|0|220|328|28|54%|0|0|30|59.8|56|123|109|167|44|1012|835|27|02:12:50|Garmin Edge 520|https://www.strava.com/activities/2716629566
9/16/2019|29.1|01:07:28|162|0|0|0|0||0|0|25.9|41|0|0|0|0|0|0|900|25|01:49:22|Garmin Edge 520|https://www.strava.com/activities/2716628979
9/13/2019|41.51|01:29:53|326|0|180|771|31|45%|0|0|27.7|57.2|77|138|112|154|143|1051|776|22|01:51:32|Garmin Edge 520|https://www.strava.com/activities/2704275793
9/12/2019|68.55|02:23:11|386|0|160|1136|41|40%|0|0|28.7|58.3|77|111|109|151|132|755|1,140|23|03:39:56|Garmin Edge 520|https://www.strava.com/activities/2704115842
9/11/2019|157.24|05:32:52|2048|0|246|3794|214|61%|0|0|28.3|66.6|74|117|129|182|190|1293|3,776|19|05:50:32|Garmin Edge 520|https://www.strava.com/activities/2698994561
9/10/2019|130.8|04:48:36|2320|0|253|3427|200|63%|0|0|27.2|66.2|71|114|131|175|198|1288|3,429|17|05:11:48|Garmin Edge 520|https://www.strava.com/activities/2696059936
9/9/2019|93.35|03:12:31|1062|0|221|2099|100|55%|0|0|29.1|61.6|77|110|129|168|182|1108|2,098|18|03:22:22|Garmin Edge 520|https://www.strava.com/activities/2694260074
9/8/2019|67.85|01:46:22|48|0|298|1362|112|74%|0|0|38.3|81|83|139|155|203|213|1331|1,384|23|02:52:13|Garmin Edge 520|https://www.strava.com/activities/2691226205
9/6/2019|18.27|00:33:06|38|0|299|491|30|74%|0|0|33.1|73.8|100|140|172|191|247|1217|491|21|00:33:47|Garmin Edge 520|https://www.strava.com/activities/2684738601
9/6/2019|4.28|00:12:02|11|0|302|186|11|75%|0|0|21.4|62.6|95|127|163|187|257|1408|181|22|00:12:02|Garmin Edge 520|https://www.strava.com/activities/2684507405
9/6/2019|8.84|00:19:40|14|0|320|280|22|79%|0|0|27|80.3|85|135|149|186|237|976|280|19|00:22:50|Garmin Edge 520|https://www.strava.com/activities/2684507305
9/6/2019|20.62|00:37:06|24|0|300|546|37|74%|0|0|33.4|69.1|91|132|150|191|245|1292|549|20|00:41:49|Garmin Edge 520|https://www.strava.com/activities/2684247328
9/5/2019|46.64|01:39:48|322|0|169|844|31|42%|0|0|28|66.2|82|125|110|159|141|790|844|22|02:30:10|Garmin Edge 520|https://www.strava.com/activities/2684156511
9/3/2019|56.1|01:49:54|306|0|181|1041|38|45%|0|0|30.6|56.2|73|110|116|150|158|1200|1,043|23|02:17:20|Garmin Edge 520|https://www.strava.com/activities/2675933689
9/21/2019|197.61|05:03:04|2655|0|305|4663|286|75%|0|0|39.1|76.7|88|188|158|196|256|1305|4,759|19|05:03:04|Garmin Edge 520|https://www.strava.com/activities/2727931785
9/19/2019|198.89|04:36:01|2079|0|291|3928|244|72%|0|0|43.2|100.8|88|197|155|195|237|1810|4,030|26|04:42:19|Garmin Edge 520|https://www.strava.com/activities/2722332530
9/18/2019|97.58|02:48:11|959|0|226|1730|89|56%|0|0|34.8|77|80|148|124|182|171|1146|1,768|27|02:51:23|Garmin Edge 520|https://www.strava.com/activities/2719234055
9/15/2019|198.42|04:42:21|1795|0|263|3460|202|65%|0|0|42.2|95|87|139|145|193|204|1547|3,635|24|04:47:38|Garmin Edge 520|https://www.strava.com/activities/2711291491
9/14/2019|148.13|04:06:35|2069|0|262|2928|175|65%|0|0|36|86|83|147|148|192|198|1142|3,018|25|04:12:54|Garmin Edge 520|https://www.strava.com/activities/2707740213
9/4/2019|140.07|04:20:03|919|0|250|3213|171|62%|0|0|32.3|59|77|130|137|186|206|1223|3,210|24|04:54:02|Garmin Edge 520|https://www.strava.com/activities/2679213853
9/1/2019|162.49|03:56:58|2090|0|284|3076|196|70%|0|0|41.1|87.8|87|210|142|190|216|1709|3,216|20|04:01:05|Garmin Edge 520|https://www.strava.com/activities/2670580844
10/12/2019|59.5|02:11:53|410|0|0|0|0||0|0|27.1|52.9|0|0|121|166|0|0|997|12|02:25:41|Garmin Edge 520|https://www.strava.com/activities/2782007508
10/11/2019|55.55|01:55:47|370|0|0|0|0||0|0|28.8|53.3|0|0|121|160|0|0|976|15|03:02:39|Garmin Edge 520|https://www.strava.com/activities/2782007171
10/5/2019|74.15|02:46:21|651|0|203|1583|74|50%|0|0|26.7|55.1|72|128|119|179|159|946|1,582|14|04:52:53|Garmin Edge 520|https://www.strava.com/activities/2770547552
10/5/2019|78.17|01:43:21|55|0|0|0|0||0|0|45.4|58.7|0|0|0|0|0|0|2,212|19|01:43:21|Garmin Edge 520|https://www.strava.com/activities/2793730223
11/30/2019|111.91|04:03:05|1192|0|196|2242|102|49%|0|0|27.6|73.4|73|121|127|180|154|1326|2,240|7|04:41:17|Garmin Edge 520|https://www.strava.com/activities/2904014002
11/29/2019|32.37|01:09:23|190|0|158|613|19|39%|0|0|28|52.9|79|119|125|165|147|1295|613|9|01:24:49|Garmin Edge 520|https://www.strava.com/activities/2904011860
11/28/2019|83.34|02:59:17|687|0|177|1611|61|44%|0|0|27.9|58.7|75|112|126|167|150|1254|1,611|7|03:31:00|Garmin Edge 520|https://www.strava.com/activities/2904011729
11/26/2019|53.77|01:59:41|753|0|212|1160|56|52%|0|0|27|56.2|70|96|129|174|162|845|1,162|8|02:21:09|Garmin Edge 520|https://www.strava.com/activities/2904010447
12/30/2019|92.5|03:20:40|1366|0|253|2436|139|63%|0|0|27.7|64.1|76|100|131|227|202|947|2,716|7|03:37:09|SRM PC8|https://www.strava.com/activities/2968090214
12/29/2019|65.64|02:18:42|774|0|219|1641|71|54%|0|0|28.4|55.4|78|110|123|155|197|554|1,830|6|02:25:45|SRM PC8|https://www.strava.com/activities/2968069069
12/27/2019|4.85|00:38:40|10|0|201|219|48|50%|0|0|7.5|40.3|44|128|126|182|95|1142|849|10|02:44:52|Garmin Edge 520|https://www.strava.com/activities/2960307424
12/25/2019|70.78|02:23:41|655|0|236|1718|84|58%|0|0|29.6|66.2|77|125|127|185|199|1286|1,915|10|02:47:22|SRM PC8|https://www.strava.com/activities/2955256883
12/23/2019|128.7|04:20:08|1585|0|251|3234|176|62%|0|0|29.7|69.8|80|118|138|184|207|1031|3,606|14|04:42:34|SRM PC8|https://www.strava.com/activities/2951532400
12/21/2019|65.16|02:25:29|878|0|237|1711|90|59%|0|0|26.9|63.4|70|105|138|183|196|1067|1,908|10|02:55:44|SRM PC8|https://www.strava.com/activities/2947493181
12/18/2019|92.39|03:05:47|1012|0|212|1943|87|52%|0|0|29.8|67.7|75|123|69|181|174|1235|2,167|16|03:12:26|SRM PC8|https://www.strava.com/activities/2942860552
12/17/2019|170.78|05:57:20|3440|0|238|3954|220|59%|0|0|28.7|89.3|74|123|123|173|184|1305|4,409|16|06:36:05|SRM PC8|https://www.strava.com/activities/2939161171
12/16/2019|167.97|05:52:14|2567|0|221|3453|189|55%|0|0|28.6|69.1|72|123|124|187|163|1338|3,850|16|06:29:03|SRM PC8|https://www.strava.com/activities/2936995258
12/15/2019|24.46|00:54:54|204|0|144|313|13|36%|0|0|26.7|64.8|69|157|0|0|95|1237|349|19|01:04:09|SRM PC8|https://www.strava.com/activities/2936975400
12/14/2019|176.6|05:58:03|3059|0|236|3946|209|58%|0|0|29.6|86.4|73|150|128|176|184|1434|4,400|19|06:16:59|SRM PC8|https://www.strava.com/activities/2932762360
12/12/2019|89.76|03:04:57|1159|0|224|2009|98|55%|0|0|29.1|60.5|76|136|129|195|181|1501|2,014|20|03:14:18|Garmin Edge 520|https://www.strava.com/activities/2928299097
12/11/2019|35.12|01:20:34|491|0|187|737|29|46%|0|0|26.2|52.6|72|117|109|141|152|573|737|14|01:23:26|Garmin Edge 520|https://www.strava.com/activities/2926331507
12/9/2019|72.53|02:36:32|1032|0|245|1907|101|61%|0|0|27.8|59.4|72|112|134|179|203|951|1,893|2|02:47:52|Garmin Edge 520|https://www.strava.com/activities/2926202453
12/7/2019|72.96|02:35:37|714|0|205|1699|74|51%|0|0|28.1|64.8|74|119|127|166|182|1357|1,697|3|03:44:58|Garmin Edge 520|https://www.strava.com/activities/2916874008
12/6/2019|69.26|02:36:22|880|0|224|1715|83|55%|0|0|26.6|62.6|71|118|126|172|183|1184|1,709|1|02:53:57|Garmin Edge 520|https://www.strava.com/activities/2914749383
12/5/2019|111.97|04:07:59|1491|0|226|2610|134|56%|0|0|27.1|64.8|73|111|127|182|175|1212|2,610|4|04:26:32|Garmin Edge 520|https://www.strava.com/activities/2912830250
12/3/2019|97.99|03:52:38|1685|0|235|2531|146|58%|0|0|25.3|60.5|72|109|133|187|181|575|2,520|4|04:28:31|Garmin Edge 520|https://www.strava.com/activities/2908211837
12/2/2019|69.13|02:43:25|905|0|215|1668|82|53%|0|0|25.4|56.2|70|101|0|0|170|962|1,659|6|03:29:22|Garmin Edge 520|https://www.strava.com/activities/2906053696
12/31/2019|164.69|05:45:25|2016|0|242|4003|222|60%|0|0|28.6|67|74|114|137|188|193|1196|4,464|9|06:39:39|SRM PC8|https://www.strava.com/activities/2970811850
12/24/2019|134.34|04:54:53|2300|0|245|3514|201|61%|0|0|27.3|67|73|117|129|253|199|1173|3,918|10|05:50:26|SRM PC8|https://www.strava.com/activities/2953737407
12/13/2019|128.38|04:35:17|1936|0|241|2869|176|60%|0|0|28|67.3|73|125|129|187|174|1478|2,877|20|05:27:32|Garmin Edge 520|https://www.strava.com/activities/2956209416
12/4/2019|69.54|02:38:22|928|0|225|1724|87|56%|0|0|26.3|67.3|71|149|128|175|181|793|1,715|3|02:48:57|Garmin Edge 520|https://www.strava.com/activities/2910453813
1/31/2020|54.7|02:00:04|216|0|120|761|20|30%|0|0|27.3|49|74|106|85|199|106|494|849|38|03:02:18|SRM PC8|https://www.strava.com/activities/3060755934
1/30/2020|161.23|04:05:48|1490|0|250|2880|168|62%|0|0|39.4|93.6|85|137|140|199|195|1185|3,211|36|05:12:02|SRM PC8|https://www.strava.com/activities/3055890920
1/29/2020|18.3|00:41:23|88|0|147|336|10|36%|0|0|26.5|55.4|75|97|112|133|135|812|375|31|01:25:57|SRM PC8|https://www.strava.com/activities/3055414471
1/29/2020|104.84|03:18:43|1034|0|214|2042|100|53%|0|0|31.7|70.6|78|224|117|168|171|1068|2,277|28|03:36:21|SRM PC8|https://www.strava.com/activities/3055412251
1/28/2020|54.3|01:56:24|272|0|128|765|21|32%|0|0|28|54|75|155|93|135|110|523|853|27|02:40:27|SRM PC8|https://www.strava.com/activities/3055403894
1/23/2020|21.42|00:42:50|160|0|134|264|11|33%|0|0|30|78.5|72|141|110|147|103|1523|294|24|01:03:02|SRM PC8|https://www.strava.com/activities/3035532323
1/22/2020|18.78|00:36:16|128|0|162|208|10|40%|0|0|31.1|63.4|65|133|113|155|95|745|232|21|00:40:16|SRM PC8|https://www.strava.com/activities/3035517606
1/20/2020|34.46|01:19:53|104|0|123|525|14|30%|0|0|25.9|45.4|79|203|103|253|109|1025|585|22|02:02:09|SRM PC8|https://www.strava.com/activities/3027044189
1/19/2020|34.78|01:17:40|60|0|101|442|9|25%|0|0|26.9|40.3|75|117|90|120|95|589|493|22|02:01:38|SRM PC8|https://www.strava.com/activities/3023695759
1/18/2020|72.24|02:48:23|984|0|0|0|0||0|0|25.7|67|0|0|108|146|0|0||28|03:47:03|SRM PC8|https://www.strava.com/activities/3023697607
1/17/2020|86.45|02:47:57|178|0|183|1356|62|45%|0|0|30.9|65.5|76|122|107|219|135|1096|1,512|25|03:12:32|SRM PC8|https://www.strava.com/activities/3020213247
1/16/2020|127.29|04:17:53|2095|0|234|2982|161|58%|0|0|29.6|103.7|73|142|90|231|193|1401|3,325|22|04:55:53|SRM PC8|https://www.strava.com/activities/3015369399
1/15/2020|60.39|02:05:32|1208|0|234|1425|79|58%|0|0|28.9|75.6|75|114|113|201|189|917|1,589|27|02:28:27|SRM PC8|https://www.strava.com/activities/3012433098
1/14/2020|61.95|01:59:35|136|0|171|1074|40|42%|0|0|31.1|46.8|77|130|120|219|150|1414|1,198|33|03:12:16|SRM PC8|https://www.strava.com/activities/3009619787
1/13/2020|61.98|01:56:23|140|0|159|983|33|39%|0|0|32|47.5|77|119|123|159|141|1004|1,096|33|02:43:32|SRM PC8|https://www.strava.com/activities/3007007955
1/9/2020|71.59|02:30:26|989|0|257|1870|116|64%|0|0|28.6|75.6|76|147|97|188|207|1285|2,085|4|02:57:34|SRM PC8|https://www.strava.com/activities/2999930616
1/8/2020|116.87|04:10:25|1782|0|245|3076|168|61%|0|0|28|72|76|107|137|218|205|823|3,430|8|04:47:23|SRM PC8|https://www.strava.com/activities/2999905295
1/6/2020|119.1|04:19:01|1724|0|231|3050|151|57%|0|0|27.6|65.5|70|114|126|174|196|799|3,400|8|05:22:16|SRM PC8|https://www.strava.com/activities/2987642376
1/4/2020|152.63|05:23:06|2392|0|247|3882|212|61%|0|0|28.3|68.4|75|121|129|182|200|1342|4,329|10|06:07:08|SRM PC8|https://www.strava.com/activities/2981490198
1/2/2020|42.71|01:26:09|260|0|195|952|35|48%|0|0|29.7|53.3|78|109|115|148|184|1027|1,062|9|01:44:51|SRM PC8|https://www.strava.com/activities/2981409357
1/26/2020|212.41|05:29:29|2221|0|256|4038|225|63%|0|0|38.7|92.2|79|133|132|189|204|1244|4,502|28|06:04:06|SRM PC8|https://www.strava.com/activities/3043806621
1/25/2020|158.08|03:56:09|1709|0|274|2758|184|68%|0|0|40.2|85.7|82|169|134|197|195|1364|3,075|27|04:09:15|SRM PC8|https://www.strava.com/activities/3040607234
1/24/2020|153.35|03:29:19|1508|0|255|2547|139|63%|0|0|44|110.2|85|146|137|194|203|1221|2,840|25|03:29:53|SRM PC8|https://www.strava.com/activities/3038210528
1/24/2020|9.29|00:21:17|74|0|146|131|4|36%|0|0|26.2|43.2|72|106|104|163|102|898|146|26|00:21:58|SRM PC8|https://www.strava.com/activities/3038344757
1/23/2020|124.22|03:14:34|2258|0|275|2605|171|68%|0|0|38.3|97.9|82|173|134|194|223|1325|2,905|20|03:58:06|SRM PC8|https://www.strava.com/activities/3035515754
1/22/2020|128.09|03:19:03|2088|0|277|2559|171|69%|0|0|38.6|105.8|83|141|138|194|214|1335|2,853|27|03:59:45|SRM PC8|https://www.strava.com/activities/3032663958
1/21/2020|150.68|03:30:21|1201|0|259|2521|144|64%|0|0|43|81.4|84|216|136|203|200|1611|2,811|30|03:31:46|SRM PC8|https://www.strava.com/activities/3029995898
1/19/2020|52.15|01:10:49|96|0|325|1228|76|80%|0|0|44.2|72.7|88|130|167|203|289|1288|1,369|19|01:11:17|SRM PC8|https://www.strava.com/activities/3024136355
1/31/2020|54.7|02:00:04|216|0|120|761|20|30%|0|0|27.3|49|74|106|85|199|106|494|849|38|03:02:18|SRM PC8|https://www.strava.com/activities/3060755934
1/30/2020|161.23|04:05:48|1490|0|250|2880|168|62%|0|0|39.4|93.6|85|137|140|199|195|1185|3,211|36|05:12:02|SRM PC8|https://www.strava.com/activities/3055890920
1/29/2020|18.3|00:41:23|88|0|147|336|10|36%|0|0|26.5|55.4|75|97|112|133|135|812|375|31|01:25:57|SRM PC8|https://www.strava.com/activities/3055414471
1/29/2020|104.84|03:18:43|1034|0|214|2042|100|53%|0|0|31.7|70.6|78|224|117|168|171|1068|2,277|28|03:36:21|SRM PC8|https://www.strava.com/activities/3055412251
1/28/2020|54.3|01:56:24|272|0|128|765|21|32%|0|0|28|54|75|155|93|135|110|523|853|27|02:40:27|SRM PC8|https://www.strava.com/activities/3055403894
1/23/2020|21.42|00:42:50|160|0|134|264|11|33%|0|0|30|78.5|72|141|110|147|103|1523|294|24|01:03:02|SRM PC8|https://www.strava.com/activities/3035532323
1/22/2020|18.78|00:36:16|128|0|162|208|10|40%|0|0|31.1|63.4|65|133|113|155|95|745|232|21|00:40:16|SRM PC8|https://www.strava.com/activities/3035517606
1/20/2020|34.46|01:19:53|104|0|123|525|14|30%|0|0|25.9|45.4|79|203|103|253|109|1025|585|22|02:02:09|SRM PC8|https://www.strava.com/activities/3027044189
1/19/2020|34.78|01:17:40|60|0|101|442|9|25%|0|0|26.9|40.3|75|117|90|120|95|589|493|22|02:01:38|SRM PC8|https://www.strava.com/activities/3023695759
1/18/2020|72.24|02:48:23|984|0|0|0|0||0|0|25.7|67|0|0|108|146|0|0||28|03:47:03|SRM PC8|https://www.strava.com/activities/3023697607
1/17/2020|86.45|02:47:57|178|0|183|1356|62|45%|0|0|30.9|65.5|76|122|107|219|135|1096|1,512|25|03:12:32|SRM PC8|https://www.strava.com/activities/3020213247
1/16/2020|127.29|04:17:53|2095|0|234|2982|161|58%|0|0|29.6|103.7|73|142|90|231|193|1401|3,325|22|04:55:53|SRM PC8|https://www.strava.com/activities/3015369399
1/15/2020|60.39|02:05:32|1208|0|234|1425|79|58%|0|0|28.9|75.6|75|114|113|201|189|917|1,589|27|02:28:27|SRM PC8|https://www.strava.com/activities/3012433098
1/14/2020|61.95|01:59:35|136|0|171|1074|40|42%|0|0|31.1|46.8|77|130|120|219|150|1414|1,198|33|03:12:16|SRM PC8|https://www.strava.com/activities/3009619787
1/13/2020|61.98|01:56:23|140|0|159|983|33|39%|0|0|32|47.5|77|119|123|159|141|1004|1,096|33|02:43:32|SRM PC8|https://www.strava.com/activities/3007007955
1/9/2020|71.59|02:30:26|989|0|257|1870|116|64%|0|0|28.6|75.6|76|147|97|188|207|1285|2,085|4|02:57:34|SRM PC8|https://www.strava.com/activities/2999930616
1/8/2020|116.87|04:10:25|1782|0|245|3076|168|61%|0|0|28|72|76|107|137|218|205|823|3,430|8|04:47:23|SRM PC8|https://www.strava.com/activities/2999905295
1/6/2020|119.1|04:19:01|1724|0|231|3050|151|57%|0|0|27.6|65.5|70|114|126|174|196|799|3,400|8|05:22:16|SRM PC8|https://www.strava.com/activities/2987642376
1/4/2020|152.63|05:23:06|2392|0|247|3882|212|61%|0|0|28.3|68.4|75|121|129|182|200|1342|4,329|10|06:07:08|SRM PC8|https://www.strava.com/activities/2981490198
1/2/2020|42.71|01:26:09|260|0|195|952|35|48%|0|0|29.7|53.3|78|109|115|148|184|1027|1,062|9|01:44:51|SRM PC8|https://www.strava.com/activities/2981409357
1/26/2020|212.41|05:29:29|2221|0|256|4038|225|63%|0|0|38.7|92.2|79|133|132|189|204|1244|4,502|28|06:04:06|SRM PC8|https://www.strava.com/activities/3043806621
1/25/2020|158.08|03:56:09|1709|0|274|2758|184|68%|0|0|40.2|85.7|82|169|134|197|195|1364|3,075|27|04:09:15|SRM PC8|https://www.strava.com/activities/3040607234
1/24/2020|153.35|03:29:19|1508|0|255|2547|139|63%|0|0|44|110.2|85|146|137|194|203|1221|2,840|25|03:29:53|SRM PC8|https://www.strava.com/activities/3038210528
1/24/2020|9.29|00:21:17|74|0|146|131|4|36%|0|0|26.2|43.2|72|106|104|163|102|898|146|26|00:21:58|SRM PC8|https://www.strava.com/activities/3038344757
1/23/2020|124.22|03:14:34|2258|0|275|2605|171|68%|0|0|38.3|97.9|82|173|134|194|223|1325|2,905|20|03:58:06|SRM PC8|https://www.strava.com/activities/3035515754
1/22/2020|128.09|03:19:03|2088|0|277|2559|171|69%|0|0|38.6|105.8|83|141|138|194|214|1335|2,853|27|03:59:45|SRM PC8|https://www.strava.com/activities/3032663958
1/21/2020|150.68|03:30:21|1201|0|259|2521|144|64%|0|0|43|81.4|84|216|136|203|200|1611|2,811|30|03:31:46|SRM PC8|https://www.strava.com/activities/3029995898
1/19/2020|52.15|01:10:49|96|0|325|1228|76|80%|0|0|44.2|72.7|88|130|167|203|289|1288|1,369|19|01:11:17|SRM PC8|https://www.strava.com/activities/3024136355
3/12/2020|78.71|02:56:39|1361|0|229|2023|101|57%|0|0|26.7|72|78|127|133|177|191|1109|2,256|13|03:26:54|SRM PC8|https://www.strava.com/activities/3177372632
3/11/2020|92.72|03:04:20|848|0|215|2073|92|53%|0|0|30.2|76.3|77|122|131|217|187|1174|2,311|20|03:49:52|SRM PC8|https://www.strava.com/activities/3174727419
3/10/2020|70.06|02:16:09|562|0|208|1507|63|51%|0|0|30.9|67.7|77|132|127|166|184|605|1,680|17|02:24:19|SRM PC8|https://www.strava.com/activities/3171304373
5/30/2020|166.58|06:30:36|3435|0|237|4466|241|59%|0|0|25.6|69.1|69|111|134|253|191|1309|4,980|20|07:44:15|SRM PC8|https://www.strava.com/activities/3536547279
5/28/2020|61.2|02:00:57|397|0|183|1202|48|45%|0|0|30.4|64.8|75|156|36|129|166|1279|1,341|22|02:44:59|SRM PC8|https://www.strava.com/activities/3524972012
5/27/2020|106.88|03:34:59|1477|0|251|2762|146|62%|0|0|29.8|72|70|107|128|174|214|1051|3,080|23|04:00:05|SRM PC8|https://www.strava.com/activities/3519461494
5/26/2020|143.23|05:40:35|2309|0|221|3565|179|55%|0|0|25.2|69.8|65|113|123|226|174|1149|3,975|24|06:01:06|SRM PC8|https://www.strava.com/activities/3514329334
5/25/2020|135.11|04:44:19|2048|0|243|3382|183|60%|0|0|28.5|72|66|124|130|184|198|1352|3,771|27|05:18:05|SRM PC8|https://www.strava.com/activities/3508962970
5/23/2020|186.12|06:32:29|2775|0|249|4586|266|62%|0|0|28.5|77|69|107|132|194|195|1377|5,113|27|07:34:38|SRM PC8|https://www.strava.com/activities/3498871037
5/22/2020|44.25|01:28:49|250|0|201|905|37|50%|0|0|29.9|51.1|63|109|112|143|170|515|1,009|27|01:30:11|SRM PC8|https://www.strava.com/activities/3498791118
5/21/2020|135.47|04:47:35|1860|0|230|3214|159|57%|0|0|28.3|71.3|70|130|128|176|186|1132|3,584|28|05:08:26|SRM PC8|https://www.strava.com/activities/3488062398
5/20/2020|112.61|04:12:14|2116|0|249|3009|169|62%|0|0|26.8|64.8|66|105|131|241|199|791|3,355|26|04:26:35|SRM PC8|https://www.strava.com/activities/3482065783
5/19/2020|108.81|04:21:28|2671|0|261|3379|208|65%|0|0|25|66.2|69|116|136|237|215|1344|3,768|22|05:08:01|SRM PC8|https://www.strava.com/activities/3476494238
5/18/2020|107.52|03:40:49|1052|0|213|2426|112|53%|0|0|29.2|60.5|71|163|128|216|183|1365|2,704|27|04:04:45|SRM PC8|https://www.strava.com/activities/3472875201
5/16/2020|167.32|05:44:07|2070|0|251|4454|233|62%|0|0|29.2|64.8|72|106|141|213|216|1336|4,967|22|06:24:50|SRM PC8|https://www.strava.com/activities/3460088341
5/14/2020|115.56|04:06:35|1894|0|253|3166|173|63%|0|0|28.1|61.9|73|105|139|176|214|1009|3,530|23|04:26:37|SRM PC8|https://www.strava.com/activities/3452156560
5/13/2020|48.16|01:49:01|558|0|224|1098|102|55%|0|0|26.5|57.6|67|122|129|175|168|1376|1,224|16|03:55:14|SRM PC8|https://www.strava.com/activities/3444516485
5/9/2020|10.77|01:00:32|0|0|0|0|0||0|0|0|0|0|0|0|0|0|0|||00:00:00||https://www.strava.com/activities/3425304809
5/7/2020|5.62|00:10:34|79|0|248|154|7|61%|0|0|32|63.7|81|90|143|168|243|384|149||00:11:20|Zwift|https://www.strava.com/activities/3412855040
5/7/2020|50.49|01:15:43|365|0|307|1193|72|76%|0|0|40|66.6|82|113|155|191|263|1246|1,226||01:15:43|Zwift|https://www.strava.com/activities/3413211860
6/29/2020|79.32|02:45:27|857|0|0|0|0||0|0|28.8|74.5|0|0|0|0|0|0|3,210|25|03:24:48|Garmin Edge 520|https://www.strava.com/activities/3687506833
6/26/2020|61.32|02:07:36|285|0|174|1226|43|43%|0|0|28.8|55.4|72|111|0|0|160|1327|1,367|29|03:53:02|SRM PC8|https://www.strava.com/activities/3673407954
6/24/2020|126|04:33:18|2117|0|248|3312|178|61%|0|0|27.7|69.1|71|128|131|183|202|1335|3,693|29|04:50:11|SRM PC8|https://www.strava.com/activities/3663765601
6/23/2020|68.17|02:24:08|387|0|0|0|0||0|0|28.4|62.6|0|0|0|0|0|0|2,467|27|03:22:57|Garmin Edge 520|https://www.strava.com/activities/3657947647
6/22/2020|84.43|03:03:22|456|0|157|1369|48|39%|0|0|27.6|60.5|69|121|87|152|124|1396|1,526|32|03:32:01|SRM PC8|https://www.strava.com/activities/3652921482
6/21/2020|209.85|07:01:38|2615|0|234|4239|245|58%|0|0|29.9|63.4|72|114|122|234|168|1403|4,726|28|07:32:11|SRM PC8|https://www.strava.com/activities/3649497154
6/20/2020|143|04:44:20|1351|0|223|2711|157|55%|0|0|30.2|70.6|72|123|124|221|159|1294|3,023|28|05:20:50|SRM PC8|https://www.strava.com/activities/3644635095
6/18/2020|121.9|04:15:12|2122|0|274|3471|209|68%|0|0|28.7|103|75|117|141|184|227|1344|3,452|20|04:47:52|Garmin Edge 520|https://www.strava.com/activities/3633042213
6/16/2020|94.54|03:29:26|1317|0|236|2319|121|58%|0|0|27.1|61.9|65|116|128|170|185|1317|2,306|19|04:28:51|Garmin Edge 520|https://www.strava.com/activities/3623150919
6/15/2020|31.7|01:15:50|191|0|135|515|15|33%|0|0|25.1|52.6|71|98|103|135|113|766|514|22|01:22:29|Garmin Edge 520|https://www.strava.com/activities/3617588334
6/13/2020|160.89|05:07:55|761|0|217|3683|159|54%|0|0|31.4|58.7|72|150|134|175|199|1378|3,733|23|06:09:47|Garmin Edge 520|https://www.strava.com/activities/3608623806
6/9/2020|122.06|04:09:52|1180|0|236|2742|154|58%|0|0|29.3|68.4|73|119|122|180|183|1340|3,057|21|05:01:09|SRM PC8|https://www.strava.com/activities/3587559935
6/8/2020|85.88|02:54:25|1020|0|241|2145|109|60%|0|0|29.5|56.9|79|129|125|166|205|1357|2,391|18|03:04:56|SRM PC8|https://www.strava.com/activities/3581781472
6/6/2020|176.13|06:28:39|3584|0|261|4749|285|65%|0|0|27.2|71.3|71|163|141|190|204|1398|5,295|24|07:36:03|SRM PC8|https://www.strava.com/activities/3572632837
6/4/2020|21.66|00:34:49|32|0|245|471|21|61%|0|0|37.3|47.2|79|96|0|0|225|305|451||00:35:25|Zwift|https://www.strava.com/activities/3561897666
6/3/2020|89.17|03:08:10|1601|0|261|2451|135|65%|0|0|28.4|72.7|74|123|134|195|217|1272|2,733|27|03:14:18|SRM PC8|https://www.strava.com/activities/3557927614
6/2/2020|86.25|03:19:28|807|0|226|1809|109|56%|0|0|25.9|64.8|69|106|121|184|151|1354|2,017|29|03:37:45|SRM PC8|https://www.strava.com/activities/3552228943
6/1/2020|105.9|03:34:54|828|0|188|2103|84|47%|0|0|29.6|57.6|72|124|115|228|163|1233|2,345|28|04:29:12|SRM PC8|https://www.strava.com/activities/3546955981
6/27/2020|195.64|06:39:30|3313|0|256|4990|276|63%|0|0|29.4|78.5|72|137|144|187|208|1400|5,564|27|07:39:07|SRM PC8|https://www.strava.com/activities/3678827254
6/25/2020|103.35|03:51:15|1594|0|237|2493|142|59%|0|0|26.8|74.2|69|119|81|170|180|1269|2,780|26|04:16:35|SRM PC8|https://www.strava.com/activities/3668751516
6/10/2020|152.91|05:11:18|2370|0|270|4064|240|67%|0|0|29.5|69.8|75|125|139|187|218|1356|4,531|20|05:33:25|SRM PC8|https://www.strava.com/activities/3592900252
7/31/2020|49.91|01:40:30|338|0|190|849|37|47%|0|0|29.8|58.3|75|125|0|0|141|510|947|33|01:40:49|SRM PC8|https://www.strava.com/activities/3842977104
7/30/2020|16.95|00:36:00|47|0|125|240|6|31%|0|0|28.3|51.5|84|103|0|0|111|336|267|31|00:46:52|SRM PC8|https://www.strava.com/activities/3842948699
7/29/2020|53.56|02:01:02|857|0|216|1303|61|53%|0|0|26.6|69.8|80|118|0|0|179|525|1,453|29|02:09:14|SRM PC8|https://www.strava.com/activities/3831838366
7/28/2020|165.39|05:51:15|2463|0|254|4173|242|63%|0|0|28.3|85.3|73|131|0|0|198|1397|4,653|32|06:15:03|SRM PC8|https://www.strava.com/activities/3826757652
7/27/2020|30.23|01:07:38|241|0|216|638|34|53%|0|0|26.8|60.5|75|119|0|0|157|1315|711|34|01:12:49|SRM PC8|https://www.strava.com/activities/3821063599
7/26/2020|42.52|01:39:13|339|0|155|763|27|38%|0|0|25.7|55.4|77|135|0|0|128|625|850|30|01:54:22|SRM PC8|https://www.strava.com/activities/3821041611
7/25/2020|136.56|04:55:58|2285|0|239|3431|185|59%|0|0|27.7|69.8|73|129|0|0|193|980|3,826|29|05:53:23|SRM PC8|https://www.strava.com/activities/3811052288
7/23/2020|83.86|02:45:02|670|0|202|1767|77|50%|0|0|30.5|65.5|76|143|0|0|178|1256|1,971|31|04:15:32|SRM PC8|https://www.strava.com/activities/3805913662
7/22/2020|132.57|04:23:56|1964|0|251|3321|177|62%|0|0|30.1|86.4|73|117|0|0|210|1350|3,703|29|04:53:13|SRM PC8|https://www.strava.com/activities/3800293536
7/21/2020|75.59|02:36:48|1061|0|229|1862|89|57%|0|0|28.9|65.2|76|109|0|0|198|811|2,076|28|03:10:42|SRM PC8|https://www.strava.com/activities/3800255852
7/19/2020|41.48|01:29:16|514|0|215|1003|45|53%|0|0|27.9|66.2|73|106|117|156|187|601|1,119|22|01:42:36|SRM PC8|https://www.strava.com/activities/3789699963
7/18/2020|188.49|07:18:12|4592|0|251|5571|303|62%|0|0|25.8|77|71|138|135|180|212|1046|6,211|20|08:06:07|SRM PC8|https://www.strava.com/activities/3780913637
7/17/2020|9.96|00:29:19|429|0|301|452|28|75%|0|0|20.4|42.5|72|96|153|181|257|437|504|17|00:30:51|SRM PC8|https://www.strava.com/activities/3775549206
7/17/2020|45.2|01:15:10|422|0|244|792|51|60%|0|0|36.1|59|78|111|132|231|176|922|883|18|01:36:01|SRM PC8|https://www.strava.com/activities/3775543212
7/17/2020|66.89|02:31:16|1569|0|249|1731|107|62%|0|0|26.5|79.9|69|126|131|181|191|749|1,930|18|02:53:29|SRM PC8|https://www.strava.com/activities/3775532400
7/15/2020|57.46|01:50:09|596|0|210|1143|51|52%|0|0|31.3|83.5|79|133|116|149|173|686|1,274|14|02:01:34|SRM PC8|https://www.strava.com/activities/3764932596
7/14/2020|163.25|05:51:22|2824|0|230|3821|208|57%|0|0|27.9|84.2|67|129|125|202|181|1243|4,260|17|06:43:44|SRM PC8|https://www.strava.com/activities/3761057387
7/13/2020|24.83|00:58:44|434|0|166|471|21|41%|0|0|25.4|74.2|69|124|114|145|134|682|525|21|01:57:19|SRM PC8|https://www.strava.com/activities/3758124562
7/11/2020|80.19|02:31:45|629|0|228|1712|86|56%|0|0|31.7|74.2|78|132|127|175|188|1051|1,909|12|02:45:38|SRM PC8|https://www.strava.com/activities/3744865143
7/10/2020|42.24|01:37:58|689|0|193|951|41|48%|0|0|25.9|70.6|68|111|0|0|162|755|1,060|26|04:11:47|SRM PC8|https://www.strava.com/activities/3740762610
7/6/2020|113.27|04:30:50|2931|0|249|3282|186|62%|0|0|25.1|84.2|67|118|139|175|202|956|3,659|26|05:13:56|SRM PC8|https://www.strava.com/activities/3721763517
7/3/2020|112.72|03:42:49|1319|0|221|2463|115|55%|0|0|30.4|77|68|114|130|174|184|906|2,747|18|03:50:47|SRM PC8|https://www.strava.com/activities/3706779427
7/16/2020|121.98|04:09:34|1665|0|239|2909|152|59%|0|0|29.3|71.3|70|125|130|178|194|1383|3,244|14|04:54:09|SRM PC8|https://www.strava.com/activities/3770501470
7/12/2020|140|05:51:47|3982|0|247|4289|236|61%|0|0|23.9|79.9|67|125|134|252|203|1120|4,782|23|06:53:12|SRM PC8|https://www.strava.com/activities/3751698903
7/11/2020|50.09|01:00:36|266|0|339|1205|71|84%|0|0|49.6|67.7|0|0|0|0|331|1056|1,355||01:00:36|Zwift|https://www.strava.com/activities/3746256323
7/9/2020|149.36|05:12:53|2725|0|242|3622|199|60%|0|0|28.6|95|68|116|134|188|193|1543|4,038|25|05:46:36|SRM PC8|https://www.strava.com/activities/3736386760
7/8/2020|122.38|04:03:24|1623|0|231|2565|139|57%|0|0|30.2|77|74|149|123|177|176|1376|2,860|22|04:29:02|SRM PC8|https://www.strava.com/activities/3736390436
7/7/2020|103.3|03:24:46|1164|0|195|1853|83|48%|0|0|30.3|85|71|122|105|228|151|680|2,066|20|03:37:59|SRM PC8|https://www.strava.com/activities/3726256087
7/4/2020|127.02|04:42:58|2675|0|231|3267|163|57%|0|0|26.9|89.3|68|110|133|177|192|1411|3,643|25|05:45:48|SRM PC8|https://www.strava.com/activities/3712117479
7/2/2020|71.44|02:47:20|1058|0|194|1533|69|48%|0|0|25.6|81.4|68|109|119|170|153|973|1,709|24|03:02:37|SRM PC8|https://www.strava.com/activities/3704877832
8/31/2020|204.36|05:34:20|2704|0|245|3858|210|61%|0|0|36.7|83.9|79|175|0|0|192|1167|4,302|23|05:45:57|SRM PC8|https://www.strava.com/activities/3992039218
8/30/2020|198.66|05:56:09|3532|0|261|4507|253|65%|0|0|33.5|124.6|80|139|0|0|211|1482|5,025|29|06:18:47|SRM PC8|https://www.strava.com/activities/3987884189
8/29/2020|167.27|04:18:09|1618|0|242|2033|159|60%|0|0|38.9|75.2|83|140|0|0|131|1032|2,267|23|05:05:54|SRM PC8|https://www.strava.com/activities/3982927329
8/28/2020|61.5|01:45:08|530|0|209|1020|49|52%|0|0|35.1|59.4|80|141|0|0|162|815|1,137|29|02:31:48|SRM PC8|https://www.strava.com/activities/3982942421
8/27/2020|93.16|03:17:31|1666|0|247|2184|128|61%|0|0|28.3|84.2|73|140|0|0|184|1261|2,436|30|03:28:39|SRM PC8|https://www.strava.com/activities/3972717046
8/26/2020|86.95|02:52:20|1119|0|234|1972|99|58%|0|0|30.3|75.2|76|131|0|0|191|1375|2,199|32|02:57:43|SRM PC8|https://www.strava.com/activities/3968234876
8/24/2020|34.17|01:10:49|209|0|178|694|23|44%|0|0|29|47.2|70|94|0|0|163|437|774|26|01:13:27|SRM PC8|https://www.strava.com/activities/3964628065
8/23/2020|251.92|05:50:20|2612|0|293|4805|312|73%|0|0|43.1|86.4|85|140|0|0|229|1262|5,358|33|05:54:05|SRM PC8|https://www.strava.com/activities/3955031930
8/23/2020|1.78|00:07:18|18|0|67|30|0|17%|0|0|14.7|26.6|59|122|0|0|68|758|33|32|00:29:37|SRM PC8|https://www.strava.com/activities/3964616597
8/22/2020|84.7|03:00:21|680|0|176|1290|60|44%|0|0|28.2|61.9|75|187|0|0|119|751|1,439|33|03:13:36|SRM PC8|https://www.strava.com/activities/3951454738
8/21/2020|32.05|01:14:37|228|0|129|486|14|32%|0|0|25.8|58.7|80|156|0|0|108|484|542|26|02:03:10|SRM PC8|https://www.strava.com/activities/3951418791
8/20/2020|142.14|05:16:29|2256|0|244|3679|202|60%|0|0|26.9|68.4|73|121|0|0|194|1381|4,102|29|05:38:33|SRM PC8|https://www.strava.com/activities/3940302626
8/19/2020|97.41|03:24:17|1362|0|240|2418|122|59%|0|0|28.6|71.3|73|120|0|0|197|1384|2,696|30|03:29:48|SRM PC8|https://www.strava.com/activities/3935624754
8/18/2020|106.15|03:54:39|1885|0|257|2806|165|64%|0|0|27.1|69.8|69|116|0|0|199|1279|3,128|25|04:04:21|SRM PC8|https://www.strava.com/activities/3930285951
8/17/2020|78.82|02:47:08|1117|0|221|1821|85|55%|0|0|28.3|65.5|78|134|0|0|182|1308|2,031|28|02:50:49|SRM PC8|https://www.strava.com/activities/3926771462
8/16/2020|5.22|01:27:00|0|0|0|0|0||0|0|0|0|0|0|0|0|0|0|||00:00:00||https://www.strava.com/activities/3920603270
8/15/2020|205.82|07:10:49|3271|0|231|5369|245|57%|0|0|28.7|90|76|130|0|0|208|1254|5,987|25|08:00:58|SRM PC8|https://www.strava.com/activities/3917377130
8/14/2020|34.96|02:17:24|0|0|0|0|0||0|0|0|0|0|0|0|0|0|0|||00:00:00||https://www.strava.com/activities/3912053329
8/13/2020|119.38|04:17:19|2293|0|250|3246|174|62%|0|0|27.8|92.9|75|114|0|0|210|681|3,619|22|04:36:12|SRM PC8|https://www.strava.com/activities/3907041876
8/12/2020|106.84|04:07:28|2522|0|262|2938|179|65%|0|0|25.9|78.1|66|125|0|0|198|836|3,276|26|04:16:56|SRM PC8|https://www.strava.com/activities/3901933661
8/11/2020|76.99|02:39:31|1044|0|220|1872|79|54%|0|0|29|114.5|75|108|0|0|196|604|2,087|23|02:42:22|SRM PC8|https://www.strava.com/activities/3896667348
8/9/2020|37.5|01:23:51|216|0|131|525|16|32%|0|0|26.8|47.9|71|99|0|0|104|453|586|32|02:12:31|SRM PC8|https://www.strava.com/activities/3896639191
8/8/2020|319.78|07:56:05|2818|0|237|5224|277|59%|0|0|40.3|94.7|79|137|0|0|183|1197|5,825|35|08:11:30|SRM PC8|https://www.strava.com/activities/3884998385
8/7/2020|66.7|02:11:38|285|0|183|1173|47|45%|0|0|30.4|50|75|101|0|0|148|758|1,308|31|02:22:45|SRM PC8|https://www.strava.com/activities/3878443969
8/6/2020|81.92|02:32:16|544|0|213|1477|74|53%|0|0|32.3|74.2|81|187|0|0|162|682|1,647|29|02:54:08|SRM PC8|https://www.strava.com/activities/3872524918
8/5/2020|24.65|00:49:31|71|0|153|424|12|38%|0|0|29.9|73.1|78|111|0|0|143|804|473|31|00:53:15|SRM PC8|https://www.strava.com/activities/3872503643
8/4/2020|0.96|00:03:23|0|0|17|3|0|4%|0|0|17.1|35.6|59|77|0|0|14|291|3|31|00:03:23|SRM PC8|https://www.strava.com/activities/3863299630
8/4/2020|195.76|04:24:08|2164|0|279|3722|210|69%|0|0|44.5|86.8|87|137|0|0|235|981|4,150|29|04:24:30|SRM PC8|https://www.strava.com/activities/3863328113
8/4/2020|5.85|00:13:42|100|0|200|141|5|50%|0|0|25.7|55.4|72|111|0|0|171|666|157|27|00:13:42|SRM PC8|https://www.strava.com/activities/3863297019
8/3/2020|12.76|00:21:10|20|0|89|59|1|22%|0|0|36.2|73.8|68|102|0|0|46|678|65|19|00:21:10|SRM PC8|https://www.strava.com/activities/3858899965
8/3/2020|164.6|05:10:44|3938|0|278|4614|246|69%|0|0|31.8|92.5|75|137|0|0|248|896|5,145|23|05:11:28|SRM PC8|https://www.strava.com/activities/3858937770
8/3/2020|3.8|00:09:16|37|0|128|55|2|32%|0|0|24.6|60.1|67|145|0|0|99|568|62|26|00:27:04|SRM PC8|https://www.strava.com/activities/3858894665
8/2/2020|175.31|04:23:44|2300|0|274|3540|203|68%|0|0|39.9|82.1|81|129|0|0|224|1160|3,947|28|04:24:41|SRM PC8|https://www.strava.com/activities/3854044872
8/2/2020|10.89|00:23:24|130|0|205|213|12|51%|0|0|27.9|60.5|70|114|0|0|151|849|237|26|00:35:48|SRM PC8|https://www.strava.com/activities/3853972797
8/1/2020|189.32|04:43:51|2241|0|241|3355|172|60%|0|0|40|90.7|82|138|0|0|197|1052|3,741|38|04:51:24|SRM PC8|https://www.strava.com/activities/3848848170
8/1/2020|3.03|00:07:12|45|0|169|71|4|42%|0|0|25.3|45.7|75|104|0|0|165|776|79|37|00:34:44|SRM PC8|https://www.strava.com/activities/3848855018
9/30/2020|72.63|02:37:59|1026|0|199|1469|65|49%|0|0|27.6|60.5|75|168|0|0|155|647|1,638|26|02:48:41|SRM PC8|https://www.strava.com/activities/4134339888
9/29/2020|136.02|04:35:26|2109|0|253|3680|194|63%|0|0|29.6|83.9|76|117|0|0|223|1221|4,103|19|05:40:11|SRM PC8|https://www.strava.com/activities/4127920774
9/28/2020|118.26|04:16:52|2073|0|256|3229|180|63%|0|0|27.6|72|69|114|0|0|210|1032|3,601|17|04:31:31|SRM PC8|https://www.strava.com/activities/4123660954
9/26/2020|111.53|03:55:17|1460|0|224|2638|125|55%|0|0|28.4|68|74|137|0|0|187|674|2,941|20|04:07:32|SRM PC8|https://www.strava.com/activities/4114059070
9/24/2020|99.08|03:21:50|593|0|198|2170|86|49%|0|0|29.5|52.9|75|109|0|0|179|1151|2,419|20|03:38:26|SRM PC8|https://www.strava.com/activities/4111608248
9/21/2020|33.63|01:10:41|348|0|192|685|28|48%|0|0|28.6|69.5|70|99|0|0|161|999|764|25|01:19:36|SRM PC8|https://www.strava.com/activities/4111586806
9/20/2020|131.55|03:34:41|1173|0|231|2147|124|57%|0|0|36.8|81.7|78|166|0|0|167|1095|2,394|30|04:43:35|SRM PC8|https://www.strava.com/activities/4091046074
9/19/2020|36.56|01:04:50|960|0|388|1349|104|96%|0|0|33.8|81.4|90|155|0|0|347|1106|1,504|22|01:09:22|SRM PC8|https://www.strava.com/activities/4082476999
9/19/2020|0.2|00:02:54|2|0|252|46|17|62%|0|0|4.1|4.3|87|123|0|0|263|782|51|27|00:27:23|SRM PC8|https://www.strava.com/activities/4082463214
9/19/2020|7.63|00:21:54|116|0|161|154|6|40%|0|0|20.9|52.9|73|100|0|0|117|343|172|24|00:48:53|SRM PC8|https://www.strava.com/activities/4082435988
9/18/2020|175.45|04:12:50|2177|0|258|3128|186|64%|0|0|41.6|90.4|83|135|0|0|206|1076|3,488|32|04:42:25|SRM PC8|https://www.strava.com/activities/4078442368
9/17/2020|198.47|05:51:37|4467|0|288|4879|301|71%|0|0|33.9|92.2|76|130|0|0|231|1088|5,440|26|06:01:49|SRM PC8|https://www.strava.com/activities/4073701820
9/16/2020|185.06|05:51:30|4235|0|284|4972|294|70%|0|0|31.6|100.4|76|159|0|0|236|1083|5,544|28|06:27:15|SRM PC8|https://www.strava.com/activities/4069268254
9/15/2020|172.04|04:58:24|3593|0|290|4247|269|72%|0|0|34.6|99.4|79|131|0|0|237|1044|4,735|30|05:42:42|SRM PC8|https://www.strava.com/activities/4063978466
9/14/2020|13.12|00:31:15|64|0|142|249|6|35%|0|0|25.2|35.6|73|105|0|0|133|1123|278|30|00:33:16|SRM PC8|https://www.strava.com/activities/4063942290
9/14/2020|34.96|01:23:26|461|0|173|642|26|43%|0|0|25.1|81|73|126|0|0|128|995|716|26|01:28:31|SRM PC8|https://www.strava.com/activities/4063935232
9/13/2020|208.4|06:05:03|3669|0|264|4753|268|65%|0|0|34.3|113.4|76|157|0|0|217|1278|5,299|29|06:25:08|SRM PC8|https://www.strava.com/activities/4056195000
9/12/2020|205.36|04:49:13|2610|0|289|3992|260|72%|0|0|42.6|99.4|85|134|0|0|230|1308|4,451|30|05:33:06|SRM PC8|https://www.strava.com/activities/4049615023
9/11/2020|214.87|06:08:08|4483|0|280|5005|299|69%|0|0|35|109.8|78|130|0|0|227|985|5,581|27|06:18:36|SRM PC8|https://www.strava.com/activities/4045049999
9/10/2020|224.78|05:30:47|3632|0|278|4603|274|69%|0|0|40.8|97.2|83|164|0|0|232|1582|5,132|30|06:05:22|SRM PC8|https://www.strava.com/activities/4039972070
9/9/2020|175.91|04:26:24|1268|0|228|2627|143|56%|0|0|39.6|79.2|79|130|0|0|164|1158|2,930|33|04:50:54|SRM PC8|https://www.strava.com/activities/4036506135
9/8/2020|175.11|03:51:56|855|0|251|2771|152|62%|0|0|45.3|78.8|84|144|0|0|199|1229|3,089|30|04:00:08|SRM PC8|https://www.strava.com/activities/4030628905
9/7/2020|55.6|02:03:33|248|0|136|841|26|34%|0|0|27|62.3|71|109|0|0|114|742|938|23|02:33:35|SRM PC8|https://www.strava.com/activities/4024802874
9/6/2020|164.54|04:47:32|3430|0|297|4363|263|74%|0|0|34.3|140.8|80|210|0|0|253|1032|4,865|19|04:52:49|SRM PC8|https://www.strava.com/activities/4021736364
9/5/2020|145.26|04:46:22|3685|0|280|3966|237|69%|0|0|30.4|97.2|77|177|0|0|231|1131|4,422|27|05:12:46|SRM PC8|https://www.strava.com/activities/4016562223
9/4/2020|174.83|04:03:46|2124|0|285|3409|210|71%|0|0|43|91.1|83|141|0|0|233|1033|3,801|32|04:15:51|SRM PC8|https://www.strava.com/activities/4010794444
9/3/2020|196.1|05:16:35|3171|0|256|4244|217|63%|0|0|37.2|92.5|78|165|0|0|223|969|4,732|30|05:37:15|SRM PC8|https://www.strava.com/activities/4006160930
9/2/2020|187.7|04:36:34|1469|0|242|2755|168|60%|0|0|40.7|112|79|126|0|0|166|1186|3,072|29|04:52:18|SRM PC8|https://www.strava.com/activities/4001500052
9/1/2020|164.16|04:38:59|3174|0|282|4150|231|70%|0|0|35.3|96.5|82|200|0|0|248|1078|4,627|23|04:50:07|SRM PC8|https://www.strava.com/activities/3996899329
10/25/2020|18.22|00:28:10|42|0|341|509|43|84%|0|0|38.8|74.5|83|111|0|0|301|933|568|18|00:49:52|SRM PC8|https://www.strava.com/activities/4241981553
10/24/2020|195.4|05:40:40|3543|0|273|4927|265|68%|0|0|34.4|87.5|78|212|0|0|241|1266|5,493|17|05:51:07|SRM PC8|https://www.strava.com/activities/4237827553
10/23/2020|234.03|06:56:16|535|0|197|3095|91|49%|0|0|33.7|78.1|72|133|0|0|124|1203|3,451|19|07:29:03|SRM PC8|https://www.strava.com/activities/4233186300
10/22/2020|228.17|07:38:40|5783|0|276|6625|367|68%|0|0|29.8|248|75|127|0|0|241|889|7,387|13|08:00:05|SRM PC8|https://www.strava.com/activities/4229166944
10/21/2020|210.26|06:53:13|5403|0|276|5989|326|68%|0|0|30.5|130|75|154|0|0|242|996|6,678|15|07:18:54|SRM PC8|https://www.strava.com/activities/4225291457
10/20/2020|239.96|06:52:59|4129|0|276|5683|330|68%|0|0|34.9|93.6|75|156|0|0|229|1378|6,337|17|07:19:20|SRM PC8|https://www.strava.com/activities/4220652153
10/19/2020|31.46|01:00:06|86|0|172|467|19|43%|0|0|31.4|54|77|105|0|0|129|957|520|18|01:03:16|SRM PC8|https://www.strava.com/activities/4220601915
10/18/2020|209.38|06:25:35|4247|0|259|3563|262|64%|0|0|32.6|134.6|74|148|0|0|154|1132|3,973|17|06:59:00|SRM PC8|https://www.strava.com/activities/4212681801
10/17/2020|35.9|00:55:00|558|0|338|1043|70|84%|0|0|39.2|73.1|86|127|0|0|316|837|1,163|17|01:01:46|SRM PC8|https://www.strava.com/activities/4206281155
10/16/2020|198.33|04:43:29|1084|0|274|3744|232|68%|0|0|42|92.9|82|217|0|0|220|1305|4,175|18|05:13:54|SRM PC8|https://www.strava.com/activities/4202550394
10/15/2020|211.33|06:25:03|2959|0|280|5273|322|69%|0|0|32.9|114.1|75|181|0|0|228|1273|5,879|14|06:47:44|SRM PC8|https://www.strava.com/activities/4199329706
10/14/2020|189.71|04:21:52|1249|0|261|3248|192|65%|0|0|43.5|86.4|79|126|0|0|207|1229|3,622|22|04:50:43|SRM PC8|https://www.strava.com/activities/4195646978
10/12/2020|27.16|01:00:51|215|0|136|391|13|34%|0|0|26.8|47.2|70|140|0|0|107|721|436|20|01:12:07|SRM PC8|https://www.strava.com/activities/4189720633
10/4/2020|158.97|03:45:45|1998|0|224|1508|116|55%|0|0|42.3|87.1|77|230|0|0|111|1072|1,681|31|04:02:17|SRM PC8|https://www.strava.com/activities/4150800576
10/3/2020|15.68|00:20:13|103|0|337|376|28|83%|0|0|46.5|86.4|87|133|0|0|310|963|419|34|00:30:30|SRM PC8|https://www.strava.com/activities/4145639926
10/3/2020|0.64|00:22:19|25|0|262|297|25|65%|0|0|1.7|6.1|81|125|0|0|222|733|331|36|00:35:37|SRM PC8|https://www.strava.com/activities/4145634982
10/3/2020|15.91|00:27:21|103|0|171|227|9|42%|0|0|34.9|83.2|78|117|0|0|138|575|253|37|00:33:23|SRM PC8|https://www.strava.com/activities/4145626684
10/2/2020|58|01:53:33|676|0|166|700|32|41%|0|0|30.6|67.7|75|136|0|0|103|1187|780|30|02:09:59|SRM PC8|https://www.strava.com/activities/4140897634
10/1/2020|69.39|02:11:33|674|0|213|1353|65|53%|0|0|31.7|68.4|76|135|0|0|171|1445|1,509|28|02:29:31|SRM PC8|https://www.strava.com/activities/4137037557
10/13/2020|181.14|04:28:40|2075|0|303|3796|255|75%|0|0|40.5|91.8|81|130|0|0|235|1319|4,232|17|04:39:15|SRM PC8|https://www.strava.com/activities/4189762545
10/11/2020|213.94|06:32:17|3874|0|283|5744|327|70%|0|0|32.7|101.2|77|145|0|0|244|1058|6,405|16|07:03:39|SRM PC8|https://www.strava.com/activities/4182018235
10/10/2020|183.15|04:53:14|2324|0|253|3614|214|63%|0|0|37.5|94|77|158|0|0|205|1305|4,030|26|06:00:26|SRM PC8|https://www.strava.com/activities/4176532930
10/9/2020|149.24|03:05:35|626|0|12|3|0|3%|0|0|48.3|87.8|44|86|0|0|0|184|4|25|03:44:48|SRM PC8|https://www.strava.com/activities/4173167749
10/8/2020|196.7|05:24:01|2761|0|266|4175|246|66%|0|0|36.4|103|79|133|0|0|215|1200|4,655|22|05:50:49|SRM PC8|https://www.strava.com/activities/4167924313
10/7/2020|228.09|06:47:52|4655|0|279|5865|328|69%|0|0|33.6|157|77|137|0|0|240|1131|6,540|19|06:55:40|SRM PC8|https://www.strava.com/activities/4165025081
10/6/2020|152.32|03:53:19|1833|0|286|3217|199|71%|0|0|39.2|83.2|81|174|0|0|230|1233|3,588|25|04:02:27|SRM PC8|https://www.strava.com/activities/4158777142
10/5/2020|159.97|04:55:43|3494|0|275|4124|233|68%|0|0|32.5|114.5|76|137|0|0|232|1291|4,599|26|05:18:04|SRM PC8|https://www.strava.com/activities/4154932098
11/30/2020|92.79|03:11:18|1411|0|242|2469|118|60%|0|0|29.1|81|73|140|0|0|215|913|2,753|7|03:17:50|SRM PC8|https://www.strava.com/activities/4411614375
11/28/2020|102.33|03:27:01|1167|0|234|2545|124|58%|0|0|29.7|65.2|73|103|0|0|205|1073|2,838|10|03:56:47|SRM PC8|https://www.strava.com/activities/4401777291
11/26/2020|46.43|01:39:05|449|0|194|1067|40|48%|0|0|28.1|64.1|80|122|0|0|179|598|1,190|12|02:52:19|SRM PC8|https://www.strava.com/activities/4392877038
11/25/2020|113.21|04:13:14|1920|0|238|3058|154|59%|0|0|26.8|72|72|112|0|0|201|1310|3,409|12|04:33:06|SRM PC8|https://www.strava.com/activities/4388714237
11/24/2020|81.16|02:59:36|1301|0|239|2277|117|59%|0|0|27.1|76|69|131|0|0|211|1134|2,539|11|03:21:14|SRM PC8|https://www.strava.com/activities/4383739043
11/23/2020|86.21|02:52:22|1081|0|235|2148|99|58%|0|0|30|73.4|77|131|0|0|208|962|2,395|10|02:57:34|SRM PC8|https://www.strava.com/activities/4379189893
11/21/2020|92.08|03:07:13|1328|0|243|2362|123|60%|0|0|29.5|95.8|73|117|0|0|210|1384|2,633|11|03:38:35|SRM PC8|https://www.strava.com/activities/4370379089
11/19/2020|70.56|02:25:30|1031|0|239|1891|91|59%|0|0|29.1|79.6|77|110|0|0|217|943|2,109|13|02:57:51|SRM PC8|https://www.strava.com/activities/4359728058
11/17/2020|54.9|01:54:39|363|0|187|1199|43|46%|0|0|28.7|59|78|102|0|0|174|627|1,337|15|02:06:34|SRM PC8|https://www.strava.com/activities/4359675290
11/16/2020|53.35|01:53:33|415|0|200|1238|50|50%|0|0|28.2|57.6|78|123|0|0|182|1030|1,380|14|02:17:22|SRM PC8|https://www.strava.com/activities/4359662065
11/15/2020|7.6|01:23:03|0|0|0|0|0||0|0|0|0|0|0|0|0|0|0|||00:00:00||https://www.strava.com/activities/4411637600
11/14/2020|10.09|01:07:57|0|0|0|0|0||0|0|0|0|0|0|0|0|0|0|||00:00:00||https://www.strava.com/activities/4335200833
12/31/2020|143.74|04:45:48|1616|0|242|3612|188|60%|0|0|30.2|64.8|74|223|0|0|211|917|4,028|6|05:27:18|SRM PC8|https://www.strava.com/activities/4545082341
12/27/2020|26.71|00:50:43|228|0|216|636|28|53%|0|0|31.6|49|86|114|0|0|209|620|709|5|01:00:30|SRM PC8|https://www.strava.com/activities/4545035449
12/26/2020|131.88|04:42:50|2372|0|270|3924|221|67%|0|0|28|71.3|71|119|0|0|231|1202|4,375|7|04:56:43|SRM PC8|https://www.strava.com/activities/4519947708
12/25/2020|89.99|03:04:13|750|0|295|2965|172|73%|0|0|29.3|76.3|80|116|0|0|268|1218|3,306|6|03:16:11|SRM PC8|https://www.strava.com/activities/4516255514
12/23/2020|143.82|05:21:57|2950|0|264|4409|237|65%|0|0|26.8|78.5|72|112|0|0|228|1362|4,916|10|05:36:20|SRM PC8|https://www.strava.com/activities/4508769196
12/22/2020|57.44|02:08:25|823|0|235|1623|83|58%|0|0|26.8|63.7|74|110|0|0|211|790|1,810|13|02:55:10|SRM PC8|https://www.strava.com/activities/4505847191
12/21/2020|62.71|02:16:25|1170|0|270|1983|110|67%|0|0|27.6|71.6|65|112|0|0|242|880|2,212|8|02:28:14|SRM PC8|https://www.strava.com/activities/4505829673
12/19/2020|135.38|04:44:25|2228|0|261|3782|213|65%|0|0|28.6|68|74|118|0|0|222|1254|4,216|10|05:15:17|SRM PC8|https://www.strava.com/activities/4491211716
12/18/2020|142.67|05:20:24|2824|0|257|4215|227|64%|0|0|26.7|95.8|70|117|0|0|219|861|4,699|10|05:36:14|SRM PC8|https://www.strava.com/activities/4487386995
12/17/2020|112.47|03:45:22|1679|0|226|2429|121|56%|0|0|29.9|70.9|72|110|0|0|180|1246|2,709|14|03:52:33|SRM PC8|https://www.strava.com/activities/4482817706
12/16/2020|103.19|03:25:05|966|0|195|2116|85|48%|0|0|30.2|65.2|70|110|0|0|172|862|2,359|14|03:54:52|SRM PC8|https://www.strava.com/activities/4480995764
12/13/2020|57.21|01:50:42|433|0|212|1361|54|52%|0|0|31|56.9|75|132|0|0|205|871|1,517|9|02:01:23|SRM PC8|https://www.strava.com/activities/4479962455
12/12/2020|118.78|04:06:17|967|0|210|2658|119|52%|0|0|28.9|55.8|71|121|0|0|180|1266|2,964|9|04:36:10|SRM PC8|https://www.strava.com/activities/4462330385
12/11/2020|87.17|03:00:14|1551|0|265|2528|138|66%|0|0|29|68.4|73|105|0|0|234|1299|2,819|7|03:12:37|SRM PC8|https://www.strava.com/activities/4458543083
12/10/2020|117.35|04:04:19|1902|0|249|3183|170|62%|0|0|28.8|70.2|74|114|0|0|217|1140|3,549|9|05:09:49|SRM PC8|https://www.strava.com/activities/4458572439
12/8/2020|1.24|00:35:06|22|0|273|542|46|68%|0|0|2.1|15.1|82|128|0|0|257|1213|604|11|01:00:59|SRM PC8|https://www.strava.com/activities/4449161097
12/3/2020|112.88|03:53:18|1494|0|254|3165|165|63%|0|0|29|72.4|73|126|0|0|226|598|3,529|7|04:11:24|SRM PC8|https://www.strava.com/activities/4424592453
12/1/2020|104.31|03:28:01|1026|0|241|2787|130|60%|0|0|30.1|73.4|69|105|0|0|223|1158|3,107|6|03:39:24|SRM PC8|https://www.strava.com/activities/4415959980
loaded urls in 4.16:58:10.2498710
