date|distance|mov_time|elevation|relativeEffort|avg_power_weig|work_total|training_load|intensity|estAvgPower|energyOutput|avg_speed|max_speed|avg_cadence|max_cadence|avg_heartRate|max_heartRate|avg_power|max_power|avg_calories|avg_temperature|avg_elap_time|bicycle_model|url
1/24/2019|49.23|01:30:10|918|0|297|1480|82|74%|0|0|32.8|93.2|94|115|0|0|274|482|1,413||01:30:37|Zwift|https://www.strava.com/activities/2100213959
1/23/2019|54.62|01:30:41|982|0|302|1501|86|76%|0|0|36.1|76.7|97|207|0|0|276|785|1,433||01:30:56|Zwift|https://www.strava.com/activities/2097689094
1/21/2019|145.4|04:25:44|966|0|0|0|0||0|0|32.8|58|89|173|0|0|0|0|4,354|-2|04:30:15|Garmin Edge 1030|https://www.strava.com/activities/2094052206
1/17/2019|34.88|01:05:39|742|0|278|1013|53|70%|0|0|31.9|89.6|94|148|0|0|257|490|970||01:05:39|Zwift|https://www.strava.com/activities/2084859573
1/15/2019|35.84|01:00:22|600|0|271|908|46|68%|0|0|35.6|73.4|99|210|0|0|251|592|866||01:00:22|Zwift|https://www.strava.com/activities/2080299224
1/1/2019|145.52|04:54:45|2308|0|0|0|0||0|0|29.6|72|84|158|0|0|0|0|4,000|11|05:01:03|Garmin Edge 1030|https://www.strava.com/activities/2049859045
1/23/2019|82.23|03:29:13|325|0|0|0|0||94|1185|23.6|33.8|0|0|0|0|0|0|1,359|-1|03:34:18|Garmin Edge 1030|https://www.strava.com/activities/2098146765
1/22/2019|53.32|01:31:22|855|0|257|1284|62|64%|0|0|35|77|95|164|0|0|234|617|1,226||01:31:22|Zwift|https://www.strava.com/activities/2095540744
1/20/2019|86.77|03:00:46|111|0|0|0|0||130|1408|28.8|39.6|0|0|0|0|0|0|1,190|-4|03:10:23|Garmin Edge 1030|https://www.strava.com/activities/2091248381
1/19/2019|142.55|04:25:08|998|0|0|0|0||0|0|32.3|58.7|91|186|0|0|0|0|4,035|-1|04:32:43|Garmin Edge 1030|https://www.strava.com/activities/2089160614
1/13/2019|179.04|05:26:07|2456|0|0|0|0||0|0|32.9|68.4|86|132|0|0|0|0|4,456|8|05:46:02|Garmin Edge 1030|https://www.strava.com/activities/2076192457
1/12/2019|152.23|04:20:45|1523|0|265|3341|199|66%|0|0|35|72.7|87|146|0|0|214|1186|3,337|8|04:40:12|Garmin Edge 1030|https://www.strava.com/activities/2073758499
1/11/2019|41.81|01:32:24|627|0|213|963|45|53%|0|0|27.2|54.4|80|111|0|0|174|544|415|10|02:11:58|Giant Neostrack|https://www.strava.com/activities/2071165439
1/9/2019|168.27|05:46:34|3397|0|295|4709|326|74%|0|0|29.1|77.8|82|121|0|0|226|1062|4,700|10|06:04:26|Garmin Edge 1030|https://www.strava.com/activities/2066910348
1/8/2019|135.47|04:15:40|2370|0|290|3353|235|73%|0|0|31.8|70.6|84|143|0|0|219|1320|3,349|9|04:28:10|Garmin Edge 1030|https://www.strava.com/activities/2064484838
1/7/2019|43.01|01:31:22|544|0|206|925|42|52%|0|0|28.2|59.4|81|132|0|0|169|852|925|10|02:17:41|Garmin Edge 1030|https://www.strava.com/activities/2062515275
1/6/2019|157.14|05:04:47|2514|0|287|4304|282|72%|0|0|30.9|76.3|85|144|0|0|235|1396|4,306|10|05:39:05|Garmin Edge 1030|https://www.strava.com/activities/2060265637
1/5/2019|133.45|04:11:01|2264|0|288|3577|221|72%|0|0|31.9|68.8|85|125|0|0|237|1147|3,574|11|05:08:00|Garmin Edge 1030|https://www.strava.com/activities/2057645218
1/2/2019|156.82|04:59:00|2746|0|280|4175|251|70%|0|0|31.5|69.1|82|149|0|0|233|1238|4,167|11|05:34:20|Garmin Edge 1030|https://www.strava.com/activities/2051306405
2/17/2019|40.36|01:05:55|228|0|187|656|25|47%|0|0|36.7|70.2|84|111|0|0|166|550|653|25|01:10:27|Garmin Edge 820|https://www.strava.com/activities/2157775685
2/6/2019|12.56|00:22:52|106|0|0|0|0||0|0|33|60.1|87|142|0|0|0|0|378|19|00:31:30|Garmin Edge 1030|https://www.strava.com/activities/2132708757
2/26/2019|159.37|04:38:56|1547|0|0|0|0||0|0|34.3|63|86|125|0|0|0|0|4,123|15|05:01:28|Garmin Edge 1030|https://www.strava.com/activities/2177148879
2/20/2019|167.93|04:10:27|1781|0|0|0|0||0|0|40.2|104.8|83|128|0|0|0|0|3,006|27|04:15:36|Garmin Edge 820|https://www.strava.com/activities/2162427074
2/19/2019|140.96|03:45:13|2139|0|0|0|0||0|0|37.6|94|83|145|0|0|0|0|2,844|27|03:55:19|Garmin Edge 820|https://www.strava.com/activities/2162423789
2/18/2019|198.06|04:51:53|1985|0|0|0|0||0|0|40.7|100.1|84|134|0|0|0|0|3,440|27|04:51:53|Garmin Edge 820|https://www.strava.com/activities/2157777262
2/17/2019|161.1|04:16:45|1489|0|0|0|0||0|0|37.6|101.9|82|140|0|0|0|0|2,606|29|04:16:45|Garmin Edge 820|https://www.strava.com/activities/2157772796
2/16/2019|143.89|03:07:42|271|0|0|0|0||0|0|46|76.7|81|147|0|0|0|0|1,962|27|03:07:42|Garmin Edge 1030|https://www.strava.com/activities/2157789715
2/14/2019|110.66|03:14:11|1305|0|0|0|0||0|0|34.2|97.6|83|142|0|0|0|0|2,497|26|04:04:04|Garmin Edge 1030|https://www.strava.com/activities/2148692135
2/13/2019|73.75|02:07:59|237|0|203|1480|58|51%|0|0|34.6|57.2|85|117|0|0|193|1177|1,475|22|02:45:32|Garmin Edge 1030|https://www.strava.com/activities/2143293725
2/12/2019|108.84|03:18:31|708|0|0|0|0||0|0|32.9|61.2|88|129|0|0|0|0|3,121|0|03:22:40|Garmin Edge 1030|https://www.strava.com/activities/2143292197
2/9/2019|192.25|05:05:36|3182|0|0|0|0||0|0|37.7|77.8|85|139|0|0|0|0|4,376|16|05:06:09|Garmin Edge 820|https://www.strava.com/activities/2135949998
2/8/2019|199.28|05:14:38|3098|0|0|0|0||0|0|38|79.2|86|129|0|0|0|0|4,199|17|05:15:14|Garmin Edge 820|https://www.strava.com/activities/2132872577
2/7/2019|177.5|04:32:24|2620|0|0|0|0||0|0|39.1|85.3|88|130|0|0|0|0|3,582|16|04:33:54|Garmin Edge 1030|https://www.strava.com/activities/2132707671
2/3/2019|118.94|03:49:06|2074|0|0|0|0||0|0|31.1|70.6|83|114|0|0|0|0|3,377|7|04:07:21|Garmin Edge 1030|https://www.strava.com/activities/2121960646
2/2/2019|164.5|05:06:36|2946|0|0|0|0||0|0|32.2|76|85|136|0|0|0|0|4,377|9|05:20:05|Garmin Edge 1030|https://www.strava.com/activities/2122388687
3/31/2019|255.17|05:39:36|1757|0|0|0|0||0|0|45.1|86.4|87|136|0|0|0|0|6,057|11|05:39:36|Garmin Edge 1030|https://www.strava.com/activities/2256628742
3/29/2019|206.45|04:53:02|2187|0|0|0|0||0|0|42.3|85|87|134|0|0|0|0|4,606|16|04:53:39|Garmin Edge 1030|https://www.strava.com/activities/2250193902
3/28/2019|47.85|01:32:00|97|0|0|0|0||0|0|31.2|50|84|136|0|0|0|0|1,021|10|02:56:53|Garmin Edge 1030|https://www.strava.com/activities/2246981912
3/27/2019|77.71|02:23:43|229|0|0|0|0||0|0|32.4|52.9|88|134|0|0|0|0|2,006|7|02:52:25|Garmin Edge 1030|https://www.strava.com/activities/2244170225
3/26/2019|126.84|03:53:16|1180|0|0|0|0||0|0|32.6|65.9|87|152|0|0|0|0|3,517|6|04:42:13|Garmin Edge 1030|https://www.strava.com/activities/2241989034
3/25/2019|74.25|02:24:16|236|0|0|0|0||0|0|30.9|53.3|89|164|0|0|0|0|1,831|6|04:05:20|Garmin Edge 1030|https://www.strava.com/activities/2239622805
3/23/2019|297.95|07:01:18|1970|0|0|0|0||0|0|42.4|81.7|84|145|0|0|0|0|5,139|18|07:07:01|Garmin Edge 1030|https://www.strava.com/activities/2235234139
3/21/2019|87.34|02:43:34|921|0|0|0|0||0|0|32|69.5|86|123|0|0|0|0|2,021|11|02:53:50|Garmin Edge 1030|https://www.strava.com/activities/2230245109
3/20/2019|50.84|01:45:13|333|0|0|0|0||0|0|29|53.3|83|112|0|0|0|0|1,003|12|02:19:50|Garmin Edge 1030|https://www.strava.com/activities/2227901416
3/19/2019|10.04|00:12:02|14|0|0|0|0||0|0|50.1|56.9|96|108|0|0|0|0|298|7|00:12:02|Garmin Edge 1030|https://www.strava.com/activities/2227904633
3/19/2019|21.26|00:35:52|40|0|0|0|0||0|0|35.6|50.4|84|110|0|0|0|0|443|10|00:35:52|Garmin Edge 1030|https://www.strava.com/activities/2227907195
3/18/2019|195.39|04:45:53|2382|0|0|0|0||0|0|41|99.4|84|164|0|0|0|0|4,037|10|04:45:53|Garmin Edge 1030|https://www.strava.com/activities/2222471437
3/17/2019|177.39|04:47:59|2925|0|0|0|0||0|0|37|88.6|82|128|0|0|0|0|4,287|18|04:51:11|Garmin Edge 820|https://www.strava.com/activities/2220984022
3/16/2019|223.12|05:33:55|3158|0|0|0|0||0|0|40.1|82.1|85|143|0|0|0|0|5,047|18|05:34:17|Garmin Edge 820|https://www.strava.com/activities/2217727086
3/15/2019|227.13|05:42:45|2815|0|0|0|0||0|0|39.8|91.8|84|196|0|0|0|0|4,495|20|05:43:24|Garmin Edge 820|https://www.strava.com/activities/2215185254
3/14/2019|195.63|04:50:43|2113|0|0|0|0||0|0|40.4|86|85|136|0|0|0|0|4,017|16|04:51:03|Garmin Edge 820|https://www.strava.com/activities/2213168407
3/10/2019|50.38|01:36:47|103|0|0|0|0||0|0|31.2|44.6|83|115|0|0|0|0|1,055|8|02:10:42|Garmin Edge 1030|https://www.strava.com/activities/2204730432
3/9/2019|185.42|04:50:52|2979|0|0|0|0||0|0|38.2|86.8|86|143|0|0|0|0|5,089|17|04:50:52|Garmin Edge 820|https://www.strava.com/activities/2204711032
3/7/2019|95.55|03:12:05|1944|0|0|0|0||0|0|29.8|78.8|81|123|0|0|0|0|2,499|14|03:20:50|Garmin Edge 1030|https://www.strava.com/activities/2197589775
3/3/2019|35.94|01:05:21|755|0|0|0|0||0|0|33|88.9|91|178|0|0|0|0|1,004||01:05:21|Zwift|https://www.strava.com/activities/2187682741
3/2/2019|206.43|05:05:02|1695|0|0|0|0||0|0|40.6|90.4|86|159|0|0|0|0|4,986|9|05:05:58|Garmin Edge 820|https://www.strava.com/activities/2186794882
4/28/2019|260.95|06:53:49|4296|0|0|0|0||0|0|37.8|82.1|86|133|0|0|0|0|6,092|6|07:02:58|Garmin Edge 820|https://www.strava.com/activities/2326508644
4/26/2019|97.57|03:19:55|1808|0|0|0|0||0|0|29.3|68|80|140|0|0|0|0|2,490|13|03:26:20|Garmin Edge 820|https://www.strava.com/activities/2320358533
4/21/2019|264.6|06:40:14|3653|0|0|0|0||0|0|39.7|89.6|86|136|0|0|0|0|5,752|24|06:41:19|Garmin Edge 820|https://www.strava.com/activities/2308396521
4/20/2019|45.81|01:33:12|446|0|0|0|0||0|0|29.5|73.8|82|119|0|0|0|0|896|21|02:12:01|Garmin Edge 820|https://www.strava.com/activities/2304146052
4/19/2019|86.13|02:44:52|1104|0|0|0|0||0|0|31.3|77|83|133|0|0|0|0|1,974|22|02:56:56|Garmin Edge 820|https://www.strava.com/activities/2302055192
4/17/2019|123.7|03:42:30|670|0|0|0|0||0|0|33.4|59.4|85|133|0|0|0|0|2,883|11|03:46:58|Garmin Edge 820|https://www.strava.com/activities/2296440686
4/14/2019|262.98|06:13:58|1562|0|0|0|0||0|0|42.2|78.5|89|179|0|0|0|0|6,590|7|06:19:25|Garmin Edge 1030|https://www.strava.com/activities/2292148722
4/12/2019|88.87|02:53:16|516|0|0|0|0||0|0|30.8|65.2|85|149|0|0|0|0|2,228|6|03:05:23|Garmin Edge 1030|https://www.strava.com/activities/2284896881
4/10/2019|171.85|05:04:02|1466|0|0|0|0||0|0|33.9|68.4|89|120|0|0|0|0|4,668|6|05:23:16|Garmin Edge 1030|https://www.strava.com/activities/2279396288
4/7/2019|276.09|06:31:06|2123|0|0|0|0||0|0|42.4|89.3|86|155|0|0|0|0|5,867|17|06:34:31|Garmin Edge 820|https://www.strava.com/activities/2273156925
4/5/2019|60.65|01:59:57|120|0|0|0|0||0|0|30.3|43.2|85|123|0|0|0|0|1,304|9|02:37:33|Garmin Edge 1030|https://www.strava.com/activities/2267140314
4/4/2019|113.11|03:31:06|1545|0|0|0|0||0|0|32.2|72|84|138|0|0|0|0|2,738|6|03:41:00|Garmin Edge 1030|https://www.strava.com/activities/2267135246
4/2/2019|59.63|01:53:45|132|0|0|0|0||0|0|31.5|43.2|86|119|0|0|0|0|1,291|7|01:54:19|Garmin Edge 1030|https://www.strava.com/activities/2259196609
5/30/2019|160.65|05:16:18|3186|0|0|0|0||0|0|30.5|89.6|84|139|0|0|0|0|4,437|12|05:29:18|Garmin Edge 1030|https://www.strava.com/activities/2409628588
5/18/2019|78.79|02:08:50|76|0|0|0|0||0|0|36.7|55.4|93|159|0|0|0|0|1,902|13|02:10:28|Garmin Edge 1030|https://www.strava.com/activities/2379669176
5/23/2019|157.49|04:40:51|1315|0|0|0|0||0|0|33.6|63.7|89|140|0|0|0|0|3,890|18|04:49:47|Garmin Edge 1030|https://www.strava.com/activities/2390623551
5/17/2019|128.87|04:00:11|852|0|0|0|0||0|0|32.2|57.2|85|185|0|0|0|0|3,202|9|04:50:41|Garmin Edge 1030|https://www.strava.com/activities/2379665774
5/16/2019|101.65|03:08:06|407|0|0|0|0||0|0|32.4|51.8|86|196|0|0|0|0|2,402|17|03:09:20|Garmin Edge 1030|https://www.strava.com/activities/2372604821
5/12/2019|149.37|04:50:02|1543|0|0|0|0||0|0|30.9|68.8|84|196|0|0|0|0|3,525|11|05:22:51|Garmin Edge 820|https://www.strava.com/activities/2362506150
5/5/2019|180.61|04:51:57|3283|0|0|0|0||0|0|37.1|90.4|84|144|0|0|0|0|4,507|9|04:54:23|Garmin Edge 820|https://www.strava.com/activities/2346426124
5/4/2019|135.66|03:40:06|1969|0|0|0|0||0|0|37|89.6|86|132|0|0|0|0|3,660|5|03:41:13|Garmin Edge 820|https://www.strava.com/activities/2342031998
5/3/2019|137.12|03:20:02|1509|0|0|0|0||0|0|41.1|78.5|87|200|0|0|0|0|2,865|6|03:20:02|Garmin Edge 820|https://www.strava.com/activities/2339234207
5/2/2019|189.52|04:21:40|1000|0|0|0|0||0|0|43.5|76|88|132|0|0|0|0|3,742|8|04:22:24|Garmin Edge 820|https://www.strava.com/activities/2336794072
5/1/2019|63.05|02:19:04|772|0|0|0|0||0|0|27.2|64.8|79|125|0|0|0|0|1,362|15|02:58:53|Garmin Edge 820|https://www.strava.com/activities/2334491539
6/26/2019|36.11|01:04:02|60|0|0|0|0||0|0|33.8|52.6|87|153|0|0|0|0|920|20|01:04:02|Garmin Edge 1030|https://www.strava.com/activities/2481921255
6/23/2019|16.31|00:37:20|52|0|0|0|0||0|0|26.2|44.3|80|107|0|0|0|0|267|26|00:41:29|Garmin Edge 820|https://www.strava.com/activities/2478986274
6/22/2019|20.43|00:33:08|146|0|0|0|0||0|0|37|74.5|83|112|0|0|0|0|304|18|00:33:29|Garmin Edge 1030|https://www.strava.com/activities/2472756229
6/22/2019|19.66|00:24:27|86|0|0|0|0||0|0|48.2|67.3|92|112|0|0|0|0|512|16|00:24:27|Garmin Edge 1030|https://www.strava.com/activities/2471423840
6/15/2019|10.16|00:13:19|68|0|0|0|0||0|0|45.8|61.9|94|120|0|0|0|0|291|20|00:14:07|Garmin Edge 1030|https://www.strava.com/activities/2452897823
6/15/2019|34.72|00:58:00|224|0|0|0|0||0|0|35.9|55.4|90|113|0|0|0|0|708|19|00:58:00|Garmin Edge 1030|https://www.strava.com/activities/2452896143
6/2/2019|60.05|02:50:44|1219|0|0|0|0||0|0|21.1|52.9|0|0|0|0|0|0|1,125|23|02:57:23|Garmin Edge 1030|https://www.strava.com/activities/2418647606
6/1/2019|180.2|05:45:07|3249|0|0|0|0||0|0|31.3|71.3|84|119|0|0|0|0|4,764|19|05:51:35|Garmin Edge 1030|https://www.strava.com/activities/2415190542
6/30/2019|228.09|05:09:02|774|0|0|0|0||0|0|44.3|65.5|86|159|0|0|0|0|4,838|27|05:09:02|Garmin Edge 820|https://www.strava.com/activities/2494385001
6/26/2019|103.78|02:55:06|104|0|0|0|0||0|0|35.6|58|87|119|0|0|0|0|2,404|15|02:56:33|Garmin Edge 1030|https://www.strava.com/activities/2481914104
6/23/2019|103.99|03:25:12|3171|0|0|0|0||0|0|30.4|107.3|80|148|0|0|0|0|3,497|24|03:26:38|Garmin Edge 820|https://www.strava.com/activities/2478987829
6/21/2019|218.04|05:56:42|4095|0|0|0|0||0|0|36.7|92.2|82|132|0|0|0|0|5,527|17|05:56:42|Garmin Edge 1030|https://www.strava.com/activities/2469218781
6/20/2019|131.12|03:17:50|1608|0|0|0|0||0|0|39.8|88.2|82|128|0|0|0|0|2,784|17|03:20:03|Garmin Edge 1030|https://www.strava.com/activities/2466287236
6/19/2019|180.73|04:33:32|2601|0|0|0|0||0|0|39.6|86.8|84|146|0|0|0|0|3,871|29|04:33:32|Garmin Edge 820|https://www.strava.com/activities/2466299278
6/18/2019|165.59|03:57:31|1772|0|0|0|0||0|0|41.8|90|84|132|0|0|0|0|3,109|29|03:59:07|Garmin Edge 820|https://www.strava.com/activities/2466296321
6/17/2019|163.23|03:49:35|1728|0|0|0|0||0|0|42.7|82.8|84|128|0|0|0|0|2,950|27|03:49:35|Garmin Edge 1030|https://www.strava.com/activities/2466290515
6/16/2019|161.22|04:11:44|2911|0|0|0|0||0|0|38.4|89.6|83|140|0|0|0|0|3,523|21|04:13:28|Garmin Edge 820|https://www.strava.com/activities/2456046987
6/14/2019|96.6|02:33:14|863|0|0|0|0||0|0|37.8|67|87|128|0|0|0|0|1,462|19|03:09:21|Garmin Edge 1030|https://www.strava.com/activities/2449441422
6/12/2019|116.52|03:58:32|1588|0|0|0|0||0|0|29.3|79.2|84|195|0|0|0|0|3,182|13|04:09:43|Garmin Edge 1030|https://www.strava.com/activities/2444330814
6/3/2019|79.01|02:13:47|243|0|0|0|0||0|0|35.4|60.1|86|139|0|0|0|0|1,778|15|02:49:49|Garmin Edge 1030|https://www.strava.com/activities/2420331609
7/27/2019|62.07|02:15:15|2122|0|0|0|0||0|0|27.5|69.8|78|115|0|0|0|0|2,287|22|02:15:15|Garmin Edge 820|https://www.strava.com/activities/2589377501
7/26/2019|107.53|03:31:25|3123|0|0|0|0||0|0|30.5|78.8|78|122|0|0|0|0|3,167|28|03:31:41|Garmin Edge 820|https://www.strava.com/activities/2565139674
7/25/2019|213.74|06:04:46|4600|0|0|0|0||0|0|35.2|95|82|139|0|0|0|0|5,889|30|06:06:20|Garmin Edge 820|https://www.strava.com/activities/2562945741
7/24/2019|206.54|04:39:48|2493|0|0|0|0||0|0|44.3|77.4|89|132|0|0|0|0|4,480|34|04:39:48|Garmin Edge 1030|https://www.strava.com/activities/2559847329
7/23/2019|181.58|04:13:14|1742|0|0|0|0||0|0|43|82.1|82|119|0|0|0|0|3,102|38|04:13:14|Garmin Edge 1030|https://www.strava.com/activities/2557319567
7/21/2019|185.7|05:21:25|3803|0|0|0|0||0|0|34.7|90.7|80|122|0|0|0|0|4,899|24|05:21:45|Garmin Edge 1030|https://www.strava.com/activities/2552155709
7/20/2019|124.26|03:59:06|3549|0|0|0|0||0|0|31.2|87.1|79|124|0|0|0|0|3,768|28|03:59:06|Garmin Edge 820|https://www.strava.com/activities/2549010161
7/19/2019|26.77|00:38:37|387|0|0|0|0||0|0|41.6|73.8|94|144|0|0|0|0|853|29|00:38:37|Garmin Edge 1030|https://www.strava.com/activities/2545790218
7/19/2019|29.71|00:56:55|411|0|0|0|0||0|0|31.3|68|84|121|0|0|0|0|778|26|00:56:55|Garmin Edge 1030|https://www.strava.com/activities/2545788712
7/18/2019|218.67|05:22:06|3094|0|0|0|0||0|0|40.7|86.8|84|133|0|0|0|0|5,452|20|05:22:06|Garmin Edge 1030|https://www.strava.com/activities/2544719700
7/17/2019|171.66|04:02:13|1825|0|0|0|0||0|0|42.5|85.3|83|135|0|0|0|0|3,257|32|04:02:59|Garmin Edge 1030|https://www.strava.com/activities/2540582736
7/16/2019|39.3|01:26:45|333|0|0|0|0||0|0|27.2|60.1|77|116|0|0|0|0|734|27|02:15:22|Garmin Edge 1030|https://www.strava.com/activities/2537310991
7/15/2019|223.04|05:02:13|3037|0|0|0|0||0|0|44.3|107.6|84|134|0|0|0|0|4,531|27|05:02:33|Garmin Edge 1030|https://www.strava.com/activities/2535091928
7/14/2019|179.18|04:41:49|2843|0|0|0|0||0|0|38.1|95|79|125|0|0|0|0|3,732|26|04:41:49|Garmin Edge 1030|https://www.strava.com/activities/2532173350
7/13/2019|205.61|05:14:45|3825|0|0|0|0||0|0|39.2|95.4|84|134|0|0|0|0|4,696|29|05:14:45|Garmin Edge 1030|https://www.strava.com/activities/2529561494
7/12/2019|237.99|06:22:26|2492|0|0|0|0||0|0|37.3|82.1|79|142|0|0|0|0|3,931|27|06:24:20|Garmin Edge 1030|https://www.strava.com/activities/2526229935
7/11/2019|169|05:03:02|3792|0|0|0|0||0|0|33.5|93.2|80|133|0|0|0|0|4,655|18|05:04:19|Garmin Edge 1030|https://www.strava.com/activities/2523980230
7/10/2019|178.47|04:13:34|2262|0|0|0|0||0|0|42.2|87.8|85|129|0|0|0|0|3,735|25|04:13:34|Garmin Edge 1030|https://www.strava.com/activities/2521050115
7/9/2019|220.24|05:24:39|1688|0|0|0|0||0|0|40.7|90.7|80|144|0|0|0|0|3,506|25|05:25:15|Garmin Edge 1030|https://www.strava.com/activities/2518367920
7/8/2019|217.97|04:53:09|2633|0|0|0|0||0|0|44.6|89.6|87|159|0|0|0|0|3,917|23|04:53:09|Garmin Edge 1030|https://www.strava.com/activities/2515589827
7/7/2019|27.4|00:30:03|207|0|0|0|0||0|0|54.7|78.1|101|127|0|0|0|0|706|19|00:30:35|Garmin Edge 1030|https://www.strava.com/activities/2515586182
7/7/2019|35.96|01:00:26|257|0|0|0|0||0|0|35.7|70.2|84|114|0|0|0|0|678|18|01:00:26|Garmin Edge 1030|https://www.strava.com/activities/2515584357
7/6/2019|197.94|04:34:09|1712|0|0|0|0||0|0|43.3|78.8|87|129|0|0|0|0|3,841|26|04:35:11|Garmin Edge 1030|https://www.strava.com/activities/2510921145
8/29/2019|43.38|03:25:20|1652|0|0|0|0||0|0|12.7|51.5|0|0|0|0|0|0|1,459|14|03:50:27|Garmin Edge 1030|https://www.strava.com/activities/2662441580
8/28/2019|121.26|04:16:42|2869|0|0|0|0||0|0|28.3|81.7|79|179|0|0|0|0|3,629|19|04:33:36|Garmin Edge 1030|https://www.strava.com/activities/2659294075
8/25/2019|34.01|02:03:36|803|0|0|0|0||0|0|16.5|59|0|0|0|0|0|0|759|18|03:16:14|Garmin Edge 1030|https://www.strava.com/activities/2650875801
8/24/2019|146.48|05:20:45|2978|0|0|0|0||0|0|27.4|83.2|79|117|0|0|0|0|4,200|17|05:33:18|Garmin Edge 1030|https://www.strava.com/activities/2648151700
8/23/2019|115.7|03:56:15|1749|0|0|0|0||0|0|29.4|87.1|83|176|0|0|0|0|2,972|14|04:11:31|Garmin Edge 1030|https://www.strava.com/activities/2644466045
8/22/2019|37.46|03:11:44|1521|0|0|0|0||0|0|11.7|42.1|0|0|0|0|0|0|1,458|15|03:44:03|Garmin Edge 1030|https://www.strava.com/activities/2641020771
8/21/2019|51.99|03:15:59|1667|0|0|0|0||0|0|15.9|48.2|0|0|0|0|0|0|1,530|15|03:23:14|Garmin Edge 1030|https://www.strava.com/activities/2638799788
8/31/2019|53.42|01:44:32|478|0|0|0|0||0|0|30.7|52.9|85|117|0|0|0|0|1,206|20|01:45:10|Garmin Edge 1030|https://www.strava.com/activities/2672517495
8/18/2019|179.75|04:12:54|1923|0|0|0|0||0|0|42.6|79.9|86|126|0|0|0|0|4,112|16|04:12:54|Garmin Edge 1030|https://www.strava.com/activities/2632906732
8/16/2019|196.6|04:09:03|468|0|0|0|0||0|0|47.4|79.6|81|137|0|0|0|0|3,104|20|04:09:03|Garmin Edge 1030|https://www.strava.com/activities/2624306723
8/15/2019|99.03|02:34:53|1959|0|0|0|0||0|0|38.4|77.8|84|123|0|0|0|0|2,759|15|02:34:53|Garmin Edge 1030|https://www.strava.com/activities/2621950846
8/14/2019|172.63|03:58:02|499|0|0|0|0||0|0|43.5|70.9|83|149|0|0|0|0|3,489|17|03:58:36|Garmin Edge 1030|https://www.strava.com/activities/2619096538
8/13/2019|176.84|04:06:01|618|0|0|0|0||0|0|43.1|67|81|191|0|0|0|0|3,303|17|04:06:01|Garmin Edge 1030|https://www.strava.com/activities/2615641507
8/12/2019|170.95|03:50:21|322|0|0|0|0||0|0|44.5|67|83|140|0|0|0|0|3,132|16|03:50:45|Garmin Edge 1030|https://www.strava.com/activities/2612893764
8/7/2019|156.34|04:31:15|917|0|0|0|0||0|0|34.6|59|86|130|0|0|0|0|3,771|21|04:49:09|Garmin Edge 1030|https://www.strava.com/activities/2599336972
8/3/2019|228.28|05:56:55|4406|0|0|0|0||0|0|38.4|88.9|85|136|0|0|0|0|5,288|28|05:57:20|Garmin Edge 820|https://www.strava.com/activities/2589386861
9/21/2019|19.78|00:42:59|90|0|0|0|0||0|0|27.6|43.6|79|122|0|0|0|0|351|26|00:42:59|Garmin Edge 1030|https://www.strava.com/activities/2731929596
9/29/2019|272.62|06:53:31|4087|0|0|0|0||0|0|39.6|87.1|86|170|0|0|0|0|6,347|8|06:55:12|Garmin Edge 1030|https://www.strava.com/activities/2753719773
9/26/2019|72.34|02:27:53|777|0|0|0|0||0|0|29.4|60.8|66|119|0|0|0|0|2,626|14|02:31:27|Garmin Edge 1030|https://www.strava.com/activities/2741587895
9/25/2019|184.01|05:23:10|2196|0|0|0|0||0|0|34.2|73.8|86|129|0|0|0|0|4,297|13|05:40:15|Garmin Edge 1030|https://www.strava.com/activities/2741595589
9/22/2019|195.52|04:26:44|2099|0|0|0|0||0|0|44|80.6|86|147|0|0|0|0|3,905|25|04:26:44|Garmin Edge 1030|https://www.strava.com/activities/2731932873
9/21/2019|202.9|04:48:59|1770|0|0|0|0||0|0|42.1|86.4|88|133|0|0|0|0|4,201|25|04:50:13|Garmin Edge 1030|https://www.strava.com/activities/2731926150
9/15/2019|222.8|06:08:53|4589|0|0|0|0||0|0|36.2|82.4|83|173|0|0|0|0|5,343|16|06:10:12|Garmin Edge 820|https://www.strava.com/activities/2713393600
9/13/2019|200.51|05:13:47|2653|0|0|0|0||0|0|38.3|81|84|142|0|0|0|0|4,440|17|05:14:47|Garmin Edge 820|https://www.strava.com/activities/2707255555
9/5/2019|143.83|04:41:31|2401|0|0|0|0||0|0|30.7|63|83|134|0|0|0|0|3,922|12|05:13:25|Garmin Edge 1030|https://www.strava.com/activities/2682162951
9/4/2019|160.71|05:13:27|3088|0|0|0|0||0|0|30.8|78.8|84|130|0|0|0|0|4,487|18|05:34:03|Garmin Edge 1030|https://www.strava.com/activities/2679253321
9/1/2019|249.89|06:15:51|3951|0|0|0|0||0|0|39.9|91.4|85|144|0|0|0|0|5,546|18|06:16:31|Garmin Edge 1030|https://www.strava.com/activities/2672518934
10/22/2019|11.39|01:02:09|0|0|0|0|0||0|0|0|0|0|0|0|0|0|0|||00:00:00|Garmin Edge 820|https://www.strava.com/activities/2813655035
10/20/2019|10.45|00:56:23|0|0|0|0|0||0|0|0|0|0|0|0|0|0|0|||00:00:00|Garmin Forerunner 35|https://www.strava.com/activities/2805542778
10/9/2019|7.07|00:41:54|0|0|0|0|0||0|0|0|0|0|0|0|0|0|0|||00:00:00|Garmin Forerunner 35|https://www.strava.com/activities/2777074282
11/14/2019|22.76|00:45:32|203|0|0|0|0||0|0|30|54.7|99|172|0|0|0|0|412||00:45:32|Zwift|https://www.strava.com/activities/2863973740
11/1/2019|10.43|01:04:34|0|0|0|0|0||0|0|0|0|0|0|0|0|0|0|||00:00:00|Garmin Forerunner 35|https://www.strava.com/activities/2840758236
11/24/2019|50.64|03:10:58|775|0|0|0|0||0|0|15.9|58.7|0|0|0|0|0|0|2,441|1|03:30:21|Garmin Edge 1030|https://www.strava.com/activities/2888956779
11/11/2019|88.85|03:29:18|191|0|0|0|0||0|0|25.5|46.4|0|0|0|0|0|0|3,148|3|03:35:14|Garmin Edge 1030|https://www.strava.com/activities/2857667499
12/29/2019|101.01|03:38:29|402|0|0|0|0||0|0|27.7|48.2|0|0|0|0|0|0|1,876|0|03:50:46|Garmin Edge 1030|https://www.strava.com/activities/2965124579
12/25/2019|66.17|02:02:04|100|0|0|0|0||0|0|32.5|44.3|89|123|0|0|0|0|1,658|5|02:02:41|Garmin Edge 1030|https://www.strava.com/activities/2957827901
12/22/2019|87.1|03:24:48|591|0|0|0|0||0|0|25.5|46.8|0|0|0|0|0|0|1,961|4|03:40:22|Garmin Edge 1030|https://www.strava.com/activities/2949055127
12/20/2019|42.89|01:10:20|710|0|0|0|0||0|0|36.6|77|97|151|0|0|0|0|1,146||01:18:29|Zwift|https://www.strava.com/activities/2944693882
12/6/2019|41.93|01:15:19|912|0|0|0|0||0|0|33.4|77|93|156|0|0|0|0|1,252||01:15:19|Zwift|https://www.strava.com/activities/2914508311
12/31/2019|129.34|03:52:28|848|0|0|0|0||0|0|33.4|57.2|87|121|0|0|0|0|3,247|0|03:55:36|Garmin Edge 1030|https://www.strava.com/activities/2970145036
12/30/2019|134.69|04:10:59|834|0|0|0|0||0|0|32.2|56.9|88|127|0|0|0|0|3,577|2|04:18:37|Garmin Edge 1030|https://www.strava.com/activities/2967736581
12/27/2019|118.67|03:39:06|764|0|0|0|0||0|0|32.5|61.2|88|121|0|0|0|0|3,084|4|03:40:59|Garmin Edge 1030|https://www.strava.com/activities/2959733395
12/26/2019|145.86|04:18:36|918|0|0|0|0||0|0|33.8|57.2|89|128|0|0|0|0|3,781|1|04:20:05|Garmin Edge 1030|https://www.strava.com/activities/2957831195
12/24/2019|116.16|03:34:55|788|0|0|0|0||0|0|32.4|56.2|87|125|0|0|0|0|3,018|7|03:36:42|Garmin Edge 1030|https://www.strava.com/activities/2953396445
12/23/2019|107.58|03:15:36|374|0|0|0|0||0|0|33|56.5|89|116|0|0|0|0|2,719|4|03:16:32|Garmin Edge 1030|https://www.strava.com/activities/2951349494
12/18/2019|176.22|05:29:16|3550|0|0|0|0||0|0|32.1|78.1|82|141|0|0|0|0|4,567|11|05:44:18|Garmin Edge 1030|https://www.strava.com/activities/2941915915
12/17/2019|74.35|01:54:10|291|0|0|0|0||0|0|39.1|67.3|88|136|0|0|0|0|1,520|9|02:00:52|Garmin Edge 1030|https://www.strava.com/activities/2941922013
12/12/2019|142.09|04:41:17|2518|0|0|0|0||0|0|30.3|71.6|84|157|0|0|0|0|3,623|10|04:49:38|Garmin Edge 1030|https://www.strava.com/activities/2930524670
12/11/2019|124.36|03:52:40|1947|0|0|0|0||0|0|32.1|72.4|81|134|0|0|0|0|2,817|13|04:03:29|Garmin Edge 1030|https://www.strava.com/activities/2930529515
12/1/2019|82.4|03:00:30|143|0|0|0|0||0|0|27.4|43.6|0|0|0|0|0|0|1,690|0|03:08:33|Garmin Edge 1030|https://www.strava.com/activities/2908708230
1/19/2020|139.87|05:08:24|3773|0|0|0|0||0|0|27.2|85.7|81|127|0|0|0|0|4,227|18|05:26:20|Garmin Edge 1030|https://www.strava.com/activities/3026261849
1/18/2020|149.24|04:51:08|3471|0|0|0|0||0|0|30.8|76|84|183|0|0|0|0|4,170|18|05:04:30|Garmin Edge 1030|https://www.strava.com/activities/3023069762
1/15/2020|160.21|05:33:33|4055|0|0|0|0||0|0|28.8|78.1|82|139|0|0|0|0|4,641|12|05:50:43|Garmin Edge 1030|https://www.strava.com/activities/3013782506
1/14/2020|134.34|04:34:36|3108|0|0|0|0||0|0|29.4|75.6|81|132|0|0|0|0|3,858|16|04:47:29|Garmin Edge 1030|https://www.strava.com/activities/3010687966
1/13/2020|139.24|05:02:17|3808|0|0|0|0||0|0|27.6|73.8|82|124|0|0|0|0|4,290|12|05:18:29|Garmin Edge 1030|https://www.strava.com/activities/3007863936
1/11/2020|168.95|05:46:26|4010|0|0|0|0||0|0|29.3|75.2|82|123|0|0|0|0|4,830|12|06:01:03|Garmin Edge 1030|https://www.strava.com/activities/3002725568
1/10/2020|136.43|04:50:35|3259|0|0|0|0||0|0|28.2|77|81|150|0|0|0|0|4,084|13|04:57:45|Garmin Edge 1030|https://www.strava.com/activities/2998714764
1/9/2020|124.58|04:18:33|2764|0|0|0|0||0|0|28.9|88.6|81|124|0|0|0|0|3,343|14|04:19:30|Garmin Edge 1030|https://www.strava.com/activities/2996424679
1/7/2020|141.3|05:13:30|3259|0|0|0|0||0|0|27|85.7|81|127|0|0|0|0|4,167|7|05:23:24|Garmin Edge 1030|https://www.strava.com/activities/2990272889
1/6/2020|118.69|04:30:06|3029|0|0|0|0||0|0|26.4|92.9|83|137|0|0|0|0|3,602|8|04:36:33|Garmin Edge 1030|https://www.strava.com/activities/2987318061
1/3/2020|49.59|01:30:20|996|0|0|0|0||0|0|32.9|88.2|96|185|0|0|0|0|1,370||01:30:20|Zwift|https://www.strava.com/activities/2977686234
1/2/2020|177.16|05:18:35|995|0|0|0|0||0|0|33.4|85.3|89|160|0|0|0|0|4,256|1|05:38:14|Garmin Edge 1030|https://www.strava.com/activities/2975975348
1/31/2020|131.88|04:13:07|2301|0|0|0|0||0|0|31.3|73.4|83|138|0|0|0|0|3,267|16|04:28:25|Garmin Edge 1030|https://www.strava.com/activities/3059469574
1/29/2020|155.83|04:59:32|3062|0|0|0|0||0|0|31.2|71.6|84|135|0|0|0|0|4,445|16|05:18:24|Garmin Edge 1030|https://www.strava.com/activities/3054813081
1/28/2020|126.52|03:55:13|2399|0|0|0|0||0|0|32.3|85.7|85|132|0|0|0|0|3,217|12|04:06:04|Garmin Edge 1030|https://www.strava.com/activities/3050786002
1/26/2020|130.22|03:59:39|762|0|0|0|0||0|0|32.6|60.8|87|144|0|0|0|0|3,139|3|04:01:40|Garmin Edge 1030|https://www.strava.com/activities/3045186385
1/25/2020|131.87|04:05:50|901|0|0|0|0||0|0|32.2|55.4|91|137|0|0|0|0|3,156|0|04:10:09|Garmin Edge 1030|https://www.strava.com/activities/3042091848
1/23/2020|65.88|02:02:16|208|0|0|0|0||0|0|32.3|46.4|87|116|0|0|0|0|1,566|2|02:06:10|Garmin Edge 1030|https://www.strava.com/activities/3036729341
1/17/2020|162.6|05:30:58|4607|0|0|0|0||0|0|29.5|81.7|85|139|0|0|0|0|4,937|14|05:49:40|Garmin Edge 1030|https://www.strava.com/activities/3019706294
1/19/2020|139.87|05:08:24|3773|0|0|0|0||0|0|27.2|85.7|81|127|0|0|0|0|4,227|18|05:26:20|Garmin Edge 1030|https://www.strava.com/activities/3026261849
1/18/2020|149.24|04:51:08|3471|0|0|0|0||0|0|30.8|76|84|183|0|0|0|0|4,170|18|05:04:30|Garmin Edge 1030|https://www.strava.com/activities/3023069762
1/15/2020|160.21|05:33:33|4055|0|0|0|0||0|0|28.8|78.1|82|139|0|0|0|0|4,641|12|05:50:43|Garmin Edge 1030|https://www.strava.com/activities/3013782506
1/14/2020|134.34|04:34:36|3108|0|0|0|0||0|0|29.4|75.6|81|132|0|0|0|0|3,858|16|04:47:29|Garmin Edge 1030|https://www.strava.com/activities/3010687966
1/13/2020|139.24|05:02:17|3808|0|0|0|0||0|0|27.6|73.8|82|124|0|0|0|0|4,290|12|05:18:29|Garmin Edge 1030|https://www.strava.com/activities/3007863936
1/11/2020|168.95|05:46:26|4010|0|0|0|0||0|0|29.3|75.2|82|123|0|0|0|0|4,830|12|06:01:03|Garmin Edge 1030|https://www.strava.com/activities/3002725568
1/10/2020|136.43|04:50:35|3259|0|0|0|0||0|0|28.2|77|81|150|0|0|0|0|4,084|13|04:57:45|Garmin Edge 1030|https://www.strava.com/activities/2998714764
1/9/2020|124.58|04:18:33|2764|0|0|0|0||0|0|28.9|88.6|81|124|0|0|0|0|3,343|14|04:19:30|Garmin Edge 1030|https://www.strava.com/activities/2996424679
1/7/2020|141.3|05:13:30|3259|0|0|0|0||0|0|27|85.7|81|127|0|0|0|0|4,167|7|05:23:24|Garmin Edge 1030|https://www.strava.com/activities/2990272889
1/6/2020|118.69|04:30:06|3029|0|0|0|0||0|0|26.4|92.9|83|137|0|0|0|0|3,602|8|04:36:33|Garmin Edge 1030|https://www.strava.com/activities/2987318061
1/3/2020|49.59|01:30:20|996|0|0|0|0||0|0|32.9|88.2|96|185|0|0|0|0|1,370||01:30:20|Zwift|https://www.strava.com/activities/2977686234
1/2/2020|177.16|05:18:35|995|0|0|0|0||0|0|33.4|85.3|89|160|0|0|0|0|4,256|1|05:38:14|Garmin Edge 1030|https://www.strava.com/activities/2975975348
1/31/2020|131.88|04:13:07|2301|0|0|0|0||0|0|31.3|73.4|83|138|0|0|0|0|3,267|16|04:28:25|Garmin Edge 1030|https://www.strava.com/activities/3059469574
1/29/2020|155.83|04:59:32|3062|0|0|0|0||0|0|31.2|71.6|84|135|0|0|0|0|4,445|16|05:18:24|Garmin Edge 1030|https://www.strava.com/activities/3054813081
1/28/2020|126.52|03:55:13|2399|0|0|0|0||0|0|32.3|85.7|85|132|0|0|0|0|3,217|12|04:06:04|Garmin Edge 1030|https://www.strava.com/activities/3050786002
1/26/2020|130.22|03:59:39|762|0|0|0|0||0|0|32.6|60.8|87|144|0|0|0|0|3,139|3|04:01:40|Garmin Edge 1030|https://www.strava.com/activities/3045186385
1/25/2020|131.87|04:05:50|901|0|0|0|0||0|0|32.2|55.4|91|137|0|0|0|0|3,156|0|04:10:09|Garmin Edge 1030|https://www.strava.com/activities/3042091848
1/23/2020|65.88|02:02:16|208|0|0|0|0||0|0|32.3|46.4|87|116|0|0|0|0|1,566|2|02:06:10|Garmin Edge 1030|https://www.strava.com/activities/3036729341
1/17/2020|162.6|05:30:58|4607|0|0|0|0||0|0|29.5|81.7|85|139|0|0|0|0|4,937|14|05:49:40|Garmin Edge 1030|https://www.strava.com/activities/3019706294
3/18/2020|100.23|03:15:20|644|0|0|0|0||0|0|30.8|54|85|132|0|0|0|0|2,541|14|03:20:19|Garmin Edge 830|https://www.strava.com/activities/3193898795
3/12/2020|185.83|05:39:47|3347|0|0|0|0||0|0|32.8|79.6|83|130|0|0|0|0|4,978|25|06:03:05|Garmin Edge 830|https://www.strava.com/activities/3177366374
3/10/2020|137.8|04:36:18|3476|0|0|0|0||0|0|29.9|83.5|80|134|0|0|0|0|4,188|20|04:52:02|Garmin Edge 830|https://www.strava.com/activities/3171637515
3/9/2020|151.53|04:50:05|2107|0|0|0|0||0|0|31.3|74.2|82|121|0|0|0|0|4,009|18|05:04:38|Garmin Edge 830|https://www.strava.com/activities/3168703134
3/7/2020|147.68|04:17:30|317|0|0|0|0||0|0|34.4|54.7|87|138|0|0|0|0|3,899|9|04:25:17|Garmin Edge 830|https://www.strava.com/activities/3162386265
3/4/2020|157.43|04:39:15|1199|0|0|0|0||0|0|33.8|58.3|88|137|0|0|0|0|3,769|6|04:40:48|Garmin Edge 830|https://www.strava.com/activities/3153638686
3/1/2020|205.19|04:55:52|1875|0|0|0|0||0|0|41.6|83.5|87|171|0|0|0|0|4,551|9|04:56:17|Garmin Edge 830|https://www.strava.com/activities/3147124938
4/9/2020|85.5|02:31:15|170|0|0|0|0||0|0|33.9|51.1|84|155|0|0|0|0|2,193|18|02:31:15|Garmin Edge 830|https://www.strava.com/activities/3276877721
5/31/2020|152.71|05:04:40|2757|0|0|0|0||0|0|30.1|71.6|83|119|0|0|0|0|4,371|18|05:23:15|Garmin Edge 830|https://www.strava.com/activities/3542097679
5/22/2020|22.73|00:38:37|120|0|0|0|0||0|0|35.3|64.4|0|0|0|0|0|0|339||00:38:37|Zwift|https://www.strava.com/activities/3493671594
5/14/2020|83.64|02:40:31|415|0|0|0|0||0|0|31.3|53.3|84|124|0|0|0|0|2,035|13|02:45:01|Garmin Edge 830|https://www.strava.com/activities/3449236936
5/11/2020|86.32|02:53:54|272|0|0|0|0||0|0|29.8|42.8|83|116|0|0|0|0|2,088|12|02:58:01|Garmin Edge 830|https://www.strava.com/activities/3434551629
5/6/2020|94.8|03:00:34|414|0|0|0|0||0|0|31.5|52.9|84|117|0|0|0|0|2,346|16|03:02:17|Garmin Edge 830|https://www.strava.com/activities/3408699410
5/4/2020|77.89|02:33:12|56|0|0|0|0||0|0|30.5|42.8|85|135|0|0|0|0|1,871|12|03:13:28|Garmin Edge 830|https://www.strava.com/activities/3396353047
5/29/2020|91.72|04:45:38|2409|0|0|0|0||0|0|19.3|58|0|0|0|0|0|0|2,861|20|05:30:26|Garmin Edge 830|https://www.strava.com/activities/3531104020
5/28/2020|90.98|04:20:21|1729|0|0|0|0||0|0|21|56.2|0|0|0|0|0|0|2,374|18|05:03:29|Garmin Edge 830|https://www.strava.com/activities/3525367718
5/26/2020|118.03|03:59:53|2409|0|0|0|0||0|0|29.5|69.1|82|196|0|0|0|0|3,421|18|04:08:20|Garmin Edge 830|https://www.strava.com/activities/3514280807
5/25/2020|125.66|04:21:38|2376|0|0|0|0||0|0|28.8|71.6|83|149|0|0|0|0|3,613|15|04:32:41|Garmin Edge 830|https://www.strava.com/activities/3509164870
5/21/2020|93.42|03:32:59|724|0|0|0|0||0|0|26.3|46.4|0|0|0|0|0|0|1,685|23|03:33:37|Garmin Edge 830|https://www.strava.com/activities/3487730031
5/20/2020|150.86|04:43:27|1374|0|0|0|0||0|0|31.9|76|83|135|0|0|0|0|3,637|22|04:50:37|Garmin Edge 830|https://www.strava.com/activities/3482265360
5/19/2020|147.1|04:23:16|1041|0|0|0|0||0|0|33.5|65.2|83|127|0|0|0|0|3,586|21|04:25:14|Garmin Edge 830|https://www.strava.com/activities/3476621120
5/16/2020|147.05|04:37:04|1302|0|0|0|0||0|0|31.8|58|84|124|0|0|0|0|3,909|15|04:43:42|Garmin Edge 830|https://www.strava.com/activities/3459895334
5/15/2020|100.01|03:08:31|334|0|0|0|0||0|0|31.8|47.2|84|126|0|0|0|0|2,360|14|03:09:58|Garmin Edge 830|https://www.strava.com/activities/3454571213
5/13/2020|107.14|04:12:56|377|0|0|0|0||0|0|25.4|42.5|0|0|0|0|0|0|2,004|11|04:15:48|Garmin Edge 830|https://www.strava.com/activities/3444479711
5/12/2020|95.31|02:56:10|209|0|0|0|0||0|0|32.5|52.9|86|125|0|0|0|0|2,343|9|02:57:26|Garmin Edge 830|https://www.strava.com/activities/3438816120
5/5/2020|49.4|01:09:16|588|0|0|0|0||0|0|42.8|74.2|0|0|0|0|0|0|1,578||01:09:16|Zwift|https://www.strava.com/activities/3401746189
6/30/2020|40.57|01:16:19|440|0|0|0|0||0|0|31.9|65.2|83|134|0|0|0|0|957|18|01:16:49|Garmin Edge 830|https://www.strava.com/activities/3698429805
6/28/2020|139.48|04:13:04|1023|0|0|0|0||0|0|33.1|60.1|84|120|0|0|0|0|3,503|18|04:22:24|Garmin Edge 830|https://www.strava.com/activities/3683410755
6/27/2020|186.59|05:48:05|2023|0|0|0|0||0|0|32.2|69.1|84|123|0|0|0|0|4,699|20|06:02:26|Garmin Edge 830|https://www.strava.com/activities/3678370872
6/25/2020|145.94|04:13:09|798|0|0|0|0||0|0|34.6|66.6|88|135|0|0|0|0|3,719|27|04:25:42|Garmin Edge 830|https://www.strava.com/activities/3669335732
6/24/2020|164.43|04:56:09|1147|0|0|0|0||0|0|33.3|62.6|86|135|0|0|0|0|4,134|26|05:11:55|Garmin Edge 830|https://www.strava.com/activities/3663865278
6/18/2020|7.52|01:16:19|101|0|0|0|0||0|0|5.9|15.1|0|0|0|0|0|0|||01:17:38||https://www.strava.com/activities/3632708633
6/1/2020|79.48|04:24:07|2118|0|0|0|0||0|0|18.1|68.4|0|0|0|0|0|0|2,241|22|04:39:48|Garmin Edge 830|https://www.strava.com/activities/3548651347
6/23/2020|129.93|03:57:10|876|0|0|0|0||0|0|32.9|61.9|85|148|0|0|0|0|3,212|24|04:06:47|Garmin Edge 830|https://www.strava.com/activities/3660369721
6/21/2020|139.54|04:12:25|877|0|0|0|0||0|0|33.2|61.6|85|134|0|0|0|0|3,244|23|04:13:44|Garmin Edge 830|https://www.strava.com/activities/3648582837
6/20/2020|153.3|04:48:57|2849|0|0|0|0||0|0|31.8|76|84|152|0|0|0|0|4,118|18|05:04:07|Garmin Edge 830|https://www.strava.com/activities/3648577661
6/19/2020|163.41|04:59:10|2336|0|0|0|0||0|0|32.8|74.9|85|145|0|0|0|0|4,381|19|05:12:51|Garmin Edge 830|https://www.strava.com/activities/3638343480
6/17/2020|94.89|05:30:10|2489|0|0|0|0||0|0|17.2|62.6|0|0|0|0|0|0|3,213|17|06:29:18|Garmin Edge 830|https://www.strava.com/activities/3629382442
6/16/2020|166.43|05:20:04|3180|0|0|0|0||0|0|31.2|79.2|83|127|0|0|0|0|4,405|21|05:30:52|Garmin Edge 830|https://www.strava.com/activities/3623706093
6/15/2020|146.48|04:48:38|2876|0|0|0|0||0|0|30.5|71.3|84|127|0|0|0|0|3,992|19|05:12:39|Garmin Edge 830|https://www.strava.com/activities/3618531329
6/12/2020|173.17|05:11:06|1314|0|0|0|0||0|0|33.4|66.2|86|155|0|0|0|0|4,234|21|05:27:39|Garmin Edge 830|https://www.strava.com/activities/3603048583
6/11/2020|177.24|05:19:12|1638|0|0|0|0||0|0|33.3|70.2|87|138|0|0|0|0|4,346|19|05:30:07|Garmin Edge 830|https://www.strava.com/activities/3597653815
6/10/2020|51.21|01:41:59|115|0|0|0|0||0|0|30.1|42.1|83|127|0|0|0|0|1,078|17|02:12:46|Garmin Edge 830|https://www.strava.com/activities/3594639515
6/9/2020|145.61|04:15:45|1116|0|0|0|0||0|0|34.2|77.8|86|142|0|0|0|0|3,398|14|04:18:03|Garmin Edge 830|https://www.strava.com/activities/3587592291
6/8/2020|133.96|04:00:33|726|0|0|0|0||0|0|33.4|61.2|85|133|0|0|0|0|3,490|13|04:01:54|Garmin Edge 830|https://www.strava.com/activities/3583313673
6/6/2020|138.35|04:09:13|1102|0|0|0|0||0|0|33.3|64.4|87|128|0|0|0|0|3,470|15|04:11:43|Garmin Edge 830|https://www.strava.com/activities/3571729549
6/4/2020|83.76|02:33:13|329|0|0|0|0||0|0|32.8|55.4|85|136|0|0|0|0|1,921|13|02:47:02|Garmin Edge 830|https://www.strava.com/activities/3562503821
6/3/2020|137.72|03:59:01|945|0|0|0|0||0|0|34.6|64.4|86|118|0|0|0|0|3,198|21|03:59:57|Garmin Edge 830|https://www.strava.com/activities/3557665756
7/29/2020|39.15|01:15:42|359|0|0|0|0||0|0|31|64.4|83|150|0|0|0|0|855|36|01:15:42|Garmin Edge 830|https://www.strava.com/activities/3834776521
7/28/2020|119.69|03:50:52|1923|0|0|0|0||0|0|31.1|87.1|83|143|0|0|0|0|3,230|25|04:05:49|Garmin Edge 830|https://www.strava.com/activities/3833544399
7/27/2020|141.85|04:43:52|3571|0|0|0|0||0|0|30|91.1|82|130|0|0|0|0|4,281|25|04:49:35|Garmin Edge 830|https://www.strava.com/activities/3820808061
7/8/2020|127.5|04:19:24|2235|0|0|0|0||0|0|29.5|67.7|82|132|0|0|0|0|3,586|10|04:19:48|Garmin Edge 830|https://www.strava.com/activities/3733134820
7/7/2020|160.43|05:02:38|2571|0|0|0|0||0|0|31.8|65.9|80|139|0|0|0|0|4,442|16|05:29:28|Garmin Edge 830|https://www.strava.com/activities/3726723883
7/5/2020|123.65|04:06:38|2431|0|0|0|0||0|0|30.1|87.1|82|128|0|0|0|0|3,512|20|04:07:12|Garmin Edge 830|https://www.strava.com/activities/3717340553
7/4/2020|2.28|00:06:37|28|0|0|0|0||0|0|20.7|50.4|0|0|0|0|0|0|43||01:02:50|Zwift|https://www.strava.com/activities/3712137382
7/4/2020|18.63|00:38:32|384|0|0|0|0||0|0|29|65.9|81|156|0|0|0|0|545|19|00:38:32|Garmin Edge 830|https://www.strava.com/activities/3717394946
7/3/2020|98.45|03:10:18|1784|0|0|0|0||0|0|31|80.3|83|136|0|0|0|0|2,720|16|03:10:44|Garmin Edge 830|https://www.strava.com/activities/3707937901
7/2/2020|149.58|04:48:52|2325|0|0|0|0||0|0|31.1|75.2|85|121|0|0|0|0|3,975|16|05:03:54|Garmin Edge 830|https://www.strava.com/activities/3702750933
7/1/2020|155.26|04:47:41|2231|0|0|0|0||0|0|32.4|70.9|84|132|0|0|0|0|4,137|17|05:01:45|Garmin Edge 830|https://www.strava.com/activities/3698413976
7/25/2020|133.91|04:16:06|2977|0|0|0|0||0|0|31.4|83.5|83|150|0|0|0|0|4,121|20|04:32:44|Garmin Edge 830|https://www.strava.com/activities/3811127077
7/23/2020|173.75|05:58:01|4633|0|0|0|0||0|0|29.1|83.9|80|129|0|0|0|0|5,332|23|06:47:04|Garmin Edge 830|https://www.strava.com/activities/3805343700
7/22/2020|109.27|04:08:56|3182|0|0|0|0||0|0|26.3|78.8|78|161|0|0|0|0|3,534|23|04:20:19|Garmin Edge 830|https://www.strava.com/activities/3800884286
7/20/2020|178.11|06:03:01|4607|0|0|0|0||0|0|29.4|90.7|81|139|0|0|0|0|5,218|25|06:30:51|Garmin Edge 830|https://www.strava.com/activities/3791917529
7/19/2020|122.31|04:45:30|3493|0|0|0|0||0|0|25.7|83.9|78|144|0|0|0|0|4,037|21|05:11:04|Garmin Edge 830|https://www.strava.com/activities/3786525741
7/17/2020|135.47|05:02:20|3529|0|0|0|0||0|0|26.9|78.8|76|119|0|0|0|0|4,208|19|05:16:40|Garmin Edge 830|https://www.strava.com/activities/3775979399
7/16/2020|116.81|03:44:00|2080|0|0|0|0||0|0|31.3|81.4|82|119|0|0|0|0|3,075|15|04:08:35|Garmin Edge 830|https://www.strava.com/activities/3771034662
7/15/2020|88.63|02:45:08|1465|0|0|0|0||0|0|32.2|84.2|81|124|0|0|0|0|2,049|14|02:46:24|Garmin Edge 830|https://www.strava.com/activities/3767933751
7/13/2020|150.88|04:29:25|1090|0|0|0|0||0|0|33.6|60.1|85|158|0|0|0|0|3,965|23|04:37:23|Garmin Edge 830|https://www.strava.com/activities/3759616089
7/12/2020|129.36|03:41:29|129|0|0|0|0||0|0|35|58|88|139|0|0|0|0|3,430|18|03:41:57|Garmin Edge 830|https://www.strava.com/activities/3750490233
7/11/2020|177.09|05:11:31|1008|0|0|0|0||0|0|34.1|60.5|87|138|0|0|0|0|4,371|19|05:14:05|Garmin Edge 830|https://www.strava.com/activities/3745806996
7/10/2020|79.47|02:24:41|207|0|0|0|0||0|0|33|57.6|84|133|0|0|0|0|1,792|16|02:27:17|Garmin Edge 830|https://www.strava.com/activities/3740551776
7/6/2020|65.96|03:31:53|1762|0|0|0|0||0|0|18.7|60.1|0|0|0|0|0|0|1,891|13|03:45:10|Garmin Edge 830|https://www.strava.com/activities/3721600959
7/4/2020|39.72|00:52:54|470|0|0|0|0||0|0|45.1|83.9|0|0|0|0|0|0|1,098||00:53:09|Zwift|https://www.strava.com/activities/3712531143
8/31/2020|201.93|05:29:18|2700|0|0|0|0||0|0|36.8|78.1|83|144|0|0|0|0|3,823|21|05:30:18|Garmin Edge 830|https://www.strava.com/activities/3992989740
8/10/2020|90.06|02:42:22|295|0|0|0|0||0|0|33.3|52.9|85|200|0|0|0|0|2,132|27|03:09:06|Garmin Edge 830|https://www.strava.com/activities/3892339280
8/5/2020|143.88|04:08:04|1490|0|0|0|0||0|0|34.8|87.5|85|133|0|0|0|0|3,347|28|04:17:02|Garmin Edge 830|https://www.strava.com/activities/3871887193
8/3/2020|201.06|04:46:07|1715|0|0|0|0||0|0|42.2|84.2|87|138|0|0|0|0|4,331|18|04:54:08|Garmin Edge 830|https://www.strava.com/activities/3859808850
8/1/2020|184.62|05:04:20|3051|0|0|0|0||0|0|36.4|87.1|89|179|0|0|0|0|4,596|39|05:04:52|Garmin Edge 830|https://www.strava.com/activities/3851955274
8/30/2020|195.39|05:24:27|4002|0|0|0|0||0|0|36.1|90.7|86|130|0|0|0|0|4,782|28|05:24:42|Garmin Edge 830|https://www.strava.com/activities/3988717151
8/29/2020|162.66|04:07:42|2093|0|0|0|0||0|0|39.4|71.6|87|140|0|0|0|0|3,397|21|04:07:42|Garmin Edge 830|https://www.strava.com/activities/3983678624
8/28/2020|46|01:33:52|640|0|0|0|0||0|0|29.4|64.8|80|135|0|0|0|0|966|27|01:37:15|Garmin Edge 830|https://www.strava.com/activities/3977331158
8/19/2020|205.47|05:10:26|3327|0|0|0|0||0|0|39.7|87.8|88|134|0|0|0|0|4,359|25|05:12:26|Garmin Edge 830|https://www.strava.com/activities/3940403386
8/18/2020|196.29|04:53:57|3068|0|0|0|0||0|0|40.1|88.9|86|140|0|0|0|0|4,183|23|04:54:21|Garmin Edge 830|https://www.strava.com/activities/3932707915
8/17/2020|182.22|04:17:30|1391|0|0|0|0||0|0|42.5|76.3|85|120|0|0|0|0|2,980|22|04:21:35|Garmin Edge 830|https://www.strava.com/activities/3932703495
8/16/2020|189.68|04:34:32|1481|0|0|0|0||0|0|41.5|79.6|86|135|0|0|0|0|3,410|27|04:34:47|Garmin Edge 830|https://www.strava.com/activities/3922584898
8/12/2020|170.05|04:48:04|1096|0|0|0|0||0|0|35.4|73.1|87|123|0|0|0|0|3,896|28|05:07:53|Garmin Edge 830|https://www.strava.com/activities/3902189268
8/8/2020|314.9|07:43:29|2643|0|0|0|0||0|0|40.8|90|87|137|0|0|0|0|5,573|33|07:47:16|Garmin Edge 830|https://www.strava.com/activities/3892342523
9/30/2020|145.78|04:24:23|1149|0|0|0|0||0|0|33.1|63.4|88|120|0|0|0|0|3,720|13|04:37:35|Garmin Edge 1030|https://www.strava.com/activities/4132492263
9/29/2020|78.79|02:27:33|269|0|0|0|0||0|0|32|51.5|87|138|0|0|0|0|1,814|15|02:35:51|Garmin Edge 830|https://www.strava.com/activities/4127210663
9/28/2020|47.03|01:29:06|32|0|0|0|0||0|0|31.7|51.5|87|112|0|0|0|0|1,068|12|01:29:06|Garmin Edge 1030|https://www.strava.com/activities/4124452418
9/27/2020|262.04|06:50:53|5354|0|0|0|0||0|0|38.3|89.6|89|141|0|0|0|0|6,708|15|06:52:59|Garmin Edge 830|https://www.strava.com/activities/4119967496
9/26/2020|46.48|01:23:09|197|0|0|0|0||0|0|33.5|53.3|87|119|0|0|0|0|1,009|20|01:24:31|Garmin Edge 830|https://www.strava.com/activities/4115467544
9/25/2020|81.79|02:27:27|1026|0|0|0|0||0|0|33.3|69.5|88|136|0|0|0|0|2,017|23|02:35:52|Garmin Edge 830|https://www.strava.com/activities/4109618287
9/24/2020|54.93|01:55:14|1096|0|0|0|0||0|0|28.6|73.4|81|128|0|0|0|0|1,364|26|01:57:47|Garmin Edge 830|https://www.strava.com/activities/4105445013
9/23/2020|33.29|01:05:38|51|0|0|0|0||0|0|30.4|39.2|85|109|0|0|0|0|709|20|01:05:38|Garmin Edge 830|https://www.strava.com/activities/4100619809
9/22/2020|234.67|05:15:49|2089|0|0|0|0||0|0|44.6|81|89|151|0|0|0|0|4,885|22|05:15:49|Garmin Edge 830|https://www.strava.com/activities/4097133836
9/20/2020|127.79|03:20:42|830|0|0|0|0||0|0|38.2|73.4|86|136|0|0|0|0|2,425|27|03:21:52|Garmin Edge 830|https://www.strava.com/activities/4089202402
9/19/2020|5.31|00:19:42|529|0|0|0|0||0|0|16.2|41.4|80|108|0|0|0|0|432|21|00:19:42|Garmin Edge 830|https://www.strava.com/activities/4083192071
9/18/2020|172.43|03:50:41|2032|0|0|0|0||0|0|44.9|86.4|90|131|0|0|0|0|3,426|30|03:50:41|Garmin Edge 830|https://www.strava.com/activities/4078204265
9/17/2020|193.13|05:45:57|4352|0|0|0|0||0|0|33.5|92.2|82|126|0|0|0|0|4,948|24|05:46:39|Garmin Edge 830|https://www.strava.com/activities/4073558495
9/16/2020|175.04|05:29:29|4177|0|0|0|0||0|0|31.9|97.2|83|132|0|0|0|0|5,014|27|05:29:29|Garmin Edge 830|https://www.strava.com/activities/4068920357
9/15/2020|168.79|04:54:09|3528|0|0|0|0||0|0|34.4|94|83|140|119|166|0|0|4,231|28|04:54:09|Garmin Edge 830|https://www.strava.com/activities/4063840397
9/14/2020|35.19|01:14:19|132|0|0|0|0||0|0|28.4|57.2|80|114|0|0|0|0|579|25|01:18:46|Garmin Edge 830|https://www.strava.com/activities/4057631865
9/12/2020|200.91|04:41:43|2536|0|0|0|0||0|0|42.8|88.2|88|146|0|0|0|0|4,229|27|04:41:43|Garmin Edge 830|https://www.strava.com/activities/4049663832
9/11/2020|197.19|05:36:09|4496|0|0|0|0||0|0|35.2|87.5|81|183|0|0|0|0|4,933|26|05:36:09|Garmin Edge 830|https://www.strava.com/activities/4045415163
9/10/2020|221.84|05:24:25|3808|0|0|0|0||0|0|41|95.8|88|140|0|0|0|0|4,794|28|05:24:25|Garmin Edge 830|https://www.strava.com/activities/4040239142
9/9/2020|174.25|04:17:47|1191|0|0|0|0||0|0|40.6|80.3|83|133|0|0|0|0|2,656|31|04:19:01|Garmin Edge 830|https://www.strava.com/activities/4035427312
9/8/2020|173.82|03:48:02|747|0|0|0|0||0|0|45.7|70.9|88|193|0|0|0|0|3,022|29|03:48:25|Garmin Edge 830|https://www.strava.com/activities/4031746807
9/7/2020|52.12|01:44:22|169|0|0|0|0||0|0|30|44.6|82|105|0|0|0|0|918|21|01:45:43|Garmin Edge 830|https://www.strava.com/activities/4031754839
9/5/2020|142.33|04:33:20|3567|0|0|0|0||0|0|31.2|89.3|81|138|0|0|0|0|3,901|26|04:33:47|Garmin Edge 830|https://www.strava.com/activities/4018513984
9/4/2020|173.34|03:47:10|2014|0|0|0|0||0|0|45.8|96.1|90|131|0|0|0|0|3,463|31|03:47:10|Garmin Edge 830|https://www.strava.com/activities/4011277924
9/3/2020|193.72|04:45:32|3201|0|0|0|0||0|0|40.7|96.1|92|126|0|0|0|0|5,197|28|04:45:32|Garmin Edge 830|https://www.strava.com/activities/4008954831
9/2/2020|185.61|04:31:35|1487|0|0|0|0||0|0|41|83.5|85|139|0|0|0|0|2,809|28|04:35:52|Garmin Edge 830|https://www.strava.com/activities/4001945996
9/1/2020|162.35|04:17:14|3082|0|0|0|0||0|0|37.9|88.9|88|200|0|0|0|0|4,000|22|04:17:14|Garmin Edge 830|https://www.strava.com/activities/3997781289
10/15/2020|54.8|01:50:45|101|0|0|0|0||0|0|29.7|43.2|87|115|0|0|0|0|1,284|9|02:17:33|Garmin Edge 830|https://www.strava.com/activities/4197487142
10/12/2020|134.93|04:12:55|917|0|0|0|0||0|0|32|50.8|91|119|0|0|0|0|3,503|11|04:15:39|Garmin Edge 830|https://www.strava.com/activities/4185070861
10/2/2020|64.09|02:03:46|153|0|0|0|0||0|0|31.1|43.2|87|119|0|0|0|0|1,538|6|02:05:34|Garmin Edge 1030|https://www.strava.com/activities/4140854269
10/17/2020|60.02|01:54:59|112|0|0|0|0||0|0|31.3|45.7|88|118|0|0|0|0|1,276|7|02:00:40|Garmin Edge 830|https://www.strava.com/activities/4205399167
10/16/2020|69.83|02:08:10|961|0|0|0|0||0|0|32.7|77.4|88|124|0|0|0|0|1,671|9|02:13:39|Garmin Edge 830|https://www.strava.com/activities/4201560052
10/14/2020|164.07|04:59:29|1464|0|0|0|0||0|0|32.9|69.8|91|132|0|0|0|0|4,249|9|05:15:30|Garmin Edge 830|https://www.strava.com/activities/4193684639
10/13/2020|78.69|02:32:48|256|0|0|0|0||0|0|30.9|47.9|88|125|0|0|0|0|1,884|8|02:41:31|Garmin Edge 830|https://www.strava.com/activities/4189651451
10/3/2020|49.78|01:36:29|551|0|0|0|0||0|0|31|64.1|89|145|0|0|0|0|1,222|10|01:36:59|Garmin Edge 830|https://www.strava.com/activities/4144499686
11/20/2020|10.14|00:48:47|0|0|0|0|0||0|0|0|0|0|0|0|0|0|0|||00:00:00|Garmin Forerunner 35|https://www.strava.com/activities/4363484562
11/18/2020|83.39|03:38:54|715|0|0|0|0||0|0|22.9|42.5|0|0|0|0|0|0|2,139|12|03:47:37|Garmin Edge 830|https://www.strava.com/activities/4355459506
11/17/2020|79.04|02:26:53|305|0|0|0|0||0|0|32.3|62.6|0|0|0|0|0|0|1,461|11|02:30:32|Garmin Edge 830|https://www.strava.com/activities/4350124744
