date|distance|mov_time|elevation|relativeEffort|avg_power_weig|work_total|training_load|intensity|estAvgPower|energyOutput|avg_speed|max_speed|avg_cadence|max_cadence|avg_heartRate|max_heartRate|avg_power|max_power|avg_calories|avg_temperature|avg_elap_time|bicycle_model|url
1/31/2019|45.42|01:42:48|682|0|0|0|0||0|0|26.5|68.8|82|138|0|0|0|0|1,213|3|01:50:03|Garmin Edge 820|https://www.strava.com/activities/2122901530
1/28/2019|78.92|02:55:16|1116|0|0|0|0||0|0|27|62.6|82|162|0|0|0|0|2,101|-2|2.00:45:34|Garmin Edge 820|https://www.strava.com/activities/2122901037
1/27/2019|0|01:00:02|0|0|0|0|0||0|0|0|0|85|142|0|0|0|0|785|15|01:00:02|Garmin Edge 820|https://www.strava.com/activities/2108023160
1/27/2019|0|01:22:14|0|0|0|0|0||0|0|0|0|84|121|0|0|0|0|1,100|11|01:22:14|Garmin Edge 820|https://www.strava.com/activities/2122903177
1/25/2019|107.6|03:56:10|1778|0|0|0|0||0|0|27.3|68|80|111|0|0|0|0|3,007|18|04:07:31|Garmin Edge 820|https://www.strava.com/activities/2103049526
1/12/2019|22.35|00:59:55|509|0|0|0|0||0|0|22.4|57.2|75|125|0|0|0|0|802|7|01:02:40|Garmin Edge 820|https://www.strava.com/activities/2074520606
1/11/2019|139.9|05:13:54|3407|0|0|0|0||0|0|26.7|78.1|79|122|0|0|0|0|4,215|11|05:31:28|Garmin Edge 820|https://www.strava.com/activities/2072115758
1/8/2019|29.4|01:06:28|248|0|0|0|0||0|0|26.5|46.8|82|109|0|0|0|0|629|13|01:33:00|Garmin Edge 820|https://www.strava.com/activities/2072114510
1/7/2019|102.42|03:02:37|854|0|0|0|0||0|0|33.7|66.2|84|125|0|0|0|0|2,589|14|03:12:30|Garmin Edge 820|https://www.strava.com/activities/2063013419
1/7/2019|0|01:00:01|0|0|0|0|0||0|0|0|0|84|106|0|0|0|0|740|18|01:00:01|Garmin Edge 820|https://www.strava.com/activities/2062282987
1/6/2019|28.46|01:03:54|228|0|0|0|0||0|0|26.7|51.5|82|114|0|0|0|0|632|7|01:16:59|Garmin Edge 820|https://www.strava.com/activities/2062122405
1/5/2019|68.02|02:16:46|674|0|0|0|0||0|0|29.8|71.6|79|124|0|0|0|0|1,588|10|02:24:16|Garmin Edge 820|https://www.strava.com/activities/2058067980
1/4/2019|142.16|04:53:14|2999|0|0|0|0||0|0|29.1|81.7|80|117|0|0|0|0|4,227|13|05:09:48|Garmin Edge 820|https://www.strava.com/activities/2055865204
1/3/2019|199.67|06:28:55|3022|0|0|0|0||0|0|30.8|68.4|85|118|0|0|0|0|5,801|13|06:47:40|Garmin Edge 820|https://www.strava.com/activities/2053979991
1/2/2019|44.75|01:32:23|422|0|0|0|0||0|0|29.1|52.6|83|109|0|0|0|0|1,113|12|01:42:09|Garmin Edge 820|https://www.strava.com/activities/2051338980
1/24/2019|29.69|01:03:21|248|0|0|0|0||0|0|28.1|50|84|109|0|0|0|0|701|14|01:38:38|Garmin Edge 820|https://www.strava.com/activities/2103048438
1/23/2019|151.28|05:21:27|3128|0|0|0|0||0|0|28.2|72.4|83|124|0|0|0|0|4,710|15|05:43:46|Garmin Edge 820|https://www.strava.com/activities/2099279092
1/22/2019|155.68|05:11:06|3363|0|0|0|0||0|0|30|75.2|82|117|0|0|0|0|4,760|13|05:30:17|Garmin Edge 820|https://www.strava.com/activities/2097125809
1/21/2019|99.57|02:44:40|855|0|0|0|0||0|0|36.3|71.6|87|129|0|0|0|0|2,417|11|02:51:28|Garmin Edge 820|https://www.strava.com/activities/2094886247
1/20/2019|165.28|05:54:10|4371|0|0|0|0||0|0|28|82.4|84|127|0|0|0|0|5,832|13|06:22:15|Garmin Edge 820|https://www.strava.com/activities/2093051630
1/19/2019|163.41|04:41:53|1989|0|0|0|0||0|0|34.8|71.6|89|123|0|0|0|0|4,386|18|04:57:34|Garmin Edge 820|https://www.strava.com/activities/2090266592
1/18/2019|169.13|05:18:46|2820|0|0|0|0||0|0|31.8|74.5|87|125|0|0|0|0|5,119|14|05:50:21|Garmin Edge 820|https://www.strava.com/activities/2087910208
1/16/2019|29.53|01:19:22|535|0|0|0|0||0|0|22.3|61.2|77|104|0|0|0|0|936|9|01:22:34|Garmin Edge 820|https://www.strava.com/activities/2083612073
1/15/2019|104.27|03:57:22|2175|0|0|0|0||0|0|26.4|64.1|79|115|0|0|0|0|3,482|8|04:13:40|Garmin Edge 820|https://www.strava.com/activities/2081459553
1/14/2019|91.41|03:33:26|538|0|0|0|0||0|0|25.7|61.2|79|118|0|0|0|0|3,171|6|03:44:37|Garmin Edge 820|https://www.strava.com/activities/2079208004
1/13/2019|167.79|05:27:53|2921|0|0|0|0||0|0|30.7|72|86|129|0|0|0|0|5,033|11|06:16:23|Garmin Edge 820|https://www.strava.com/activities/2077261036
2/16/2019|20.92|00:48:08|246|0|0|0|0||0|0|26.1|63.4|79|108|0|0|0|0|498|7|01:10:27|Garmin Edge 820|https://www.strava.com/activities/2153247276
2/12/2019|36.23|01:27:14|331|0|0|0|0||0|0|24.9|67.3|79|110|0|0|0|0|830|8|01:36:51|Garmin Edge 820|https://www.strava.com/activities/2143464929
2/10/2019|0|00:45:01|0|0|0|0|0||0|0|0|0|90|106|0|0|0|0|583|17|00:45:01|Garmin Edge 820|https://www.strava.com/activities/2137398962
2/9/2019|33.05|01:10:38|351|0|0|0|0||0|0|28.1|62.6|86|105|0|0|0|0|749|10|01:11:38|Garmin Edge 820|https://www.strava.com/activities/2135734866
2/8/2019|111.72|04:26:36|3307|0|0|0|0||0|0|25.1|76.3|79|121|0|0|0|0|3,932|9|04:58:56|Garmin Edge 820|https://www.strava.com/activities/2133100666
2/7/2019|173.2|04:45:48|2429|0|0|0|0||0|0|36.4|77|89|123|0|0|0|0|4,328|11|05:02:43|Garmin Edge 820|https://www.strava.com/activities/2131242328
2/4/2019|100.01|02:56:14|697|0|0|0|0||0|0|34|69.1|86|114|0|0|0|0|2,573|9|03:16:24|Garmin Edge 820|https://www.strava.com/activities/2124957850
2/4/2019|0|00:30:03|0|0|0|0|0||0|0|0|0|86|101|0|0|0|0|353|17|00:30:03|Garmin Edge 820|https://www.strava.com/activities/2124957522
2/3/2019|141.59|04:38:33|1182|0|0|0|0||0|0|30.5|63.4|85|108|0|0|0|0|3,919|10|04:57:12|Garmin Edge 820|https://www.strava.com/activities/2122902214
2/2/2019|42.53|01:25:53|359|0|0|0|0||0|0|29.7|51.5|85|119|0|0|0|0|1,071|9|01:40:30|Garmin Edge 820|https://www.strava.com/activities/2122901856
2/28/2019|187.15|04:59:42|871|0|0|0|0||0|0|37.5|77.8|84|150|0|0|0|0|2,603|30|05:12:01|Garmin Edge 130|https://www.strava.com/activities/2182954239
2/27/2019|199.17|04:34:53|1347|0|0|0|0||0|0|43.5|89.6|85|127|0|0|0|0|2,821|32|04:51:48|Garmin Edge 130|https://www.strava.com/activities/2179650402
2/25/2019|186.98|04:47:06|486|0|0|0|0||0|0|39.1|76.3|88|136|0|0|0|0|2,908|26|04:53:50|Garmin Edge 1030|https://www.strava.com/activities/2174662037
2/24/2019|17.07|00:21:54|71|0|0|0|0||0|0|46.8|66.2|93|112|0|0|0|0|442|30|00:31:31|Garmin Edge 130|https://www.strava.com/activities/2171892429
2/24/2019|27.46|00:53:33|86|0|0|0|0||0|0|30.8|42.5|93|107|0|0|0|0|536|27|00:54:04|Garmin Edge 130|https://www.strava.com/activities/2170929781
2/23/2019|49.77|01:15:43|88|0|0|0|0||0|0|39.4|62.3|88|111|0|0|0|0|934|22|01:31:55|Garmin Edge 1030|https://www.strava.com/activities/2169210097
2/22/2019|97.57|02:44:32|140|0|0|0|0||0|0|35.6|57.2|91|111|0|0|0|0|1,887|22|02:58:03|Garmin Edge 1030|https://www.strava.com/activities/2167038213
2/20/2019|70.76|01:56:37|557|0|0|0|0||0|0|36.4|88.6|88|117|0|0|0|0|1,583|9|02:46:39|Garmin Edge 820|https://www.strava.com/activities/2162172263
2/19/2019|57.28|01:51:15|469|0|0|0|0||0|0|30.9|60.5|85|107|0|0|0|0|985|5|01:53:31|Garmin Edge 820|https://www.strava.com/activities/2160713809
2/18/2019|164.54|05:07:54|2419|0|0|0|0||0|0|32.1|76.7|87|136|0|0|0|0|3,915|11|05:39:08|Garmin Edge 820|https://www.strava.com/activities/2158232417
2/17/2019|157.16|04:41:01|1712|0|0|0|0||0|0|33.6|72.4|87|113|0|0|0|0|4,921|12|05:23:02|Garmin Edge 820|https://www.strava.com/activities/2155823457
2/15/2019|171.21|06:01:16|3303|0|0|0|0||0|0|28.4|72.4|86|119|0|0|0|0|5,035|11|06:37:48|Garmin Edge 820|https://www.strava.com/activities/2150792592
2/14/2019|150.53|05:16:35|2264|0|0|0|0||0|0|28.5|55.8|86|112|0|0|0|0|4,079|10|05:53:51|Garmin Edge 820|https://www.strava.com/activities/2148613210
2/13/2019|120.65|04:12:26|2026|0|0|0|0||0|0|28.7|68|89|126|0|0|0|0|3,488|10|04:17:26|Garmin Edge 820|https://www.strava.com/activities/2143466622
2/6/2019|197.29|05:54:27|3666|0|0|0|0||0|0|33.4|92.5|85|118|0|0|0|0|5,439|10|06:11:29|Garmin Edge 820|https://www.strava.com/activities/2129275756
2/5/2019|172.85|05:22:57|2206|0|0|0|0||0|0|32.1|69.8|88|114|0|0|0|0|4,949|6|05:38:40|Garmin Edge 820|https://www.strava.com/activities/2127042557
3/31/2019|124.46|03:05:40|1800|0|0|0|0||0|0|40.2|98.6|85|132|0|0|0|0|2,618|17|03:05:40|Garmin Edge 130|https://www.strava.com/activities/2254515404
3/30/2019|183.46|04:32:40|2134|0|0|0|0||0|0|40.4|80.6|84|125|0|0|0|0|3,401|21|04:47:40|Garmin Edge 130|https://www.strava.com/activities/2254508998
3/29/2019|194.1|04:38:45|2823|0|0|0|0||0|0|41.8|82.4|90|125|0|0|0|0|4,766|15|04:40:10|Garmin Edge 130|https://www.strava.com/activities/2249762078
3/28/2019|168.52|04:43:59|3518|0|0|0|0||0|0|35.6|88.9|82|124|0|0|0|0|4,046|19|04:53:32|Garmin Edge 130|https://www.strava.com/activities/2247576515
3/27/2019|185.89|05:32:16|3986|0|0|0|0||0|0|33.6|80.6|83|121|0|0|0|0|4,697|21|05:38:41|Garmin Edge 130|https://www.strava.com/activities/2245521756
3/26/2019|175.11|04:30:44|1995|0|0|0|0||0|0|38.8|81.4|84|135|0|0|0|0|3,454|21|04:33:13|Garmin Edge 130|https://www.strava.com/activities/2242583890
3/25/2019|169.02|04:29:09|3034|0|0|0|0||0|0|37.7|94.7|86|130|0|0|0|0|3,723|23|04:33:38|Garmin Edge 130|https://www.strava.com/activities/2239878053
3/24/2019|39.23|01:34:02|687|0|0|0|0||0|0|25|55.1|80|118|0|0|0|0|958|18|02:12:02|Garmin Edge 1030|https://www.strava.com/activities/2236248073
3/23/2019|95.4|03:32:33|1141|0|0|0|0||0|0|26.9|63.7|82|122|0|0|0|0|2,080|22|05:51:02|Garmin Edge 1030|https://www.strava.com/activities/2234371367
3/22/2019|132.51|04:35:30|2175|0|0|0|0||0|0|28.9|69.8|84|119|0|0|0|0|3,476|17|05:11:21|Garmin Edge 1030|https://www.strava.com/activities/2231762934
3/21/2019|93.14|03:04:44|839|0|0|0|0||0|0|30.3|73.8|85|116|0|0|0|0|1,978|13|03:57:10|Garmin Edge 1030|https://www.strava.com/activities/2229162253
3/20/2019|122.02|04:14:36|1642|0|0|0|0||0|0|28.8|63|85|117|0|0|0|0|2,706|14|04:45:04|Garmin Edge 1030|https://www.strava.com/activities/2226860440
3/19/2019|45.83|01:43:55|489|0|0|0|0||0|0|26.5|61.2|81|110|0|0|0|0|1,017|13|02:22:36|Garmin Edge 1030|https://www.strava.com/activities/2224206636
3/17/2019|121.94|03:07:01|2202|0|0|0|0||0|0|39.1|82.4|87|133|0|0|0|0|3,262|15|03:14:45|Garmin Edge 130|https://www.strava.com/activities/2222017696
3/16/2019|206.07|05:49:11|3899|0|0|0|0||0|0|35.4|77|84|123|0|0|0|0|4,851|21|05:56:26|Garmin Edge 130|https://www.strava.com/activities/2217707373
3/15/2019|180.22|04:27:29|2082|0|0|0|0||0|0|40.4|94|84|139|0|0|0|0|3,440|20|04:28:12|Garmin Edge 1030|https://www.strava.com/activities/2215210003
3/14/2019|26.64|00:36:54|176|0|0|0|0||0|0|43.3|68|91|110|0|0|0|0|777|13|00:38:34|Garmin Edge 1030|https://www.strava.com/activities/2213175038
3/14/2019|27.02|00:48:49|176|0|0|0|0||0|0|33.2|58.7|90|109|0|0|0|0|544|11|00:50:53|Garmin Edge 1030|https://www.strava.com/activities/2212701733
3/13/2019|188.13|04:29:08|2546|0|0|0|0||0|0|41.9|88.6|87|133|0|0|0|0|3,746|13|07:28:50|Garmin Edge 130|https://www.strava.com/activities/2211061420
3/12/2019|206.36|05:33:15|1140|0|0|0|0||0|0|37.2|71.3|85|176|0|0|0|0|3,113|13|05:33:57|Garmin Edge 1030|https://www.strava.com/activities/2208628104
3/11/2019|170.75|03:28:27|1003|0|0|0|0||0|0|49.1|81|95|167|0|0|0|0|3,532|8|03:34:44|Garmin Edge 1030|https://www.strava.com/activities/2206381116
3/10/2019|142.6|03:36:16|1325|0|0|0|0||0|0|39.6|81.4|87|136|0|0|0|0|3,139|10|03:43:23|Garmin Edge 1030|https://www.strava.com/activities/2204363700
3/8/2019|30.32|01:12:54|447|0|0|0|0||0|0|25|65.2|80|115|0|0|0|0|744|17|01:18:36|Garmin Edge 1030|https://www.strava.com/activities/2198999713
3/7/2019|113.22|04:06:47|1646|0|0|0|0||0|0|27.5|60.1|81|114|0|0|0|0|2,920|13|05:26:31|Garmin Edge 1030|https://www.strava.com/activities/2197109356
3/6/2019|59.39|01:55:52|563|0|0|0|0||0|0|30.8|69.1|84|120|0|0|0|0|1,409|12|02:18:50|Garmin Edge 1030|https://www.strava.com/activities/2194754513
3/5/2019|142.44|04:48:12|2606|0|0|0|0||0|0|29.7|75.6|84|119|0|0|0|0|4,247|13|05:13:00|Garmin Edge 1030|https://www.strava.com/activities/2192757280
3/4/2019|119.54|04:09:13|1964|0|0|0|0||0|0|28.8|63|82|110|0|0|0|0|3,392|16|04:28:33|Garmin Edge 1030|https://www.strava.com/activities/2190655866
3/2/2019|148.89|03:30:10|322|0|0|0|0||0|0|42.5|70.9|89|136|0|0|0|0|2,456|25|03:38:22|Garmin Edge 130|https://www.strava.com/activities/2185859500
3/1/2019|181.71|04:30:58|1665|0|0|0|0||0|0|40.2|68.8|86|117|0|0|0|0|3,260|27|04:39:08|Garmin Edge 130|https://www.strava.com/activities/2183538050
4/30/2019|164.8|05:58:49|3470|0|0|0|0||0|0|27.6|67.7|81|117|0|0|0|0|4,743|12|06:13:17|Garmin Edge 1030|https://www.strava.com/activities/2331769448
4/29/2019|112.18|04:31:28|3325|0|0|0|0||0|0|24.8|69.8|78|112|0|0|0|0|3,672|10|04:44:34|Garmin Edge 1030|https://www.strava.com/activities/2329168441
4/28/2019|99.83|03:00:36|904|0|0|0|0||0|0|33.2|72|85|118|0|0|0|0|2,405|14|03:05:35|Garmin Edge 1030|https://www.strava.com/activities/2326752833
4/27/2019|137.7|05:08:29|2972|0|0|0|0||0|0|26.8|66.2|79|117|0|0|0|0|3,997|21|05:39:16|Garmin Edge 1030|https://www.strava.com/activities/2323908243
4/25/2019|170.72|05:56:17|3664|0|0|0|0||0|0|28.8|77.8|78|119|0|0|0|0|4,664|24|06:13:13|Garmin Edge 1030|https://www.strava.com/activities/2319152712
4/24/2019|154.34|04:54:14|2189|0|0|0|0||0|0|31.5|68.8|82|122|0|0|0|0|3,931|27|05:10:00|Garmin Edge 1030|https://www.strava.com/activities/2316465808
4/23/2019|127.07|04:17:42|2148|0|0|0|0||0|0|29.6|73.8|84|121|0|0|0|0|3,294|28|04:34:21|Garmin Edge 1030|https://www.strava.com/activities/2313967765
4/22/2019|42.94|01:25:51|489|0|0|0|0||0|0|30|62.6|83|110|0|0|0|0|935|18|01:27:40|Garmin Edge 1030|https://www.strava.com/activities/2311409542
4/21/2019|137.67|05:04:51|3027|0|0|0|0||0|0|27.1|66.6|81|123|0|0|0|0|3,997|18|05:18:48|Garmin Edge 1030|https://www.strava.com/activities/2308542417
4/20/2019|147.77|04:59:24|2286|0|0|0|0||0|0|29.6|73.8|79|118|0|0|0|0|3,956|13|05:26:00|Garmin Edge 1030|https://www.strava.com/activities/2305892176
4/19/2019|48.72|01:44:02|483|0|0|0|0||0|0|28.1|56.9|83|104|0|0|0|0|1,022|22|02:14:41|Garmin Edge 1030|https://www.strava.com/activities/2344979659
4/18/2019|149.1|05:03:25|3118|0|0|0|0||0|0|29.5|75.2|82|122|0|0|0|0|4,226|26|05:24:54|Garmin Edge 1030|https://www.strava.com/activities/2300358111
4/17/2019|122.73|04:10:50|2025|0|0|0|0||0|0|29.4|73.1|83|120|0|0|0|0|3,372|25|04:41:44|Garmin Edge 1030|https://www.strava.com/activities/2300365098
4/15/2019|39.84|01:18:53|230|0|0|0|0||0|0|30.3|57.6|85|104|0|0|0|0|813|18|01:40:13|Garmin Edge 1030|https://www.strava.com/activities/2292488010
4/12/2019|146.31|04:43:31|2177|0|0|0|0||0|0|31|71.6|83|122|0|0|0|0|3,702|6|05:09:31|Garmin Edge 1030|https://www.strava.com/activities/2285027774
4/11/2019|167.3|05:14:48|2646|0|0|0|0||0|0|31.9|78.5|87|129|0|0|0|0|4,215|5|05:36:55|Garmin Edge 1030|https://www.strava.com/activities/2283282895
4/9/2019|152.3|04:49:43|2044|0|0|0|0||0|0|31.5|90|84|118|0|0|0|0|3,697|15|05:14:59|Garmin Edge 1030|https://www.strava.com/activities/2278107433
4/8/2019|121.96|04:09:51|2109|0|0|0|0||0|0|29.3|76.3|87|119|0|0|0|0|3,146|17|04:22:53|Garmin Edge 1030|https://www.strava.com/activities/2275720211
4/7/2019|121.51|04:00:05|1884|0|0|0|0||0|0|30.4|73.8|91|124|0|0|0|0|3,086|12|04:13:51|Garmin Edge 1030|https://www.strava.com/activities/2273419246
4/6/2019|27.19|00:58:01|196|0|0|0|0||0|0|28.1|51.5|87|115|0|0|0|0|586|15|01:05:05|Garmin Edge 1030|https://www.strava.com/activities/2270139932
4/5/2019|87.05|02:58:29|1088|0|0|0|0||0|0|29.3|70.9|88|126|0|0|0|0|2,005|15|03:11:37|Garmin Edge 1030|https://www.strava.com/activities/2267395498
4/4/2019|61.18|02:06:42|724|0|0|0|0||0|0|29|76|89|122|0|0|0|0|1,419|9|02:27:48|Garmin Edge 1030|https://www.strava.com/activities/2265127032
4/3/2019|36.43|01:21:01|492|0|0|0|0||0|0|27|61.6|83|118|0|0|0|0|828|11|01:43:06|Garmin Edge 1030|https://www.strava.com/activities/2264689037
4/14/2019|113.92|04:04:31|2057|0|0|0|0||0|0|28|67|83|111|0|0|0|0|3,043|7|04:11:56|Garmin Edge 1030|https://www.strava.com/activities/2290460636
4/13/2019|118.36|03:48:24|1882|0|0|0|0||0|0|31.1|81|87|117|0|0|0|0|3,043|7|04:01:12|Garmin Edge 1030|https://www.strava.com/activities/2287700748
5/31/2019|186.89|06:14:56|3365|0|0|0|0||0|0|29.9|67.7|80|118|0|0|0|0|4,320|17|06:51:08|Garmin Edge 1030|https://www.strava.com/activities/2412613258
5/30/2019|135.36|04:43:25|2051|0|0|0|0||0|0|28.7|67.7|77|111|0|0|0|0|3,257|13|05:03:20|Garmin Edge 1030|https://www.strava.com/activities/2410055973
5/28/2019|125.52|04:58:12|3141|0|0|0|0||0|0|25.3|67|76|112|0|0|0|0|3,435|13|05:42:22|Garmin Edge 1030|https://www.strava.com/activities/2404831137
5/27/2019|146.52|04:51:51|2696|0|0|0|0||0|0|30.1|74.2|78|120|0|0|0|0|3,499|18|05:41:00|Garmin Edge 1030|https://www.strava.com/activities/2402332056
5/26/2019|120.79|04:31:36|2874|0|0|0|0||0|0|26.7|65.5|79|114|0|0|0|0|3,268|21|04:58:13|Garmin Edge 1030|https://www.strava.com/activities/2399960536
5/25/2019|34.47|01:20:04|536|0|0|0|0||0|0|25.8|62.6|79|115|0|0|0|0|795|16|02:27:30|Garmin Edge 1030|https://www.strava.com/activities/2396752682
5/24/2019|122.19|04:44:18|2827|0|0|0|0||0|0|25.8|72.4|76|116|0|0|0|0|3,148|21|05:32:19|Garmin Edge 1030|https://www.strava.com/activities/2394124881
5/23/2019|112.67|03:56:20|2180|0|0|0|0||0|0|28.6|68|82|113|0|0|0|0|2,739|14|04:22:00|Garmin Edge 1030|https://www.strava.com/activities/2391550365
5/22/2019|76.62|02:33:28|1108|0|0|0|0||0|0|30|66.2|84|118|0|0|0|0|1,711|20|03:17:46|Garmin Edge 1030|https://www.strava.com/activities/2388880509
5/21/2019|100.78|03:31:07|1812|0|0|0|0||0|0|28.6|77.4|81|114|0|0|0|0|2,222|25|04:11:19|Garmin Edge 130|https://www.strava.com/activities/2386204697
5/16/2019|225.86|05:14:08|3342|0|0|0|0||0|0|43.1|93.6|88|139|0|0|0|0|5,984|22|06:18:31|Garmin Edge 130|https://www.strava.com/activities/2388901456
5/9/2019|29.32|01:03:30|242|0|0|0|0||0|0|27.7|54.4|86|121|0|0|0|0|614|12|01:37:27|Garmin Edge 1030|https://www.strava.com/activities/2354331894
5/8/2019|126.84|03:59:23|1274|0|0|0|0||0|0|31.8|67.7|84|121|0|0|0|0|3,037|18|04:24:58|Garmin Edge 1030|https://www.strava.com/activities/2352570361
5/7/2019|152.68|05:13:40|3309|0|0|0|0||0|0|29.2|84.6|84|124|0|0|0|0|4,265|14|05:27:20|Garmin Edge 1030|https://www.strava.com/activities/2350188874
5/6/2019|178.72|04:09:50|2112|0|0|0|0||0|0|42.9|78.8|91|118|0|0|0|0|3,693|15|04:19:54|Garmin Edge 1030|https://www.strava.com/activities/2347488293
5/5/2019|51.03|01:42:29|531|0|0|0|0||0|0|29.9|63|84|113|0|0|0|0|1,094|14|02:57:03|Garmin Edge 1030|https://www.strava.com/activities/2344976941
5/4/2019|195.65|05:13:56|2744|0|0|0|0||0|0|37.4|79.6|89|120|0|0|0|0|4,493|21|05:35:49|Garmin Edge 1030|https://www.strava.com/activities/2342273296
5/2/2019|166.42|05:48:01|3705|0|0|0|0||0|0|28.7|91.4|82|113|0|0|0|0|4,527|22|05:57:13|Garmin Edge 1030|https://www.strava.com/activities/2337402501
5/1/2019|31.99|01:02:53|346|0|0|0|0||0|0|30.5|64.1|85|109|0|0|0|0|727|9|01:02:53|Garmin Edge 1030|https://www.strava.com/activities/2334404286
5/18/2019|129.61|03:01:38|2066|0|0|0|0||0|0|42.8|83.5|87|123|0|0|0|0|2,851|25|03:09:02|Garmin Edge 130|https://www.strava.com/activities/2388921543
5/17/2019|136.76|04:09:42|3595|0|0|0|0||0|0|32.9|84.2|83|120|0|0|0|0|3,685|21|04:23:30|Garmin Edge 130|https://www.strava.com/activities/2388917669
5/14/2019|212.97|06:03:13|3155|0|0|0|0||0|0|35.2|76.7|82|117|0|0|0|0|4,802|25|06:14:40|Garmin Edge 130|https://www.strava.com/activities/2368607420
5/13/2019|216.55|06:24:11|4503|0|0|0|0||0|0|33.8|96.1|83|134|0|0|0|0|5,102|24|06:26:45|Garmin Edge 1030|https://www.strava.com/activities/2365889966
5/12/2019|148.94|03:33:04|226|0|0|0|0||0|0|41.9|64.1|88|136|0|0|0|0|1,979|30|03:49:43|Garmin Edge 1030|https://www.strava.com/activities/2363281484
5/11/2019|47.03|01:36:53|109|0|0|0|0||0|0|29.1|46.8|84|106|0|0|0|0|897|21|02:27:50|Garmin Edge 1030|https://www.strava.com/activities/2359986070
5/10/2019|93.22|03:02:31|408|0|0|0|0||0|0|30.6|54.4|86|108|0|0|0|0|1,749|26|03:52:21|Garmin Edge 1030|https://www.strava.com/activities/2357246976
5/3/2019|154.54|04:48:34|2227|0|0|0|0||0|0|32.1|70.2|83|125|0|0|0|0|4,084|23|05:01:12|Garmin Edge 1030|https://www.strava.com/activities/2339546234
6/22/2019|57.95|02:22:32|1447|0|0|0|0||0|0|24.4|67.7|78|109|0|0|0|0|1,564|24|03:30:13|Garmin Edge 130|https://www.strava.com/activities/2507822111
6/12/2019|26.66|00:36:48|365|0|0|0|0||0|0|43.5|74.2|89|122|0|0|0|0|808|21|00:37:38|Garmin Edge 130|https://www.strava.com/activities/2444749761
6/6/2019|143.87|05:02:34|2609|0|0|0|0||0|0|28.5|77.8|81|113|0|0|0|0|3,830|21|05:29:05|Garmin Edge 1030|https://www.strava.com/activities/2428301894
6/5/2019|89.86|02:56:05|880|0|0|0|0||0|0|30.6|68.4|80|119|0|0|0|0|2,044|22|04:55:33|Garmin Edge 1030|https://www.strava.com/activities/2425464097
6/4/2019|102.78|03:31:10|1507|0|0|0|0||0|0|29.2|73.1|83|107|0|0|0|0|2,568|29|04:16:51|Garmin Edge 1030|https://www.strava.com/activities/2423039473
6/2/2019|60.28|02:11:58|1033|0|0|0|0||0|0|27.4|64.1|80|108|0|0|0|0|1,343|16|02:39:48|Garmin Edge 1030|https://www.strava.com/activities/2418086624
6/1/2019|34.52|01:22:24|607|0|0|0|0||0|0|25.1|75.6|76|107|0|0|0|0|735|18|02:05:53|Garmin Edge 1030|https://www.strava.com/activities/2415218535
6/30/2019|128.64|04:27:24|1912|0|0|0|0||0|0|28.9|63.7|83|114|0|0|0|0|3,079|33|05:29:39|Garmin Edge 1030|https://www.strava.com/activities/2513926812
6/29/2019|66.54|02:23:40|819|0|0|0|0||0|0|27.8|61.9|83|110|0|0|0|0|1,481|35|02:24:09|Garmin Edge 1030|https://www.strava.com/activities/2513925887
6/28/2019|79.56|02:05:46|641|0|0|0|0||0|0|38|73.4|88|118|0|0|0|0|1,798|27|02:29:08|Garmin Edge 1030|https://www.strava.com/activities/2513925450
6/27/2019|121.91|03:40:30|1163|0|0|0|0||0|0|33.2|76|85|115|0|0|0|0|2,307|32|04:46:00|Garmin Edge 1030|https://www.strava.com/activities/2513925581
6/25/2019|135.87|04:58:16|3761|0|0|0|0||0|0|27.3|87.1|82|142|0|0|0|0|4,131|32|05:32:54|Garmin Edge 130|https://www.strava.com/activities/2507840769
6/24/2019|111.19|04:15:47|3375|0|0|0|0||0|0|26.1|76.3|80|124|0|0|0|0|3,550|26|04:47:14|Garmin Edge 130|https://www.strava.com/activities/2507834873
6/23/2019|140.66|04:55:55|3627|0|0|0|0||0|0|28.5|76|84|123|0|0|0|0|4,107|26|05:25:52|Garmin Edge 130|https://www.strava.com/activities/2507827875
6/21/2019|105.22|04:08:26|3078|0|0|0|0||0|0|25.4|74.2|79|114|0|0|0|0|3,119|15|04:16:04|Garmin Edge 130|https://www.strava.com/activities/2507820312
6/20/2019|155.24|05:15:19|2739|0|0|0|0||0|0|29.5|74.5|84|129|0|0|0|0|3,734|24|05:37:27|Garmin Edge 130|https://www.strava.com/activities/2507817079
6/19/2019|85.91|03:00:35|1205|0|0|0|0||0|0|28.5|59|84|110|0|0|0|0|2,057|28|03:34:22|Garmin Edge 130|https://www.strava.com/activities/2507811238
6/18/2019|46.79|01:41:31|505|0|0|0|0||0|0|27.7|69.5|82|105|0|0|0|0|1,005|30|01:46:26|Garmin Edge 130|https://www.strava.com/activities/2507807867
6/16/2019|117.33|03:18:08|2807|0|0|0|0||0|0|35.5|96.5|86|139|0|0|0|0|3,191|26|03:43:34|Garmin Edge 130|https://www.strava.com/activities/2456306807
6/15/2019|134.4|04:09:55|3621|0|0|0|0||0|0|32.3|95.4|85|131|0|0|0|0|4,524|21|04:18:36|Garmin Edge 130|https://www.strava.com/activities/2452951192
6/14/2019|235.01|06:24:27|3280|0|0|0|0||0|0|36.7|88.2|84|129|0|0|0|0|5,189|22|06:38:41|Garmin Edge 130|https://www.strava.com/activities/2449725427
6/13/2019|203.82|05:08:50|2115|0|0|0|0||0|0|39.6|92.5|85|131|0|0|0|0|3,665|29|05:19:07|Garmin Edge 130|https://www.strava.com/activities/2447692437
6/12/2019|26.07|00:52:48|355|0|0|0|0||0|0|29.6|66.6|81|103|0|0|0|0|537|21|00:53:11|Garmin Edge 130|https://www.strava.com/activities/2444748328
6/11/2019|179.18|04:24:05|1058|0|0|0|0||0|0|40.7|79.9|84|122|0|0|0|0|3,067|13|04:39:06|Garmin Edge 130|https://www.strava.com/activities/2442595081
6/10/2019|182.88|04:23:06|3268|0|0|0|0||0|0|41.7|90.7|87|133|0|0|0|0|4,334|13|04:25:10|Garmin Edge 130|https://www.strava.com/activities/2439338283
6/9/2019|144.54|03:32:29|2472|0|0|0|0||0|0|40.8|90|87|143|0|0|0|0|3,231|12|03:32:48|Garmin Edge 1030|https://www.strava.com/activities/2436525063
6/8/2019|67.28|02:11:16|966|0|0|0|0||0|0|30.8|66.6|85|110|0|0|0|0|1,536|15|03:03:09|Garmin Edge 1030|https://www.strava.com/activities/2433187495
6/7/2019|61.48|02:12:55|665|0|0|0|0||0|0|27.8|57.6|80|107|0|0|0|0|1,458|20|02:32:39|Garmin Edge 1030|https://www.strava.com/activities/2430351681
7/30/2019|115.51|03:49:51|1959|0|0|0|0||0|0|30.2|75.2|85|120|0|0|0|0|2,957|27|04:09:19|Garmin Edge 830|https://www.strava.com/activities/2637424440
7/29/2019|90.67|03:11:54|1718|0|0|0|0||0|0|28.3|73.8|77|120|0|0|0|0|2,535|30|03:34:19|Garmin Edge 830|https://www.strava.com/activities/2637423466
7/28/2019|88.38|02:55:45|1326|0|0|0|0||0|0|30.2|76.7|86|119|0|0|0|0|2,188|28|03:16:22|Garmin Edge 830|https://www.strava.com/activities/2637422826
7/27/2019|0|02:11:49|0|0|0|0|0||0|0|0|0|86|101|0|0|0|0|1,812|20|02:11:49|Garmin Edge 830|https://www.strava.com/activities/2568341112
7/26/2019|0|01:00:00|0|0|0|0|0||0|0|0|0|79|110|0|0|0|0|862|19|01:00:00|Garmin Edge 830|https://www.strava.com/activities/2565597956
7/26/2019|0|01:01:15|0|0|0|0|0||0|0|0|0|90|104|0|0|0|0|688|18|01:01:15|Garmin Edge 830|https://www.strava.com/activities/2565597510
7/23/2019|43.67|01:30:03|0|0|0|0|0||0|0|29.1|37.4|0|0|0|0|0|0|1,299|18|01:30:03|Garmin Edge 830|https://www.strava.com/activities/2557276390
7/23/2019|27.6|01:00:02|0|0|0|0|0||0|0|27.6|32.4|0|0|0|0|0|0|755|18|01:00:02|Garmin Edge 830|https://www.strava.com/activities/2557274615
7/22/2019|0|00:00:00|0|0|0|0|0||0|0|9.5|9.7|0|0|0|0|0|0||22|00:00:02|Garmin Edge 830|https://www.strava.com/activities/2554529029
7/7/2019|0|00:30:02|0|0|0|0|0||0|0|0|0|90|97|0|0|0|0|292|18|00:30:02|Garmin Edge 1030|https://www.strava.com/activities/2510831663
7/5/2019|0|00:20:05|0|0|0|0|0||0|0|0|0|92|123|0|0|0|0|312|26|00:20:05|Garmin Edge 1030|https://www.strava.com/activities/2506301035
7/12/2019|238.81|06:28:36|2504|0|0|0|0||0|0|36.9|88.2|82|130|0|0|0|0|3,980|27|06:36:19|Garmin Edge 830|https://www.strava.com/activities/2554535265
7/11/2019|178.8|05:14:03|3810|0|0|0|0||0|0|34.2|91.4|85|133|0|0|0|0|4,477|18|05:18:44|Garmin Edge 830|https://www.strava.com/activities/2525199096
7/10/2019|178.91|04:17:09|2271|0|0|0|0||0|0|41.7|95|87|134|0|0|0|0|3,556|27|04:28:17|Garmin Edge 830|https://www.strava.com/activities/2522382759
7/9/2019|220.42|05:25:33|1692|0|0|0|0||0|0|40.6|87.8|88|136|0|0|0|0|3,500|27|05:37:19|Garmin Edge 830|https://www.strava.com/activities/2517885119
7/8/2019|217.82|04:49:49|2499|0|0|0|0||0|0|45.1|92.9|88|131|0|0|0|0|3,949|24|04:57:00|Garmin Edge 1030|https://www.strava.com/activities/2515143525
7/7/2019|41.57|00:47:01|290|0|0|0|0||0|0|53|108|96|117|0|0|0|0|991|20|02:55:01|Garmin Edge 830|https://www.strava.com/activities/2516506447
7/6/2019|200.28|04:43:03|1693|0|0|0|0||0|0|42.5|83.2|87|129|0|0|0|0|3,405|27|05:02:18|Garmin Edge 830|https://www.strava.com/activities/2516506234
7/5/2019|57.03|02:00:00|436|0|0|0|0||0|0|28.5|54.7|82|111|0|0|0|0|1,023|24|02:35:03|Garmin Edge 1030|https://www.strava.com/activities/2513927971
7/4/2019|79.04|02:39:53|582|0|0|0|0||0|0|29.7|59|83|110|0|0|0|0|1,400|18|02:53:58|Garmin Edge 1030|https://www.strava.com/activities/2513927847
7/3/2019|28.68|01:07:40|192|0|0|0|0||0|0|25.4|43.2|79|103|0|0|0|0|493|25|01:32:50|Garmin Edge 1030|https://www.strava.com/activities/2513927319
7/2/2019|39.98|01:42:13|657|0|0|0|0||0|0|23.5|67.7|74|107|0|0|0|0|894|28|02:03:27|Garmin Edge 1030|https://www.strava.com/activities/2513927310
7/1/2019|175.26|05:29:32|3196|0|0|0|0||0|0|31.9|70.9|85|114|0|0|0|0|4,422|28|06:07:11|Garmin Edge 1030|https://www.strava.com/activities/2513927728
8/30/2019|354.72|05:16:05|2259|0|0|0|0||0|0|67.3|143.6|81|127|0|0|0|0|6,571|31|08:35:25|Garmin Edge 830|https://www.strava.com/activities/2720751322
8/21/2019|107.63|03:44:10|1004|0|0|0|0||0|0|28.8|50.8|83|107|0|0|0|0|2,300|27|04:04:37|Garmin Edge 830|https://www.strava.com/activities/2638147912
8/18/2019|89.14|02:34:44|722|0|0|0|0||0|0|34.6|70.9|85|112|0|0|0|0|2,124|15|02:36:57|Garmin Edge 830|https://www.strava.com/activities/2637441615
8/17/2019|144.77|05:07:34|3065|0|0|0|0||0|0|28.2|82.8|81|114|0|0|0|0|3,950|25|05:27:56|Garmin Edge 830|https://www.strava.com/activities/2637441542
8/16/2019|117.39|03:54:51|1871|0|0|0|0||0|0|30|76.7|83|120|0|0|0|0|3,044|33|04:08:38|Garmin Edge 830|https://www.strava.com/activities/2637439914
8/15/2019|20.87|00:43:46|166|0|0|0|0||0|0|28.6|47.9|84|105|0|0|0|0|400|24|01:16:05|Garmin Edge 830|https://www.strava.com/activities/2637438516
8/14/2019|137.86|04:46:44|2804|0|0|0|0||0|0|28.8|79.6|75|112|0|0|0|0|3,802|31|05:03:31|Garmin Edge 830|https://www.strava.com/activities/2637439057
8/13/2019|135.16|05:09:34|2847|0|0|0|0||0|0|26.2|68|79|116|0|0|0|0|3,754|33|05:30:16|Garmin Edge 830|https://www.strava.com/activities/2637437809
8/12/2019|63.88|02:21:53|1369|0|0|0|0||0|0|27|64.8|78|110|0|0|0|0|1,759|34|02:24:40|Garmin Edge 830|https://www.strava.com/activities/2637435762
8/12/2019|87.88|02:28:08|786|0|0|0|0||0|0|35.6|69.5|85|124|0|0|0|0|2,229|27|02:37:05|Garmin Edge 830|https://www.strava.com/activities/2637435146
8/11/2019|32.95|01:20:01|270|0|0|0|0||0|0|24.7|46.4|78|106|0|0|0|0|627|27|02:03:12|Garmin Edge 830|https://www.strava.com/activities/2637434459
8/10/2019|166.23|05:55:53|3577|0|0|0|0||0|0|28|70.6|82|122|0|0|0|0|4,694|28|06:14:43|Garmin Edge 830|https://www.strava.com/activities/2637434986
8/9/2019|108.09|03:58:54|2148|0|0|0|0||0|0|27.1|52.6|83|112|0|0|0|0|3,060|30|04:10:39|Garmin Edge 830|https://www.strava.com/activities/2637432894
8/8/2019|63.87|02:17:39|1384|0|0|0|0||0|0|27.8|63|82|124|0|0|0|0|1,764|34|02:22:54|Garmin Edge 830|https://www.strava.com/activities/2637432068
8/8/2019|81.95|02:19:22|810|0|0|0|0||0|0|35.3|70.9|88|120|0|0|0|0|2,162|23|02:21:02|Garmin Edge 830|https://www.strava.com/activities/2637431075
8/5/2019|143.63|04:36:45|2183|0|0|0|0||0|0|31.1|79.9|84|119|0|0|0|0|3,581|28|05:10:12|Garmin Edge 830|https://www.strava.com/activities/2637429398
8/4/2019|44.38|01:36:59|958|0|0|0|0||0|0|27.5|67.7|82|117|0|0|0|0|1,266|20|01:37:45|Garmin Edge 830|https://www.strava.com/activities/2637427924
8/3/2019|117.87|04:14:37|1865|0|0|0|0||0|0|27.8|70.2|81|120|0|0|0|0|3,040|21|04:58:25|Garmin Edge 830|https://www.strava.com/activities/2637428022
8/1/2019|125.58|03:38:52|1324|0|0|0|0||0|0|34.4|87.5|81|123|0|0|0|0|3,117|19|03:49:00|Garmin Edge 830|https://www.strava.com/activities/2637425171
8/29/2019|278.61|00:00:00|0|0|0|0|0||0|0|33.4|117.4|89|130|0|0|0|0|5,907|28|08:20:04|Garmin Edge 830|https://www.strava.com/activities/2720750588
8/28/2019|184.36|05:32:30|3586|0|0|0|0||0|0|33.3|83.9|81|124|0|0|0|0|4,183|30|05:37:30|Garmin Edge 830|https://www.strava.com/activities/2720750025
8/27/2019|184.57|04:31:45|1263|0|0|0|0||0|0|40.8|82.1|85|134|0|0|0|0|2,933|30|04:41:55|Garmin Edge 830|https://www.strava.com/activities/2656192576
8/26/2019|194.78|04:43:30|1761|0|0|0|0||0|0|41.2|103|84|136|0|0|0|0|3,165|29|04:45:07|Garmin Edge 830|https://www.strava.com/activities/2655147796
8/25/2019|210.42|05:42:20|3323|0|0|0|0||0|0|36.9|88.2|84|128|0|0|0|0|4,388|33|05:55:10|Garmin Edge 830|https://www.strava.com/activities/2650827428
8/24/2019|15.56|00:24:00|53|0|0|0|0||0|0|38.9|75.6|89|117|0|0|0|0|377|26|00:31:34|Garmin Edge 830|https://www.strava.com/activities/2649043375
8/24/2019|34.83|01:00:41|234|0|0|0|0||0|0|34.4|68|83|116|0|0|0|0|671|30|01:08:15|Garmin Edge 830|https://www.strava.com/activities/2649043017
8/24/2019|33.71|01:01:22|134|0|0|0|0||0|0|33|47.5|87|104|0|0|0|0|616|29|01:07:06|Garmin Edge 830|https://www.strava.com/activities/2646237622
8/23/2019|44.96|01:28:55|254|0|0|0|0||0|0|30.3|54|83|107|0|0|0|0|848|31|01:56:17|Garmin Edge 830|https://www.strava.com/activities/2645996370
8/22/2019|103.86|02:56:40|917|0|0|0|0||0|0|35.3|70.6|86|115|0|0|0|0|1,913|30|03:21:39|Garmin Edge 830|https://www.strava.com/activities/2641034408
8/6/2019|124.22|04:04:47|1893|0|0|0|0||0|0|30.4|71.6|79|122|0|0|0|0|3,083|31|04:21:37|Garmin Edge 830|https://www.strava.com/activities/2637430516
8/2/2019|156.87|05:02:34|2584|0|0|0|0||0|0|31.1|94.3|84|127|0|0|0|0|4,158|24|05:32:58|Garmin Edge 830|https://www.strava.com/activities/2637426867
9/30/2019|94.19|03:26:25|1542|0|0|0|0||0|0|27.4|85|81|146|0|0|0|0|2,596|23|03:40:10|Garmin Edge 830|https://www.strava.com/activities/2923168445
9/28/2019|113.01|03:52:04|1933|0|0|0|0||0|0|29.2|72.4|83|116|0|0|0|0|3,167|19|04:22:53|Garmin Edge 830|https://www.strava.com/activities/2923167640
9/27/2019|36.64|01:11:15|356|0|0|0|0||0|0|30.9|59|87|112|0|0|0|0|864|20|01:16:52|Garmin Edge 830|https://www.strava.com/activities/2923167081
9/26/2019|118.16|04:33:31|2722|0|0|0|0||0|0|25.9|72|84|129|0|0|0|0|3,646|27|05:07:16|Garmin Edge 830|https://www.strava.com/activities/2923167056
9/25/2019|44.27|01:19:19|391|0|0|0|0||0|0|33.5|64.8|87|108|0|0|0|0|1,066|33|01:25:53|Garmin Edge 830|https://www.strava.com/activities/2923166611
9/25/2019|72.52|02:23:31|798|0|0|0|0||0|0|30.3|69.5|85|115|0|0|0|0|1,706|33|03:43:05|Garmin Edge 830|https://www.strava.com/activities/2923166383
9/22/2019|47.54|01:36:29|426|0|0|0|0||0|0|29.6|59|86|130|0|0|0|0|1,048|23|01:56:27|Garmin Edge 830|https://www.strava.com/activities/2923166122
9/21/2019|93.48|03:03:32|1359|0|0|0|0||0|0|30.6|70.6|85|119|0|0|0|0|2,307|28|03:13:25|Garmin Edge 830|https://www.strava.com/activities/2923165978
9/19/2019|79.18|02:59:51|1568|0|0|0|0||0|0|26.4|69.1|83|118|0|0|0|0|2,291|24|03:38:43|Garmin Edge 830|https://www.strava.com/activities/2723423162
9/18/2019|139.26|04:29:08|1640|0|0|0|0||0|0|31|65.5|85|112|0|0|0|0|3,322|25|05:22:09|Garmin Edge 830|https://www.strava.com/activities/2720752895
9/16/2019|98.49|03:10:15|993|0|0|0|0||0|0|31.1|66.6|86|118|0|0|0|0|2,241|25|04:01:05|Garmin Edge 830|https://www.strava.com/activities/2720751805
10/31/2019|63.37|02:27:47|1409|0|0|0|0||0|0|25.7|66.2|86|116|0|0|0|0|1,906|21|02:33:37|Garmin Edge 830|https://www.strava.com/activities/2923178935
10/27/2019|53.83|02:04:15|983|0|0|0|0||0|0|26|81|83|121|0|0|0|0|1,606|7|02:07:51|Garmin Edge 830|https://www.strava.com/activities/2923178612
10/26/2019|62.2|02:14:55|684|0|0|0|0||0|0|27.7|61.2|81|149|0|0|0|0|1,644|8|04:30:57|Garmin Edge 830|https://www.strava.com/activities/2923178393
10/16/2019|44.29|01:29:18|375|0|0|0|0||0|0|29.8|61.6|83|110|0|0|0|0|924|29|02:11:42|Garmin Edge 830|https://www.strava.com/activities/2923174835
10/15/2019|58.28|01:55:33|264|0|0|0|0||0|0|30.3|52.6|84|107|0|0|0|0|1,054|29|02:12:29|Garmin Edge 830|https://www.strava.com/activities/2923174635
10/12/2019|53.95|02:08:11|1003|0|0|0|0||0|0|25.3|63|82|111|0|0|0|0|1,601|6|02:31:26|Garmin Edge 830|https://www.strava.com/activities/2923174285
10/11/2019|42.79|01:35:21|734|0|0|0|0||0|0|26.9|72.7|86|135|0|0|0|0|1,207|11|01:37:22|Garmin Edge 830|https://www.strava.com/activities/2923173848
10/9/2019|97.63|03:37:11|1567|0|0|0|0||0|0|27|80.3|80|129|0|0|0|0|2,603|21|03:55:53|Garmin Edge 830|https://www.strava.com/activities/2923173501
10/8/2019|73.69|02:30:16|734|0|0|0|0||0|0|29.4|65.9|85|148|0|0|0|0|1,866|16|03:57:07|Garmin Edge 830|https://www.strava.com/activities/2923172676
10/7/2019|39.01|01:21:02|229|0|0|0|0||0|0|28.9|54|85|136|0|0|0|0|913|20|01:29:59|Garmin Edge 830|https://www.strava.com/activities/2923172135
10/6/2019|87.45|03:16:33|1596|0|0|0|0||0|0|26.7|72|80|171|0|0|0|0|2,583|12|03:32:10|Garmin Edge 830|https://www.strava.com/activities/2923171980
10/5/2019|131.42|04:38:37|1899|0|0|0|0||0|0|28.3|81.4|87|157|0|0|0|0|3,489|15|05:01:05|Garmin Edge 830|https://www.strava.com/activities/2923171531
10/4/2019|32.93|01:14:14|452|0|0|0|0||0|0|26.6|64.1|86|153|0|0|0|0|850|15|01:17:22|Garmin Edge 830|https://www.strava.com/activities/2923171017
10/3/2019|73.69|02:40:37|1054|0|0|0|0||0|0|27.5|76.3|89|121|0|0|0|0|1,951|20|04:26:15|Garmin Edge 830|https://www.strava.com/activities/2923170912
10/2/2019|104.42|03:51:06|1714|0|0|0|0||0|0|27.1|81.7|86|115|0|0|0|0|3,017|16|04:05:38|Garmin Edge 830|https://www.strava.com/activities/2923170621
10/1/2019|81.05|02:35:48|433|0|0|0|0||0|0|31.2|58.3|85|131|0|0|0|0|1,889|24|04:21:50|Garmin Edge 830|https://www.strava.com/activities/2923170154
10/22/2019|169.92|03:50:12|838|0|0|0|0||0|0|44.3|83.9|84|133|0|0|0|0|2,718|22|03:53:20|Garmin Edge 830|https://www.strava.com/activities/2923178060
10/21/2019|223.49|05:36:03|1481|0|0|0|0||0|0|39.9|85|83|137|0|0|0|0|3,389|31|06:29:07|Garmin Edge 830|https://www.strava.com/activities/2923177630
10/20/2019|171.59|04:21:21|1253|0|0|0|0||0|0|39.4|74.5|81|114|0|0|0|0|2,671|30|05:12:09|Garmin Edge 830|https://www.strava.com/activities/2923176938
10/19/2019|162.65|04:22:22|1554|0|0|0|0||0|0|37.2|86|81|115|0|0|0|0|2,597|31|05:25:15|Garmin Edge 830|https://www.strava.com/activities/2923176341
10/18/2019|160.44|04:02:42|528|0|0|0|0||0|0|39.7|63.7|83|118|0|0|0|0|2,178|30|04:53:16|Garmin Edge 830|https://www.strava.com/activities/2923175817
10/17/2019|144.96|03:21:35|483|0|0|0|0||0|0|43.1|79.2|84|120|0|0|0|0|1,997|33|03:23:49|Garmin Edge 830|https://www.strava.com/activities/2923175283
11/30/2019|130.99|04:25:24|956|0|0|0|0||0|0|29.6|64.1|83|115|0|0|0|0|3,622|6|04:46:36|Garmin Edge 830|https://www.strava.com/activities/2924148497
11/29/2019|145.93|04:52:12|2028|0|0|0|0||0|0|30|70.9|85|116|0|0|0|0|4,001|6|05:04:12|Garmin Edge 830|https://www.strava.com/activities/2924147528
11/28/2019|30.06|00:58:59|261|0|0|0|0||0|0|30.6|59.8|95|125|0|0|0|0|760|10|00:59:33|Garmin Edge 830|https://www.strava.com/activities/2924146240
11/27/2019|82.82|02:39:48|838|0|0|0|0||0|0|31.1|68.4|87|121|0|0|0|0|2,082|7|02:46:57|Garmin Edge 830|https://www.strava.com/activities/2924146090
11/26/2019|113.14|04:02:11|2001|0|0|0|0||0|0|28|69.5|81|119|0|0|0|0|3,259|14|04:20:21|Garmin Edge 830|https://www.strava.com/activities/2924145452
11/25/2019|104.64|04:04:20|2233|0|0|0|0||0|0|25.7|69.1|82|131|0|0|0|0|3,078|16|04:13:37|Garmin Edge 830|https://www.strava.com/activities/2924144603
11/24/2019|29.41|01:06:09|318|0|0|0|0||0|0|26.7|55.1|85|108|0|0|0|0|670|18|01:18:44|Garmin Edge 830|https://www.strava.com/activities/2924143493
11/23/2019|97.82|02:59:20|1015|0|0|0|0||0|0|32.7|73.1|90|124|0|0|0|0|2,331|20|03:12:02|Garmin Edge 830|https://www.strava.com/activities/2924143361
11/22/2019|121.49|03:54:18|1582|0|0|0|0||0|0|31.1|67.3|86|116|0|0|0|0|3,156|16|03:54:51|Garmin Edge 830|https://www.strava.com/activities/2924142779
11/21/2019|135.81|05:14:24|2999|0|0|0|0||0|0|25.9|69.1|80|110|0|0|0|0|4,179|13|05:42:16|Garmin Edge 830|https://www.strava.com/activities/2924141896
11/20/2019|27.15|01:01:30|281|0|0|0|0||0|0|26.5|57.6|84|106|0|0|0|0|646|12|01:31:24|Garmin Edge 830|https://www.strava.com/activities/2924140282
11/19/2019|88.03|02:39:53|819|0|0|0|0||0|0|33|78.5|89|124|0|0|0|0|2,137|16|02:47:33|Garmin Edge 830|https://www.strava.com/activities/2924140080
11/18/2019|110.72|04:03:00|1874|0|0|0|0||0|0|27.3|72|83|106|0|0|0|0|2,877|28|04:19:56|Garmin Edge 830|https://www.strava.com/activities/2924139530
11/17/2019|147.36|05:25:50|2944|0|0|0|0||0|0|27.1|76.7|83|113|0|0|0|0|4,041|27|05:49:35|Garmin Edge 830|https://www.strava.com/activities/2924138643
11/16/2019|46.81|01:35:30|425|0|0|0|0||0|0|29.4|61.9|89|111|0|0|0|0|1,000|21|01:49:44|Garmin Edge 830|https://www.strava.com/activities/2924137036
11/15/2019|77.92|02:19:26|763|0|0|0|0||0|0|33.5|78.5|93|124|0|0|0|0|1,912|18|02:25:28|Garmin Edge 830|https://www.strava.com/activities/2924136700
11/14/2019|82.58|03:12:31|1606|0|0|0|0||0|0|25.7|68.4|86|114|0|0|0|0|2,364|18|03:49:46|Garmin Edge 830|https://www.strava.com/activities/2924136124
11/13/2019|118.81|04:08:07|1990|0|0|0|0||0|0|28.7|76.3|87|115|0|0|0|0|3,334|22|04:23:01|Garmin Edge 830|https://www.strava.com/activities/2924135422
11/12/2019|46.92|01:29:59|473|0|0|0|0||0|0|31.3|69.1|96|124|0|0|0|0|1,148|24|01:30:40|Garmin Edge 830|https://www.strava.com/activities/2924134304
11/9/2019|159.54|05:15:15|2535|0|0|0|0||0|0|30.4|78.8|83|121|0|0|0|0|4,403|24|05:32:35|Garmin Edge 830|https://www.strava.com/activities/2924134193
11/8/2019|33.27|01:09:49|272|0|0|0|0||0|0|28.6|49.7|86|109|0|0|0|0|706|30|01:10:30|Garmin Edge 830|https://www.strava.com/activities/2924132480
11/7/2019|53.07|02:06:41|1247|0|0|0|0||0|0|25.1|69.1|83|117|0|0|0|0|1,660|23|02:11:48|Garmin Edge 830|https://www.strava.com/activities/2924132094
11/6/2019|84.24|03:12:51|1626|0|0|0|0||0|0|26.2|72|88|113|0|0|0|0|2,373|23|03:19:15|Garmin Edge 830|https://www.strava.com/activities/2923179564
11/4/2019|34.09|01:10:37|270|0|0|0|0||0|0|29|54|93|120|0|0|0|0|830|25|02:56:23|Garmin Edge 830|https://www.strava.com/activities/2923179155
11/1/2019|24.36|00:50:06|185|0|0|0|0||0|0|29.2|53.6|92|121|0|0|0|0|578|20|02:18:09|Garmin Edge 830|https://www.strava.com/activities/2923178985
12/31/2019|131.19|04:25:23|2129|0|0|0|0||0|0|29.7|76.7|86|125|0|0|0|0|3,636|16|04:44:48|Garmin Edge 830|https://www.strava.com/activities/2971633528
12/30/2019|33.81|01:13:19|324|0|0|0|0||0|0|27.7|55.8|87|117|0|0|0|0|792|16|01:26:07|Garmin Edge 830|https://www.strava.com/activities/2968702483
12/29/2019|118.7|03:58:23|1221|0|0|0|0||0|0|29.9|67.3|90|117|0|0|0|0|3,025|13|04:12:12|Garmin Edge 830|https://www.strava.com/activities/2966557902
12/28/2019|79.2|03:04:39|1601|0|0|0|0||0|0|25.7|63|83|116|0|0|0|0|2,410|13|03:14:57|Garmin Edge 830|https://www.strava.com/activities/2963806823
12/27/2019|159.09|05:53:36|3328|0|0|0|0||0|0|27|80.3|78|119|0|0|0|0|4,782|13|06:31:31|Garmin Edge 830|https://www.strava.com/activities/2961449129
12/26/2019|130.32|04:43:34|2619|0|0|0|0||0|0|27.6|67.7|82|111|0|0|0|0|3,747|10|05:01:49|Garmin Edge 830|https://www.strava.com/activities/2958710798
12/24/2019|146.67|05:02:18|2303|0|0|0|0||0|0|29.1|76|80|123|0|0|0|0|4,035|10|05:15:55|Garmin Edge 830|https://www.strava.com/activities/2958014028
12/23/2019|116.8|03:53:15|612|0|0|0|0||0|0|30|64.4|86|110|0|0|0|0|3,274|9|04:06:20|Garmin Edge 830|https://www.strava.com/activities/2958012674
12/21/2019|82.8|02:33:57|834|0|0|0|0||0|0|32.3|91.4|86|122|0|0|0|0|2,052|18|02:39:41|Garmin Edge 830|https://www.strava.com/activities/2958011296
12/20/2019|134.66|05:08:25|2952|0|0|0|0||0|0|26.2|67.7|78|122|0|0|0|0|4,196|18|05:30:21|Garmin Edge 830|https://www.strava.com/activities/2958010777
12/19/2019|102.56|03:56:42|2078|0|0|0|0||0|0|26|61.2|84|122|0|0|0|0|3,033|13|04:21:24|Garmin Edge 830|https://www.strava.com/activities/2958009263
12/4/2019|71.61|02:29:20|880|0|0|0|0||0|0|28.8|79.6|85|114|0|0|0|0|1,814|13|02:32:21|Garmin Edge 830|https://www.strava.com/activities/2924149091
12/17/2019|48.63|01:41:15|307|0|0|0|0||0|0|28.8|68.8|81|109|0|0|0|0|882|19|03:41:29|Garmin Edge 830|https://www.strava.com/activities/2958007846
12/16/2019|169.09|05:51:07|3562|0|0|0|0||0|0|28.9|96.5|83|137|0|0|0|0|4,733|15|06:33:34|Garmin Edge 830|https://www.strava.com/activities/2937882593
12/15/2019|145.42|04:36:30|2649|0|0|0|0||0|0|31.6|90|85|139|0|0|0|0|3,829|14|05:27:55|Garmin Edge 830|https://www.strava.com/activities/2935784613
12/14/2019|106.08|03:45:33|2308|0|0|0|0||0|0|28.2|104.4|81|116|0|0|0|0|2,872|15|04:57:26|Garmin Edge 830|https://www.strava.com/activities/2933111663
12/13/2019|23.08|01:10:06|478|0|0|0|0||0|0|19.8|65.9|74|111|0|0|0|0|617|21|01:25:55|Garmin Edge 830|https://www.strava.com/activities/2932561207
12/12/2019|132.81|04:40:06|2736|0|0|0|0||0|0|28.5|78.5|77|120|0|0|0|0|3,584|20|05:04:59|Garmin Edge 830|https://www.strava.com/activities/2932561055
12/11/2019|109.29|03:43:03|2131|0|0|0|0||0|0|29.4|85|85|135|0|0|0|0|2,664|17|04:01:02|Garmin Edge 830|https://www.strava.com/activities/2927030886
12/10/2019|103.19|03:41:10|1988|0|0|0|0||0|0|28|85.3|84|117|0|0|0|0|2,893|15|04:31:33|Garmin Edge 830|https://www.strava.com/activities/2925165263
1/31/2020|181.28|05:26:35|2191|0|0|0|0||0|0|33.3|72.7|85|113|0|0|0|0|3,824|25|06:02:20|Garmin Edge 830|https://www.strava.com/activities/3060190826
1/30/2020|110.98|03:50:05|1740|0|0|0|0||0|0|28.9|70.9|81|110|0|0|0|0|2,509|22|04:38:35|Garmin Edge 830|https://www.strava.com/activities/3057276437
1/29/2020|99.48|03:24:59|1539|0|0|0|0||0|0|29.1|67.3|82|107|0|0|0|0|2,228|24|03:55:10|Garmin Edge 830|https://www.strava.com/activities/3057273192
1/27/2020|65.34|02:38:10|1444|0|0|0|0||0|0|24.8|65.9|77|115|0|0|0|0|1,882|17|03:16:59|Garmin Edge 830|https://www.strava.com/activities/3057271313
1/26/2020|18.76|00:44:16|283|0|0|0|0||0|0|25.4|62.3|84|107|0|0|0|0|557|13|00:50:08|Garmin Edge 830|https://www.strava.com/activities/3057269252
1/25/2020|107.65|03:32:51|1550|0|0|0|0||0|0|30.3|76.3|83|112|0|0|0|0|2,756|16|03:40:23|Garmin Edge 830|https://www.strava.com/activities/3043107523
1/24/2020|106.14|03:44:02|1902|0|0|0|0||0|0|28.4|73.1|80|116|0|0|0|0|2,928|19|03:55:02|Garmin Edge 830|https://www.strava.com/activities/3040175791
1/23/2020|161.84|05:42:02|3588|0|0|0|0||0|0|28.4|81.4|81|118|0|0|0|0|4,633|19|06:04:21|Garmin Edge 830|https://www.strava.com/activities/3037826484
1/22/2020|108.51|03:43:12|1120|0|0|0|0||0|0|29.2|64.8|85|108|0|0|0|0|2,641|16|03:45:54|Garmin Edge 830|https://www.strava.com/activities/3034776685
1/20/2020|116.77|04:42:36|2821|0|0|0|0||0|0|24.8|67.3|84|115|0|0|0|0|3,466|11|05:08:02|Garmin Edge 830|https://www.strava.com/activities/3029219905
1/19/2020|82.47|02:30:16|823|0|0|0|0||0|0|32.9|67.3|87|123|0|0|0|0|2,076|13|02:35:37|Garmin Edge 830|https://www.strava.com/activities/3026460522
1/18/2020|147.94|05:12:00|3226|0|0|0|0||0|0|28.5|75.6|81|119|0|0|0|0|4,267|15|05:22:30|Garmin Edge 830|https://www.strava.com/activities/3023400242
1/17/2020|37.32|01:21:45|351|0|0|0|0||0|0|27.4|61.9|83|102|0|0|0|0|847|9|02:15:22|Garmin Edge 830|https://www.strava.com/activities/3020566867
1/16/2020|110.31|04:01:26|1997|0|0|0|0||0|0|27.4|65.5|78|112|0|0|0|0|3,158|8|04:14:42|Garmin Edge 830|https://www.strava.com/activities/3017552865
1/15/2020|158.7|05:23:51|2352|0|0|0|0||0|0|29.4|68.8|84|113|0|0|0|0|4,148|14|05:35:20|Garmin Edge 830|https://www.strava.com/activities/3014908298
1/14/2020|135.53|05:16:35|3029|0|0|0|0||0|0|25.7|70.9|81|112|0|0|0|0|4,033|14|05:36:37|Garmin Edge 830|https://www.strava.com/activities/3012017274
1/12/2020|69.32|02:06:14|588|0|0|0|0||0|0|33|77|94|125|0|0|0|0|1,562|15|02:15:09|Garmin Edge 830|https://www.strava.com/activities/3006346294
1/11/2020|106.76|03:52:11|1966|0|0|0|0||0|0|27.6|69.5|82|108|0|0|0|0|2,917|11|04:06:45|Garmin Edge 830|https://www.strava.com/activities/3003163945
1/10/2020|153.72|06:06:21|3428|0|0|0|0||0|0|25.2|61.9|82|116|0|0|0|0|4,638|14|06:50:35|Garmin Edge 830|https://www.strava.com/activities/2999893715
1/9/2020|125.7|04:38:00|1492|0|0|0|0||0|0|27.1|69.5|84|117|0|0|0|0|3,900|9|04:57:11|Garmin Edge 830|https://www.strava.com/activities/2997253164
1/7/2020|41.45|01:30:50|488|0|0|0|0||0|0|27.4|68.8|87|116|0|0|0|0|1,064|16|02:01:53|Garmin Edge 830|https://www.strava.com/activities/2991396060
1/6/2020|90.28|02:44:59|803|0|0|0|0||0|0|32.8|70.6|91|128|0|0|0|0|2,060|19|02:55:41|Garmin Edge 830|https://www.strava.com/activities/2988421400
1/5/2020|107.2|03:49:21|1942|0|0|0|0||0|0|28|66.2|84|112|0|0|0|0|3,018|18|03:59:32|Garmin Edge 830|https://www.strava.com/activities/2986009173
1/3/2020|189.49|05:50:48|2236|0|0|0|0||0|0|32.4|69.5|87|112|0|0|0|0|5,267|19|06:10:32|Garmin Edge 830|https://www.strava.com/activities/2979573063
1/2/2020|145.88|04:45:58|2033|0|0|0|0||0|0|30.6|66.6|88|113|0|0|0|0|3,909|18|04:58:43|Garmin Edge 830|https://www.strava.com/activities/2976941328
1/1/2020|103.38|03:44:15|2117|0|0|0|0||0|0|27.7|58|87|116|0|0|0|0|3,144|13|03:54:34|Garmin Edge 830|https://www.strava.com/activities/2974024893
1/31/2020|181.28|05:26:35|2191|0|0|0|0||0|0|33.3|72.7|85|113|0|0|0|0|3,824|25|06:02:20|Garmin Edge 830|https://www.strava.com/activities/3060190826
1/30/2020|110.98|03:50:05|1740|0|0|0|0||0|0|28.9|70.9|81|110|0|0|0|0|2,509|22|04:38:35|Garmin Edge 830|https://www.strava.com/activities/3057276437
1/29/2020|99.48|03:24:59|1539|0|0|0|0||0|0|29.1|67.3|82|107|0|0|0|0|2,228|24|03:55:10|Garmin Edge 830|https://www.strava.com/activities/3057273192
1/27/2020|65.34|02:38:10|1444|0|0|0|0||0|0|24.8|65.9|77|115|0|0|0|0|1,882|17|03:16:59|Garmin Edge 830|https://www.strava.com/activities/3057271313
1/26/2020|18.76|00:44:16|283|0|0|0|0||0|0|25.4|62.3|84|107|0|0|0|0|557|13|00:50:08|Garmin Edge 830|https://www.strava.com/activities/3057269252
1/25/2020|107.65|03:32:51|1550|0|0|0|0||0|0|30.3|76.3|83|112|0|0|0|0|2,756|16|03:40:23|Garmin Edge 830|https://www.strava.com/activities/3043107523
1/24/2020|106.14|03:44:02|1902|0|0|0|0||0|0|28.4|73.1|80|116|0|0|0|0|2,928|19|03:55:02|Garmin Edge 830|https://www.strava.com/activities/3040175791
1/23/2020|161.84|05:42:02|3588|0|0|0|0||0|0|28.4|81.4|81|118|0|0|0|0|4,633|19|06:04:21|Garmin Edge 830|https://www.strava.com/activities/3037826484
1/22/2020|108.51|03:43:12|1120|0|0|0|0||0|0|29.2|64.8|85|108|0|0|0|0|2,641|16|03:45:54|Garmin Edge 830|https://www.strava.com/activities/3034776685
1/20/2020|116.77|04:42:36|2821|0|0|0|0||0|0|24.8|67.3|84|115|0|0|0|0|3,466|11|05:08:02|Garmin Edge 830|https://www.strava.com/activities/3029219905
1/19/2020|82.47|02:30:16|823|0|0|0|0||0|0|32.9|67.3|87|123|0|0|0|0|2,076|13|02:35:37|Garmin Edge 830|https://www.strava.com/activities/3026460522
1/18/2020|147.94|05:12:00|3226|0|0|0|0||0|0|28.5|75.6|81|119|0|0|0|0|4,267|15|05:22:30|Garmin Edge 830|https://www.strava.com/activities/3023400242
1/17/2020|37.32|01:21:45|351|0|0|0|0||0|0|27.4|61.9|83|102|0|0|0|0|847|9|02:15:22|Garmin Edge 830|https://www.strava.com/activities/3020566867
1/16/2020|110.31|04:01:26|1997|0|0|0|0||0|0|27.4|65.5|78|112|0|0|0|0|3,158|8|04:14:42|Garmin Edge 830|https://www.strava.com/activities/3017552865
1/15/2020|158.7|05:23:51|2352|0|0|0|0||0|0|29.4|68.8|84|113|0|0|0|0|4,148|14|05:35:20|Garmin Edge 830|https://www.strava.com/activities/3014908298
1/14/2020|135.53|05:16:35|3029|0|0|0|0||0|0|25.7|70.9|81|112|0|0|0|0|4,033|14|05:36:37|Garmin Edge 830|https://www.strava.com/activities/3012017274
1/12/2020|69.32|02:06:14|588|0|0|0|0||0|0|33|77|94|125|0|0|0|0|1,562|15|02:15:09|Garmin Edge 830|https://www.strava.com/activities/3006346294
1/11/2020|106.76|03:52:11|1966|0|0|0|0||0|0|27.6|69.5|82|108|0|0|0|0|2,917|11|04:06:45|Garmin Edge 830|https://www.strava.com/activities/3003163945
1/10/2020|153.72|06:06:21|3428|0|0|0|0||0|0|25.2|61.9|82|116|0|0|0|0|4,638|14|06:50:35|Garmin Edge 830|https://www.strava.com/activities/2999893715
1/9/2020|125.7|04:38:00|1492|0|0|0|0||0|0|27.1|69.5|84|117|0|0|0|0|3,900|9|04:57:11|Garmin Edge 830|https://www.strava.com/activities/2997253164
1/7/2020|41.45|01:30:50|488|0|0|0|0||0|0|27.4|68.8|87|116|0|0|0|0|1,064|16|02:01:53|Garmin Edge 830|https://www.strava.com/activities/2991396060
1/6/2020|90.28|02:44:59|803|0|0|0|0||0|0|32.8|70.6|91|128|0|0|0|0|2,060|19|02:55:41|Garmin Edge 830|https://www.strava.com/activities/2988421400
1/5/2020|107.2|03:49:21|1942|0|0|0|0||0|0|28|66.2|84|112|0|0|0|0|3,018|18|03:59:32|Garmin Edge 830|https://www.strava.com/activities/2986009173
1/3/2020|189.49|05:50:48|2236|0|0|0|0||0|0|32.4|69.5|87|112|0|0|0|0|5,267|19|06:10:32|Garmin Edge 830|https://www.strava.com/activities/2979573063
1/2/2020|145.88|04:45:58|2033|0|0|0|0||0|0|30.6|66.6|88|113|0|0|0|0|3,909|18|04:58:43|Garmin Edge 830|https://www.strava.com/activities/2976941328
1/1/2020|103.38|03:44:15|2117|0|0|0|0||0|0|27.7|58|87|116|0|0|0|0|3,144|13|03:54:34|Garmin Edge 830|https://www.strava.com/activities/2974024893
3/30/2020|119.5|05:02:29|3526|0|0|0|0||0|0|23.7|77.4|84|112|0|0|0|0|3,735|19|05:39:33|Garmin Edge 830|https://www.strava.com/activities/3588321305
3/29/2020|87.37|03:46:07|2737|0|0|0|0||0|0|23.2|65.9|85|113|0|0|0|0|2,850|17|04:01:33|Garmin Edge 830|https://www.strava.com/activities/3588317319
3/28/2020|110.87|04:34:47|2187|0|0|0|0||0|0|24.2|73.4|85|117|0|0|0|0|3,041|14|04:57:01|Garmin Edge 830|https://www.strava.com/activities/3588314851
3/27/2020|26.41|01:09:54|338|0|0|0|0||0|0|22.7|58|82|111|0|0|0|0|592|15|01:16:57|Garmin Edge 830|https://www.strava.com/activities/3588311382
3/26/2020|87.55|03:53:25|2786|0|0|0|0||0|0|22.5|67.3|84|111|0|0|0|0|2,866|14|04:14:38|Garmin Edge 830|https://www.strava.com/activities/3588310818
3/25/2020|131.35|05:13:49|2657|0|0|0|0||0|0|25.1|68.4|85|114|0|0|0|0|3,768|15|05:46:09|Garmin Edge 830|https://www.strava.com/activities/3588308540
3/24/2020|119.94|04:49:09|3213|0|0|0|0||0|0|24.9|71.3|88|122|0|0|0|0|3,777|15|05:19:12|Garmin Edge 830|https://www.strava.com/activities/3588304975
3/23/2020|53.2|01:52:52|615|0|0|0|0||0|0|28.3|60.1|87|114|0|0|0|0|1,265|18|01:59:56|Garmin Edge 830|https://www.strava.com/activities/3588301283
3/21/2020|108.38|04:07:08|2206|0|0|0|0||0|0|26.3|69.8|84|117|0|0|0|0|3,085|16|04:18:48|Garmin Edge 830|https://www.strava.com/activities/3205003849
3/20/2020|81.35|02:57:03|1201|0|0|0|0||0|0|27.6|66.2|84|113|0|0|0|0|2,143|17|03:28:31|Garmin Edge 830|https://www.strava.com/activities/3201323809
3/19/2020|80.67|03:30:25|2339|0|0|0|0||0|0|23|67.7|85|116|0|0|0|0|2,601|10|03:54:52|Garmin Edge 830|https://www.strava.com/activities/3198554968
3/18/2020|50.14|02:17:30|1508|0|0|0|0||0|0|21.9|65.5|84|113|0|0|0|0|1,550|15|02:26:18|Garmin Edge 830|https://www.strava.com/activities/3198553820
3/6/2020|111.57|04:15:29|1630|0|0|0|0||0|0|26.2|57.6|82|108|0|0|0|0|2,831|14|04:44:22|Garmin Edge 830|https://www.strava.com/activities/3159311773
3/5/2020|80.8|02:29:37|772|0|0|0|0||0|0|32.4|74.5|87|118|0|0|0|0|1,997|14|02:33:38|Garmin Edge 830|https://www.strava.com/activities/3156560799
3/4/2020|65.33|02:20:43|604|0|0|0|0||0|0|27.9|66.2|83|131|0|0|0|0|1,478|12|03:10:25|Garmin Edge 830|https://www.strava.com/activities/3155589434
3/11/2020|15.42|00:21:53|217|0|0|0|0||0|0|42.3|85|94|115|0|0|0|0|468|14|00:22:23|Garmin Edge 830|https://www.strava.com/activities/3182540260
3/11/2020|16.17|00:34:05|232|0|0|0|0||0|0|28.5|77.8|81|101|0|0|0|0|351|15|00:34:05|Garmin Edge 830|https://www.strava.com/activities/3182539206
3/10/2020|218.97|06:10:10|1820|0|0|0|0||0|0|35.5|83.9|81|119|0|0|0|0|3,986|9|06:19:28|Garmin Edge 830|https://www.strava.com/activities/3173418060
3/9/2020|169.62|04:03:23|635|0|0|0|0||0|0|41.8|76|85|119|0|0|0|0|3,233|8|04:10:48|Garmin Edge 830|https://www.strava.com/activities/3169054478
3/8/2020|161.93|03:57:59|1329|0|0|0|0||0|0|40.8|77.8|86|126|0|0|0|0|3,588|9|04:06:35|Garmin Edge 830|https://www.strava.com/activities/3166367099
3/3/2020|140.04|04:45:35|2228|0|0|0|0||0|0|29.4|65.2|84|115|0|0|0|0|3,650|9|05:33:40|Garmin Edge 830|https://www.strava.com/activities/3150681193
4/29/2020|76.64|02:28:59|1126|0|0|0|0||0|0|30.9|74.2|83|110|0|0|0|0|1,825|20|02:44:59|Garmin Edge 830|https://www.strava.com/activities/3588458764
4/28/2020|76.12|02:34:44|697|0|0|0|0||0|0|29.5|64.8|82|107|0|0|0|0|1,778|27|02:50:59|Garmin Edge 830|https://www.strava.com/activities/3588456571
4/27/2020|60.44|02:13:47|1160|0|0|0|0||0|0|27.1|73.4|79|109|0|0|0|0|1,567|30|23:06:33|Garmin Edge 830|https://www.strava.com/activities/3588454942
4/27/2020|11.32|00:23:19|54|0|0|0|0||0|0|29.1|50.4|0|0|0|0|0|0|365|32|00:38:56|Garmin Edge 830|https://www.strava.com/activities/3588451685
4/25/2020|120.94|04:43:28|1932|0|0|0|0||0|0|25.6|82.1|75|116|0|0|0|0|3,243|30|05:48:06|Garmin Edge 830|https://www.strava.com/activities/3588451316
4/24/2020|100.38|03:48:05|1755|0|0|0|0||0|0|26.4|70.2|77|186|0|0|0|0|2,824|30|04:04:41|Garmin Edge 830|https://www.strava.com/activities/3588447363
4/22/2020|127.19|04:27:10|2142|0|0|0|0||0|0|28.6|69.8|78|110|0|0|0|0|3,392|27|04:47:20|Garmin Edge 830|https://www.strava.com/activities/3588443399
4/21/2020|68.22|02:40:45|1481|0|0|0|0||0|0|25.5|72.7|76|118|0|0|0|0|2,083|22|02:57:18|Garmin Edge 830|https://www.strava.com/activities/3588438826
4/20/2020|71.26|02:15:27|893|0|0|0|0||0|0|31.6|68|82|112|0|0|0|0|1,912|18|02:22:53|Garmin Edge 830|https://www.strava.com/activities/3588436352
4/19/2020|107.23|03:52:40|1924|0|0|0|0||0|0|27.7|67.3|80|108|0|0|0|0|2,893|18|03:56:53|Garmin Edge 830|https://www.strava.com/activities/3588434010
4/17/2020|44.41|01:29:34|493|0|0|0|0||0|0|29.8|67|85|105|0|0|0|0|1,078|15|01:37:20|Garmin Edge 830|https://www.strava.com/activities/3588430401
4/16/2020|117.67|04:40:12|2776|0|0|0|0||0|0|25.2|67|79|113|0|0|0|0|3,542|24|05:01:46|Garmin Edge 830|https://www.strava.com/activities/3588429584
4/15/2020|118.71|04:27:09|1954|0|0|0|0||0|0|26.7|63.4|81|120|0|0|0|0|3,116|29|04:47:21|Garmin Edge 830|https://www.strava.com/activities/3588425878
4/12/2020|80.83|03:14:46|1805|0|0|0|0||0|0|24.9|69.5|79|110|0|0|0|0|2,430|14|03:49:29|Garmin Edge 830|https://www.strava.com/activities/3588422107
4/11/2020|127.56|04:28:09|2652|0|0|0|0||0|0|28.5|68.8|85|114|0|0|0|0|3,606|22|04:54:16|Garmin Edge 830|https://www.strava.com/activities/3588418405
4/10/2020|95.21|03:10:20|1463|0|0|0|0||0|0|30|67.3|85|112|0|0|0|0|2,383|18|03:36:03|Garmin Edge 830|https://www.strava.com/activities/3588344554
4/8/2020|68.01|02:47:39|1909|0|0|0|0||0|0|24.3|64.1|84|111|0|0|0|0|2,200|11|03:10:10|Garmin Edge 830|https://www.strava.com/activities/3588342146
4/7/2020|51.81|02:15:32|1448|0|0|0|0||0|0|22.9|63.4|81|110|0|0|0|0|1,621|14|02:29:55|Garmin Edge 830|https://www.strava.com/activities/3588339865
4/6/2020|33.37|01:13:25|653|0|0|0|0||0|0|27.3|60.8|86|115|0|0|0|0|900|17|01:26:15|Garmin Edge 830|https://www.strava.com/activities/3588338052
4/4/2020|51.43|02:02:22|1175|0|0|0|0||0|0|25.2|73.4|82|122|0|0|0|0|1,430|17|02:25:07|Garmin Edge 830|https://www.strava.com/activities/3588336946
4/3/2020|104.63|03:52:24|2242|0|0|0|0||0|0|27|66.2|83|111|0|0|0|0|2,961|21|04:11:15|Garmin Edge 830|https://www.strava.com/activities/3588333259
4/2/2020|115.01|03:54:09|2120|0|0|0|0||0|0|29.5|67.7|86|117|0|0|0|0|3,158|20|04:24:44|Garmin Edge 830|https://www.strava.com/activities/3588326101
4/1/2020|87.97|03:13:27|1815|0|0|0|0||0|0|27.3|63|81|115|0|0|0|0|2,595|21|03:36:27|Garmin Edge 830|https://www.strava.com/activities/3588324056
5/30/2020|118.21|03:54:03|1150|0|0|0|0||0|0|30.3|65.2|81|109|0|0|0|0|2,608|22|04:10:06|Garmin Edge 830|https://www.strava.com/activities/3589717292
5/29/2020|138.63|04:28:16|1555|0|0|0|0||0|0|31|68.8|83|117|0|0|0|0|3,327|20|04:46:28|Garmin Edge 830|https://www.strava.com/activities/3589714442
5/28/2020|128.54|04:35:56|2283|0|0|0|0||0|0|28|70.9|77|107|0|0|0|0|3,396|32|04:57:54|Garmin Edge 830|https://www.strava.com/activities/3589710706
5/26/2020|84.95|03:19:02|1943|0|0|0|0||0|0|25.6|71.6|70|109|0|0|0|0|2,429|36|03:26:58|Garmin Edge 830|https://www.strava.com/activities/3589706706
5/25/2020|83.86|02:28:27|823|0|0|0|0||0|0|33.9|69.8|83|116|0|0|0|0|2,081|31|02:33:32|Garmin Edge 830|https://www.strava.com/activities/3589703388
5/23/2020|147.34|05:12:13|3137|0|0|0|0||0|0|28.3|72|76|114|0|0|0|0|4,211|23|05:33:33|Garmin Edge 830|https://www.strava.com/activities/3589700899
5/22/2020|109.5|04:05:17|2391|0|0|0|0||0|0|26.8|74.5|75|109|0|0|0|0|3,134|25|04:22:20|Garmin Edge 830|https://www.strava.com/activities/3589696296
5/21/2020|47.87|01:44:27|487|0|0|0|0||0|0|27.5|58.7|80|107|0|0|0|0|1,014|30|02:16:31|Garmin Edge 830|https://www.strava.com/activities/3589692179
5/20/2020|127.72|04:53:38|2865|0|0|0|0||0|0|26.1|72.4|77|113|0|0|0|0|3,619|25|05:20:42|Garmin Edge 830|https://www.strava.com/activities/3589691203
5/19/2020|64.41|02:30:44|1435|0|0|0|0||0|0|25.6|69.1|84|114|0|0|0|0|1,791|21|02:41:14|Garmin Edge 830|https://www.strava.com/activities/3589685865
5/17/2020|96.37|03:40:52|2237|0|0|0|0||0|0|26.2|66.2|71|108|0|0|0|0|2,768|27|03:47:37|Garmin Edge 830|https://www.strava.com/activities/3589682746
5/16/2020|127.84|04:22:11|2145|0|0|0|0||0|0|29.3|77|80|126|0|0|0|0|3,316|29|04:44:22|Garmin Edge 830|https://www.strava.com/activities/3589679557
5/15/2020|154.99|05:07:54|2843|0|0|0|0||0|0|30.2|66.2|81|112|0|0|0|0|4,019|25|05:40:47|Garmin Edge 830|https://www.strava.com/activities/3589675338
5/13/2020|152.18|05:50:51|3375|0|0|0|0||0|0|26|69.1|79|114|0|0|0|0|4,426|24|06:15:04|Garmin Edge 830|https://www.strava.com/activities/3589670003
5/12/2020|141.14|04:55:14|2870|0|0|0|0||0|0|28.7|76.3|78|121|0|0|0|0|4,157|22|05:22:43|Garmin Edge 830|https://www.strava.com/activities/3588495105
5/11/2020|80.42|02:23:37|838|0|0|0|0||0|0|33.6|80.6|82|112|0|0|0|0|1,980|23|02:26:24|Garmin Edge 830|https://www.strava.com/activities/3588490775
5/9/2020|175.76|05:30:35|2041|0|0|0|0||0|0|31.9|70.9|81|111|0|0|0|0|4,386|23|05:46:24|Garmin Edge 830|https://www.strava.com/activities/3588488612
5/7/2020|109.7|03:47:09|1806|0|0|0|0||0|0|29|71.6|77|107|0|0|0|0|2,900|33|03:51:48|Garmin Edge 830|https://www.strava.com/activities/3588483075
5/6/2020|117.93|04:39:50|2715|0|0|0|0||0|0|25.3|68.4|76|109|0|0|0|0|3,412|30|04:58:29|Garmin Edge 830|https://www.strava.com/activities/3588480038
5/5/2020|147.05|04:53:50|2163|0|0|0|0||0|0|30|69.1|79|108|0|0|0|0|3,824|29|05:10:24|Garmin Edge 830|https://www.strava.com/activities/3588476326
5/4/2020|29.18|01:00:09|304|0|0|0|0||0|0|29.1|60.1|82|104|0|0|0|0|658|32|01:01:28|Garmin Edge 830|https://www.strava.com/activities/3588471062
5/3/2020|107.24|03:52:14|1882|0|0|0|0||0|0|27.7|68.4|79|109|0|0|0|0|2,827|25|04:00:58|Garmin Edge 830|https://www.strava.com/activities/3588470608
5/2/2020|166.15|05:47:39|2834|0|0|0|0||0|0|28.7|68.8|80|116|0|0|0|0|4,345|23|06:07:06|Garmin Edge 830|https://www.strava.com/activities/3588467657
5/1/2020|119.94|04:51:03|2768|0|0|0|0||0|0|24.7|69.5|75|112|0|0|0|0|3,559|27|05:06:33|Garmin Edge 830|https://www.strava.com/activities/3588462900
6/30/2020|33.03|01:19:15|279|0|0|0|0||0|0|25|67.7|74|106|0|0|0|0|626|23|01:55:19|Garmin Edge 830|https://www.strava.com/activities/3691830105
6/27/2020|47.73|01:40:16|480|0|0|0|0||0|0|28.6|59|79|107|0|0|0|0|947|22|01:55:10|Garmin Edge 830|https://www.strava.com/activities/3679790167
6/26/2020|161.54|05:53:08|3218|0|0|0|0||0|0|27.4|69.5|75|112|0|0|0|0|4,070|32|06:19:52|Garmin Edge 830|https://www.strava.com/activities/3675742826
6/25/2020|133.44|04:44:14|2598|0|0|0|0||0|0|28.2|78.5|77|115|0|0|0|0|3,403|25|05:02:07|Garmin Edge 830|https://www.strava.com/activities/3671158293
6/24/2020|38.15|01:20:59|436|0|0|0|0||0|0|28.3|66.2|80|108|0|0|0|0|835|26|01:42:53|Garmin Edge 830|https://www.strava.com/activities/3665500227
6/23/2020|134.68|04:37:32|2329|0|0|0|0||0|0|29.1|72.7|79|113|0|0|0|0|3,457|27|04:53:37|Garmin Edge 830|https://www.strava.com/activities/3661091766
6/22/2020|147.39|04:51:36|2204|0|0|0|0||0|0|30.3|73.4|80|115|0|0|0|0|3,864|26|05:18:17|Garmin Edge 830|https://www.strava.com/activities/3655842325
6/20/2020|115.25|03:46:55|2060|0|0|0|0||0|0|30.5|72|76|113|0|0|0|0|2,895|25|03:55:05|Garmin Edge 830|https://www.strava.com/activities/3645519843
6/19/2020|117.9|04:36:46|2720|0|0|0|0||0|0|25.6|69.1|73|111|0|0|0|0|3,334|27|05:00:13|Garmin Edge 830|https://www.strava.com/activities/3641047533
6/18/2020|127.09|04:24:00|2134|0|0|0|0||0|0|28.9|68.8|76|113|0|0|0|0|3,331|28|04:45:53|Garmin Edge 830|https://www.strava.com/activities/3635694425
6/17/2020|45.08|01:32:06|447|0|0|0|0||0|0|29.4|58|80|111|0|0|0|0|982|25|01:40:54|Garmin Edge 830|https://www.strava.com/activities/3630190257
6/16/2020|162.59|05:56:54|3567|0|0|0|0||0|0|27.3|76.7|75|108|0|0|0|0|4,422|23|06:31:57|Garmin Edge 830|https://www.strava.com/activities/3626126804
6/15/2020|134.63|04:16:42|1317|0|0|0|0||0|0|31.5|69.8|81|114|0|0|0|0|3,157|30|04:39:19|Garmin Edge 830|https://www.strava.com/activities/3620598832
6/14/2020|141.44|05:13:36|2958|0|0|0|0||0|0|27.1|75.2|77|110|0|0|0|0|4,008|28|05:30:00|Garmin Edge 830|https://www.strava.com/activities/3616212434
6/13/2020|39.02|01:24:00|430|0|0|0|0||0|0|27.9|57.2|80|106|0|0|0|0|879|25|01:47:31|Garmin Edge 830|https://www.strava.com/activities/3609604468
6/11/2020|146.03|04:56:24|2340|0|0|0|0||0|0|29.6|72|79|117|0|0|0|0|3,331|28|05:18:00|Garmin Edge 830|https://www.strava.com/activities/3600083023
6/10/2020|97.49|03:23:08|1455|0|0|0|0||0|0|28.8|77.8|79|109|0|0|0|0|2,317|30|03:38:36|Garmin Edge 830|https://www.strava.com/activities/3594970475
6/9/2020|69.19|02:28:07|834|0|0|0|0||0|0|28|65.2|78|111|0|0|0|0|1,517|22|02:40:28|Garmin Edge 830|https://www.strava.com/activities/3589742160
6/7/2020|91.96|03:45:40|2249|0|0|0|0||0|0|24.5|69.5|74|115|0|0|0|0|2,690|22|04:02:20|Garmin Edge 830|https://www.strava.com/activities/3589739978
6/6/2020|75.74|02:36:33|878|0|0|0|0||0|0|29|80.6|80|115|0|0|0|0|1,704|22|02:52:03|Garmin Edge 830|https://www.strava.com/activities/3589736709
6/5/2020|107.04|03:46:11|1889|0|0|0|0||0|0|28.4|67|79|112|0|0|0|0|3,026|15|04:08:46|Garmin Edge 830|https://www.strava.com/activities/3589735083
6/4/2020|128.74|05:03:31|2742|0|0|0|0||0|0|25.5|71.3|74|111|0|0|0|0|3,550|35|05:28:44|Garmin Edge 830|https://www.strava.com/activities/3589733365
6/3/2020|47.62|01:40:42|461|0|0|0|0||0|0|28.4|53.6|81|106|0|0|0|0|981|31|01:43:29|Garmin Edge 830|https://www.strava.com/activities/3589726443
6/2/2020|151.52|04:56:35|1890|0|0|0|0||0|0|30.7|68.8|81|106|0|0|0|0|3,567|28|05:13:58|Garmin Edge 830|https://www.strava.com/activities/3589725153
6/1/2020|107.13|04:00:36|2252|0|0|0|0||0|0|26.7|69.1|76|113|0|0|0|0|3,031|24|04:16:44|Garmin Edge 830|https://www.strava.com/activities/3589720787
7/31/2020|139.71|04:22:14|2045|0|0|0|0||0|0|32|78.8|82|121|0|0|0|0|3,225|29|05:04:49|Garmin Edge 830|https://www.strava.com/activities/3842929952
7/30/2020|19.05|00:55:44|553|0|0|0|0||0|0|20.5|63.7|73|105|0|0|0|0|534|24|01:52:17|Garmin Edge 830|https://www.strava.com/activities/3837286632
7/26/2020|40.03|01:36:37|656|0|0|0|0||0|0|24.9|64.1|75|103|0|0|0|0|911|27|02:40:25|Garmin Edge 830|https://www.strava.com/activities/3814175529
7/25/2020|66.02|02:02:14|678|0|0|0|0||0|0|32.4|68.8|81|106|0|0|0|0|1,579|26|02:08:15|Garmin Edge 830|https://www.strava.com/activities/3810513723
7/25/2020|0|01:00:01|0|0|0|0|0||0|0|0|0|82|108|0|0|0|0|701|23|01:00:01|Garmin Edge 830|https://www.strava.com/activities/3810067094
7/24/2020|56.36|02:06:57|685|0|0|0|0||0|0|26.6|60.5|78|105|0|0|0|0|1,161|30|02:11:49|Garmin Edge 830|https://www.strava.com/activities/3808676777
7/21/2020|26.87|01:17:41|809|0|0|0|0||0|0|20.8|72|72|106|0|0|0|0|779|19|01:48:55|Garmin Edge 830|https://www.strava.com/activities/3794184673
7/19/2020|104.96|04:16:38|2825|0|0|0|0||0|0|24.5|75.6|76|117|0|0|0|0|3,021|24|04:40:16|Garmin Edge 830|https://www.strava.com/activities/3786639198
7/18/2020|126.33|04:59:45|3655|0|0|0|0||0|0|25.3|76|77|123|0|0|0|0|3,900|25|05:25:52|Garmin Edge 830|https://www.strava.com/activities/3780045135
7/17/2020|51.56|02:16:27|1284|0|0|0|0||0|0|22.7|75.6|77|113|0|0|0|0|1,432|18|03:02:03|Garmin Edge 830|https://www.strava.com/activities/3775415536
7/14/2020|128.66|04:58:32|3618|0|0|0|0||0|0|25.9|80.3|78|119|0|0|0|0|3,883|20|05:11:59|Garmin Edge 830|https://www.strava.com/activities/3760887052
7/13/2020|38.08|01:35:17|931|0|0|0|0||0|0|24|76.7|77|116|0|0|0|0|1,003|19|01:56:46|Garmin Edge 830|https://www.strava.com/activities/3755340719
7/9/2020|78.63|03:15:57|1992|0|0|0|0||0|0|24.1|75.2|74|111|0|0|0|0|2,139|25|03:53:16|Garmin Edge 830|https://www.strava.com/activities/3735859600
7/7/2020|147.55|05:14:17|2777|0|0|0|0||0|0|28.2|70.6|78|107|0|0|0|0|3,808|27|05:30:57|Garmin Edge 830|https://www.strava.com/activities/3726572033
7/6/2020|33.52|01:17:33|441|0|0|0|0||0|0|25.9|64.8|77|118|0|0|0|0|711|23|01:33:02|Garmin Edge 830|https://www.strava.com/activities/3721592111
7/4/2020|131.84|04:29:34|2126|0|0|0|0||0|0|29.3|71.3|81|110|0|0|0|0|3,355|25|05:14:25|Garmin Edge 830|https://www.strava.com/activities/3712136175
7/3/2020|33.75|01:20:37|451|0|0|0|0||0|0|25.1|70.6|79|120|0|0|0|0|756|20|01:35:41|Garmin Edge 830|https://www.strava.com/activities/3706564668
7/2/2020|110.76|03:51:08|1466|0|0|0|0||0|0|28.8|68|80|108|0|0|0|0|2,536|30|04:23:50|Garmin Edge 830|https://www.strava.com/activities/3703648042
7/1/2020|115.61|04:22:12|1700|0|0|0|0||0|0|26.5|70.2|75|112|0|0|0|0|2,809|29|05:13:04|Garmin Edge 830|https://www.strava.com/activities/3697339249
7/29/2020|109.14|04:25:00|3074|0|0|0|0||0|0|24.7|70.2|75|111|0|0|0|0|3,191|27|04:59:56|Garmin Edge 830|https://www.strava.com/activities/3832925667
7/28/2020|133.29|04:51:11|3620|0|0|0|0||0|0|27.5|82.8|79|125|0|0|0|0|3,905|27|05:34:37|Garmin Edge 830|https://www.strava.com/activities/3826497720
7/27/2020|105.73|03:56:23|2911|0|0|0|0||0|0|26.8|73.4|80|115|0|0|0|0|3,118|27|04:14:27|Garmin Edge 830|https://www.strava.com/activities/3820175592
7/22/2020|222.37|07:40:33|4158|0|0|0|0||0|0|29|72.4|83|114|0|0|0|0|5,598|29|09:15:43|Garmin Edge 830|https://www.strava.com/activities/3801488486
7/20/2020|137.75|05:12:01|3737|0|0|0|0||0|0|26.5|77|81|123|0|0|0|0|4,118|25|06:10:22|Garmin Edge 830|https://www.strava.com/activities/3790209150
7/16/2020|149.86|05:23:01|3703|0|0|0|0||0|0|27.8|74.5|83|115|0|0|0|0|4,348|20|06:02:58|Garmin Edge 830|https://www.strava.com/activities/3770916083
7/15/2020|128.87|04:56:14|3684|0|0|0|0||0|0|26.1|70.2|74|118|0|0|0|0|3,956|18|05:45:07|Garmin Edge 830|https://www.strava.com/activities/3766016066
7/12/2020|179.27|06:02:59|3410|0|0|0|0||0|0|29.6|76.7|81|124|0|0|0|0|4,796|18|07:05:06|Garmin Edge 830|https://www.strava.com/activities/3751665784
7/11/2020|159.53|05:19:15|3020|0|0|0|0||0|0|30|76|81|127|0|0|0|0|3,833|26|06:15:18|Garmin Edge 830|https://www.strava.com/activities/3745905236
7/10/2020|103.86|03:58:32|2810|0|0|0|0||0|0|26.1|74.9|78|126|0|0|0|0|2,933|23|04:56:25|Garmin Edge 830|https://www.strava.com/activities/3740838635
7/5/2020|173.76|06:02:37|3020|0|0|0|0||0|0|28.8|73.8|80|112|0|0|0|0|4,461|28|06:41:17|Garmin Edge 830|https://www.strava.com/activities/3717492091
8/18/2020|42.81|01:42:00|762|0|0|0|0||0|0|25.2|75.2|76|122|0|0|0|0|946|17|03:06:52|Garmin Edge 830|https://www.strava.com/activities/3934255170
8/11/2020|43.22|01:23:48|499|0|0|0|0||0|0|31|70.6|83|110|0|0|0|0|886|27|01:32:38|Garmin Edge 830|https://www.strava.com/activities/3896450570
8/10/2020|107.88|03:23:45|1672|0|0|0|0||0|0|31.8|70.9|82|112|0|0|0|0|2,417|31|03:37:14|Garmin Edge 830|https://www.strava.com/activities/3892171892
8/9/2020|32.95|01:14:12|439|0|0|0|0||0|0|26.6|65.9|79|109|0|0|0|0|725|29|01:15:11|Garmin Edge 830|https://www.strava.com/activities/3891238732
8/8/2020|112.45|04:05:13|1548|0|0|0|0||0|0|27.5|61.6|81|106|0|0|0|0|2,646|26|05:09:59|Garmin Edge 830|https://www.strava.com/activities/3882734067
8/7/2020|56.55|01:52:46|459|0|0|0|0||0|0|30.1|70.9|80|114|0|0|0|0|1,165|28|02:35:12|Garmin Edge 830|https://www.strava.com/activities/3877365966
8/6/2020|179.86|05:14:37|2715|0|0|0|0||0|0|34.3|71.3|87|120|0|0|0|0|4,256|30|05:39:24|Garmin Edge 830|https://www.strava.com/activities/3873111449
8/5/2020|45.98|01:32:54|393|0|0|0|0||0|0|29.7|69.5|81|112|0|0|0|0|924|30|01:57:42|Garmin Edge 830|https://www.strava.com/activities/3867704710
8/4/2020|40.48|01:44:54|664|0|0|0|0||0|0|23.2|67.7|74|105|0|0|0|0|894|24|02:41:38|Garmin Edge 830|https://www.strava.com/activities/3862141465
8/2/2020|164.8|06:01:21|4315|0|0|0|0||0|0|27.4|81.4|79|117|0|0|0|0|4,817|16|06:42:13|Garmin Edge 830|https://www.strava.com/activities/3853569599
8/1/2020|133.94|04:53:59|3604|0|0|0|0||0|0|27.3|73.1|79|111|0|0|0|0|3,858|28|05:57:03|Garmin Edge 830|https://www.strava.com/activities/3847931384
8/31/2020|206.79|05:39:44|2264|0|0|0|0||0|0|36.5|80.3|79|130|0|0|0|0|3,665|22|05:47:14|Garmin Edge 830|https://www.strava.com/activities/3999272791
8/30/2020|195.98|05:39:47|3532|0|0|0|0||0|0|34.6|91.8|79|129|0|0|0|0|4,631|28|05:45:18|Garmin Edge 830|https://www.strava.com/activities/3988829538
8/29/2020|164.16|04:12:44|1445|0|0|0|0||0|0|39|77.4|83|135|0|0|0|0|3,220|21|04:26:59|Garmin Edge 830|https://www.strava.com/activities/3983276748
8/28/2020|59.07|01:55:29|1064|0|0|0|0||0|0|30.7|61.9|82|113|0|0|0|0|1,303|25|01:56:44|Garmin Edge 830|https://www.strava.com/activities/3977577377
8/27/2020|69.89|02:16:12|1129|0|0|0|0||0|0|30.8|61.2|82|111|0|0|0|0|1,643|26|02:27:20|Garmin Edge 830|https://www.strava.com/activities/3974580838
8/26/2020|63.6|01:56:37|288|0|0|0|0||0|0|32.7|65.2|84|110|0|0|0|0|1,156|28|02:02:32|Garmin Edge 830|https://www.strava.com/activities/3968000112
8/24/2020|132.42|04:03:47|2041|0|0|0|0||0|0|32.6|70.9|82|119|0|0|0|0|3,028|21|04:27:02|Garmin Edge 830|https://www.strava.com/activities/3958472344
8/23/2020|121.96|04:34:00|3477|0|0|0|0||0|0|26.7|78.8|78|122|0|0|0|0|3,648|22|05:02:14|Garmin Edge 830|https://www.strava.com/activities/3954384916
8/22/2020|39.08|01:31:37|734|0|0|0|0||0|0|25.6|74.5|73|118|0|0|0|0|833|22|03:40:42|Garmin Edge 830|https://www.strava.com/activities/3954381104
8/21/2020|124.93|03:22:13|1343|0|0|0|0||0|0|37.1|82.4|85|123|0|0|0|0|2,505|22|04:01:31|Garmin Edge 830|https://www.strava.com/activities/3944894960
8/20/2020|115.65|04:25:30|3246|0|0|0|0||0|0|26.1|74.9|78|119|0|0|0|0|3,415|26|04:49:34|Garmin Edge 830|https://www.strava.com/activities/3941257140
8/16/2020|157.23|05:01:11|3821|0|0|0|0||0|0|31.3|82.8|78|125|0|0|0|0|4,303|26|05:06:31|Garmin Edge 830|https://www.strava.com/activities/3924616740
8/15/2020|159.63|05:12:18|4183|0|0|0|0||0|0|30.7|88.9|78|126|0|0|0|0|4,505|29|05:27:10|Garmin Edge 830|https://www.strava.com/activities/3918323347
8/14/2020|162.2|04:44:09|3282|0|0|0|0||0|0|34.3|91.8|82|139|0|0|0|0|4,159|30|04:53:23|Garmin Edge 830|https://www.strava.com/activities/3912847915
8/13/2020|138.04|04:02:24|2785|0|0|0|0||0|0|34.2|86|81|121|0|0|0|0|3,568|32|04:04:46|Garmin Edge 830|https://www.strava.com/activities/3908920828
8/12/2020|227.35|06:01:25|3415|0|0|0|0||0|0|37.7|90.7|83|142|0|0|0|0|4,684|27|06:06:22|Garmin Edge 830|https://www.strava.com/activities/3903978754
9/7/2020|49.35|01:38:43|212|0|0|0|0||0|0|30|45.4|81|104|0|0|0|0|821|23|01:53:34|Garmin Edge 830|https://www.strava.com/activities/4024863007
9/6/2020|161.76|04:40:09|2580|0|0|0|0||0|0|34.6|86|79|131|0|0|0|0|4,320|17|04:47:35|Garmin Edge 830|https://www.strava.com/activities/4023798349
9/5/2020|143.63|04:37:44|3576|0|0|0|0||0|0|31|91.8|78|137|0|0|0|0|3,792|27|04:48:20|Garmin Edge 830|https://www.strava.com/activities/4023796171
9/4/2020|173.62|04:01:18|2072|0|0|0|0||0|0|43.2|87.8|84|132|0|0|0|0|3,423|33|04:06:16|Garmin Edge 830|https://www.strava.com/activities/4023794041
9/3/2020|193.79|05:05:38|3041|0|0|0|0||0|0|38|88.6|82|138|0|0|0|0|4,224|30|05:05:58|Garmin Edge 830|https://www.strava.com/activities/4023791560
9/2/2020|185.26|04:36:34|1426|0|0|0|0||0|0|40.2|79.9|80|121|0|0|0|0|2,610|28|04:43:40|Garmin Edge 830|https://www.strava.com/activities/4023789535
9/1/2020|163.37|04:24:16|3093|0|0|0|0||0|0|37.1|90|83|134|0|0|0|0|3,972|22|04:31:43|Garmin Edge 830|https://www.strava.com/activities/3999274126
10/31/2020|183.8|05:47:20|4600|0|0|0|0||0|0|31.8|88.9|0|0|0|0|0|0|8,135|21|05:51:28|Garmin Edge 830|https://www.strava.com/activities/4271154181
10/30/2020|189.05|04:29:20|2322|0|0|0|0||0|0|42.1|91.1|87|134|0|0|0|0|3,558|19|04:29:43|Garmin Edge 830|https://www.strava.com/activities/4271153576
10/20/2020|183.09|05:03:14|1301|0|0|0|0||0|0|36.2|92.2|82|124|0|0|0|0|4,126|17|05:13:18|Garmin Edge 830|https://www.strava.com/activities/4246942424
10/19/2020|42.3|01:27:59|348|0|0|0|0||0|0|28.8|64.1|83|112|0|0|0|0|785|21|01:55:07|Garmin Edge 830|https://www.strava.com/activities/4216489724
10/18/2020|78.58|02:49:39|1616|0|0|0|0||0|0|27.8|72|82|113|0|0|0|0|2,099|11|03:04:44|Garmin Edge 830|https://www.strava.com/activities/4212203468
10/17/2020|118.98|03:52:23|1349|0|0|0|0||0|0|30.7|75.2|83|110|0|0|0|0|2,658|14|04:39:19|Garmin Edge 830|https://www.strava.com/activities/4206333890
10/16/2020|31.77|01:22:12|428|0|0|0|0||0|0|23.2|60.1|80|113|0|0|0|0|801|8|01:46:02|Garmin Edge 830|https://www.strava.com/activities/4204996634
10/15/2020|136.24|04:17:44|2056|0|0|0|0||0|0|31.7|76|83|122|0|0|0|0|3,381|13|04:41:57|Garmin Edge 830|https://www.strava.com/activities/4204996793
10/29/2020|172.18|04:16:43|1123|0|0|0|0||0|0|40.2|85.3|85|125|0|0|0|0|2,723|17|04:19:24|Garmin Edge 830|https://www.strava.com/activities/4271150090
10/28/2020|182.41|05:05:20|3157|0|0|0|0||0|0|35.8|96.5|83|136|0|0|0|0|4,144|17|05:08:16|Garmin Edge 830|https://www.strava.com/activities/4271146799
10/27/2020|170.24|04:27:04|2710|0|0|0|0||0|0|38.2|94|85|136|0|0|0|0|3,764|13|04:34:10|Garmin Edge 830|https://www.strava.com/activities/4271143329
10/26/2020|60.64|02:02:32|961|0|0|0|0||0|0|29.7|81.4|84|122|0|0|0|0|1,387|12|02:04:48|Garmin Edge 830|https://www.strava.com/activities/4246959357
10/25/2020|147.78|04:07:46|1563|0|0|0|0||0|0|35.8|92.5|87|128|0|0|0|0|3,682|9|04:14:40|Garmin Edge 830|https://www.strava.com/activities/4246958258
10/24/2020|200.12|05:01:29|3238|0|0|0|0||0|0|39.8|100.4|85|137|0|0|0|0|4,229|18|05:07:12|Garmin Edge 830|https://www.strava.com/activities/4246955165
10/23/2020|204.67|04:20:48|1368|0|0|0|0||0|0|47.1|101.5|0|0|0|0|0|0|6,145|18|04:21:26|Garmin Edge 830|https://www.strava.com/activities/4246950061
10/22/2020|186.48|05:15:18|2843|0|0|0|0||0|0|35.5|81|83|131|0|0|0|0|3,946|15|05:21:03|Garmin Edge 830|https://www.strava.com/activities/4246950021
10/21/2020|160.72|04:31:06|2540|0|0|0|0||0|0|35.6|83.2|80|135|0|0|0|0|3,478|18|04:41:45|Garmin Edge 830|https://www.strava.com/activities/4246944992
10/31/2020|183.8|05:47:20|4600|0|0|0|0||0|0|31.8|88.9|0|0|0|0|0|0|8,135|21|05:51:28|Garmin Edge 830|https://www.strava.com/activities/4271154181
10/30/2020|189.05|04:29:20|2322|0|0|0|0||0|0|42.1|91.1|87|134|0|0|0|0|3,558|19|04:29:43|Garmin Edge 830|https://www.strava.com/activities/4271153576
10/20/2020|183.09|05:03:14|1301|0|0|0|0||0|0|36.2|92.2|82|124|0|0|0|0|4,126|17|05:13:18|Garmin Edge 830|https://www.strava.com/activities/4246942424
10/19/2020|42.3|01:27:59|348|0|0|0|0||0|0|28.8|64.1|83|112|0|0|0|0|785|21|01:55:07|Garmin Edge 830|https://www.strava.com/activities/4216489724
10/18/2020|78.58|02:49:39|1616|0|0|0|0||0|0|27.8|72|82|113|0|0|0|0|2,099|11|03:04:44|Garmin Edge 830|https://www.strava.com/activities/4212203468
10/17/2020|118.98|03:52:23|1349|0|0|0|0||0|0|30.7|75.2|83|110|0|0|0|0|2,658|14|04:39:19|Garmin Edge 830|https://www.strava.com/activities/4206333890
10/16/2020|31.77|01:22:12|428|0|0|0|0||0|0|23.2|60.1|80|113|0|0|0|0|801|8|01:46:02|Garmin Edge 830|https://www.strava.com/activities/4204996634
10/15/2020|136.24|04:17:44|2056|0|0|0|0||0|0|31.7|76|83|122|0|0|0|0|3,381|13|04:41:57|Garmin Edge 830|https://www.strava.com/activities/4204996793
10/29/2020|172.18|04:16:43|1123|0|0|0|0||0|0|40.2|85.3|85|125|0|0|0|0|2,723|17|04:19:24|Garmin Edge 830|https://www.strava.com/activities/4271150090
10/28/2020|182.41|05:05:20|3157|0|0|0|0||0|0|35.8|96.5|83|136|0|0|0|0|4,144|17|05:08:16|Garmin Edge 830|https://www.strava.com/activities/4271146799
10/27/2020|170.24|04:27:04|2710|0|0|0|0||0|0|38.2|94|85|136|0|0|0|0|3,764|13|04:34:10|Garmin Edge 830|https://www.strava.com/activities/4271143329
10/26/2020|60.64|02:02:32|961|0|0|0|0||0|0|29.7|81.4|84|122|0|0|0|0|1,387|12|02:04:48|Garmin Edge 830|https://www.strava.com/activities/4246959357
10/25/2020|147.78|04:07:46|1563|0|0|0|0||0|0|35.8|92.5|87|128|0|0|0|0|3,682|9|04:14:40|Garmin Edge 830|https://www.strava.com/activities/4246958258
10/24/2020|200.12|05:01:29|3238|0|0|0|0||0|0|39.8|100.4|85|137|0|0|0|0|4,229|18|05:07:12|Garmin Edge 830|https://www.strava.com/activities/4246955165
10/23/2020|204.67|04:20:48|1368|0|0|0|0||0|0|47.1|101.5|0|0|0|0|0|0|6,145|18|04:21:26|Garmin Edge 830|https://www.strava.com/activities/4246950061
10/22/2020|186.48|05:15:18|2843|0|0|0|0||0|0|35.5|81|83|131|0|0|0|0|3,946|15|05:21:03|Garmin Edge 830|https://www.strava.com/activities/4246950021
10/21/2020|160.72|04:31:06|2540|0|0|0|0||0|0|35.6|83.2|80|135|0|0|0|0|3,478|18|04:41:45|Garmin Edge 830|https://www.strava.com/activities/4246944992
12/31/2020|37.95|01:25:03|473|0|0|0|0||0|0|26.8|76|82|124|0|0|0|0|948|16|01:30:56|Garmin Edge 830|https://www.strava.com/activities/4546201725
12/30/2020|26.33|01:08:12|377|0|0|0|0||0|0|23.2|53.6|78|105|0|0|0|0|638|17|01:17:31|Garmin Edge 830|https://www.strava.com/activities/4541196171
12/29/2020|147.55|05:50:59|3315|0|0|0|0||0|0|25.2|73.4|83|114|0|0|0|0|4,301|12|06:20:06|Garmin Edge 830|https://www.strava.com/activities/4536913614
12/27/2020|133.81|04:46:41|2441|0|0|0|0||0|0|28|72.7|84|118|0|0|0|0|3,834|17|04:59:59|Garmin Edge 830|https://www.strava.com/activities/4527180952
12/26/2020|106.74|04:03:13|2249|0|0|0|0||0|0|26.3|67.3|79|115|0|0|0|0|3,242|15|04:14:01|Garmin Edge 830|https://www.strava.com/activities/4521954873
12/24/2020|164.27|06:08:54|3687|0|0|0|0||0|0|26.7|82.1|82|121|0|0|0|0|4,930|16|06:22:24|Garmin Edge 830|https://www.strava.com/activities/4514071188
12/23/2020|134.78|04:57:40|2627|0|0|0|0||0|0|27.2|73.8|84|130|0|0|0|0|3,757|18|05:21:41|Garmin Edge 830|https://www.strava.com/activities/4510071877
12/22/2020|148.35|05:17:38|2590|0|0|0|0||0|0|28|68.4|85|113|0|0|0|0|4,237|18|06:00:50|Garmin Edge 830|https://www.strava.com/activities/4506243634
12/20/2020|111.26|03:43:50|1481|0|0|0|0||0|0|29.8|68.4|87|127|0|0|0|0|2,842|23|04:09:56|Garmin Edge 830|https://www.strava.com/activities/4498170588
12/19/2020|106.84|03:58:25|1872|0|0|0|0||0|0|26.9|67.7|79|118|0|0|0|0|3,077|18|04:14:15|Garmin Edge 830|https://www.strava.com/activities/4493312648
12/18/2020|31.36|01:13:57|385|0|0|0|0||0|0|25.4|48.6|83|105|0|0|0|0|741|16|01:22:02|Garmin Edge 830|https://www.strava.com/activities/4488277612
12/17/2020|101.64|04:13:09|3011|0|0|0|0||0|0|24.1|71.6|80|111|0|0|0|0|3,282|14|04:37:13|Garmin Edge 830|https://www.strava.com/activities/4485128936
12/16/2020|117.47|04:43:12|2799|0|0|0|0||0|0|24.9|67|83|127|0|0|0|0|3,583|20|04:53:08|Garmin Edge 830|https://www.strava.com/activities/4481620960
12/15/2020|78.13|02:37:43|1176|0|0|0|0||0|0|29.7|67.3|87|114|0|0|0|0|1,884|16|02:44:47|Garmin Edge 830|https://www.strava.com/activities/4477580913
12/14/2020|96.27|03:56:13|2222|0|0|0|0||0|0|24.5|70.6|81|112|0|0|0|0|3,180|12|04:16:24|Garmin Edge 830|https://www.strava.com/activities/4473000210
12/13/2020|140.82|04:31:21|1697|0|0|0|0||0|0|31.1|68|89|121|0|0|0|0|3,581|16|04:45:45|Garmin Edge 830|https://www.strava.com/activities/4469761632
12/12/2020|81.56|03:11:41|1889|0|0|0|0||0|0|25.5|67.3|78|117|0|0|0|0|2,438|17|03:17:14|Garmin Edge 830|https://www.strava.com/activities/4464237200
12/11/2020|31.46|01:12:00|400|0|0|0|0||0|0|26.2|47.9|86|111|0|0|0|0|764|12|01:16:27|Garmin Edge 830|https://www.strava.com/activities/4459820039
12/10/2020|151.24|05:00:16|1808|0|0|0|0||0|0|30.2|62.3|90|125|0|0|0|0|3,695|15|05:17:14|Garmin Edge 830|https://www.strava.com/activities/4456522587
12/9/2020|110.13|04:02:30|1937|0|0|0|0||0|0|27.2|68.4|84|118|0|0|0|0|3,052|23|04:15:00|Garmin Edge 830|https://www.strava.com/activities/4452037140
12/7/2020|82.38|03:07:07|1629|0|0|0|0||0|0|26.4|68|84|114|0|0|0|0|2,420|19|03:08:57|Garmin Edge 830|https://www.strava.com/activities/4443273894
12/6/2020|121.37|04:02:57|1627|0|0|0|0||0|0|30|75.2|90|127|0|0|0|0|3,034|19|04:07:47|Garmin Edge 830|https://www.strava.com/activities/4439965811
12/5/2020|65.07|02:35:10|1435|0|0|0|0||0|0|25.2|68.4|81|119|0|0|0|0|1,972|20|02:43:14|Garmin Edge 830|https://www.strava.com/activities/4434497770
12/4/2020|34|01:15:09|408|0|0|0|0||0|0|27.1|53.6|86|107|0|0|0|0|805|20|01:17:42|Garmin Edge 830|https://www.strava.com/activities/4429822222
12/3/2020|75.48|03:09:31|1968|0|0|0|0||0|0|23.9|68|81|114|0|0|0|0|2,342|19|03:19:32|Garmin Edge 830|https://www.strava.com/activities/4426511046
12/2/2020|82.79|02:39:54|811|0|0|0|0||0|0|31.1|66.2|91|132|0|0|0|0|1,999|23|02:48:58|Garmin Edge 830|https://www.strava.com/activities/4426476137
12/1/2020|79.34|03:00:31|1561|0|0|0|0||0|0|26.4|68.4|85|110|0|0|0|0|2,392|22|03:08:20|Garmin Edge 830|https://www.strava.com/activities/4421257800
loaded urls in 22:17:10.3869213
