date|distance|mov_time|elevation|relativeEffort|avg_power_weig|work_total|training_load|intensity|estAvgPower|energyOutput|avg_speed|max_speed|avg_cadence|max_cadence|avg_heartRate|max_heartRate|avg_power|max_power|avg_calories|avg_temperature|avg_elap_time|bicycle_model|url
1/24/2019|46.45|02:44:25|0|0|0|0|0||0|0|0|0|0|0|0|0|0|0|||00:00:00|Garmin fēnix 3|https://www.strava.com/activities/2100923107
1/23/2019|45.39|02:42:21|0|0|0|0|0||0|0|0|0|0|0|0|0|0|0|||00:00:00|Garmin fēnix 3|https://www.strava.com/activities/2098390105
1/22/2019|41.49|02:26:11|0|0|0|0|0||0|0|0|0|0|0|0|0|0|0|||00:00:00|Garmin fēnix 3|https://www.strava.com/activities/2096190013
1/20/2019|37.9|02:25:05|0|0|0|0|0||0|0|0|0|0|0|0|0|0|0|||00:00:00|Garmin fēnix 3|https://www.strava.com/activities/2092353566
1/17/2019|13.11|00:59:06|281|0|0|0|0||73|259|13.3|43.6|0|0|150|173|0|0|517|17|02:26:50|Garmin Edge Explore 1000|https://www.strava.com/activities/2084745439
1/2/2019|29.22|02:06:38|0|0|0|0|0||0|0|0|0|0|0|0|0|0|0|||00:00:00|Garmin fēnix 3|https://www.strava.com/activities/2050898402
1/31/2019|42.21|01:29:09|522|0|180|722|0||0|0|28.4|56.9|74|122|0|0|135|831|697|16|02:13:37|Giant Neostrack|https://www.strava.com/activities/2117103994
1/5/2019|31.62|01:47:36|666|0|0|0|0||119|767|17.6|51.5|0|0|141|180|0|0|1,019|12|02:21:26|Garmin Edge Explore 1000|https://www.strava.com/activities/2058955693
2/27/2019|29.67|01:08:24|249|0|0|0|0||0|0|26|54.7|72|99|117|142|0|0|605|16|01:11:41|Garmin Edge 1030|https://www.strava.com/activities/2179005824
2/22/2019|0|00:00:00|0|0|249|0|0||0|0|0|0.4|0|151|0|0|0|677|292|0|00:30:27|Garmin Edge 1030|https://www.strava.com/activities/2167417798
2/22/2019|20.18|00:41:51|231|0|197|0|0||0|0|28.9|69.5|72|111|0|0|0|536|425|15|00:44:57|Garmin Edge 1030|https://www.strava.com/activities/2167417777
2/12/2019|95.46|03:14:58|1524|0|275|2586|0||0|0|29.4|63.7|75|119|133|174|221|1012|2,575|0|03:25:03|Garmin Edge Explore 1000|https://www.strava.com/activities/2141269385
2/11/2019|63.94|02:14:42|1162|0|282|1889|0||0|0|28.5|61.2|75|195|132|174|234|624|1,877|0|02:24:29|Garmin Edge Explore 1000|https://www.strava.com/activities/2139145279
2/9/2019|94.69|06:17:14|0|0|0|0|0||0|0|0|0|0|0|0|0|0|0|||00:00:00|Garmin fēnix 3|https://www.strava.com/activities/2135353166
2/7/2019|72.15|02:30:41|1024|0|267|1996|0||0|0|28.7|61.9|77|186|130|168|221|802|1,984|3|02:41:48|Garmin Edge Explore 1000|https://www.strava.com/activities/2130487469
2/24/2019|172.38|04:22:24|2907|0|326|0|0||0|0|39.4|89.3|86|138|0|0|0|1059|4,635|20|04:22:24|Garmin Edge 1030|https://www.strava.com/activities/2172955445
2/23/2019|196.96|04:55:55|2465|0|259|0|0||0|0|39.9|83.2|80|130|0|0|0|1068|3,716|21|04:56:46|Garmin Edge 1030|https://www.strava.com/activities/2171134905
2/21/2019|186.32|05:05:36|3233|0|0|0|0||0|0|36.6|92.5|79|132|144|187|0|0|4,427|15|05:06:56|Garmin Edge 1030|https://www.strava.com/activities/2165362083
2/20/2019|199.83|05:00:27|2154|0|0|0|0||0|0|39.9|102.6|80|136|140|181|0|0|3,674|15|05:04:33|Garmin Edge 1030|https://www.strava.com/activities/2163021440
2/19/2019|81.24|02:24:16|756|0|176|0|0||0|0|33.8|67.3|78|200|0|0|0|709|1,252|15|02:43:42|Garmin Edge 1030|https://www.strava.com/activities/2159990403
2/18/2019|41.02|01:23:18|314|0|174|0|0||0|0|29.6|57.2|71|107|0|0|0|903|726|13|01:24:55|Garmin Edge Explore 1000|https://www.strava.com/activities/2190526909
2/16/2019|174.89|04:20:17|2080|0|293|2991|0||0|0|40.3|101.5|85|140|160|189|191|1025|4,564|14|04:26:09|Garmin Edge Explore 1000|https://www.strava.com/activities/2153189986
2/15/2019|185.05|04:15:18|1140|0|262|3129|0||0|0|43.5|79.2|83|168|142|194|204|1055|3,135|14|04:15:57|Garmin Edge Explore 1000|https://www.strava.com/activities/2150768144
2/14/2019|49.56|01:42:34|760|0|239|1168|0||0|0|29|74.9|75|118|0|0|190|1090|1,165|12|02:19:14|Garmin Edge Explore 1000|https://www.strava.com/activities/2148314456
2/6/2019|40.22|02:04:50|806|0|0|0|0||128|959|19.3|50.4|0|0|138|172|0|0|1,148|13|03:04:48|Garmin Edge Explore 1000|https://www.strava.com/activities/2128379824
2/6/2019|79.49|02:44:15|811|0|237|1941|0||0|0|29|66.2|76|119|121|173|197|780|1,936|2|02:54:23|Garmin Edge Explore 1000|https://www.strava.com/activities/2128017819
2/4/2019|124.31|03:55:35|1790|0|281|3224|0||0|0|31.7|67.7|80|120|0|0|228|918|1,908|13|04:20:09|Giant Neostrack|https://www.strava.com/activities/2123560673
2/3/2019|155.72|05:10:06|2718|0|258|3787|0||0|0|30.1|65.9|77|140|0|0|204|1220|2,517|12|05:23:59|Giant Neostrack|https://www.strava.com/activities/2121726954
2/2/2019|142.05|04:34:20|1861|0|247|3366|0||0|0|31.1|74.5|78|143|0|0|204|1102|2,121|13|05:04:48|Giant Neostrack|https://www.strava.com/activities/2119139258
2/1/2019|48.83|01:32:22|550|0|220|1042|0||0|0|31.7|66.2|81|153|0|0|188|1052|715|17|01:35:29|Giant Neostrack|https://www.strava.com/activities/2117108315
3/25/2019|41.54|01:22:21|578|0|280|0|0||0|0|30.3|64.1|72|117|0|0|0|659|1,142|3|01:29:45|Garmin Edge 1030|https://www.strava.com/activities/2239312233
3/14/2019|73.62|02:19:54|850|0|291|0|0||0|0|31.6|58.3|75|114|0|0|0|754|2,258|0|02:20:57|Garmin Edge 1030|https://www.strava.com/activities/2212680526
3/12/2019|127.13|04:30:12|2392|0|265|0|0||0|0|28.2|61.6|74|110|0|0|0|591|3,494|2|04:42:30|Garmin Edge 1030|https://www.strava.com/activities/2208436291
3/9/2019|72.42|02:10:12|1150|0|298|0|0||0|0|33.4|79.9|77|133|0|0|0|1074|2,033|4|02:13:30|Garmin Edge 1030|https://www.strava.com/activities/2201064654
3/8/2019|120.03|04:15:53|2141|0|262|0|0||0|0|28.1|72.7|73|125|0|0|0|638|3,406|6|04:34:42|Garmin Edge 1030|https://www.strava.com/activities/2199543320
3/5/2019|54.21|01:55:33|954|0|0|0|0||0|0|28.2|66.2|75|115|137|168|0|0|1,539|5|02:01:00|Garmin Edge Explore 1000|https://www.strava.com/activities/2192748965
3/4/2019|31.1|01:21:25|555|0|0|0|0||0|0|22.9|67|70|132|120|158|0|0|845|7|01:25:08|Garmin Edge 1030|https://www.strava.com/activities/2197073135
3/3/2019|49.62|01:43:53|703|0|225|0|0||0|0|28.7|59.8|74|117|0|0|0|744|1,192|7|01:46:43|Garmin Edge 1030|https://www.strava.com/activities/2188247513
3/31/2019|64.44|02:02:54|1013|0|0|0|0||236|0|31.5|95.4|0|0|0|0|0|0|2,888|13|02:17:34|Garmin Edge 1030|https://www.strava.com/activities/2254338507
3/30/2019|142.47|04:50:23|2157|0|271|0|0||0|0|29.4|74.5|75|146|0|0|0|936|3,630|14|05:10:28|Garmin Edge 1030|https://www.strava.com/activities/2252527167
3/28/2019|46.37|01:30:40|82|0|167|0|0||0|0|30.7|43.9|75|116|0|0|0|703|788|10|02:44:12|Garmin Edge 1030|https://www.strava.com/activities/2248172611
3/27/2019|200.62|04:29:43|821|0|281|0|0||0|0|44.6|85.3|83|132|0|0|0|1140|3,886|9|04:30:03|Garmin Edge 1030|https://www.strava.com/activities/2245583170
3/24/2019|131.1|04:24:57|1753|0|0|0|0||199|0|29.7|76.7|0|0|0|0|0|0|5,629|13|04:53:37|Garmin Edge 1030|https://www.strava.com/activities/2237355119
3/23/2019|41.18|01:41:15|662|0|0|0|0||163|0|24.4|78.5|0|0|0|0|0|0|2,014|15|02:27:47|Garmin Edge 1030|https://www.strava.com/activities/2237353252
3/22/2019|202.15|04:45:10|670|0|0|0|0||377|0|42.5|81|0|0|0|0|0|0|8,033|12|04:45:10|Garmin Edge 1030|https://www.strava.com/activities/2237373049
3/21/2019|44.28|01:30:35|118|0|0|0|0||146|0|29.3|43.6|0|0|0|0|0|0|1,890|8|02:01:36|Garmin Edge 1030|https://www.strava.com/activities/2237371847
3/20/2019|196.8|04:39:02|1347|0|0|0|0||0|0|42.3|72.7|81|129|150|188|0|0|4,033|12|04:40:24|Garmin Edge 1030|https://www.strava.com/activities/2227269968
3/19/2019|61.02|01:53:26|426|0|265|0|0||0|0|32.3|64.4|75|169|0|0|0|1061|1,431|9|01:55:11|Garmin Edge 1030|https://www.strava.com/activities/2224103705
3/18/2019|44.3|01:34:51|115|0|165|0|0||0|0|28|45.4|74|118|0|0|0|1138|810|7|01:59:14|Garmin Edge 1030|https://www.strava.com/activities/2222335172
3/17/2019|217.01|05:34:46|697|0|300|0|0||0|0|38.9|70.9|82|192|0|0|0|1194|5,335|4|05:35:45|Garmin Edge 1030|https://www.strava.com/activities/2220639997
3/16/2019|29.66|01:02:58|128|0|242|0|0||0|0|28.3|43.9|72|121|0|0|0|664|769|7|01:05:02|Garmin Edge 1030|https://www.strava.com/activities/2217300268
3/13/2019|158.43|05:37:07|2041|0|229|0|0||0|0|28.2|88.2|71|138|0|0|0|1218|3,957|3|06:15:08|Garmin Edge 1030|https://www.strava.com/activities/2210816713
3/7/2019|95.72|03:00:44|1400|0|0|0|0||0|0|31.8|73.4|81|184|142|180|0|0|2,447|4|03:19:59|Garmin Edge 1030|https://www.strava.com/activities/2197448418
3/6/2019|90.18|03:07:19|1219|0|230|0|0||0|0|28.9|71.3|73|124|0|0|0|940|2,170|11|03:42:09|Garmin Edge Explore 1000|https://www.strava.com/activities/2196537970
4/29/2019|43.24|01:43:04|233|0|162|0|0||0|0|25.2|61.9|70|141|0|0|0|960|836|15|02:51:15|Garmin Edge Explore 1000|https://www.strava.com/activities/2327832140
4/27/2019|50.33|01:38:53|436|0|227|0|0||0|0|30.5|72.7|77|133|0|0|0|1091|1,022|6|02:20:14|Garmin Edge Explore 1000|https://www.strava.com/activities/2326341489
4/26/2019|26.81|01:03:03|799|0|0|0|0||0|0|25.5|67.3|74|124|0|0|0|0|870|8|13:38:31|Garmin Edge Explore 1000|https://www.strava.com/activities/2326342982
4/25/2019|38.68|01:27:25|388|0|0|0|0||0|0|26.6|57.6|73|175|0|0|0|0|774|15|02:00:50|Garmin Edge Explore 1000|https://www.strava.com/activities/2326342838
4/22/2019|40.26|01:27:24|427|0|203|0|0||0|0|27.6|57.6|73|112|0|0|0|492|811|23|02:04:29|Garmin Edge Explore 1000|https://www.strava.com/activities/2326341800
4/20/2019|45.62|01:32:51|458|0|0|0|0||171|0|29.5|67|0|0|0|0|0|0|1,802|20|02:10:00|Garmin Edge 520|https://www.strava.com/activities/2305799783
4/19/2019|105.63|03:16:27|1201|0|258|0|0||0|0|32.3|74.5|79|132|0|0|0|970|2,093|21|03:28:17|Garmin Edge 520|https://www.strava.com/activities/2302057361
4/18/2019|38.75|01:27:23|613|0|0|0|0||0|0|26.6|67|0|0|0|0|0|0|||01:31:48||https://www.strava.com/activities/2298707656
4/16/2019|109.17|04:20:02|1975|0|0|0|0||0|0|25.2|89.3|0|0|0|0|0|0|||04:51:58||https://www.strava.com/activities/2294077913
4/15/2019|42.66|01:31:46|551|0|0|0|0||159|0|27.9|67|0|0|0|0|0|0|1,780|13|01:49:45|Garmin Edge 520|https://www.strava.com/activities/2291848679
4/13/2019|114.58|03:23:40|2574|0|0|0|0||0|0|33.8|88.9|80|124|0|0|0|0|3,413|19|03:24:31|Garmin Edge 520|https://www.strava.com/activities/2287479640
4/12/2019|147.4|04:06:33|2999|0|0|0|0||0|0|35.9|81.7|80|173|0|0|0|0|4,264|14|04:06:33|Garmin Edge 520|https://www.strava.com/activities/2284568447
4/30/2019|43.58|01:36:51|733|0|233|0|0||0|0|27|77.4|71|129|0|0|0|818|1,093|18|01:45:34|Garmin Edge Explore 1000|https://www.strava.com/activities/2330500643
4/24/2019|193.97|05:03:09|2716|0|309|0|0||0|0|38.4|88.6|81|127|0|0|0|1165|4,707|21|05:04:14|Garmin Edge 520|https://www.strava.com/activities/2315468097
4/23/2019|52.06|01:43:24|540|0|243|0|0||0|0|30.2|66.2|78|119|0|0|0|1221|1,020|17|01:46:52|Garmin Edge Explore 1000|https://www.strava.com/activities/2326342228
4/5/2019|81.46|02:29:55|680|0|0|0|0||0|0|32.6|68.8|77|109|0|0|0|0|2,290|3|02:37:39|Garmin Edge 1030|https://www.strava.com/activities/2266991923
4/3/2019|186.2|04:20:56|1515|0|323|0|0||0|0|42.8|83.9|86|165|0|0|0|1186|4,575|8|04:24:27|Garmin Edge 1030|https://www.strava.com/activities/2262774334
5/29/2019|81.9|02:46:29|924|0|0|0|0||0|0|29.5|67|0|0|0|0|0|0|||04:15:22||https://www.strava.com/activities/2406318476
5/27/2019|39.92|01:16:09|517|0|0|0|0||0|0|31.5|78.1|0|0|0|0|0|0|||01:21:25||https://www.strava.com/activities/2401426475
5/22/2019|63.82|02:00:05|47|0|265|0|0||0|0|31.9|53.6|92|138|0|0|0|1329|1,685|16|02:26:46|Garmin Edge 820|https://www.strava.com/activities/2668602536
5/21/2019|60.58|02:05:27|679|0|0|0|0||0|0|29|56.2|74|119|0|0|0|0|1,808|6|02:18:29|Garmin Edge 520|https://www.strava.com/activities/2385552165
5/16/2019|181.94|06:03:05|1710|0|0|0|0||0|0|30.1|58|74|147|0|0|0|0|4,513|10|07:17:55|Garmin Edge 520|https://www.strava.com/activities/2380928445
5/14/2019|90.39|02:25:13|88|0|0|0|0||0|0|37.3|52.2|94|133|143|174|0|0|2,346|8|02:25:48|Garmin Edge 820|https://www.strava.com/activities/2668617757
5/12/2019|104.72|03:23:16|1365|0|249|0|0||0|0|30.9|67.7|73|154|0|0|0|612|2,682|8|03:53:48|Garmin Edge 520|https://www.strava.com/activities/2363511832
5/11/2019|113.47|04:00:56|1441|0|239|0|0||0|0|28.3|60.8|77|117|0|0|0|735|2,888|13|04:12:28|Garmin Edge 520|https://www.strava.com/activities/2359301888
5/8/2019|39.32|01:23:22|308|0|0|0|0||0|0|28.3|60.5|73|112|0|0|0|0|1,015|7|02:16:57|Garmin Edge Explore 1000|https://www.strava.com/activities/2351599128
5/5/2019|28.56|01:00:19|409|0|0|0|0||0|0|28.4|56.2|0|0|0|0|0|0|1,211|2|01:01:29|Garmin Edge 520|https://www.strava.com/activities/2351312205
5/31/2019|145.25|05:01:53|1256|0|0|0|0||0|0|28.9|72.4|72|123|0|0|0|0|3,020|19|06:18:06|Garmin Edge 520|https://www.strava.com/activities/2418009032
5/30/2019|128.14|04:24:03|1944|0|0|0|0||0|0|29.1|72|0|0|0|0|0|0|||04:36:46||https://www.strava.com/activities/2408606509
5/25/2019|146.77|05:28:09|2370|0|0|0|0||0|0|26.8|74.2|67|195|0|0|0|0|3,631|15|06:44:36|Garmin Edge Explore 1000|https://www.strava.com/activities/2396582051
5/24/2019|97.72|03:31:01|990|0|0|0|0||0|0|27.8|58.3|72|167|0|0|0|0|2,312|18|11:49:58|Garmin Edge Explore 1000|https://www.strava.com/activities/2395875175
5/23/2019|129.17|04:44:11|2682|0|0|0|0||0|0|27.3|71.6|73|135|0|0|0|0|3,771|25|06:19:36|Garmin Edge 520|https://www.strava.com/activities/2395149190
5/22/2019|130.94|04:10:07|980|0|0|0|0||0|0|31.4|67.7|75|111|0|0|0|0|2,933|23|04:26:46|Garmin Edge Explore 1000|https://www.strava.com/activities/2389192669
5/19/2019|161.31|05:34:37|2348|0|0|0|0||185|0|28.9|73.1|0|0|0|0|0|0|6,757|13|06:44:36|Garmin Edge Explore 1000|https://www.strava.com/activities/2380672438
5/15/2019|150.95|05:01:15|1524|0|0|0|0||0|0|30.1|67|72|143|0|0|0|0|3,348|9|05:28:14|Garmin Edge 520|https://www.strava.com/activities/2369651769
5/14/2019|149.26|05:00:28|1705|0|241|0|0||0|0|29.8|73.1|75|178|0|0|0|1741|3,805|11|05:45:06|Garmin Edge 520|https://www.strava.com/activities/2366804504
5/13/2019|41.03|01:21:19|519|0|0|0|0||0|0|30.3|70.6|72|151|0|0|0|0|1,039|10|01:29:12|Garmin Edge 520|https://www.strava.com/activities/2364385880
5/10/2019|83.54|02:52:46|662|0|210|0|0||0|0|29|62.6|76|115|0|0|0|778|1,825|11|03:30:15|Garmin Edge 520|https://www.strava.com/activities/2356975581
5/1/2019|515.11|07:52:44|4309|0|287|0|0||0|0|65.4|167.8|82|200|0|0|0|1060|9,887|21|10:45:26|Garmin Edge 520|https://www.strava.com/activities/2335712757
6/27/2019|46.78|01:45:57|874|0|0|0|0||174|0|26.5|64.8|0|0|0|0|0|0|||01:51:48||https://www.strava.com/activities/2484397145
6/22/2019|154.99|05:36:00|2034|0|234|0|0||0|0|27.7|65.5|70|113|0|0|0|702|3,574|15|06:07:44|Garmin Edge 520|https://www.strava.com/activities/2471083892
6/16/2019|0.99|00:10:01|46|0|0|0|0||0|0|6|4.3|0|57|0|0|0|0|58|24|01:52:27|Garmin Edge 520|https://www.strava.com/activities/2455602533
6/7/2019|44.17|01:30:06|759|0|312|0|0||0|0|29.4|57.2|72|114|0|0|0|559|1,149|11|01:34:23|Garmin Edge 520|https://www.strava.com/activities/2430231118
6/5/2019|101.5|03:40:42|1715|0|262|0|0||0|0|27.6|70.2|72|132|0|0|0|1169|2,626|18|04:04:07|Garmin Edge Explore 1000|https://www.strava.com/activities/2425065060
6/4/2019|80.53|02:26:09|810|0|0|0|0||0|0|33.1|64.4|74|117|0|0|0|0|1,858|26|02:34:36|Garmin Edge 520|https://www.strava.com/activities/2422627547
6/3/2019|167.56|05:44:00|2339|0|236|0|0||0|0|29.2|68.8|72|170|0|0|0|577|4,039|23|06:26:13|Garmin Edge Explore 1000|https://www.strava.com/activities/2419862856
6/26/2019|199.28|04:36:57|1691|0|299|0|0||0|0|43.2|83.2|83|124|0|0|0|1245|4,031|24|04:36:57|Garmin Edge Explore 1000|https://www.strava.com/activities/2482760475
6/23/2019|113.7|04:25:34|2352|0|0|0|0||197|0|25.7|99.7|0|0|0|0|0|0|||04:52:45||https://www.strava.com/activities/2474357247
6/21/2019|123|04:08:28|1260|0|225|0|0||0|0|29.7|82.1|72|146|0|0|0|1005|2,738|18|04:52:11|Garmin Edge 520|https://www.strava.com/activities/2468214604
6/20/2019|109.36|03:50:47|1409|0|231|0|0||0|0|28.4|65.9|71|169|0|0|0|966|2,491|17|04:13:33|Garmin Edge 520|https://www.strava.com/activities/2466072066
6/16/2019|112.46|03:13:05|2748|0|0|0|0||0|0|34.9|88.9|78|128|0|0|0|0|3,171|22|03:13:05|Garmin Edge 520|https://www.strava.com/activities/2455603408
6/15/2019|131.44|04:25:55|2994|0|0|0|0||0|0|29.7|93.6|74|148|0|0|0|0|4,460|16|04:25:55|Garmin Edge 520|https://www.strava.com/activities/2452936184
6/14/2019|227.85|06:20:51|2595|0|270|0|0||0|0|35.9|85|76|162|0|0|0|1105|5,125|18|06:20:51|Garmin Edge 520|https://www.strava.com/activities/2452935922
6/13/2019|199.26|04:59:59|1974|0|0|0|0||0|0|39.9|87.8|79|132|0|0|0|0|3,705|25|05:01:01|Garmin Edge 520|https://www.strava.com/activities/2452935322
6/12/2019|25.96|00:37:31|348|0|357|0|0||0|0|41.5|67|88|119|0|0|0|717|758|17|00:37:31|Garmin Edge 520|https://www.strava.com/activities/2444369657
6/11/2019|168.12|04:00:41|822|0|255|0|0||0|0|41.9|78.1|81|122|0|0|0|1212|3,023|9|04:01:38|Garmin Edge Explore 1000|https://www.strava.com/activities/2441754571
6/8/2019|57.41|01:57:14|1014|0|274|0|0||0|0|29.4|74.5|76|111|0|0|0|746|1,456|13|02:02:30|Garmin Edge Explore 1000|https://www.strava.com/activities/2432696339
6/1/2019|86.84|02:51:49|1125|0|0|0|0||0|0|30.3|72|72|120|0|0|0|0|2,021|24|03:09:07|Garmin Edge 520|https://www.strava.com/activities/2417977362
7/30/2019|35.16|01:51:17|1798|0|272|0|0||0|0|19|52.6|70|168|0|0|0|981|2,554|27|03:35:05|Garmin Edge Explore 1000|https://www.strava.com/activities/2587974318
7/29/2019|88.39|02:50:57|928|0|273|0|0||0|0|31|86.4|76|118|0|0|0|1128|2,103|15|02:56:50|Garmin Edge Explore 1000|https://www.strava.com/activities/2573111885
7/28/2019|125.4|04:22:01|2554|0|271|0|0||0|0|28.7|77.4|73|141|0|0|0|750|3,458|19|04:38:08|Garmin Edge Explore 1000|https://www.strava.com/activities/2569614862
7/26/2019|60.75|03:55:59|1486|0|0|0|0||111|0|15.4|46.1|0|0|0|0|0|0|2,736|19|05:08:52|Garmin Edge Explore 1000|https://www.strava.com/activities/2568838434
7/25/2019|133.42|05:00:52|3327|0|273|0|0||0|0|26.6|88.6|69|199|0|0|0|1045|3,796|21|06:05:39|Garmin Edge Explore 1000|https://www.strava.com/activities/2561948074
7/24/2019|9.14|00:35:52|132|0|0|0|0||76|0|15.3|51.1|0|0|0|0|0|0|322|26|00:44:40|Garmin Edge Explore 1000|https://www.strava.com/activities/2558919327
7/23/2019|125.95|05:25:18|3281|0|233|0|0||0|0|23.2|74.2|69|112|0|0|0|779|4,109|26|07:11:50|Garmin Edge Explore 1000|https://www.strava.com/activities/2556532424
7/22/2019|102.65|03:57:42|2989|0|282|0|0||0|0|25.9|69.5|71|135|0|0|0|690|3,395|25|05:09:46|Garmin Edge Explore 1000|https://www.strava.com/activities/2553665361
7/21/2019|122.72|04:31:01|2509|0|255|0|0||0|0|27.2|74.9|73|132|0|0|0|932|3,371|22|05:02:31|Garmin Edge Explore 1000|https://www.strava.com/activities/2550843533
7/18/2019|24.12|00:55:52|439|0|0|0|0||0|0|25.9|66.2|72|111|0|0|0|0|600|11|01:02:31|Garmin Edge Explore 1000|https://www.strava.com/activities/2543326543
7/16/2019|96.9|03:22:27|1238|0|0|0|0||0|0|28.7|78.5|73|138|0|0|0|0|2,210|24|03:47:21|Garmin Edge Explore 1000|https://www.strava.com/activities/2537221447
7/6/2019|2.6|00:03:26|3|0|0|0|0||494|0|45.5|60.8|0|0|0|0|0|0|80|31|00:03:42|Garmin Edge Explore 1000|https://www.strava.com/activities/2508547916
7/6/2019|0|00:00:00|0|0|0|0|0||0|0|2.5|2.5|0|0|0|0|0|0||21|00:00:01|Garmin Edge Explore 1000|https://www.strava.com/activities/2508547884
7/5/2019|27.57|00:56:46|126|0|0|0|0||156|0|29.1|54|0|0|0|0|0|0|1,024|27|06:38:07|Garmin Edge Explore 1000|https://www.strava.com/activities/2508115003
7/4/2019|109.43|03:35:32|1279|0|270|0|0||0|0|30.5|72.4|73|119|0|0|0|1166|2,483|20|03:50:03|Garmin Edge Explore 1000|https://www.strava.com/activities/2503119894
7/3/2019|140.04|04:49:28|1629|0|227|0|0||0|0|29|69.8|73|128|0|0|0|876|3,232|21|05:38:51|Garmin Edge Explore 1000|https://www.strava.com/activities/2500610012
7/2/2019|15.88|00:54:33|142|0|0|0|0||111|0|17.5|50.8|0|0|0|0|0|0|||01:20:04||https://www.strava.com/activities/2499027135
7/1/2019|22.47|00:52:55|97|0|0|0|0||116|0|25.5|38.5|0|0|0|0|0|0|||00:53:31||https://www.strava.com/activities/2496052650
7/19/2019|124.82|04:14:30|1121|0|205|0|0||0|0|29.4|104.4|74|111|0|0|0|767|2,681|17|04:51:56|Garmin Edge Explore 1000|https://www.strava.com/activities/2545277768
7/17/2019|126.94|04:00:38|1683|0|249|0|0||0|0|31.7|85|77|126|0|0|0|1160|2,922|24|04:40:52|Garmin Edge Explore 1000|https://www.strava.com/activities/2539757375
7/12/2019|117.54|02:59:12|1689|0|303|0|0||0|0|39.4|84.6|82|119|0|0|0|1126|2,822|16|02:59:48|Garmin Edge Explore 1000|https://www.strava.com/activities/2533558741
7/11/2019|164.01|04:03:15|1779|0|275|0|0||0|0|40.5|92.2|78|128|0|0|0|1217|3,060|19|04:03:30|Garmin Edge Explore 1000|https://www.strava.com/activities/2523098113
7/10/2019|100.18|03:23:00|2661|0|291|0|0||0|0|29.6|101.9|73|121|0|0|0|1198|3,144|19|03:23:33|Garmin Edge Explore 1000|https://www.strava.com/activities/2520598149
7/9/2019|180.81|04:56:06|3171|0|303|0|0||0|0|36.6|98.3|79|173|0|0|0|1129|4,330|16|05:15:31|Garmin Edge Explore 1000|https://www.strava.com/activities/2517698909
7/8/2019|185.83|04:29:56|1948|0|0|0|0||0|0|41.3|92.5|83|131|0|0|0|0|3,540|22|04:29:56|Garmin Edge Explore 1000|https://www.strava.com/activities/2515424620
7/7/2019|142.61|03:22:36|1596|0|0|0|0||0|0|42.2|78.1|84|126|0|0|0|0|2,969|16|03:29:30|Garmin Edge Explore 1000|https://www.strava.com/activities/2512075440
8/31/2019|164.96|03:50:31|2008|0|0|0|0||0|0|42.9|86.8|85|147|0|0|0|0|3,586|30|03:51:34|Garmin Edge 820|https://www.strava.com/activities/2668602900
8/24/2019|0|00:00:00|0|0|279|0|0||0|0|0|0.4|0|173|0|0|0|1049|265|0|00:19:01|Garmin Edge Explore 1000|https://www.strava.com/activities/2647634184
8/21/2019|32.7|01:05:48|411|0|0|0|0||195|0|29.8|62.6|0|0|0|0|0|0|1,301|27|01:09:55|Garmin Edge Explore 1000|https://www.strava.com/activities/2638927619
8/20/2019|52.43|01:39:59|555|0|0|0|0||0|0|31.5|68.8|0|0|0|0|0|0|2,037|12|01:41:36|Garmin Edge Explore 1000|https://www.strava.com/activities/2634416075
8/16/2019|147.14|05:27:09|2403|0|0|0|0||0|0|27|74.2|73|136|0|0|0|0|3,440|20|06:27:57|Garmin Edge Explore 1000|https://www.strava.com/activities/2624176231
8/14/2019|105.49|03:41:45|1892|0|284|0|0||0|0|28.5|64.4|74|119|0|0|0|579|2,656|18|03:54:27|Garmin Edge Explore 1000|https://www.strava.com/activities/2618266780
8/13/2019|131.14|04:23:09|1698|0|259|0|0||0|0|29.9|59.4|78|124|0|0|0|737|3,196|16|04:46:05|Garmin Edge Explore 1000|https://www.strava.com/activities/2615251479
8/12/2019|20.72|00:43:03|248|0|214|0|0||0|0|28.9|58.3|75|136|0|0|0|501|476|18|01:17:32|Garmin Edge Explore 1000|https://www.strava.com/activities/2612634095
8/12/2019|0|00:00:00|0|0|0|0|0||93|0|7.4|1.1|0|0|0|0|0|0||22|00:01:03|Garmin Edge Explore 1000|https://www.strava.com/activities/2612472414
8/10/2019|54.7|01:45:23|148|0|0|0|0||0|0|31.1|55.1|81|139|0|0|0|0|1,165|20|02:47:48|Garmin Edge Explore 1000|https://www.strava.com/activities/2606559877
8/9/2019|58.4|02:08:13|799|0|225|0|0||0|0|27.3|58.7|70|130|0|0|0|680|1,360|17|02:44:29|Garmin Edge Explore 1000|https://www.strava.com/activities/2603711802
8/8/2019|122.95|04:21:31|2056|0|262|0|0||0|0|28.2|72.4|75|163|0|0|0|1099|3,147|21|04:46:27|Garmin Edge Explore 1000|https://www.strava.com/activities/2601537210
8/6/2019|21.58|00:52:23|113|0|0|0|0||112|0|24.7|46.1|0|0|0|0|0|0|||00:52:25||https://www.strava.com/activities/2596476484
8/6/2019|0|00:00:00|0|0|0|0|0||0|0|6.1|6.1|0|0|0|0|0|0||27|00:00:01|Garmin Edge Explore 1000|https://www.strava.com/activities/2597760512
8/6/2019|101.3|03:25:30|1760|0|280|0|0||0|0|29.6|76|77|132|0|0|0|968|2,628|23|03:34:29|Garmin Edge Explore 1000|https://www.strava.com/activities/2595409086
8/3/2019|60.99|02:23:39|193|0|177|0|0||0|0|25.5|43.9|73|125|0|0|0|1093|1,297|22|02:35:07|Garmin Edge Explore 1000|https://www.strava.com/activities/2587974699
8/1/2019|22.61|00:56:20|139|0|0|0|0||122|0|24.1|56.2|0|0|0|0|0|0|||01:01:38||https://www.strava.com/activities/2582011218
8/30/2019|182.38|04:50:34|2672|0|272|0|0||0|0|37.7|79.6|80|158|0|0|0|1116|4,110|32|04:50:34|Garmin Edge 820|https://www.strava.com/activities/2668603161
8/29/2019|197.86|04:59:14|3089|0|284|0|0||0|0|39.7|86|79|136|0|0|0|1051|4,071|29|04:59:14|Garmin Edge 820|https://www.strava.com/activities/2668602862
8/28/2019|171.89|05:17:33|3462|0|0|0|0||0|0|32.5|95.4|75|134|0|0|0|0|4,126|30|05:18:35|Garmin Edge 820|https://www.strava.com/activities/2668602925
8/27/2019|184.04|04:28:14|1198|0|240|0|0||0|0|41.2|88.6|80|129|0|0|0|1131|2,967|27|04:28:52|Garmin Edge Explore 1000|https://www.strava.com/activities/2723444444
8/26/2019|187.61|04:27:04|1628|0|256|0|0||0|0|42.2|100.4|81|127|0|0|0|1060|3,125|26|04:27:31|Garmin Edge Explore 1000|https://www.strava.com/activities/2653320492
8/25/2019|202.51|05:27:33|3069|0|264|0|0||0|0|37.1|85|81|136|0|0|0|956|4,244|30|05:27:33|Garmin Edge Explore 1000|https://www.strava.com/activities/2650746412
8/24/2019|30|00:48:07|205|0|288|0|0||0|0|37.4|67|82|150|0|0|0|798|654|28|00:55:53|Garmin Edge Explore 1000|https://www.strava.com/activities/2647322428
8/24/2019|38.44|01:14:51|274|0|167|0|0||0|0|30.8|60.5|79|155|0|0|0|839|574|27|01:42:07|Garmin Edge Explore 1000|https://www.strava.com/activities/2646292663
8/23/2019|59.12|01:22:44|40|0|282|0|0||0|0|42.9|63.7|88|126|0|0|0|1087|1,119|26|01:33:44|Garmin Edge Explore 1000|https://www.strava.com/activities/2643662798
8/22/2019|74.33|02:26:11|1061|0|0|0|0||206|0|30.5|88.6|0|0|0|0|0|0|3,110|25|03:06:49|Garmin Edge Explore 1000|https://www.strava.com/activities/2640866623
8/18/2019|132.34|05:00:03|1642|0|201|0|0||0|0|26.5|57.2|71|140|0|0|0|870|2,799|29|05:33:51|Garmin Edge Explore 1000|https://www.strava.com/activities/2630111968
8/17/2019|159.61|05:56:45|3077|0|262|0|0||0|0|26.8|80.3|71|154|0|0|0|1241|4,247|17|06:22:30|Garmin Edge Explore 1000|https://www.strava.com/activities/2626622459
8/11/2019|55.25|01:14:52|78|0|329|0|0||0|0|44.3|67.3|88|129|0|0|0|1213|1,258|19|01:16:32|Garmin Edge Explore 1000|https://www.strava.com/activities/2609318656
8/4/2019|167.56|03:50:07|1639|0|293|0|0||0|0|43.7|83.9|88|158|0|0|0|1075|3,334|21|03:50:07|Garmin Edge Explore 1000|https://www.strava.com/activities/2590800049
9/20/2019|185.18|04:05:10|656|0|0|0|0||0|0|45.3|67|0|0|0|0|0|0|6,360|19|04:05:10|Garmin Edge Explore 1000|https://www.strava.com/activities/2725210213
9/3/2019|0|00:00:00|0|0|0|0|0||0|0|0.3|0.4|0|0|0|0|0|0||0|00:00:07|Garmin Edge 820|https://www.strava.com/activities/2680291356
9/3/2019|35.6|00:55:31|508|0|0|0|0||0|0|38.5|68.8|86|127|0|0|0|0|998|22|00:56:12|Garmin Edge 820|https://www.strava.com/activities/2680291491
9/29/2019|190.03|04:48:48|921|0|0|0|0||0|0|39.5|95.4|0|0|0|0|0|0|9,464|8|04:52:21|Garmin Edge Explore 1000|https://www.strava.com/activities/2779399225
9/26/2019|27.2|00:56:15|398|0|0|0|0||0|0|29|53.6|0|0|0|0|0|0|1,204|13|00:59:01|Garmin Edge Explore 1000|https://www.strava.com/activities/2745788152
9/25/2019|247.44|08:07:59|2618|0|0|0|0||193|0|30.4|82.8|0|0|0|0|0|0|9,603|12|09:08:53|Garmin Edge Explore 1000|https://www.strava.com/activities/2739139055
9/22/2019|195.52|04:30:36|1746|0|0|0|0||0|0|43.4|86.4|83|167|0|0|0|0|3,749|24|04:34:23|Garmin Edge Explore 1000|https://www.strava.com/activities/2731040685
9/21/2019|197.23|04:36:33|1631|0|0|0|0||0|0|42.8|77.4|83|124|0|0|0|0|3,696|24|04:37:19|Garmin Edge Explore 1000|https://www.strava.com/activities/2727992827
9/8/2019|160.24|04:52:05|3536|0|0|0|0||0|0|32.9|81.4|75|137|0|0|0|0|4,324|23|04:53:34|Garmin Edge 820|https://www.strava.com/activities/2692112956
9/4/2019|182.73|05:09:01|2873|0|0|0|0||0|0|35.5|96.1|75|164|0|0|0|0|3,749|27|05:09:18|Garmin Edge 820|https://www.strava.com/activities/2680292071
9/2/2019|27.59|01:02:50|253|0|0|0|0||0|0|26.4|55.1|70|109|0|0|0|0|474|16|01:04:37|Garmin Edge 820|https://www.strava.com/activities/2680291468
9/1/2019|92.57|03:38:52|3203|0|0|0|0||0|0|25.4|93.6|69|144|0|0|0|0|3,443|19|03:42:24|Garmin Edge 820|https://www.strava.com/activities/2680292088
10/11/2019|93.33|03:13:03|947|0|0|0|0||0|0|29|65.5|0|0|0|0|0|0|3,732|11|03:28:57|Garmin Edge Explore 1000|https://www.strava.com/activities/2779797263
10/19/2019|140.46|03:24:42|1341|0|259|0|0||0|0|41.2|86.4|80|161|0|0|0|1130|2,320|28|03:24:42|Garmin Edge Explore 1000|https://www.strava.com/activities/2799647991
10/18/2019|150.03|03:35:35|472|0|194|0|0||0|0|41.8|69.1|77|131|0|0|0|1147|2,009|28|03:36:21|Garmin Edge Explore 1000|https://www.strava.com/activities/2799192004
10/17/2019|138.35|03:03:31|464|0|249|0|0||0|0|45.2|76.7|82|200|0|0|0|1214|2,105|29|03:03:47|Garmin Edge Explore 1000|https://www.strava.com/activities/2795143700
10/15/2019|67.75|02:13:33|272|0|202|0|0||0|0|30.4|50|77|139|0|0|0|973|1,188|28|02:31:32|Garmin Edge Explore 1000|https://www.strava.com/activities/2789947657
11/30/2019|10.48|00:30:25|182|0|0|0|0||0|0|20.7|52.6|0|0|0|0|0|0|399|16|00:42:20|Garmin Edge Explore 1000|https://www.strava.com/activities/2900964449
11/28/2019|79.82|02:55:12|1031|0|0|0|0||153|0|27.3|63.4|0|0|0|0|0|0|3,198|23|03:19:44|Garmin Edge Explore 1000|https://www.strava.com/activities/2897013625
11/27/2019|58.69|03:06:58|1249|0|0|0|0||128|0|18.8|54|0|0|0|0|0|0|2,572|5|03:27:08|Garmin Edge Explore 1000|https://www.strava.com/activities/2894933520
11/26/2019|84.47|02:51:00|762|0|0|0|0||162|0|29.6|58.3|0|0|0|0|0|0|3,362|6|02:55:05|Garmin Edge Explore 1000|https://www.strava.com/activities/2892420521
11/24/2019|46.24|01:47:51|498|0|0|0|0||126|0|25.7|56.9|0|0|0|0|0|0|1,737|3|01:51:22|Garmin Edge Explore 1000|https://www.strava.com/activities/2888503493
11/24/2019|41.89|02:51:59|1584|0|0|0|0||147|0|14.6|60.1|0|0|0|0|0|0|2,248|5|03:51:07|Garmin Edge Explore 1000|https://www.strava.com/activities/2888113021
11/23/2019|22.24|01:48:52|987|0|0|0|0||142|0|12.3|33.1|0|0|0|0|0|0|1,253|2|03:21:26|Garmin Edge Explore 1000|https://www.strava.com/activities/2885417428
11/22/2019|112.13|04:21:27|1500|0|0|0|0||146|0|25.7|63.4|0|0|0|0|0|0|4,438|3|05:26:49|Garmin Edge Explore 1000|https://www.strava.com/activities/2884455542
11/21/2019|106.51|04:05:34|1106|0|0|0|0||127|0|26|70.6|0|0|0|0|0|0|3,925|5|04:21:08|Garmin Edge Explore 1000|https://www.strava.com/activities/2881243663
11/21/2019|0|00:00:00|0|0|0|0|0||0|0|9|0|0|0|0|0|0|0||22|00:00:01|Garmin Edge Explore 1000|https://www.strava.com/activities/2880740348
11/20/2019|61.18|03:02:58|1237|0|0|0|0||133|0|20.1|58|0|0|0|0|0|0|2,624|0|03:48:35|Garmin Edge Explore 1000|https://www.strava.com/activities/2878777419
11/19/2019|66.21|02:52:29|827|0|0|0|0||119|0|23|52.2|0|0|0|0|0|0|2,499|0|03:03:40|Garmin Edge Explore 1000|https://www.strava.com/activities/2878164593
11/15/2019|14.89|00:36:45|33|0|0|0|0||42|0|24.3|51.1|0|0|0|0|0|0|405|1|00:45:59|Garmin Edge Explore 1000|https://www.strava.com/activities/2875615886
11/15/2019|79.44|04:53:10|1612|0|0|0|0||105|0|16.3|58.3|0|0|0|0|0|0|3,217|2|06:51:18|Garmin Edge Explore 1000|https://www.strava.com/activities/2875615917
11/14/2019|102.69|04:28:39|209|0|0|0|0||0|0|22.9|59.8|0|0|0|0|0|0|2,985|5|05:27:53|Garmin Edge Explore 1000|https://www.strava.com/activities/2865233628
11/13/2019|89.37|05:53:51|2102|0|0|0|0||0|0|15.2|53.3|0|0|0|0|0|0|3,640|0|07:11:59|Garmin Edge Explore 1000|https://www.strava.com/activities/2865233504
12/29/2019|51.9|03:06:38|1085|0|0|0|0||0|0|16.7|49.3|0|0|128|163|0|0|2,142|8|03:41:42|Garmin fēnix 6 Pro|https://www.strava.com/activities/2965913214
12/25/2019|73.17|02:22:36|636|0|0|0|0||0|0|30.8|64.1|76|149|0|0|0|0|1,656|3|3.21:54:42|Garmin Edge Explore 1000|https://www.strava.com/activities/2964354329
12/28/2019|66.94|02:25:56|1313|0|0|0|0||0|0|27.5|59.8|72|115|0|0|0|0|2,009|0|02:33:31|Garmin Edge 1030|https://www.strava.com/activities/2964347332
12/27/2019|69.82|02:26:30|1175|0|288|0|0||0|0|28.6|58|74|142|0|0|0|809|1,995|2|02:32:53|Garmin Edge 1030|https://www.strava.com/activities/2960259780
12/19/2019|119.41|03:47:28|1685|0|232|0|0||0|0|31.5|65.9|75|122|0|0|0|1047|2,491|11|03:49:46|Garmin Edge Explore 1000|https://www.strava.com/activities/2942890745
12/17/2019|125.92|03:57:10|1517|0|243|0|0||0|0|31.9|71.3|76|133|0|0|0|1191|2,608|12|04:06:43|Garmin Edge Explore 1000|https://www.strava.com/activities/2938754278
12/7/2019|59.67|03:22:06|1270|0|0|0|0||0|0|17.7|51.5|0|0|0|0|0|0|2,491|17|03:57:14|Garmin Edge Explore 1000|https://www.strava.com/activities/2917134462
12/6/2019|44.58|01:42:03|566|0|0|0|0||146|0|26.2|54.4|0|0|0|0|0|0|1,689|1|1.01:09:18|Garmin Edge Explore 1000|https://www.strava.com/activities/2917134308
12/5/2019|86.49|02:59:41|851|0|0|0|0||162|0|28.9|60.1|0|0|0|0|0|0|||03:32:56||https://www.strava.com/activities/2912854241
12/3/2019|56.42|01:49:01|506|0|0|0|0||0|0|31.1|55.4|0|0|0|0|0|0|2,336|17|01:50:23|Garmin Edge Explore 1000|https://www.strava.com/activities/2908248901
12/30/2019|74.21|04:08:30|1670|0|0|0|0||0|0|17.9|60.1|0|0|0|0|0|0|3,381|1|04:39:13|Garmin Edge 1030|https://www.strava.com/activities/2967895004
12/22/2019|52.53|02:56:36|1132|0|0|0|0||132|0|17.8|58.3|0|0|0|0|0|0|||03:03:32||https://www.strava.com/activities/2949251439
12/18/2019|137.02|04:25:52|2600|0|0|0|0||0|0|30.9|69.1|76|140|0|0|0|0|3,574|12|09:15:38|Garmin Edge Explore 1000|https://www.strava.com/activities/2941447542
12/16/2019|36.46|01:18:02|407|0|0|0|0||0|0|28|68.4|71|130|0|0|0|0|645|12|02:00:03|Garmin Edge Explore 1000|https://www.strava.com/activities/2936464619
12/15/2019|152.19|04:53:05|2507|0|0|0|0||0|0|31.2|87.1|77|135|0|0|0|0|3,617|13|05:09:12|Garmin Edge Explore 1000|https://www.strava.com/activities/2934724730
12/14/2019|157.14|05:02:29|2179|0|0|0|0||0|0|31.2|76.3|78|138|0|0|0|0|3,867|15|05:14:44|Garmin Edge Explore 1000|https://www.strava.com/activities/2932482200
12/13/2019|24.07|00:55:40|363|0|192|0|0||0|0|26|57.6|71|107|0|0|0|526|490|16|23:22:44|Garmin Edge Explore 1000|https://www.strava.com/activities/2932480928
12/12/2019|141.35|04:39:51|2385|0|270|0|0||0|0|30.3|70.9|75|171|0|0|0|1346|3,554|11|04:48:01|Garmin Edge Explore 1000|https://www.strava.com/activities/2928179109
12/11/2019|123.59|03:49:26|1795|0|249|0|0||0|0|32.3|70.9|72|148|0|0|0|1177|2,649|14|04:01:24|Garmin Edge Explore 1000|https://www.strava.com/activities/2925991920
12/10/2019|109.91|03:35:43|1402|0|244|0|0||0|0|30.6|61.6|74|119|0|0|0|990|2,281|15|04:17:36|Garmin Edge Explore 1000|https://www.strava.com/activities/2923847558
12/9/2019|86.33|02:43:48|932|0|218|0|0||0|0|31.6|64.4|74|114|0|0|0|907|1,649|17|02:46:40|Garmin Edge Explore 1000|https://www.strava.com/activities/2923282327
12/6/2019|102.14|03:36:01|1336|0|0|0|0||169|0|28.4|65.2|0|0|0|0|0|0|||03:56:41||https://www.strava.com/activities/2914834727
12/2/2019|93.02|03:23:43|745|0|0|0|0||137|0|27.4|56.9|0|0|0|0|0|0|3,562|-1|03:34:35|Garmin Edge Explore 1000|https://www.strava.com/activities/2906098824
12/1/2019|35.59|01:42:22|397|0|0|0|0||0|0|20.9|64.1|0|0|0|0|0|0|1,241|0|02:20:25|Garmin Edge Explore 1000|https://www.strava.com/activities/2905752940
1/29/2020|0.03|00:00:00|0|0|36|0|0||0|0|17.1|17.6|52|59|0|0|0|209|1|23|00:00:08|Garmin Edge 1030|https://www.strava.com/activities/3055788684
1/21/2020|65.34|03:44:31|1278|0|0|0|0||104|0|17.5|50.4|0|0|0|0|0|0|3,018|0|05:06:32|Garmin Edge 1030|https://www.strava.com/activities/3030824473
1/13/2020|155.47|06:31:01|3815|0|239|0|0||0|0|23.9|69.1|68|151|0|0|0|992|4,332|19|07:08:49|Garmin Edge 1030|https://www.strava.com/activities/3011120457
1/6/2020|112.54|03:53:54|1430|0|249|0|0||0|0|28.9|75.2|77|148|0|0|0|844|3,041|0|03:56:16|Garmin Edge 1030|https://www.strava.com/activities/2987191424
1/4/2020|79.87|02:38:47|1214|0|283|0|0||0|0|30.2|68.8|73|131|0|0|0|764|2,238|0|02:40:02|Garmin Edge 1030|https://www.strava.com/activities/2981316053
1/3/2020|24.88|01:15:08|521|0|0|0|0||0|0|19.9|47.5|0|0|0|0|0|0|1,148|1|01:36:18|Garmin Edge 1030|https://www.strava.com/activities/2978035449
1/2/2020|76.01|04:01:27|1940|0|0|0|0||136|0|18.9|56.2|0|0|0|0|0|0|3,681|0|04:21:15|Garmin Edge 1030|https://www.strava.com/activities/2975736079
1/31/2020|142.66|04:38:22|2141|0|269|0|0||0|0|30.8|79.2|78|168|0|0|0|1173|3,769|16|04:52:40|Garmin Edge 1030|https://www.strava.com/activities/3059188468
1/30/2020|48.51|01:30:37|641|0|240|0|0||0|0|32.1|73.4|72|123|0|0|0|1236|1,085|18|01:37:03|Garmin Edge 1030|https://www.strava.com/activities/3056366876
1/29/2020|57.07|01:52:22|494|0|225|0|0||0|0|30.5|55.4|75|134|0|0|0|991|1,353|17|02:41:09|Garmin Edge 1030|https://www.strava.com/activities/3055790060
1/28/2020|140.86|04:33:42|2207|0|276|0|0||0|0|30.9|66.2|74|125|0|0|0|1050|3,281|12|04:52:25|Garmin Edge 1030|https://www.strava.com/activities/3050650423
1/27/2020|129.84|03:57:17|1529|0|245|0|0||0|0|32.8|71.3|79|140|0|0|0|1149|2,957|12|04:03:19|Garmin Edge 1030|https://www.strava.com/activities/3047832662
1/25/2020|113.98|03:49:59|1627|0|250|0|0||0|0|29.7|65.2|75|132|0|0|0|1281|2,883|2|04:04:22|Garmin Edge 1030|https://www.strava.com/activities/3041785030
1/18/2020|153.28|05:52:10|3700|0|262|0|0||0|0|26.1|72.4|69|123|0|0|0|946|4,499|19|06:39:32|Garmin Edge 1030|https://www.strava.com/activities/3022260285
1/17/2020|165.71|06:10:25|3676|0|270|0|0||0|0|26.8|70.2|70|142|0|0|0|1265|4,588|16|07:46:11|Garmin Edge 1030|https://www.strava.com/activities/3019680025
1/15/2020|157.31|06:26:19|3734|0|255|0|0||0|0|24.4|64.1|70|131|0|0|0|1186|4,616|16|08:12:33|Garmin Edge 1030|https://www.strava.com/activities/3014192497
1/14/2020|162.38|06:27:29|3916|0|249|0|0||0|0|25.1|73.1|69|120|0|0|0|882|4,620|15|07:25:23|Garmin Edge 1030|https://www.strava.com/activities/3011124284
1/12/2020|32.25|01:17:26|440|0|167|0|0||0|0|25|65.2|69|122|0|0|0|513|626|21|01:59:47|Garmin Edge 1030|https://www.strava.com/activities/3011115985
1/11/2020|153|05:55:04|3143|0|234|0|0||0|0|25.9|70.2|73|138|0|0|0|1168|4,101|15|07:02:26|Garmin Edge 1030|https://www.strava.com/activities/3003808595
1/10/2020|165.44|05:53:25|3107|0|231|0|0||0|0|28.1|79.6|76|137|0|0|0|1220|4,126|18|06:39:46|Garmin Edge 1030|https://www.strava.com/activities/3003806043
1/9/2020|124.38|04:26:26|2490|0|252|0|0||0|0|28|81.4|75|119|0|0|0|1264|3,166|19|05:03:22|Garmin Edge 1030|https://www.strava.com/activities/2996350947
1/29/2020|0.03|00:00:00|0|0|36|0|0||0|0|17.1|17.6|52|59|0|0|0|209|1|23|00:00:08|Garmin Edge 1030|https://www.strava.com/activities/3055788684
1/21/2020|65.34|03:44:31|1278|0|0|0|0||104|0|17.5|50.4|0|0|0|0|0|0|3,018|0|05:06:32|Garmin Edge 1030|https://www.strava.com/activities/3030824473
1/13/2020|155.47|06:31:01|3815|0|239|0|0||0|0|23.9|69.1|68|151|0|0|0|992|4,332|19|07:08:49|Garmin Edge 1030|https://www.strava.com/activities/3011120457
1/6/2020|112.54|03:53:54|1430|0|249|0|0||0|0|28.9|75.2|77|148|0|0|0|844|3,041|0|03:56:16|Garmin Edge 1030|https://www.strava.com/activities/2987191424
1/4/2020|79.87|02:38:47|1214|0|283|0|0||0|0|30.2|68.8|73|131|0|0|0|764|2,238|0|02:40:02|Garmin Edge 1030|https://www.strava.com/activities/2981316053
1/3/2020|24.88|01:15:08|521|0|0|0|0||0|0|19.9|47.5|0|0|0|0|0|0|1,148|1|01:36:18|Garmin Edge 1030|https://www.strava.com/activities/2978035449
1/2/2020|76.01|04:01:27|1940|0|0|0|0||136|0|18.9|56.2|0|0|0|0|0|0|3,681|0|04:21:15|Garmin Edge 1030|https://www.strava.com/activities/2975736079
1/31/2020|142.66|04:38:22|2141|0|269|0|0||0|0|30.8|79.2|78|168|0|0|0|1173|3,769|16|04:52:40|Garmin Edge 1030|https://www.strava.com/activities/3059188468
1/30/2020|48.51|01:30:37|641|0|240|0|0||0|0|32.1|73.4|72|123|0|0|0|1236|1,085|18|01:37:03|Garmin Edge 1030|https://www.strava.com/activities/3056366876
1/29/2020|57.07|01:52:22|494|0|225|0|0||0|0|30.5|55.4|75|134|0|0|0|991|1,353|17|02:41:09|Garmin Edge 1030|https://www.strava.com/activities/3055790060
1/28/2020|140.86|04:33:42|2207|0|276|0|0||0|0|30.9|66.2|74|125|0|0|0|1050|3,281|12|04:52:25|Garmin Edge 1030|https://www.strava.com/activities/3050650423
1/27/2020|129.84|03:57:17|1529|0|245|0|0||0|0|32.8|71.3|79|140|0|0|0|1149|2,957|12|04:03:19|Garmin Edge 1030|https://www.strava.com/activities/3047832662
1/25/2020|113.98|03:49:59|1627|0|250|0|0||0|0|29.7|65.2|75|132|0|0|0|1281|2,883|2|04:04:22|Garmin Edge 1030|https://www.strava.com/activities/3041785030
1/18/2020|153.28|05:52:10|3700|0|262|0|0||0|0|26.1|72.4|69|123|0|0|0|946|4,499|19|06:39:32|Garmin Edge 1030|https://www.strava.com/activities/3022260285
1/17/2020|165.71|06:10:25|3676|0|270|0|0||0|0|26.8|70.2|70|142|0|0|0|1265|4,588|16|07:46:11|Garmin Edge 1030|https://www.strava.com/activities/3019680025
1/15/2020|157.31|06:26:19|3734|0|255|0|0||0|0|24.4|64.1|70|131|0|0|0|1186|4,616|16|08:12:33|Garmin Edge 1030|https://www.strava.com/activities/3014192497
1/14/2020|162.38|06:27:29|3916|0|249|0|0||0|0|25.1|73.1|69|120|0|0|0|882|4,620|15|07:25:23|Garmin Edge 1030|https://www.strava.com/activities/3011124284
1/12/2020|32.25|01:17:26|440|0|167|0|0||0|0|25|65.2|69|122|0|0|0|513|626|21|01:59:47|Garmin Edge 1030|https://www.strava.com/activities/3011115985
1/11/2020|153|05:55:04|3143|0|234|0|0||0|0|25.9|70.2|73|138|0|0|0|1168|4,101|15|07:02:26|Garmin Edge 1030|https://www.strava.com/activities/3003808595
1/10/2020|165.44|05:53:25|3107|0|231|0|0||0|0|28.1|79.6|76|137|0|0|0|1220|4,126|18|06:39:46|Garmin Edge 1030|https://www.strava.com/activities/3003806043
1/9/2020|124.38|04:26:26|2490|0|252|0|0||0|0|28|81.4|75|119|0|0|0|1264|3,166|19|05:03:22|Garmin Edge 1030|https://www.strava.com/activities/2996350947
3/31/2020|82.9|02:46:17|1114|0|0|0|0||182|0|29.9|64.8|0|0|0|0|0|0|3,619|6|03:16:30|Garmin Edge 1030|https://www.strava.com/activities/3238354329
3/29/2020|42.95|01:29:52|831|0|0|0|0||190|0|28.7|61.6|0|0|0|0|0|0|3,611|2|02:50:55|Garmin Edge 1030|https://www.strava.com/activities/3231126812
3/20/2020|138.79|04:35:41|2171|0|0|0|0||198|0|30.2|71.3|0|0|0|0|0|0|5,893|11|04:45:00|Garmin Edge 1030|https://www.strava.com/activities/3200292216
3/19/2020|95|03:17:33|1599|0|0|0|0||185|0|28.9|68|0|0|0|0|0|0|4,238|14|03:23:35|Garmin Edge 1030|https://www.strava.com/activities/3197639946
3/7/2020|92.13|03:23:29|1947|0|0|0|0||0|0|27.2|72|0|0|0|0|0|0|4,273|1|03:29:50|Garmin Edge 1030|https://www.strava.com/activities/3161993990
3/4/2020|114.34|04:17:30|2186|0|0|0|0||180|0|26.6|67.3|0|0|0|0|0|0|5,217|2|04:29:18|Garmin Edge 1030|https://www.strava.com/activities/3154070320
3/4/2020|10.56|00:36:37|719|0|0|0|0||314|0|17.3|42.5|0|0|0|0|0|0|||00:36:43||https://www.strava.com/activities/3153679406
3/3/2020|84.65|02:57:42|1493|0|0|0|0||192|0|28.6|65.5|0|0|0|0|0|0|3,939|1|02:59:45|Garmin Edge 1030|https://www.strava.com/activities/3150777796
3/18/2020|62.39|02:09:47|646|0|0|0|0||158|0|28.8|86|0|0|0|0|0|0|2,507|12|02:16:45|Garmin Edge 1030|https://www.strava.com/activities/3194691876
3/15/2020|69.17|02:28:59|1665|0|0|0|0||223|0|27.9|76.3|0|0|0|0|0|0|||02:29:25||https://www.strava.com/activities/3389872066
3/14/2020|81.94|03:12:31|1645|0|0|0|0||173|0|25.5|79.6|0|0|0|0|0|0|3,620|4|03:16:50|Garmin Edge 1030|https://www.strava.com/activities/3182079770
3/12/2020|186.05|05:40:12|3172|0|265|0|0||0|0|32.8|81.7|79|131|0|0|0|1025|4,416|23|06:02:02|Garmin Edge 1030|https://www.strava.com/activities/3177137466
3/11/2020|25.65|01:15:52|761|0|206|0|0||0|0|20.3|80.6|61|191|0|0|0|716|765|17|02:39:18|Garmin Edge 1030|https://www.strava.com/activities/3176353999
3/10/2020|139.29|04:45:13|3307|0|288|0|0||0|0|29.3|76|74|165|0|0|0|923|3,793|18|04:57:22|Garmin Edge 1030|https://www.strava.com/activities/3171169716
3/9/2020|140.97|04:15:43|1435|0|253|0|0||0|0|33.1|73.4|77|197|0|0|0|1066|3,153|16|04:21:40|Garmin Edge 1030|https://www.strava.com/activities/3168412446
3/1/2020|205.01|04:55:00|1806|0|0|0|0||401|0|41.7|85|0|0|0|0|0|0|8,070|6|04:55:18|Garmin Edge 1030|https://www.strava.com/activities/3145949824
4/30/2020|89.46|03:05:49|1065|0|282|0|0||0|0|28.9|60.5|69|112|0|0|0|595|2,453|6|03:09:59|Garmin Edge 1030|https://www.strava.com/activities/3375438425
4/29/2020|31.44|01:07:54|839|0|331|0|0||0|0|27.8|66.6|68|110|0|0|0|503|1,017|10|01:10:46|Garmin Edge 1030|https://www.strava.com/activities/3371013210
4/28/2020|81.68|02:31:59|1110|0|0|0|0||0|0|32.2|79.2|72|138|0|0|0|0|2,154|12|02:38:17|Garmin Edge 1030|https://www.strava.com/activities/3366803613
4/27/2020|46.62|03:14:58|1605|0|0|0|0||0|0|14.3|51.8|0|0|0|0|0|0|2,626|15|03:38:40|Garmin Edge 1030|https://www.strava.com/activities/3362965936
4/24/2020|0|00:00:00|0|0|0|0|0||0|0|0|0|0|0|0|0|0|0||0|00:01:10|Garmin Edge 1030|https://www.strava.com/activities/3344478701
4/23/2020|109.83|04:08:52|1650|0|242|0|0||0|0|26.5|74.2|69|127|0|0|0|661|2,631|17|04:17:26|Garmin Edge 1030|https://www.strava.com/activities/3340476845
4/20/2020|112.66|03:46:08|1084|0|0|0|0||0|0|29.9|69.8|71|130|0|0|0|0|3,079|14|04:19:53|Garmin Edge 1030|https://www.strava.com/activities/3325785887
4/18/2020|9.41|00:16:57|126|0|0|0|0||0|0|33.3|67.7|72|145|131|147|0|0|196||00:19:27|Zwift|https://www.strava.com/activities/3316412994
4/17/2020|103.4|03:23:06|1306|0|0|0|0||0|0|30.5|76|71|120|0|0|0|0|2,430|20|03:41:03|Garmin Edge 1030|https://www.strava.com/activities/3311357138
4/14/2020|78.28|03:04:45|1433|0|225|0|0||0|0|25.4|69.5|70|121|0|0|0|520|2,161|5|03:16:43|Garmin Edge 1030|https://www.strava.com/activities/3297295390
4/13/2020|66.79|02:02:58|792|0|269|0|0||0|0|32.6|60.5|76|155|0|0|0|1131|1,744|18|02:57:14|Garmin Edge 1030|https://www.strava.com/activities/3293979168
4/11/2020|118.09|03:39:50|1305|0|265|0|0||0|0|32.2|67.7|75|112|0|0|0|860|3,020|20|03:44:47|Garmin Edge 1030|https://www.strava.com/activities/3285170236
4/10/2020|84.63|03:13:27|1159|0|197|0|0||0|0|26.2|64.4|70|146|0|0|0|474|1,925|18|08:33:34|Garmin Edge 1030|https://www.strava.com/activities/3282915086
4/9/2020|133.2|04:43:06|1904|0|237|0|0||0|0|28.2|61.2|71|128|0|0|0|674|3,362|20|08:14:54|Garmin Edge 1030|https://www.strava.com/activities/3276135592
4/8/2020|111.86|03:40:03|974|0|221|0|0||0|0|30.5|70.2|74|116|0|0|0|748|2,535|20|04:03:58|Garmin Edge 1030|https://www.strava.com/activities/3276122025
4/6/2020|77.58|02:33:06|1342|0|291|0|0||0|0|30.4|77.4|74|114|0|0|0|685|2,091|17|02:37:27|Garmin Edge 1030|https://www.strava.com/activities/3262708079
4/2/2020|88.06|03:16:01|1330|0|233|0|0||0|0|27|63|68|119|0|0|0|737|2,548|10|04:54:53|Garmin Edge 1030|https://www.strava.com/activities/3245909722
4/1/2020|77.24|02:30:02|1124|0|263|0|0||0|0|30.9|81.4|73|130|0|0|0|800|1,978|7|02:30:26|Garmin Edge 1030|https://www.strava.com/activities/3243145902
4/24/2020|176.61|06:21:29|2118|0|0|0|0||0|0|27.8|69.1|67|116|0|0|0|0|4,260|19|08:14:23|Garmin Edge 1030|https://www.strava.com/activities/3346386424
4/18/2020|43.46|00:55:03|355|0|0|0|0||0|0|47.4|72.7|94|218|90|185|0|0|1,102||00:55:03|Zwift|https://www.strava.com/activities/3316786853
4/16/2020|96.83|02:57:25|1294|0|288|0|0||0|0|32.7|72.7|74|142|0|0|0|1159|2,535|20|03:01:55|Garmin Edge 1030|https://www.strava.com/activities/3307695687
4/15/2020|79.32|02:47:38|1659|0|281|0|0||0|0|28.4|77.8|69|153|0|0|0|1163|2,196|17|02:53:00|Garmin Edge 1030|https://www.strava.com/activities/3302461714
4/7/2020|86.56|02:57:55|830|0|212|0|0||0|0|29.2|78.5|73|134|0|0|0|884|1,911|18|03:30:21|Garmin Edge 1030|https://www.strava.com/activities/3267439105
5/28/2020|51.29|02:47:11|1131|0|0|0|0||120|0|18.4|51.5|0|0|0|0|0|0|2,340|15|03:12:24|Garmin Edge 1030|https://www.strava.com/activities/3524837135
5/19/2020|17.48|00:55:16|1047|0|0|0|0||0|0|19|65.9|0|0|0|0|0|0|972||00:55:16|Zwift|https://www.strava.com/activities/3475589887
5/18/2020|215.94|07:15:41|2260|0|231|0|0||0|0|29.7|77.8|71|138|0|0|0|1327|5,097|21|09:23:59|Garmin Edge 1030|https://www.strava.com/activities/3472545888
5/16/2020|6.31|00:16:07|93|0|0|0|0||0|0|23.5|53.3|0|0|0|0|0|0|271|14|00:16:39|Garmin Edge 1030|https://www.strava.com/activities/3458785582
5/14/2020|29.86|00:39:36|350|0|0|0|0||0|0|45.3|68|0|0|0|0|0|0|805||00:39:36|Zwift|https://www.strava.com/activities/3450742840
5/14/2020|37.48|01:57:40|509|0|0|0|0||0|0|19.1|59.8|0|0|0|0|0|0|1,483|4|02:25:34|Garmin Edge 1030|https://www.strava.com/activities/3449467651
5/13/2020|35.04|00:55:18|546|0|0|0|0||0|0|38|82.4|0|0|0|0|0|0|916||00:55:18|Zwift|https://www.strava.com/activities/3443442272
5/12/2020|55.12|02:42:26|1145|0|0|0|0||135|0|20.4|51.8|0|0|0|0|0|0|2,578|8|02:55:42|Garmin Edge 1030|https://www.strava.com/activities/3440183834
5/9/2020|50.88|01:55:43|500|0|183|0|0||0|0|26.4|60.5|69|148|0|0|0|931|1,059|20|02:15:35|Garmin Edge 1030|https://www.strava.com/activities/3437589949
5/7/2020|57.35|02:07:47|744|0|0|0|0||150|0|26.9|57.6|0|0|0|0|0|0|2,428|18|03:01:28|Garmin Edge 1030|https://www.strava.com/activities/3412743033
5/4/2020|53.45|01:11:08|462|0|359|0|0||0|0|45.1|70.6|83|121|0|0|0|640|1,566||01:11:08|Zwift|https://www.strava.com/activities/3396757632
5/4/2020|2.07|00:03:55|14|0|0|0|0||0|0|31.8|43.9|76|98|0|0|0|0|38||00:51:31|Zwift|https://www.strava.com/activities/3396275882
5/31/2020|107.81|03:33:15|1702|0|0|0|0||0|0|30.3|84.2|72|169|0|0|0|0|2,738|15|04:11:22|Garmin Edge 1030|https://www.strava.com/activities/3541412565
5/30/2020|143.76|04:36:16|1865|0|250|0|0||0|0|31.2|97.2|73|128|0|0|0|1012|3,715|15|04:59:20|Garmin Edge 1030|https://www.strava.com/activities/3535823402
5/29/2020|51.21|03:51:07|2185|0|0|0|0||146|0|13.3|51.5|0|0|0|0|0|0|3,172|17|06:28:43|Garmin Edge 1030|https://www.strava.com/activities/3532604282
5/27/2020|74.72|02:31:57|606|0|0|0|0||0|0|29.5|51.1|69|108|0|0|0|0|1,982|19|04:32:04|Garmin Edge 1030|https://www.strava.com/activities/3519694375
5/25/2020|166.07|05:15:17|1530|0|0|0|0||0|0|31.6|70.6|72|145|0|0|0|0|4,216|15|05:50:11|Garmin Edge 1030|https://www.strava.com/activities/3510149518
5/24/2020|171.09|04:59:04|1963|0|287|0|0||0|0|34.3|84.6|75|142|0|0|0|1343|4,504|12|05:39:35|Garmin Edge 1030|https://www.strava.com/activities/3503703892
5/22/2020|67.96|03:51:07|1748|0|0|0|0||131|0|17.6|53.6|0|0|0|0|0|0|3,618|21|05:10:00|Garmin Edge 1030|https://www.strava.com/activities/3494504261
5/21/2020|64.81|03:23:09|1425|0|0|0|0||0|0|19.1|58.3|0|0|0|0|0|0|3,080|19|04:02:01|Garmin Edge 1030|https://www.strava.com/activities/3489986442
5/20/2020|154.86|05:19:54|2361|0|261|0|0||0|0|29|82.1|74|188|0|0|0|979|3,691|18|06:47:58|Garmin Edge 1030|https://www.strava.com/activities/3482468296
5/17/2020|127.48|04:45:02|1807|0|232|0|0||0|0|26.8|77.8|68|117|0|0|0|850|3,213|16|04:54:09|Garmin Edge 1030|https://www.strava.com/activities/3465772950
5/16/2020|26.48|00:34:24|458|0|363|0|0||0|0|46.2|92.9|0|0|0|0|0|615|756||00:34:51|Zwift|https://www.strava.com/activities/3460711967
5/16/2020|60.02|02:58:40|1346|0|0|0|0||0|0|20.2|56.2|0|0|0|0|0|0|2,831|15|03:47:08|Garmin Edge 1030|https://www.strava.com/activities/3460059518
5/8/2020|84.51|02:53:38|1362|0|279|0|0||0|0|29.2|76|69|155|0|0|0|1249|2,173|21|02:59:54|Garmin Edge 1030|https://www.strava.com/activities/3418020984
5/6/2020|73.46|01:51:26|1012|0|0|0|0||0|0|39.6|77.8|78|155|0|0|0|0|2,256||01:52:30|Zwift|https://www.strava.com/activities/3408326410
5/3/2020|56.29|02:21:59|858|0|0|0|0||133|0|23.8|67.3|0|0|0|0|0|0|||02:22:30||https://www.strava.com/activities/3389872051
5/1/2020|61.79|03:08:43|1458|0|0|0|0||144|0|19.6|47.2|0|0|0|0|0|0|2,941|6|03:15:43|Garmin Edge 1030|https://www.strava.com/activities/3379076320
6/30/2020|0.63|00:01:52|2|0|9|0|0||0|0|20.5|33.8|24|48|0|0|0|142||16|00:01:52|Garmin Edge 1030|https://www.strava.com/activities/3728578205
6/30/2020|191.47|07:18:41|4023|0|252|0|0||0|0|26.2|75.2|67|131|0|0|0|751|5,360|22|07:55:07|Garmin Edge 1030|https://www.strava.com/activities/3694154811
6/28/2020|0.41|00:01:13|0|0|13|0|0||0|0|20.6|30.2|62|71|0|0|0|127||14|00:01:13|Garmin Edge 1030|https://www.strava.com/activities/3728577485
6/28/2020|166.55|06:15:09|3813|0|0|0|0||0|0|26.6|80.3|68|112|0|0|0|0|4,688|20|06:46:46|Garmin Edge 1030|https://www.strava.com/activities/3685408016
6/27/2020|152.32|05:34:20|3288|0|0|0|0||0|0|27.3|84.2|67|130|0|0|0|0|4,232|22|06:21:28|Garmin Edge 1030|https://www.strava.com/activities/3679340000
6/26/2020|116.07|04:14:57|3067|0|293|0|0||0|0|27.3|82.4|69|152|0|0|0|740|3,554|17|04:32:26|Garmin Edge 1030|https://www.strava.com/activities/3674209594
6/24/2020|148.73|05:20:39|2710|0|0|0|0||0|0|27.8|71.6|70|197|0|0|0|0|3,902|24|05:45:11|Garmin Edge 1030|https://www.strava.com/activities/3664692610
6/23/2020|0.01|00:00:00|0|0|0|0|0||15|0|2.3|4.3|0|0|0|0|0|0||31|00:00:17|Garmin Edge 1030|https://www.strava.com/activities/3728575381
6/23/2020|0.83|00:02:26|6|0|59|0|0||0|0|20.6|37.1|59|78|0|0|0|247|5|26|00:02:26|Garmin Edge 1030|https://www.strava.com/activities/3728575192
6/23/2020|118.1|04:09:28|2532|0|267|0|0||0|0|28.4|73.1|69|142|0|0|0|874|3,257|23|04:34:13|Garmin Edge 1030|https://www.strava.com/activities/3658602058
6/21/2020|115.83|04:10:07|2360|0|0|0|0||199|0|27.8|77.4|0|0|0|0|0|0|5,294|10|04:30:16|Garmin Edge 1030|https://www.strava.com/activities/3649350228
6/20/2020|75.03|02:51:52|1897|0|0|0|0||0|0|26.2|70.9|68|116|0|0|0|0|2,439|16|03:01:58|Garmin Edge 1030|https://www.strava.com/activities/3644159412
6/16/2020|60.22|02:01:16|914|0|318|0|0||0|0|29.8|73.1|75|127|0|0|0|746|1,647|12|02:04:45|Garmin Edge 1030|https://www.strava.com/activities/3624414415
6/14/2020|178.05|05:53:42|1800|0|0|0|0||0|0|30.2|61.9|74|167|0|0|0|0|4,525|11|06:16:34|Garmin Edge 1030|https://www.strava.com/activities/3613644633
6/9/2020|0.05|00:00:00|0|0|0|0|0||0|0|24.6|25.9|83|88|0|0|0|0||7|00:00:08|Garmin Edge 1030|https://www.strava.com/activities/3588449731
6/9/2020|135.98|04:49:04|798|0|0|0|0||0|0|28.2|56.9|73|122|0|0|0|0|3,508|7|05:37:32|Garmin Edge 1030|https://www.strava.com/activities/3588450371
6/8/2020|0.18|00:00:00|4|0|0|0|0||0|0|16.9|21.2|68|74|0|0|0|0|3|12|00:11:25|Garmin Edge 1030|https://www.strava.com/activities/3586398330
6/8/2020|139.8|04:35:30|1892|0|0|0|0||0|0|30.4|79.6|75|125|0|0|0|0|3,674|15|04:51:57|Garmin Edge 1030|https://www.strava.com/activities/3583009004
6/5/2020|63.77|03:10:32|564|0|0|0|0||90|0|20.1|60.1|0|0|0|0|0|0|2,321|6|03:25:38|Garmin Edge 1030|https://www.strava.com/activities/3570433246
6/3/2020|37.11|01:08:13|603|0|0|0|0||0|0|32.6|60.8|77|107|0|0|0|0|859|18|01:09:02|Garmin Edge 1030|https://www.strava.com/activities/3570433403
6/3/2020|13.53|00:24:53|75|0|237|0|0||0|0|32.6|66.6|71|104|0|0|0|492|272|11|00:24:53|Garmin Edge 1030|https://www.strava.com/activities/3570433267
6/2/2020|61.75|02:04:28|1092|0|294|0|0||0|0|29.8|65.5|73|195|0|0|0|799|1,633|19|02:08:41|Garmin Edge 1030|https://www.strava.com/activities/3551438106
6/17/2020|203.98|06:40:04|1521|0|256|0|0||0|0|30.6|70.9|73|151|0|0|0|889|5,353|11|07:17:32|Garmin Edge 1030|https://www.strava.com/activities/3629204697
6/13/2020|172.03|05:36:23|2161|0|257|0|0||0|0|30.7|94|74|122|0|0|0|873|4,590|14|06:12:02|Garmin Edge 1030|https://www.strava.com/activities/3607599941
6/10/2020|145.75|04:42:16|1805|0|259|0|0||0|0|31|75.6|76|152|0|0|0|1158|3,896|13|15:41:30|Garmin Edge 1030|https://www.strava.com/activities/3597799315
7/29/2020|96.83|03:26:53|1585|0|282|0|0||0|0|28.1|78.8|70|133|0|0|0|783|2,436|13|03:39:38|Garmin Edge 1030|https://www.strava.com/activities/3831584053
7/27/2020|62.28|02:01:39|802|0|258|0|0||0|0|30.7|70.6|74|130|0|0|0|810|1,410|29|02:19:25|Garmin Edge 1030|https://www.strava.com/activities/3821594394
7/26/2020|21.05|00:59:52|53|0|0|0|0||87|0|21.1|41.4|0|0|0|0|0|0|||01:01:49||https://www.strava.com/activities/3815834798
7/26/2020|1.73|00:03:49|6|0|56|0|0||0|0|27.3|39.6|68|112|0|0|0|288|9|20|00:26:53|Garmin Edge 1030|https://www.strava.com/activities/3821593767
7/26/2020|91.86|03:09:31|1766|0|297|0|0||0|0|29.1|69.5|75|128|0|0|0|1115|2,742|18|03:14:02|Garmin Edge 1030|https://www.strava.com/activities/3814627206
7/22/2020|0.36|00:03:02|0|0|0|0|0||22|0|7.1|14.8|0|0|0|0|0|0|7|20|14:19:52|Garmin Edge 1030|https://www.strava.com/activities/3821593172
7/22/2020|0.04|00:00:00|1|0|0|0|0||105|0|5.9|14.8|0|0|0|0|0|0|3|16|00:08:06|Garmin Edge 1030|https://www.strava.com/activities/3821593066
7/21/2020|0.01|00:00:00|1|0|33|0|0||0|0|11.9|11.9|50|52|0|0|0|247|1|15|00:00:05|Garmin Edge 1030|https://www.strava.com/activities/3821592729
7/14/2020|0.01|00:00:00|0|0|27|0|0||0|0|12.8|13|55|56|0|0|0|250||13|00:00:03|Garmin Edge 1030|https://www.strava.com/activities/3821586676
7/14/2020|124.22|04:26:06|2556|0|292|0|0||0|0|28|73.4|72|129|0|0|0|1015|3,694|12|04:52:08|Garmin Edge 1030|https://www.strava.com/activities/3760941863
7/12/2020|7.49|00:15:13|29|0|0|0|0||92|0|29.6|54.7|0|0|0|0|0|0|247|11|00:20:23|Garmin Edge 1030|https://www.strava.com/activities/3821585916
7/11/2020|70.59|03:59:19|1041|0|0|0|0||97|0|17.7|54.7|0|0|0|0|0|0|3,149|5|04:03:34|Garmin Edge 1030|https://www.strava.com/activities/3746660878
7/11/2020|7.4|00:15:03|21|0|0|0|0||98|0|29.5|56.9|0|0|0|0|0|0|245|10|00:23:51|Garmin Edge 1030|https://www.strava.com/activities/3821585668
7/10/2020|3.22|00:20:22|251|0|0|0|0||176|0|9.5|16.6|0|0|0|0|0|0|292|28|00:22:19|Garmin Edge 1030|https://www.strava.com/activities/3821585601
7/9/2020|31.79|02:11:35|1318|0|0|0|0||146|0|14.5|50.8|0|0|0|0|0|0|1,958|25|02:14:53|Garmin Edge 1030|https://www.strava.com/activities/3735960136
7/8/2020|32.15|01:53:47|1016|0|0|0|0||143|0|17|48.6|0|0|0|0|0|0|1,727|15|02:09:55|Garmin Edge 1030|https://www.strava.com/activities/3732789932
7/5/2020|95.9|02:53:10|1220|0|0|0|0||218|0|33.2|73.4|0|0|0|0|0|0|||02:53:44||https://www.strava.com/activities/3717369949
7/4/2020|56.26|02:02:17|810|0|220|0|0||0|0|27.6|67.3|75|122|0|0|0|761|1,351|19|02:08:57|Garmin Edge 1030|https://www.strava.com/activities/3728578704
7/31/2020|65.15|02:11:36|1221|0|284|0|0||0|0|29.7|72.7|78|171|0|0|0|908|1,740|31|02:26:47|Garmin Edge 1030|https://www.strava.com/activities/3897270967
7/30/2020|32.02|01:12:31|440|0|162|0|0||0|0|26.5|55.8|71|121|0|0|0|725|514|36|01:51:08|Garmin Edge 1030|https://www.strava.com/activities/3897270504
7/23/2020|123.51|03:54:01|2600|0|300|0|0||0|0|31.7|93.2|74|118|0|0|0|1149|3,337|21|04:20:35|Garmin Edge 1030|https://www.strava.com/activities/3804726486
7/22/2020|109.18|04:07:27|2947|0|291|0|0||0|0|26.5|78.5|71|125|0|0|0|1038|3,290|20|13:34:21|Garmin Edge 1030|https://www.strava.com/activities/3800208606
7/21/2020|93.48|03:49:12|2538|0|292|0|0||0|0|24.5|73.8|66|200|0|0|0|1120|2,936|16|04:26:10|Garmin Edge 1030|https://www.strava.com/activities/3795378787
7/19/2020|172.35|06:05:45|4136|0|283|0|0||0|0|28.3|91.4|71|193|0|0|0|1134|5,160|18|07:07:49|Garmin Edge 1030|https://www.strava.com/activities/3786173546
7/18/2020|22.95|01:04:30|1201|0|329|0|0||0|0|21.3|65.5|0|0|0|0|0|485|1,330||01:04:30|Zwift|https://www.strava.com/activities/3780760702
7/18/2020|48.69|01:50:31|1235|0|220|0|0||0|0|26.4|80.6|68|192|0|0|0|584|1,854|17|01:56:14|Garmin Edge 1030|https://www.strava.com/activities/3782258582
7/17/2020|77.44|04:47:10|2589|0|0|0|0||140|0|16.2|48.6|0|0|0|0|0|0|4,410|10|06:26:15|Garmin Edge 1030|https://www.strava.com/activities/3782265293
7/16/2020|71.83|02:24:40|1285|0|283|0|0||0|0|29.8|93.2|74|187|0|0|0|1155|2,098|9|02:38:16|Garmin Edge 1030|https://www.strava.com/activities/3770150462
7/12/2020|61.38|03:15:20|1922|0|0|0|0||175|0|18.9|56.9|0|0|0|0|0|0|3,631|10|03:19:16|Garmin Edge 1030|https://www.strava.com/activities/3759133581
7/10/2020|34.21|01:33:40|1140|0|0|0|0||206|0|21.9|70.6|0|0|0|0|0|0|2,027|23|01:33:40|Garmin Edge 1030|https://www.strava.com/activities/3746668362
7/4/2020|37.34|00:47:14|434|0|371|0|0||0|0|47.4|82.8|82|123|0|0|0|600|1,086||00:48:53|Zwift|https://www.strava.com/activities/3712519180
8/22/2020|2.68|00:07:35|68|0|0|0|0||0|0|21.2|36|63|93|0|0|0|0|105|18|00:29:07|Garmin Edge 1030|https://www.strava.com/activities/3951021294
8/22/2020|128.41|04:17:02|1636|0|0|0|0||0|0|30|72.4|77|123|0|0|0|0|3,229|21|04:34:22|Garmin Edge 1030|https://www.strava.com/activities/3951021552
8/13/2020|119.58|03:59:28|1237|0|251|0|0||0|0|30|68.8|70|145|0|0|0|774|2,954|17|05:54:41|Garmin Edge 1030|https://www.strava.com/activities/3907471880
8/11/2020|141.74|04:31:01|2072|0|281|0|0||0|0|31.4|82.1|72|125|0|0|0|1109|3,712|26|04:52:16|Garmin Edge 1030|https://www.strava.com/activities/3897273506
8/6/2020|0.43|00:01:08|0|0|58|0|0||0|0|23.1|33.5|74|88|0|0|0|243|5|30|00:01:08|Garmin Edge 1030|https://www.strava.com/activities/3897272171
8/5/2020|0.13|00:00:00|2|0|0|0|0||201|0|27.1|34.9|0|0|0|0|0|0||28|00:00:18|Garmin Edge 1030|https://www.strava.com/activities/3897272082
8/5/2020|206.04|04:37:47|973|0|257|0|0||0|0|44.5|78.1|81|200|0|0|0|1125|3,478|30|05:04:06|Garmin Edge 1030|https://www.strava.com/activities/3897272771
8/4/2020|58.76|01:54:27|480|0|194|0|0||0|0|30.8|75.2|73|123|0|0|0|935|1,038|22|02:30:52|Garmin Edge 1030|https://www.strava.com/activities/3897271858
8/3/2020|199.41|04:49:10|788|0|310|0|0||0|0|41.4|81.4|82|133|0|0|0|1104|4,531|16|04:56:57|Garmin Edge 1030|https://www.strava.com/activities/3897272493
8/2/2020|33.14|01:03:34|123|0|181|0|0||0|0|31.3|50|76|103|0|0|0|668|584|29|01:04:05|Garmin Edge 1030|https://www.strava.com/activities/3897271240
8/31/2020|196.21|05:15:38|2046|0|0|0|0||0|0|37.3|83.5|74|133|0|0|0|0|3,901|20|05:16:03|Garmin Edge 820|https://www.strava.com/activities/3997771218
8/30/2020|195.36|05:39:49|3444|0|0|0|0||0|0|34.5|88.6|75|130|0|0|0|0|4,816|27|05:39:49|Garmin Edge 820|https://www.strava.com/activities/3988359222
8/29/2020|163.07|04:05:35|1247|0|0|0|0||0|0|39.8|70.2|80|116|0|0|0|0|3,557|21|04:05:35|Garmin Edge 820|https://www.strava.com/activities/3988355816
8/18/2020|196.6|04:54:14|2756|0|0|0|0||0|0|40.1|87.5|79|200|0|0|0|0|4,473|21|04:54:14|Garmin Edge 1030|https://www.strava.com/activities/3941873779
8/17/2020|147.52|03:31:09|1187|0|0|0|0||0|0|41.9|69.8|80|126|0|0|0|0|2,818|20|03:32:05|Garmin Edge 1030|https://www.strava.com/activities/3941860583
8/16/2020|190.9|04:36:07|1300|0|198|0|0||0|0|41.5|81.7|80|123|0|0|0|1047|5,802|26|04:42:23|Garmin Edge 1030|https://www.strava.com/activities/3922315016
8/15/2020|47.43|01:27:31|326|0|194|0|0||0|0|32.5|58|78|106|0|0|0|757|822|23|01:28:58|Garmin Edge 1030|https://www.strava.com/activities/3941841136
8/12/2020|193.9|06:16:03|2276|0|245|0|0||0|0|30.9|80.6|72|123|0|0|0|1134|4,896|20|07:14:27|Garmin Edge 1030|https://www.strava.com/activities/3905369813
8/8/2020|316.17|07:46:53|2614|0|0|0|0||358|0|40.6|97.6|0|0|0|0|0|0|12,478|32|07:48:58|Garmin Edge 1030|https://www.strava.com/activities/3897273056
9/30/2020|75.25|02:15:29|136|0|0|0|0||191|1555|33.3|52.6|0|0|0|0|0|0|3,163|14|03:13:43|Garmin Edge 1030|https://www.strava.com/activities/4318481085
9/29/2020|133.74|03:10:08|279|0|254|2472|0||0|0|42.2|67.3|81|119|0|0|217|1289|2,462|14|03:11:15|Garmin Edge 1030|https://www.strava.com/activities/4318481373
9/27/2020|207.78|05:34:59|4174|0|343|6061|0||0|0|37.2|85.3|84|192|0|0|302|1022|6,040|12|05:35:55|Garmin Edge 1030|https://www.strava.com/activities/4158973857
9/26/2020|67.71|02:19:58|1176|0|278|1765|0||0|0|29|78.1|78|120|0|0|210|1189|1,745|17|02:27:25|Garmin Edge 1030|https://www.strava.com/activities/4318472879
9/20/2020|129.09|03:24:13|861|0|142|382|0||0|0|37.9|78.5|79|136|0|0|31|815|4,124|26|03:25:44|Garmin Edge 1030|https://www.strava.com/activities/4318470187
9/18/2020|172.12|03:56:48|2022|0|265|1867|0||0|0|43.6|85.7|82|135|0|0|131|1220|4,763|29|03:57:29|Garmin Edge 1030|https://www.strava.com/activities/4318468339
9/17/2020|172.27|05:16:31|4361|0|317|5138|0||0|0|32.7|86.8|73|193|0|0|271|1148|5,120|22|05:18:01|Garmin Edge 1030|https://www.strava.com/activities/4318466266
9/16/2020|174.9|05:32:31|4120|0|305|5178|0||0|0|31.6|100.1|74|193|0|0|260|1055|5,195|25|05:32:31|Garmin Edge 1030|https://www.strava.com/activities/4318462322
9/15/2020|168.52|04:53:10|3528|0|218|2428|0||0|0|34.5|91.1|78|143|0|0|138|862|4,872|26|04:56:28|Garmin Edge 1030|https://www.strava.com/activities/4318457541
9/14/2020|35.26|01:14:28|139|0|119|432|0||0|0|28.4|50|80|116|0|0|97|427|427|24|01:18:58|Garmin Edge 1030|https://www.strava.com/activities/4318453613
9/13/2020|173.47|04:38:35|3453|0|290|4353|0||0|0|37.4|89.3|83|131|0|0|260|890|4,345|27|04:38:35|Garmin Edge 1030|https://www.strava.com/activities/4318453830
9/2/2020|185.6|04:28:54|1343|0|253|2912|0||0|0|41.4|79.6|77|130|0|0|181|1147|3,007|27|04:29:26|Garmin Edge 820|https://www.strava.com/activities/4018859441
9/1/2020|162.4|04:28:43|2978|0|0|0|0||0|0|36.3|94|76|136|0|0|0|0|4,129|20|04:29:52|Garmin Edge 820|https://www.strava.com/activities/3997775512
9/24/2020|105.83|03:49:35|2109|0|0|0|0||195|2691|27.7|74.2|0|0|0|0|0|0|4,829|15|04:11:02|Garmin Edge 1030|https://www.strava.com/activities/4108893694
9/12/2020|200.17|05:00:04|2551|0|291|4165|0||0|0|40|87.8|79|173|0|0|231|1095|4,151|25|05:00:04|Garmin Edge 1030|https://www.strava.com/activities/4318450435
9/11/2020|197.24|05:42:58|4295|0|304|5096|0||0|0|34.5|86.8|76|186|0|0|248|1018|5,107|23|05:43:28|Garmin Edge 1030|https://www.strava.com/activities/4318446868
9/10/2020|220.98|05:31:32|3398|0|295|4883|0||0|0|40|91.8|82|149|0|0|245|1210|4,868|26|05:31:32|Garmin Edge 1030|https://www.strava.com/activities/4318442942
9/9/2020|174.11|04:16:02|1080|0|245|2882|0||0|0|40.8|75.2|80|135|0|0|188|1070|2,888|29|04:16:50|Garmin Edge 1030|https://www.strava.com/activities/4318438776
9/8/2020|227.84|04:39:11|918|0|273|2924|0||0|0|49|124.9|85|169|0|0|175|1144|4,456|25|05:13:06|Garmin Edge 1030|https://www.strava.com/activities/4318435977
9/5/2020|142.56|04:41:05|3472|0|296|4054|0||0|0|30.4|91.1|74|187|0|0|240|1008|4,066|25|04:41:24|Garmin Edge 820|https://www.strava.com/activities/4018876822
9/4/2020|172.61|03:58:40|1952|0|300|3583|0||0|0|43.4|101.2|81|130|0|0|250|1066|3,596|29|04:00:17|Garmin Edge 820|https://www.strava.com/activities/4018873435
9/3/2020|193.96|05:13:08|2918|0|285|4571|0||0|0|37.2|93.2|77|184|0|0|243|1095|4,588|27|05:13:08|Garmin Edge 820|https://www.strava.com/activities/4018868567
10/24/2020|6.99|01:35:37|192|0|0|0|0||30|175|4.4|15.8|0|0|0|0|0|0|1,189|13|07:12:42|Garmin Edge 1030|https://www.strava.com/activities/4318487679
10/1/2020|197.42|07:18:40|2541|0|0|0|0||154|4066|27|74.2|0|0|0|0|0|0|4,534||7.05:02:17||https://www.strava.com/activities/4168032224
10/4/2020|83.24|03:08:56|561|0|0|0|0||130|1475|26.4|58|0|0|0|0|0|0|3,015|6|3.09:01:51|Garmin Edge 1030|https://www.strava.com/activities/4318482755
10/2/2020|7.99|00:10:49|113|0|414|259|0||0|0|44.3|82.4|88|109|0|0|398|979|258|14|00:11:24|Garmin Edge 1030|https://www.strava.com/activities/4158968116
10/31/2020|102.36|03:47:51|1435|0|0|0|0||177|2423|27|76.3|0|0|0|0|0|0|4,310|11|05:22:33|Garmin Edge 1030|https://www.strava.com/activities/4318489633
10/21/2020|112.18|02:26:24|336|0|168|412|0||0|0|46|73.1|92|123|0|0|47|1061|3,560|13|02:30:08|Garmin Edge 1030|https://www.strava.com/activities/4318487851
10/20/2020|44.74|01:24:59|82|0|0|0|0||173|881|31.6|49|0|0|110|156|0|0|580|9|01:44:25|Garmin Edge 1030|https://www.strava.com/activities/4318486460
10/18/2020|251.56|06:08:58|2054|0|0|0|0||380|8414|40.9|87.1|0|0|157|166|0|0|10,159|8|06:10:45|Garmin Edge 1030|https://www.strava.com/activities/4318486953
10/17/2020|49.3|01:31:37|70|0|0|0|0||173|951|32.3|47.5|0|0|107|138|0|0|553|4|01:37:04|Garmin Edge 1030|https://www.strava.com/activities/4318484665
10/16/2020|78.45|02:25:09|1078|0|0|0|0||226|1968|32.4|74.2|0|0|127|170|0|0|1,784|6|02:35:16|Garmin Edge 1030|https://www.strava.com/activities/4318484544
10/14/2020|174.7|03:38:38|255|0|0|0|0||505|6630|47.9|66.6|0|0|0|0|0|0|5,775|9|03:38:54|Garmin Edge 1030|https://www.strava.com/activities/4318484021
10/10/2020|52.41|01:36:35|111|0|0|0|0||186|1079|32.6|52.6|0|0|0|0|0|0|2,195|8|3.07:03:09|Garmin Edge 1030|https://www.strava.com/activities/4318483091
10/1/2020|159.99|03:32:59|311|0|0|0|0||435|5554|45.1|65.5|0|0|0|0|0|0|5,439|10|03:33:26|Garmin Edge 1030|https://www.strava.com/activities/4318482329
11/30/2020|53.96|01:30:12|495|0|287|1409|0||0|0|35.9|69.5|0|0|0|0|260|472|1,345||01:30:12|Zwift|https://www.strava.com/activities/4412335057
11/29/2020|3.93|00:08:09|57|0|220|104|0||0|0|29|67.3|0|0|0|0|212|298|96||00:08:09|Zwift|https://www.strava.com/activities/4408005763
11/27/2020|47.23|02:14:56|988|0|0|0|0||141|1145|21|60.1|0|0|0|0|0|0|2,202|7|02:24:17|Garmin Edge 1030|https://www.strava.com/activities/4397402718
11/25/2020|57.64|02:59:32|1060|0|0|0|0||118|1276|19.3|53.6|0|0|0|0|0|0|2,509|4|03:07:23|Garmin Edge 1030|https://www.strava.com/activities/4388874696
11/24/2020|60.93|02:57:54|1340|0|0|0|0||144|1538|20.6|56.5|0|0|0|0|0|0|2,829|5|03:07:52|Garmin Edge 1030|https://www.strava.com/activities/4384194295
11/23/2020|29.26|00:47:17|190|0|274|699|0||0|0|37.1|68.8|0|0|0|0|246|356|666||00:47:17|Zwift|https://www.strava.com/activities/4380780396
11/20/2020|41.79|01:49:29|537|0|0|0|0||129|848|22.9|54|0|0|0|0|0|0|1,765|2|01:56:01|Garmin Edge 1030|https://www.strava.com/activities/4364388338
11/18/2020|75.84|03:47:05|1749|0|0|0|0||149|2033|20|82.4|0|0|0|0|0|0|2,266||03:54:03||https://www.strava.com/activities/4355671832
11/15/2020|53.81|02:45:14|948|0|0|0|0||114|1133|19.5|58|0|0|0|0|0|0|2,433|9|03:01:52|Garmin Edge 1030|https://www.strava.com/activities/4341204382
11/14/2020|59.54|02:43:17|1036|0|0|0|0||134|1311|21.9|56.9|0|0|0|0|0|0|2,586|11|03:07:22|Garmin Edge 1030|https://www.strava.com/activities/4336833941
11/13/2020|48.16|02:25:53|934|0|0|0|0||121|1056|19.8|61.6|0|0|0|0|0|0|2,153|8|02:50:41|Garmin Edge 1030|https://www.strava.com/activities/4332187764
11/8/2020|17.14|00:26:10|68|0|269|410|0||0|0|39.3|54|0|0|0|0|261|371|391||00:26:10|Zwift|https://www.strava.com/activities/4309553634
11/8/2020|5.28|00:29:53|0|0|0|0|0||0|0|0|0|0|0|0|0|0|0|||00:00:00|Garmin fēnix 3|https://www.strava.com/activities/4311539521
11/7/2020|8|00:48:12|0|0|0|0|0||0|0|0|0|0|0|0|0|0|0|||00:00:00|Garmin fēnix 3|https://www.strava.com/activities/4304036486
11/7/2020|50.08|01:29:36|473|0|224|1118|0||0|0|33.5|67.3|0|0|0|0|208|599|1,066||01:29:36|Zwift|https://www.strava.com/activities/4301076141
11/6/2020|8.63|00:51:54|0|0|0|0|0||0|0|0|0|0|0|0|0|0|0|||00:00:00|Garmin fēnix 3|https://www.strava.com/activities/4298537479
11/28/2020|55.97|03:01:56|1047|0|0|0|0||111|1215|18.5|54|0|0|0|0|0|0|2,383|2|03:06:25|Garmin Edge 1030|https://www.strava.com/activities/4402271033
11/22/2020|47.4|02:38:41|1121|0|0|0|0||129|1229|17.9|54.7|0|0|0|0|0|0|2,194|5|02:52:41|Garmin Edge 1030|https://www.strava.com/activities/4374882352
11/21/2020|49.36|02:41:32|1091|0|0|0|0||132|1275|18.3|59.4|0|0|0|0|0|0|2,249|2|03:12:21|Garmin Edge 1030|https://www.strava.com/activities/4369869003
11/9/2020|39.68|01:52:13|545|0|0|0|0||107|720|21.2|59.4|0|0|0|0|0|0|1,557|5|02:05:26|Garmin Edge 1030|https://www.strava.com/activities/4318489792
12/31/2020|34.15|02:17:38|0|0|0|0|0||0|0|0|0|0|0|0|0|0|0|||00:00:00|Garmin fēnix 3|https://www.strava.com/activities/4545134866
12/30/2020|45.83|03:10:45|0|0|0|0|0||0|0|0|0|0|0|0|0|0|0|||00:00:00|Garmin fēnix 3|https://www.strava.com/activities/4540433243
12/28/2020|36.79|02:57:01|0|0|0|0|0||0|0|0|0|0|0|0|0|0|0|||00:00:00|Garmin fēnix 3|https://www.strava.com/activities/4532563378
12/27/2020|50.66|02:26:00|900|0|0|0|0||122|1072|20.8|55.8|0|0|0|0|0|0|2,171|7|03:07:49|Garmin Edge 1030|https://www.strava.com/activities/4524857032
12/26/2020|88.04|03:08:16|1485|0|277|2488|0||0|0|28.1|64.1|74|146|0|0|220|598|2,486|-1|03:18:11|Garmin Edge 1030|https://www.strava.com/activities/4519784493
12/23/2020|68.61|02:14:52|754|0|243|1658|0||0|0|30.5|65.9|77|106|0|0|205|787|1,651|8|02:26:11|Garmin Edge 1030|https://www.strava.com/activities/4508643884
12/22/2020|68.66|02:28:38|469|0|265|1696|0||0|0|27.7|69.1|72|109|0|0|190|1208|1,693|7|02:30:49|Garmin Edge 1030|https://www.strava.com/activities/4504492997
12/21/2020|52.66|01:57:36|881|0|258|1382|0||0|0|26.9|63|73|119|0|0|196|620|1,376|4|02:04:18|Garmin Edge 1030|https://www.strava.com/activities/4500244271
12/20/2020|104.6|03:22:35|1314|0|253|2559|0||0|0|31|65.9|75|122|0|0|210|1102|2,557|5|03:27:42|Garmin Edge 1030|https://www.strava.com/activities/4496717165
12/19/2020|96.13|03:12:36|1415|0|0|0|0||214|2476|29.9|69.5|75|123|0|0|0|0|2,761|5|03:32:15|Garmin Edge 1030|https://www.strava.com/activities/4491787816
12/18/2020|71.95|02:18:58|589|0|0|0|0||173|1442|31.1|63.7|0|0|0|0|0|0|1,608||02:24:42||https://www.strava.com/activities/4487146474
12/15/2020|36.78|01:00:16|327|0|266|918|0||0|0|36.6|65.2|77|113|0|0|254|360|876||01:00:16|Zwift|https://www.strava.com/activities/4476694611
12/14/2020|45.27|02:34:54|0|0|0|0|0||0|0|0|0|0|0|0|0|0|0|||00:00:00|Garmin fēnix 3|https://www.strava.com/activities/4471272268
12/13/2020|41.55|01:00:53|181|0|264|958|0||0|0|40.9|55.8|75|99|0|0|262|333|913||01:00:53|Zwift|https://www.strava.com/activities/4468365292
12/13/2020|5.5|00:10:16|17|0|185|109|0||0|0|32.1|45.4|71|90|0|0|176|259|103||00:10:16|Zwift|https://www.strava.com/activities/4466043619
12/13/2020|23.12|00:28:50|181|0|328|551|0||0|0|48.1|68|79|99|0|0|318|700|546||00:28:50|Zwift|https://www.strava.com/activities/4465947114
12/13/2020|19.32|00:30:04|116|0|247|444|0||0|0|38.6|53.3|75|102|0|0|246|350|426||00:30:04|Zwift|https://www.strava.com/activities/4465744686
12/13/2020|4.08|00:06:20|0|0|221|86|0||0|0|38.7|42.5|77|91|0|0|227|315|83||00:06:20|Zwift|https://www.strava.com/activities/4465592769
12/11/2020|32.92|02:19:07|0|0|0|0|0||0|0|0|0|0|0|0|0|0|0|||00:00:00|Garmin fēnix 3|https://www.strava.com/activities/4459574387
12/6/2020|26.19|00:34:24|252|0|316|639|0||0|0|45.7|68.4|0|0|0|0|309|479|625||00:35:18|Zwift|https://www.strava.com/activities/4465428507
12/5/2020|45.58|00:56:52|224|0|318|1065|0||0|0|48.1|68.4|0|0|172|187|312|700|1,078||00:56:52|Zwift|https://www.strava.com/activities/4433447473
12/4/2020|43.72|00:57:18|261|0|311|1025|0||0|0|45.8|62.3|0|0|0|0|298|508|1,033||00:57:18|Zwift|https://www.strava.com/activities/4428709692
12/3/2020|28.02|00:39:31|96|0|297|619|0||0|0|42.5|65.5|0|0|137|192|261|675|625||00:39:31|Zwift|https://www.strava.com/activities/4425374504
12/3/2020|28.09|00:41:23|232|0|303|633|0||0|0|40.7|62.6|0|0|143|190|255|654|684||00:41:42|Zwift|https://www.strava.com/activities/4425188118
12/2/2020|4.93|00:13:36|86|0|172|125|0||0|0|21.8|42.5|0|0|0|0|153|310|118||00:13:36|Zwift|https://www.strava.com/activities/4421801750
12/2/2020|23.79|00:28:35|196|0|347|587|0||0|0|49.9|61.6|0|0|0|0|342|645|640||00:28:35|Zwift|https://www.strava.com/activities/4421738446
12/1/2020|53.72|01:30:15|495|0|278|1363|0||0|0|35.7|69.8|0|0|0|0|252|460|1,301||01:30:15|Zwift|https://www.strava.com/activities/4416575300
loaded urls in 2.19:12:14.2209012
