date|distance|mov_time|elevation|relativeEffort|avg_power_weig|work_total|training_load|intensity|estAvgPower|energyOutput|avg_speed|max_speed|avg_cadence|max_cadence|avg_heartRate|max_heartRate|avg_power|max_power|avg_calories|avg_temperature|avg_elap_time|bicycle_model|url
29.01.2019|101,76|03:00:01|161|0|0|0|0||193|2,079|339|439|0|0|120|147|0|0|1,325|0|03:54:23|Garmin Edge 1000|https://www.strava.com/activities/2111011359
17.01.2019|175,54|05:59:53|3,265|0|253|4,646|249|63%|0|0|293|598|81|115|135|187|215|841|4,636|10|06:21:33|Garmin Edge 1000|https://www.strava.com/activities/2084904880
16.01.2019|93,16|03:08:33|1,272|0|0|0|0||174|1,968|296|580|0|0|129|168|0|0|1,788|11|03:14:40|Garmin Edge 1000|https://www.strava.com/activities/2082546271
16.01.2019|49,55|01:30:33|293|0|0|0|0||186|1,009|328|605|0|0|129|159|0|0|808|8|01:30:33|Garmin Edge 1000|https://www.strava.com/activities/2082545852
15.01.2019|130,83|04:00:09|1,141|0|0|0|0||192|2,772|327|583|0|0|130|181|0|0|2,092|12|04:05:18|Garmin Edge 1000|https://www.strava.com/activities/2080189355
13.01.2019|96,47|03:06:36|1,13|0|227|2,235|98|56%|0|0|310|612|86|115|129|176|200|573|2,232|11|03:07:13|Garmin Edge 1000|https://www.strava.com/activities/2076024340
13.01.2019|51|01:30:01|261|0|252|1,302|59|63%|0|0|340|594|89|126|0|0|241|458|1,300|2|01:30:01|Garmin Edge 1000|https://www.strava.com/activities/2074864850
12.01.2019|49,36|01:32:34|260|0|214|1,169|43|53%|0|0|320|500|90|121|115|144|211|432|1,169|8|01:33:19|Garmin Edge 1000|https://www.strava.com/activities/2072728159
02.01.2019|48,36|01:30:34|81|0|217|1,174|44|54%|0|0|320|450|90|117|127|151|216|931|1,174|2|01:32:01|Garmin Edge 1000|https://www.strava.com/activities/2050118042
31.01.2019|85,68|02:45:53|1,14|0|209|1,765|76|52%|0|0|310|760|86|124|108|167|177|771|1,766|18|02:50:02|Garmin Edge 1000|https://www.strava.com/activities/2115415954
19.01.2019|119,92|03:49:01|1,426|0|244|2,912|147|61%|0|0|314|684|86|115|127|183|212|768|2,907|9|04:06:11|Garmin Edge 1000|https://www.strava.com/activities/2088978588
18.01.2019|144,97|05:00:32|1,79|0|220|3,29|157|55%|0|0|289|594|86|111|0|0|182|864|3,280|8|05:21:24|Garmin Edge 1000|https://www.strava.com/activities/2086935575
11.01.2019|144,57|05:07:00|2,362|0|215|3,171|155|53%|0|0|283|655|84|169|0|0|172|832|3,161|7|05:54:50|Garmin Edge 1000|https://www.strava.com/activities/2071088560
10.01.2019|125,45|04:00:11|1,557|0|259|3,339|167|64%|0|0|313|590|86|122|137|171|232|916|3,324|7|04:09:35|Garmin Edge 1000|https://www.strava.com/activities/2068755671
09.01.2019|116,55|04:00:38|1,546|0|211|2,864|115|52%|0|0|291|655|84|121|120|162|198|609|2,864|12|04:22:04|Garmin Edge 1000|https://www.strava.com/activities/2066548861
27.02.2019|155,43|05:01:50|2,905|0|267|4,108|224|66%|0|0|309|742|84|113|0|0|227|643|4,581|16|05:21:16|SRM PC8|https://www.strava.com/activities/2179462336
26.02.2019|96,54|02:54:40|232|0|224|2,284|96|56%|0|0|332|583|89|122|0|0|218|963|2,546|16|03:09:53|SRM PC8|https://www.strava.com/activities/2176619348
26.02.2019|0|01:02:16|0|0|270|982|46|67%|0|0|0|0|94|113|0|0|263|446|1,095|19|01:02:16|SRM PC8|https://www.strava.com/activities/2176083349
24.02.2019|31,94|00:59:50|26|0|211|760|28|52%|0|0|320|461|85|122|0|0|212|960|847|10|01:02:18|SRM PC8|https://www.strava.com/activities/2171289540
17.02.2019|40,04|01:16:31|120|0|208|954|41|52%|0|0|314|504|87|121|111|140|208|864|1,123|6|01:32:16|Garmin Edge 1000|https://www.strava.com/activities/2155198330
16.02.2019|49,41|01:33:54|62|0|204|1,154|41|51%|0|0|316|418|87|110|114|142|205|401|1,151|7|01:36:14|Garmin Edge 1000|https://www.strava.com/activities/2152357111
09.02.2019|31,37|01:00:02|444|0|257|860|40|64%|0|0|314|626|83|113|0|0|239|393|859|4|01:00:02|Garmin Edge 1000|https://www.strava.com/activities/2133503420
03.02.2019|24,82|01:01:24|477|0|182|636|21|45%|0|0|243|580|74|105|98|118|173|409|636|6|01:02:31|Garmin Edge 1000|https://www.strava.com/activities/2120737246
22.02.2019|147|05:00:01|3,033|0|261|4,075|223|65%|0|0|294|742|83|119|0|0|226|579|4,544|10|05:44:31|SRM PC8|https://www.strava.com/activities/2167141724
14.02.2019|26,57|01:00:29|442|0|190|644|23|47%|0|0|264|594|78|113|103|123|178|738|644|10|01:39:52|Garmin Edge 1000|https://www.strava.com/activities/2148183948
13.02.2019|165|05:15:57|2,753|0|252|4,133|217|63%|0|0|313|709|84|117|132|187|218|771|4,130|11|05:44:45|Garmin Edge 1000|https://www.strava.com/activities/2143351244
12.02.2019|165,47|05:03:59|2,083|0|254|3,735|210|63%|0|0|327|637|83|117|129|190|205|843|3,728|11|05:20:52|Garmin Edge 1000|https://www.strava.com/activities/2141033336
11.02.2019|29,72|00:58:20|43|0|169|534|18|42%|0|0|306|418|83|109|88|115|153|647|528|13|01:53:40|Garmin Edge 1000|https://www.strava.com/activities/2138673399
10.02.2019|145,56|04:41:50|1,797|0|215|2,995|140|53%|0|0|310|698|79|116|111|165|177|818|3,017|12|05:03:05|Garmin Edge 1000|https://www.strava.com/activities/2136908004
09.02.2019|100,14|03:08:26|996|0|202|2,084|80|50%|0|0|319|619|87|116|0|0|184|647|2,092|13|03:14:42|Garmin Edge 1000|https://www.strava.com/activities/2134156814
08.02.2019|133,03|04:15:24|1,809|0|245|3,093|165|61%|0|0|313|652|82|112|125|190|202|781|3,100|12|04:52:27|Garmin Edge 1000|https://www.strava.com/activities/2132150337
07.02.2019|42,31|01:18:35|64|0|143|590|17|35%|0|0|323|436|87|115|87|125|125|609|592|10|01:24:35|Garmin Edge 1000|https://www.strava.com/activities/2129878422
06.02.2019|186,6|05:57:16|3,129|0|226|3,973|193|56%|0|0|313|749|82|123|116|178|185|720|3,972|13|06:16:26|Garmin Edge 1000|https://www.strava.com/activities/2128523340
05.02.2019|167,61|04:55:06|1,719|0|217|3,264|148|54%|0|0|341|677|85|119|116|165|184|815|3,265|14|05:25:21|Garmin Edge 1000|https://www.strava.com/activities/2125798329
04.02.2019|124,4|04:01:03|1,659|0|241|2,602|151|60%|0|0|310|688|81|125|121|194|180|776|2,600|11|04:21:18|Garmin Edge 1000|https://www.strava.com/activities/2123520358
02.02.2019|148,41|04:54:26|2,24|0|235|3,344|174|58%|0|0|302|731|80|119|123|185|189|620|3,353|10|05:10:33|Garmin Edge 1000|https://www.strava.com/activities/2119048342
01.02.2019|147,6|04:29:02|1,615|0|204|2,81|119|51%|0|0|329|749|86|120|110|158|174|654|2,806|16|04:38:07|Garmin Edge 1000|https://www.strava.com/activities/2117096851
31.03.2019|153,67|03:30:38|1,037|0|263|2,896|148|65%|0|0|438|713|88|124|137|180|229|917|3,229|18|03:30:38|SRM PC8|https://www.strava.com/activities/2256634650
30.03.2019|167,96|04:06:27|1,554|0|250|2,931|158|62%|0|0|409|799|87|129|0|0|198|869|3,268|20|04:07:36|SRM PC8|https://www.strava.com/activities/2252665077
29.03.2019|176,14|04:03:24|1,887|0|254|3,046|161|63%|0|0|434|828|87|118|0|0|209|881|3,397|20|04:03:24|SRM PC8|https://www.strava.com/activities/2249777460
28.03.2019|175,14|04:10:35|2,007|0|285|3,657|209|71%|0|0|419|792|88|127|0|0|243|861|4,077|13|04:10:35|SRM PC8|https://www.strava.com/activities/2249777553
27.03.2019|151,11|03:14:45|1,124|0|294|2,941|172|73%|0|0|466|806|88|126|0|0|252|928|3,279|15|03:14:45|SRM PC8|https://www.strava.com/activities/2245076334
26.03.2019|4,59|00:10:05|26|0|191|89|3|47%|0|0|273|374|80|110|0|0|147|388|89|9|00:12:23|Garmin Edge 1000|https://www.strava.com/activities/2382049778
26.03.2019|174,76|04:14:11|1,664|0|247|3,118|159|61%|0|0|413|806|86|125|0|0|204|879|3,476|15|04:27:49|SRM PC8|https://www.strava.com/activities/2242507427
26.03.2019|171,02|04:01:39|1,526|0|294|3,455|215|73%|0|0|425|763|85|127|0|0|238|1,147|3,463|10|04:03:09|Garmin Edge 1000|https://www.strava.com/activities/2382049930
25.03.2019|165,29|03:58:11|1,284|0|266|3,271|173|66%|0|0|416|785|86|127|0|0|229|877|3,647|15|03:59:00|SRM PC8|https://www.strava.com/activities/2240105880
24.03.2019|43,56|01:26:50|336|0|189|854|34|47%|0|0|301|634|87|124|0|0|164|633|952|14|01:34:26|SRM PC8|https://www.strava.com/activities/2237916510
22.03.2019|36,98|01:00:03|24|0|0|0|0||245|883|370|518|0|0|0|0|0|0|984|20|01:02:06|SRM PC8|https://www.strava.com/activities/2231964025
22.03.2019|33,65|00:57:40|40|0|253|872|40|63%|0|0|350|900|90|113|0|0|252|945|972|7|01:00:45|SRM PC8|https://www.strava.com/activities/2231285184
21.03.2019|65,02|02:01:01|252|0|219|1,553|61|54%|0|0|322|583|87|107|0|0|214|841|1,731|12|02:05:30|SRM PC8|https://www.strava.com/activities/2228942408
20.03.2019|151,88|04:59:59|2,859|0|265|4,158|220|66%|0|0|304|792|83|127|0|0|231|868|4,637|11|05:15:48|SRM PC8|https://www.strava.com/activities/2227108450
19.03.2019|63,24|01:58:14|105|0|224|1,568|65|56%|0|0|321|475|86|110|0|0|221|749|1,749|8|02:05:20|SRM PC8|https://www.strava.com/activities/2223992797
18.03.2019|27,5|00:55:10|50|0|180|599|21|45%|0|0|299|396|88|111|0|0|181|799|668|9|01:20:52|SRM PC8|https://www.strava.com/activities/2221754420
17.03.2019|186,36|04:43:28|2,289|0|0|0|0||366|6,22|394|713|0|0|0|0|0|0|6,936|11|04:44:05|SRM PC8|https://www.strava.com/activities/2221026049
16.03.2019|34,66|01:04:08|232|0|222|788|32|55%|0|0|324|554|91|119|0|0|205|617|879|14|01:04:27|SRM PC8|https://www.strava.com/activities/2217953938
15.03.2019|0|01:06:41|0|0|210|873|29|52%|0|0|0|0|93|106|0|0|218|308|974|20|01:06:41|SRM PC8|https://www.strava.com/activities/2214515097
13.03.2019|28,24|00:59:17|74|0|184|658|21|46%|0|0|286|410|87|111|0|0|185|376|733|7|01:02:00|SRM PC8|https://www.strava.com/activities/2210124459
11.03.2019|0|00:30:01|0|0|205|371|12|51%|0|0|0|0|100|120|0|0|206|349|414|20|00:30:01|SRM PC8|https://www.strava.com/activities/2206148355
11.03.2019|132,95|03:56:38|573|0|270|3,511|182|67%|0|0|337|727|87|113|0|0|247|874|3,914|8|04:03:38|SRM PC8|https://www.strava.com/activities/2206148621
09.03.2019|51,48|01:28:05|38|0|278|1,331|72|69%|0|0|351|526|89|115|0|0|252|901|1,484|11|01:31:22|SRM PC8|https://www.strava.com/activities/2200685833
08.03.2019|31,84|00:57:45|24|0|227|785|32|56%|0|0|331|482|88|120|0|0|226|960|875|9|01:01:11|SRM PC8|https://www.strava.com/activities/2198757246
03.03.2019|156,69|03:48:54|836|0|300|3,797|210|74%|0|0|411|706|89|120|0|0|276|936|4,233|14|03:48:54|SRM PC8|https://www.strava.com/activities/2189341154
02.03.2019|49,28|01:29:37|74|0|241|1,217|54|60%|0|0|330|526|89|125|0|0|226|974|1,357|10|01:30:57|SRM PC8|https://www.strava.com/activities/2185170823
29.04.2019|33,7|01:00:39|0|0|0|0|0||182|661|333|533|0|0|113|123|0|0|737|21|01:02:57|SRM PC8|https://www.strava.com/activities/2327677411
28.04.2019|172,1|04:13:55|24|0|287|3,826|213|71%|0|0|407|785|90|122|0|0|251|839|4,266|12|04:13:55|SRM PC8|https://www.strava.com/activities/2327347135
27.04.2019|133,37|03:30:46|2,341|0|297|3,149|226|74%|0|0|380|871|90|134|0|0|249|871|3,511|8|04:08:38|SRM PC8|https://www.strava.com/activities/2323574937
26.04.2019|33,83|01:04:49|314|0|197|688|26|49%|0|0|313|562|87|121|0|0|177|584|767|19|01:06:54|SRM PC8|https://www.strava.com/activities/2320449249
25.04.2019|32,61|01:00:00|26|0|205|731|26|51%|0|0|326|454|87|109|109|147|203|568|815|14|01:01:01|SRM PC8|https://www.strava.com/activities/2317330978
24.04.2019|17,52|00:29:01|14|0|0|0|0||236|411|362|490|0|0|131|145|0|0|458|25|00:29:01|SRM PC8|https://www.strava.com/activities/2315462271
24.04.2019|110,77|03:28:44|630|0|216|2,518|104|54%|0|0|318|634|85|114|119|168|201|724|2,808|23|03:36:04|SRM PC8|https://www.strava.com/activities/2315462507
23.04.2019|29,84|00:56:48|102|0|200|679|25|50%|0|0|315|511|87|114|108|132|199|485|757|17|01:00:46|SRM PC8|https://www.strava.com/activities/2311977538
22.04.2019|33,21|01:00:58|32|0|201|739|26|50%|0|0|327|410|89|106|111|128|202|441|824|22|01:02:36|SRM PC8|https://www.strava.com/activities/2311977542
21.04.2019|95,89|02:07:59|656|0|273|1,846|98|68%|0|0|450|749|88|117|0|0|240|949|2,058|25|02:07:59|SRM PC8|https://www.strava.com/activities/2309065185
20.04.2019|196,79|04:46:22|2,046|0|258|3,634|195|64%|0|0|412|785|86|144|0|0|212|872|4,052|29|04:46:22|SRM PC8|https://www.strava.com/activities/2305348288
19.04.2019|213,22|05:00:49|1,286|0|222|3,277|151|55%|0|0|425|857|87|121|126|188|182|905|3,654|28|05:00:49|SRM PC8|https://www.strava.com/activities/2302711456
18.04.2019|189,16|04:20:31|1,431|0|282|4,032|212|70%|0|0|436|770|90|127|158|195|258|916|4,495|26|04:20:31|SRM PC8|https://www.strava.com/activities/2299527484
17.04.2019|180,13|04:08:56|636|0|215|2,705|117|53%|0|0|434|677|89|122|129|189|181|916|3,017|24|04:09:23|SRM PC8|https://www.strava.com/activities/2297005563
16.04.2019|39,02|01:16:51|172|0|194|780|30|48%|0|0|305|583|87|112|105|153|169|778|870|15|01:18:52|SRM PC8|https://www.strava.com/activities/2296005808
15.04.2019|32,94|01:00:06|22|0|0|0|0||182|657|329|468|0|0|0|0|0|0|733|8|01:01:12|SRM PC8|https://www.strava.com/activities/2291183078
14.04.2019|104,43|02:32:15|1,505|0|285|2,175|127|71%|0|0|412|799|85|123|143|180|238|911|2,425|11|02:32:15|SRM PC8|https://www.strava.com/activities/2291014687
14.04.2019|62,79|01:35:56|1,086|0|324|1,732|102|80%|0|0|393|792|90|124|161|185|301|844|1,931|5|01:35:56|SRM PC8|https://www.strava.com/activities/2291014679
13.04.2019|161,53|04:14:03|2,9|0|282|3,492|207|70%|0|0|382|986|84|136|143|197|229|875|3,893|11|04:14:37|SRM PC8|https://www.strava.com/activities/2287014480
12.04.2019|191,96|05:01:37|2,755|0|259|3,829|207|64%|0|0|382|857|86|126|139|190|212|887|4,269|13|05:02:44|SRM PC8|https://www.strava.com/activities/2284551291
11.04.2019|49,67|01:29:38|72|0|237|1,204|54|59%|0|0|333|533|90|122|0|0|224|918|1,343|5|01:33:53|SRM PC8|https://www.strava.com/activities/2281256641
10.04.2019|52,37|01:30:36|46|0|259|1,371|64|64%|0|0|347|518|90|108|0|0|252|920|1,529|9|01:33:58|SRM PC8|https://www.strava.com/activities/2278935284
07.04.2019|32,08|00:58:30|26|0|200|705|25|50%|0|0|329|439|89|104|0|0|201|390|786|13|01:00:59|SRM PC8|https://www.strava.com/activities/2270996507
06.04.2019|135,31|04:31:32|2,775|0|254|3,577|184|63%|0|0|299|763|81|126|127|173|220|761|3,989|14|04:50:19|SRM PC8|https://www.strava.com/activities/2269027494
05.04.2019|36,41|01:05:19|531|0|0|0|0||238|933|334|706|0|0|127|174|0|0|1,040|14|01:05:19|SRM PC8|https://www.strava.com/activities/2266762046
05.04.2019|116,4|03:54:55|2,29|0|243|3,112|144|60%|0|0|297|720|82|127|126|166|221|870|3,470|12|04:09:08|SRM PC8|https://www.strava.com/activities/2266762349
04.04.2019|156,08|05:00:02|2,917|0|267|4,23|221|66%|0|0|312|742|85|122|142|190|235|554|4,717|8|05:08:05|SRM PC8|https://www.strava.com/activities/2264520777
03.04.2019|65,32|01:59:05|176|0|212|1,508|56|53%|0|0|329|468|91|110|123|148|211|908|1,681|8|02:00:49|SRM PC8|https://www.strava.com/activities/2262082180
01.04.2019|32,45|00:59:59|16|0|0|0|0||177|638|325|410|0|0|106|124|0|0|711|9|01:01:12|SRM PC8|https://www.strava.com/activities/2256786735
28.05.2019|0|01:03:02|0|0|224|835|32|56%|0|0|0|0|91|108|0|0|221|373|931|0|01:03:02|SRM PC8|https://www.strava.com/activities/2403457083
27.05.2019|34,19|01:00:05|112|0|228|817|33|57%|0|0|341|504|92|111|0|0|227|894|911|0|01:01:50|SRM PC8|https://www.strava.com/activities/2400776506
26.05.2019|61,45|01:59:58|521|0|202|1,437|50|50%|0|0|307|720|87|132|116|132|200|515|1,602|0|02:00:46|SRM PC8|https://www.strava.com/activities/2397958561
25.05.2019|128,62|04:00:09|2,35|0|258|3,33|168|64%|0|0|321|763|88|129|146|190|231|840|3,713|0|04:11:18|SRM PC8|https://www.strava.com/activities/2395864817
24.05.2019|32,53|01:00:28|187|0|205|738|27|51%|0|0|323|684|90|111|0|0|203|513|822|0|01:02:32|SRM PC8|https://www.strava.com/activities/2393117183
23.05.2019|26,83|00:45:03|24|0|0|0|0||230|621|357|497|0|0|0|0|0|0|693|24|00:45:03|SRM PC8|https://www.strava.com/activities/2390520794
23.05.2019|75,04|02:14:54|530|0|234|1,767|78|58%|0|0|334|698|88|111|0|0|218|913|1,970|23|02:21:57|SRM PC8|https://www.strava.com/activities/2390521096
22.05.2019|99,99|03:03:10|540|0|228|2,315|101|57%|0|0|328|677|88|110|124|236|211|625|2,581|17|03:10:25|SRM PC8|https://www.strava.com/activities/2387458684
21.05.2019|52,35|01:30:06|38|0|0|0|0||213|1,152|349|504|0|0|116|140|0|0|1,285|14|01:32:11|SRM PC8|https://www.strava.com/activities/2384613717
20.05.2019|33,75|01:00:00|6|0|0|0|0||194|699|338|475|0|0|113|131|0|0|780|15|01:00:00|SRM PC8|https://www.strava.com/activities/2382802511
15.05.2019|35,11|01:00:00|32|0|0|0|0||216|779|351|475|0|0|113|145|0|0|868|15|01:01:00|SRM PC8|https://www.strava.com/activities/2368989921
13.05.2019|33,11|00:59:59|34|0|0|0|0||193|693|331|439|0|0|0|0|0|0|773|13|01:01:01|SRM PC8|https://www.strava.com/activities/2363664319
11.05.2019|0|01:05:05|7|0|243|953|39|60%|0|0|0|0|89|122|0|0|244|573|1,062|20|01:05:05|SRM PC8|https://www.strava.com/activities/2357884381
10.05.2019|0|01:04:41|12|0|205|832|27|51%|0|0|0|0|92|128|0|0|214|533|928|21|01:04:41|SRM PC8|https://www.strava.com/activities/2356223718
10.05.2019|50,85|01:27:40|58|0|264|1,281|67|66%|0|0|348|468|92|108|0|0|244|513|1,428|10|01:34:25|SRM PC8|https://www.strava.com/activities/2355702831
09.05.2019|32,18|00:58:26|21|0|208|732|27|52%|0|0|331|446|91|115|0|0|209|925|816|15|01:01:18|SRM PC8|https://www.strava.com/activities/2353442249
06.05.2019|126,87|03:59:31|2,3|0|254|3,377|165|63%|0|0|318|734|85|119|137|178|235|525|3,765|10|04:13:51|SRM PC8|https://www.strava.com/activities/2346366397
01.05.2019|32,91|01:00:01|110|0|217|774|29|54%|0|0|329|475|90|109|0|0|215|563|863|13|01:01:44|SRM PC8|https://www.strava.com/activities/2332563448
31.05.2019|144,13|03:53:46|2,649|0|282|3,42|190|70%|0|0|370|828|88|118|0|0|244|1,041|3,813|0|03:53:46|SRM PC8|https://www.strava.com/activities/2412394492
30.05.2019|138,95|03:39:22|0|0|278|3,074|174|69%|0|0|380|900|87|131|0|0|234|930|3,428|0|03:39:22|SRM PC8|https://www.strava.com/activities/2409907897
29.05.2019|145,1|03:32:04|0|0|231|1,367|115|57%|0|0|411|1030|85|126|0|0|107|844|1,525|0|03:40:20|SRM PC8|https://www.strava.com/activities/2407255086
19.05.2019|195,74|04:29:23|982|0|284|4,085|221|70%|0|0|436|655|93|125|148|180|253|913|4,088|13|04:29:23|Garmin Edge 1000|https://www.strava.com/activities/2382050069
18.05.2019|188,68|04:27:01|1,209|0|274|3,766|206|68%|0|0|424|814|93|141|147|188|235|885|4,199|15|04:27:29|SRM PC8|https://www.strava.com/activities/2377873356
17.05.2019|128,71|02:46:21|671|0|296|2,708|148|73%|0|0|464|734|93|121|165|236|271|924|3,019|22|02:46:21|SRM PC8|https://www.strava.com/activities/2376310976
12.05.2019|182,18|04:32:05|2,827|0|213|1,224|127|53%|0|0|402|828|91|125|0|0|75|841|1,365|16|04:33:04|SRM PC8|https://www.strava.com/activities/2363506349
07.05.2019|149,69|04:59:32|2,888|0|243|3,949|187|60%|0|0|300|785|85|127|131|214|220|767|4,403|12|05:23:01|SRM PC8|https://www.strava.com/activities/2348922339
03.05.2019|64,76|02:02:26|281|0|218|1,456|60|54%|0|0|317|598|90|124|0|0|198|642|1,623|11|02:05:03|SRM PC8|https://www.strava.com/activities/2338106485
28.06.2019|47,28|01:29:56|209|0|192|1,051|36|48%|0|0|315|605|87|111|0|0|195|482|1,172|0|01:37:40|SRM PC8|https://www.strava.com/activities/2486715091
27.06.2019|60,37|01:59:52|137|0|166|1,21|36|41%|0|0|302|454|87|111|108|130|168|355|1,349|0|02:46:53|SRM PC8|https://www.strava.com/activities/2484343217
25.06.2019|53,33|01:30:55|118|0|243|1,249|55|60%|0|0|352|504|91|124|137|180|229|928|1,393|0|01:31:49|SRM PC8|https://www.strava.com/activities/2478592470
24.06.2019|105,28|03:00:30|304|0|238|2,456|110|59%|0|0|350|648|91|111|153|185|227|558|2,739|0|03:14:12|SRM PC8|https://www.strava.com/activities/2476232466
23.06.2019|101,48|03:00:10|361|0|230|2,369|101|57%|0|0|338|698|91|118|140|181|219|610|2,642|0|03:07:26|SRM PC8|https://www.strava.com/activities/2473306787
22.06.2019|65,75|02:00:11|274|0|222|1,521|63|55%|0|0|328|540|92|114|125|173|211|732|1,695|0|02:09:35|SRM PC8|https://www.strava.com/activities/2470288465
14.06.2019|9,42|00:11:55|0|0|0|0|0||502|359|475|626|0|0|0|0|0|0|400|0|00:11:55|SRM PC8|https://www.strava.com/activities/2449467575
11.06.2019|33,07|01:00:01|95|0|212|766|29|53%|0|0|331|446|92|110|0|0|213|566|854|0|01:02:44|SRM PC8|https://www.strava.com/activities/2440996181
10.06.2019|34,49|01:01:50|65|0|206|760|26|51%|0|0|335|439|90|112|116|133|205|900|847|0|01:01:50|SRM PC8|https://www.strava.com/activities/2438418863
09.06.2019|18,05|00:32:52|0|0|199|394|13|49%|0|0|330|410|90|109|144|157|200|485|439|0|00:33:29|SRM PC8|https://www.strava.com/activities/2436830617
08.06.2019|31,24|00:59:59|0|0|202|731|25|50%|0|0|313|446|90|111|114|133|203|479|815|0|01:00:52|SRM PC8|https://www.strava.com/activities/2432537938
07.06.2019|34,09|00:59:59|0|0|0|0|0||199|717|341|562|0|0|107|168|0|0|800|0|01:18:49|SRM PC8|https://www.strava.com/activities/2430338199
05.06.2019|51,48|01:30:00|0|0|0|0|0||196|1,056|343|504|0|0|106|119|0|0|1,178|0|01:30:00|SRM PC8|https://www.strava.com/activities/2425526677
03.06.2019|29|00:57:32|0|0|179|622|20|44%|0|0|302|454|90|108|0|0|180|377|693|0|01:01:34|SRM PC8|https://www.strava.com/activities/2420748238
02.06.2019|99,93|02:34:28|0|0|290|2,178|133|72%|0|0|388|886|87|127|0|0|235|808|2,429|0|02:34:28|SRM PC8|https://www.strava.com/activities/2420744028
01.06.2019|169,39|04:41:06|3,389|0|265|3,634|203|66%|0|0|362|886|87|132|0|0|215|841|4,052|0|04:41:33|SRM PC8|https://www.strava.com/activities/2415368932
30.06.2019|154,06|05:04:21|3,011|0|224|3,558|162|56%|0|0|304|878|84|138|0|0|195|806|3,967|0|05:31:38|SRM PC8|https://www.strava.com/activities/2492373911
29.06.2019|183,31|05:59:57|3,37|0|227|4,346|198|56%|0|0|306|922|85|131|0|0|201|887|4,846|0|06:51:12|SRM PC8|https://www.strava.com/activities/2490497964
26.06.2019|181,46|04:21:43|1,853|0|289|3,962|225|72%|0|0|416|749|88|133|0|0|252|872|4,418|0|04:21:43|SRM PC8|https://www.strava.com/activities/2482710604
16.06.2019|162,45|03:28:08|676|0|249|2,8|133|62%|0|0|468|828|89|134|24|165|224|909|3,123|0|03:29:18|SRM PC8|https://www.strava.com/activities/2455603302
15.06.2019|155,76|03:52:05|2,631|0|153|349|56|38%|0|0|403|907|88|133|2|180|25|777|389|0|03:54:10|SRM PC8|https://www.strava.com/activities/2452350600
13.06.2019|184,64|04:36:48|0|0|271|3,809|209|67%|0|0|400|1008|87|133|0|0|229|933|4,247|0|04:38:22|SRM PC8|https://www.strava.com/activities/2447194092
12.06.2019|187,3|04:25:38|0|0|248|3,367|170|62%|0|0|423|612|92|127|0|0|211|852|3,754|0|04:28:10|SRM PC8|https://www.strava.com/activities/2444406879
09.06.2019|182,4|04:04:57|1,055|0|289|3,792|210|72%|0|0|447|914|92|124|158|191|258|862|4,228|0|04:04:57|SRM PC8|https://www.strava.com/activities/2436831831
04.06.2019|174,23|03:42:15|0|0|282|3,437|181|70%|0|0|470|828|92|118|152|186|258|943|3,832|0|03:42:15|SRM PC8|https://www.strava.com/activities/2423688198
23.07.2019|31,19|01:00:03|186|0|187|671|23|46%|0|0|312|828|87|117|0|0|186|355|748|0|01:13:51|SRM PC8|https://www.strava.com/activities/2555773784
22.07.2019|32,6|00:58:49|0|0|0|0|0||180|636|333|446|0|0|0|0|0|0|709|0|00:58:49|SRM PC8|https://www.strava.com/activities/2555448927
19.07.2019|4,96|00:13:04|0|0|134|75|2|33%|0|0|228|454|77|116|0|0|96|322|84|0|00:13:04|SRM PC8|https://www.strava.com/activities/2544780856
15.07.2019|31,69|01:00:03|60|0|184|671|22|46%|0|0|317|511|88|112|0|0|186|330|749|0|01:33:44|SRM PC8|https://www.strava.com/activities/2534048255
14.07.2019|110,15|04:00:01|2,543|0|215|2,918|115|53%|0|0|275|835|83|128|0|0|203|451|3,254|0|04:04:25|SRM PC8|https://www.strava.com/activities/2532210811
13.07.2019|91,84|03:06:25|2,301|0|267|2,487|143|66%|0|0|296|792|85|130|0|0|222|587|2,772|0|03:16:47|SRM PC8|https://www.strava.com/activities/2527908301
12.07.2019|80,69|02:38:37|1,217|0|238|1,916|98|59%|0|0|305|886|85|111|0|0|201|503|2,137|0|02:57:14|SRM PC8|https://www.strava.com/activities/2525348230
11.07.2019|24,55|01:00:04|616|0|195|648|23|48%|0|0|245|770|80|121|0|0|180|410|722|0|01:00:04|SRM PC8|https://www.strava.com/activities/2522488210
10.07.2019|139,92|04:59:52|3,311|0|231|3,736|168|57%|0|0|280|864|82|115|0|0|208|484|4,166|0|05:11:10|SRM PC8|https://www.strava.com/activities/2520189797
09.07.2019|113,57|04:00:48|2,904|0|256|3,086|170|64%|0|0|283|886|81|123|0|0|214|671|3,441|0|04:16:20|SRM PC8|https://www.strava.com/activities/2517106812
08.07.2019|143,81|05:00:27|3,324|0|247|3,812|195|61%|0|0|287|792|82|112|0|0|211|544|4,251|0|05:16:24|SRM PC8|https://www.strava.com/activities/2514456145
07.07.2019|30,57|01:01:04|163|0|183|663|20|45%|0|0|300|446|86|114|0|0|181|367|739|0|01:01:04|SRM PC8|https://www.strava.com/activities/2510914267
05.07.2019|46,73|01:29:57|202|0|191|1,012|34|47%|0|0|312|562|88|111|0|0|187|679|1,128|0|01:35:17|SRM PC8|https://www.strava.com/activities/2505628916
04.07.2019|25,66|00:45:00|0|0|211|568|20|52%|0|0|342|439|89|108|0|0|210|411|633|0|00:45:00|SRM PC8|https://www.strava.com/activities/2503283072
04.07.2019|76,05|02:15:29|480|0|261|1,865|95|65%|0|0|337|598|87|119|0|0|229|848|2,079|0|02:16:36|SRM PC8|https://www.strava.com/activities/2503283302
03.07.2019|80,08|02:30:07|251|0|206|1,861|69|51%|0|0|320|497|85|111|0|0|207|499|2,075|0|02:42:37|SRM PC8|https://www.strava.com/activities/2500221624
02.07.2019|36,25|01:08:32|0|0|179|735|22|44%|0|0|317|432|88|107|0|0|179|369|819|0|01:09:07|SRM PC8|https://www.strava.com/activities/2497251065
21.07.2019|153,12|04:17:46|3,337|0|262|3,387|182|65%|0|0|356|929|88|134|0|0|219|860|3,777|0|04:19:29|SRM PC8|https://www.strava.com/activities/2555449425
20.07.2019|45,01|01:47:26|0|0|138|764|24|34%|0|0|251|446|82|125|0|0|119|624|852|0|02:03:40|SRM PC8|https://www.strava.com/activities/2555448979
19.07.2019|67,54|02:16:45|1,387|0|228|1,485|77|57%|0|0|296|756|79|124|0|0|181|670|1,656|0|02:25:51|SRM PC8|https://www.strava.com/activities/2544780986
18.07.2019|70,31|02:30:51|1,401|0|192|1,509|67|48%|0|0|280|749|85|121|0|0|167|598|1,682|0|03:01:46|SRM PC8|https://www.strava.com/activities/2542185162
16.07.2019|63,15|02:00:14|143|0|0|0|0||167|1,201|315|432|0|0|0|0|0|0|1,339|0|02:42:26|SRM PC8|https://www.strava.com/activities/2536502578
06.07.2019|152,62|03:28:11|396|0|289|3,436|179|72%|0|0|440|706|92|123|0|0|275|934|3,831|0|03:28:11|SRM PC8|https://www.strava.com/activities/2509754077
01.07.2019|120,87|03:59:59|2,424|0|240|2,944|145|60%|0|0|302|1116|82|119|0|0|204|815|3,282|0|04:12:42|SRM PC8|https://www.strava.com/activities/2495291976
16.08.2019|48,5|01:29:31|101|0|202|1,082|37|50%|0|0|325|554|89|113|0|0|202|425|1,207|0|01:30:01|SRM PC8|https://www.strava.com/activities/2623421682
15.08.2019|126,23|03:59:31|476|0|207|2,847|107|51%|0|0|316|713|88|116|0|0|198|563|3,174|0|04:10:40|SRM PC8|https://www.strava.com/activities/2621076557
14.08.2019|127,05|04:01:40|682|0|199|2,808|100|49%|0|0|315|907|88|119|0|0|194|575|3,131|0|04:11:48|SRM PC8|https://www.strava.com/activities/2618519139
04.08.2019|18,62|00:30:06|36|0|0|0|0||242|436|371|662|0|0|0|0|0|0|487|0|00:30:06|SRM PC8|https://www.strava.com/activities/2589004819
04.08.2019|49,38|01:24:13|129|0|249|1,174|57|62%|0|0|352|518|88|113|0|0|232|842|1,309|0|01:30:36|SRM PC8|https://www.strava.com/activities/2589005094
03.08.2019|49,76|01:29:59|225|0|211|1,117|41|52%|0|0|332|619|86|114|0|0|207|500|1,245|0|01:30:32|SRM PC8|https://www.strava.com/activities/2585885227
08.08.2019|154,25|03:25:59|1,759|0|283|3,13|170|70%|0|0|449|900|92|136|0|0|253|868|3,489|0|03:27:53|SRM PC8|https://www.strava.com/activities/2601928584
07.08.2019|127,31|02:59:55|2,459|0|295|2,754|161|73%|0|0|425|1102|91|130|0|0|255|848|3,071|0|03:01:12|SRM PC8|https://www.strava.com/activities/2599514128
05.08.2019|95,14|02:55:04|209|0|196|2,04|72|49%|0|0|326|677|90|118|0|0|194|555|2,275|0|03:03:36|SRM PC8|https://www.strava.com/activities/2592331408
28.10.2019|61,93|02:02:10|353|0|220|1,469|61|55%|0|0|304|590|91|118|135|185|200|542|1,638|9|02:03:16|SRM PC8|https://www.strava.com/activities/2823190015
26.11.2019|100,08|03:29:45|1,305|0|215|2,47|99|53%|0|0|286|655|85|112|122|164|196|570|2,754|18|03:31:44|SRM PC8|https://www.strava.com/activities/2892615339
25.11.2019|141,16|05:00:40|2,422|0|215|3,532|147|53%|0|0|282|619|84|113|124|154|196|560|3,938|18|05:14:27|SRM PC8|https://www.strava.com/activities/2890389507
24.11.2019|87,55|02:59:58|959|0|201|2,113|75|50%|0|0|292|590|86|114|131|151|196|494|2,356|15|03:02:41|SRM PC8|https://www.strava.com/activities/2888656784
24.11.2019|71,66|02:39:35|1,335|0|243|1,941|98|60%|0|0|269|626|82|113|135|178|203|536|2,164|15|02:43:04|SRM PC8|https://www.strava.com/activities/2887574238
22.11.2019|134,59|04:30:03|1,238|0|203|3,176|116|50%|0|0|299|576|87|114|128|163|196|486|3,541|16|04:44:37|SRM PC8|https://www.strava.com/activities/2883111330
16.11.2019|75,88|02:31:13|149|0|201|1,826|64|50%|0|0|301|454|89|108|122|152|201|600|2,036|5|02:34:09|SRM PC8|https://www.strava.com/activities/2868227962
12.11.2019|77,33|02:33:33|310|0|201|1,848|64|50%|0|0|302|540|89|115|126|173|201|561|2,060|9|02:35:24|SRM PC8|https://www.strava.com/activities/2859776615
10.11.2019|108,69|03:45:29|495|0|187|2,485|81|46%|0|0|289|634|87|113|122|158|184|568|2,771|7|03:50:14|SRM PC8|https://www.strava.com/activities/2855546148
06.11.2019|108,64|03:29:55|425|0|211|2,59|98|52%|0|0|311|648|90|116|146|181|206|600|2,888|12|03:40:03|SRM PC8|https://www.strava.com/activities/2845495712
04.11.2019|31,93|01:03:28|52|0|192|711|24|48%|0|0|302|389|92|112|127|148|187|648|793|15|01:03:28|SRM PC8|https://www.strava.com/activities/2840522120
30.12.2019|98,74|03:03:41|316|0|234|2,557|104|58%|0|0|323|547|87|115|134|174|232|896|2,851|6|03:06:34|SRM PC8|https://www.strava.com/activities/2967640945
26.12.2019|109,44|03:30:01|208|0|224|2,772|111|56%|0|0|313|454|90|132|129|163|220|619|3,091|5|03:35:24|SRM PC8|https://www.strava.com/activities/2957287926
20.12.2019|89,91|03:00:02|545|0|196|2,048|73|49%|0|0|300|590|77|104|0|0|190|483|2,283|17|03:04:05|SRM PC8|https://www.strava.com/activities/2944671515
02.12.2019|116,14|04:00:03|416|0|191|2,758|91|47%|0|0|290|655|89|113|116|144|192|522|3,075|4|04:07:43|SRM PC8|https://www.strava.com/activities/2906062777
01.12.2019|102,04|03:30:37|770|0|218|2,587|104|54%|0|0|291|619|86|117|129|173|205|483|2,885|4|03:33:49|SRM PC8|https://www.strava.com/activities/2903922895
21.12.2019|66,04|02:01:52|686|0|237|1,269|71|59%|0|0|325|612|84|121|0|0|174|752|1,415|18|02:03:07|SRM PC8|https://www.strava.com/activities/2946347844
19.12.2019|152,06|04:54:00|2,458|0|240|3,495|183|60%|0|0|310|763|83|118|0|0|198|933|3,897|16|05:09:19|SRM PC8|https://www.strava.com/activities/2943183845
18.12.2019|58,69|01:57:12|264|0|165|1,015|35|41%|0|0|300|547|85|122|0|0|144|862|1,132|18|02:46:27|SRM PC8|https://www.strava.com/activities/2941122980
17.12.2019|103,23|03:14:21|981|0|186|1,791|71|46%|0|0|319|598|84|129|0|0|154|753|1,996|18|03:41:16|SRM PC8|https://www.strava.com/activities/2938903858
16.12.2019|174,4|05:27:06|2,804|0|228|3,764|180|57%|0|0|320|677|85|119|68|179|192|868|4,197|18|05:39:53|SRM PC8|https://www.strava.com/activities/2936909740
15.12.2019|55,47|01:30:17|302|0|213|1,025|44|53%|0|0|369|648|85|113|132|211|189|582|1,143|19|01:35:33|SRM PC8|https://www.strava.com/activities/2934789844
13.12.2019|162,29|05:01:06|1,691|0|213|3,332|144|53%|0|0|323|634|85|116|118|166|184|886|3,715|19|05:10:50|SRM PC8|https://www.strava.com/activities/2930306669
12.12.2019|55,81|01:24:10|370|0|228|1,053|45|57%|0|0|398|655|87|121|140|169|209|623|1,174|17|01:24:10|SRM PC8|https://www.strava.com/activities/2928285117
10.12.2019|92,6|03:01:07|1,426|0|228|2,146|102|57%|0|0|307|698|85|118|131|174|197|665|2,393|16|03:11:29|SRM PC8|https://www.strava.com/activities/2924238060
10.12.2019|50,11|01:25:17|500|0|218|996|43|54%|0|0|353|756|89|123|130|178|195|631|1,111|15|01:33:58|SRM PC8|https://www.strava.com/activities/2924242605
09.12.2019|128,04|03:55:15|1,554|0|219|2,724|118|54%|0|0|327|684|89|130|54|174|193|989|3,037|18|04:02:56|SRM PC8|https://www.strava.com/activities/2921801703
08.12.2019|99,9|03:10:14|1,149|0|202|2,001|82|50%|0|0|315|684|89|120|114|156|175|827|2,232|17|03:17:12|SRM PC8|https://www.strava.com/activities/2919866424
28.01.2020|45,8|01:24:49|732|0|202|1,019|43|55%|0|0|324|738|90|116|0|0|200|490|972||01:26:41|Zwift|https://www.strava.com/activities/3050207911
26.01.2020|172,14|06:00:01|3,144|0|232|4,732|239|63%|0|0|287|756|81|121|128|157|219|425|5,276|7|06:18:06|SRM PC8|https://www.strava.com/activities/3045541954
25.01.2020|130,74|04:30:51|2,666|0|262|3,671|232|71%|0|0|290|619|82|110|137|248|226|546|4,093|4|04:37:35|SRM PC8|https://www.strava.com/activities/3041986256
24.01.2020|135,25|04:00:07|134|0|227|3,128|152|61%|0|0|338|540|88|128|130|170|217|864|3,488|3|04:05:03|SRM PC8|https://www.strava.com/activities/3038945586
23.01.2020|93,65|03:00:18|238|0|213|2,294|101|58%|0|0|312|439|83|108|125|147|212|675|2,558|5|03:02:29|SRM PC8|https://www.strava.com/activities/3035953034
22.01.2020|65,03|02:00:02|98|0|245|1,668|88|66%|0|0|325|454|92|111|129|160|232|522|1,860|1|02:01:50|SRM PC8|https://www.strava.com/activities/3033239352
20.01.2020|72,87|02:01:43|505|0|287|2,013|124|78%|0|0|359|677|85|115|0|0|276|618|2,244|14|02:03:16|SRM PC8|https://www.strava.com/activities/3027522721
18.01.2020|172,94|06:02:26|3,427|0|257|4,68|300|69%|0|0|286|655|81|114|0|0|215|596|5,218|13|06:20:32|SRM PC8|https://www.strava.com/activities/3022202697
17.01.2020|45,6|01:29:08|292|0|188|992|39|51%|0|0|307|554|83|108|0|0|185|389|1,106|17|01:32:07|SRM PC8|https://www.strava.com/activities/3018667701
15.01.2020|76,82|02:30:15|626|0|199|1,753|73|54%|0|0|307|583|82|111|0|0|194|506|1,955|15|02:32:42|SRM PC8|https://www.strava.com/activities/3013628995
15.01.2020|87,51|03:01:22|1,906|0|268|2,259|163|72%|0|0|290|562|81|110|0|0|208|658|2,519|14|03:14:00|SRM PC8|https://www.strava.com/activities/3013021560
14.01.2020|149,69|05:00:40|2,607|0|250|3,878|235|68%|0|0|299|641|84|116|0|0|215|696|4,323|14|05:10:02|SRM PC8|https://www.strava.com/activities/3010473986
11.01.2020|113,6|03:30:11|1,164|0|244|2,795|157|66%|0|0|324|691|85|123|0|0|222|466|3,116|14|03:38:49|SRM PC8|https://www.strava.com/activities/3001301508
10.01.2020|49,03|01:30:11|351|0|188|983|38|51%|0|0|326|677|88|118|0|0|182|374|1,097|12|01:30:11|SRM PC8|https://www.strava.com/activities/2998198052
09.01.2020|178,09|06:08:09|3,449|0|231|4,593|253|62%|0|0|290|734|85|122|75|231|208|775|5,122|13|07:09:39|SRM PC8|https://www.strava.com/activities/2996185060
08.01.2020|121,09|04:08:25|1,999|0|219|3,097|149|59%|0|0|292|727|83|119|128|154|208|818|3,453|15|04:21:00|SRM PC8|https://www.strava.com/activities/2993362764
04.01.2020|61,66|02:02:56|116|0|206|1,518|64|56%|0|0|301|504|87|118|0|0|206|937|1,693|6|02:03:43|SRM PC8|https://www.strava.com/activities/2980455862
31.01.2020|160,19|03:58:43|2,524|0|287|3,494|242|78%|0|0|403|914|88|127|150|194|244|961|3,896|18|04:00:31|SRM PC8|https://www.strava.com/activities/3059463296
30.01.2020|53,19|01:46:07|604|0|245|1,249|81|66%|0|0|301|576|85|108|119|187|196|910|1,393|16|01:51:29|SRM PC8|https://www.strava.com/activities/3056027985
29.01.2020|89,16|03:02:00|1,252|0|212|1,829|107|57%|0|0|294|626|82|113|105|181|167|742|2,039|19|03:55:39|SRM PC8|https://www.strava.com/activities/3053499655
16.01.2020|173,63|06:19:44|3,458|0|227|4,665|243|61%|0|0|274|706|81|138|0|0|205|603|5,202|15|06:49:26|SRM PC8|https://www.strava.com/activities/3016617116
13.01.2020|42,77|01:29:46|255|0|173|917|35|47%|0|0|286|461|88|118|0|0|170|995|1,023|13|02:07:07|SRM PC8|https://www.strava.com/activities/3007344224
12.01.2020|166,72|05:43:00|2,942|0|232|4,335|234|63%|0|0|292|670|84|125|0|0|211|663|4,833|13|06:23:22|SRM PC8|https://www.strava.com/activities/3005269133
28.01.2020|45,8|01:24:49|732|0|202|1,019|43|55%|0|0|324|738|90|116|0|0|200|490|972||01:26:41|Zwift|https://www.strava.com/activities/3050207911
26.01.2020|172,14|06:00:01|3,144|0|232|4,732|239|63%|0|0|287|756|81|121|128|157|219|425|5,276|7|06:18:06|SRM PC8|https://www.strava.com/activities/3045541954
25.01.2020|130,74|04:30:51|2,666|0|262|3,671|232|71%|0|0|290|619|82|110|137|248|226|546|4,093|4|04:37:35|SRM PC8|https://www.strava.com/activities/3041986256
24.01.2020|135,25|04:00:07|134|0|227|3,128|152|61%|0|0|338|540|88|128|130|170|217|864|3,488|3|04:05:03|SRM PC8|https://www.strava.com/activities/3038945586
23.01.2020|93,65|03:00:18|238|0|213|2,294|101|58%|0|0|312|439|83|108|125|147|212|675|2,558|5|03:02:29|SRM PC8|https://www.strava.com/activities/3035953034
22.01.2020|65,03|02:00:02|98|0|245|1,668|88|66%|0|0|325|454|92|111|129|160|232|522|1,860|1|02:01:50|SRM PC8|https://www.strava.com/activities/3033239352
20.01.2020|72,87|02:01:43|505|0|287|2,013|124|78%|0|0|359|677|85|115|0|0|276|618|2,244|14|02:03:16|SRM PC8|https://www.strava.com/activities/3027522721
18.01.2020|172,94|06:02:26|3,427|0|257|4,68|300|69%|0|0|286|655|81|114|0|0|215|596|5,218|13|06:20:32|SRM PC8|https://www.strava.com/activities/3022202697
17.01.2020|45,6|01:29:08|292|0|188|992|39|51%|0|0|307|554|83|108|0|0|185|389|1,106|17|01:32:07|SRM PC8|https://www.strava.com/activities/3018667701
15.01.2020|76,82|02:30:15|626|0|199|1,753|73|54%|0|0|307|583|82|111|0|0|194|506|1,955|15|02:32:42|SRM PC8|https://www.strava.com/activities/3013628995
15.01.2020|87,51|03:01:22|1,906|0|268|2,259|163|72%|0|0|290|562|81|110|0|0|208|658|2,519|14|03:14:00|SRM PC8|https://www.strava.com/activities/3013021560
14.01.2020|149,69|05:00:40|2,607|0|250|3,878|235|68%|0|0|299|641|84|116|0|0|215|696|4,323|14|05:10:02|SRM PC8|https://www.strava.com/activities/3010473986
11.01.2020|113,6|03:30:11|1,164|0|244|2,795|157|66%|0|0|324|691|85|123|0|0|222|466|3,116|14|03:38:49|SRM PC8|https://www.strava.com/activities/3001301508
10.01.2020|49,03|01:30:11|351|0|188|983|38|51%|0|0|326|677|88|118|0|0|182|374|1,097|12|01:30:11|SRM PC8|https://www.strava.com/activities/2998198052
09.01.2020|178,09|06:08:09|3,449|0|231|4,593|253|62%|0|0|290|734|85|122|75|231|208|775|5,122|13|07:09:39|SRM PC8|https://www.strava.com/activities/2996185060
08.01.2020|121,09|04:08:25|1,999|0|219|3,097|149|59%|0|0|292|727|83|119|128|154|208|818|3,453|15|04:21:00|SRM PC8|https://www.strava.com/activities/2993362764
04.01.2020|61,66|02:02:56|116|0|206|1,518|64|56%|0|0|301|504|87|118|0|0|206|937|1,693|6|02:03:43|SRM PC8|https://www.strava.com/activities/2980455862
31.01.2020|160,19|03:58:43|2,524|0|287|3,494|242|78%|0|0|403|914|88|127|150|194|244|961|3,896|18|04:00:31|SRM PC8|https://www.strava.com/activities/3059463296
30.01.2020|53,19|01:46:07|604|0|245|1,249|81|66%|0|0|301|576|85|108|119|187|196|910|1,393|16|01:51:29|SRM PC8|https://www.strava.com/activities/3056027985
29.01.2020|89,16|03:02:00|1,252|0|212|1,829|107|57%|0|0|294|626|82|113|105|181|167|742|2,039|19|03:55:39|SRM PC8|https://www.strava.com/activities/3053499655
16.01.2020|173,63|06:19:44|3,458|0|227|4,665|243|61%|0|0|274|706|81|138|0|0|205|603|5,202|15|06:49:26|SRM PC8|https://www.strava.com/activities/3016617116
13.01.2020|42,77|01:29:46|255|0|173|917|35|47%|0|0|286|461|88|118|0|0|170|995|1,023|13|02:07:07|SRM PC8|https://www.strava.com/activities/3007344224
12.01.2020|166,72|05:43:00|2,942|0|232|4,335|234|63%|0|0|292|670|84|125|0|0|211|663|4,833|13|06:23:22|SRM PC8|https://www.strava.com/activities/3005269133
13.03.2020|37,06|01:24:01|445|0|0|0|0||141|713|265|619|0|0|93|116|0|0|394|20|02:59:47|Garmin Edge 1000|https://www.strava.com/activities/3179674142
12.03.2020|141,28|05:00:15|2,844|0|0|0|0||192|3,464|282|695|0|0|119|184|0|0|2,180|20|06:02:38|Garmin Edge 1000|https://www.strava.com/activities/3177171579
10.03.2020|128,9|04:01:15|2,552|0|234|2,502|165|63%|0|0|321|799|85|116|0|0|173|489|2,790|20|04:11:45|SRM PC8|https://www.strava.com/activities/3171065053
09.03.2020|32,96|01:00:02|258|0|191|692|27|52%|0|0|329|673|79|112|0|0|192|314|661||01:01:14|Zwift|https://www.strava.com/activities/3167651631
08.03.2020|49,46|01:30:24|864|0|212|1,061|49|57%|0|0|328|828|87|115|0|0|196|507|1,013||01:31:19|Zwift|https://www.strava.com/activities/3165580389
08.03.2020|63,81|02:00:40|1,136|0|243|1,691|89|66%|0|0|317|882|91|121|0|0|234|411|1,611||02:03:42|Zwift|https://www.strava.com/activities/3164438162
07.03.2020|36,85|01:00:16|63|0|225|808|37|61%|0|0|367|497|87|106|0|0|224|460|901|9|01:00:16|SRM PC8|https://www.strava.com/activities/3161297049
07.03.2020|31,13|00:59:58|151|0|217|773|35|59%|0|0|312|511|92|120|0|0|215|965|862|7|01:00:48|SRM PC8|https://www.strava.com/activities/3161295269
02.03.2020|49,57|01:30:41|793|0|216|1,155|51|58%|0|0|328|763|84|105|0|0|212|443|1,101||01:31:26|Zwift|https://www.strava.com/activities/3147208107
01.03.2020|63,41|02:00:02|369|0|239|1,61|85|65%|0|0|317|590|85|108|130|181|224|918|1,795|11|02:01:36|SRM PC8|https://www.strava.com/activities/3144999910
01.03.2020|47,12|01:30:51|1,06|0|244|1,268|66|66%|0|0|311|842|86|115|0|0|233|370|1,210||01:31:58|Zwift|https://www.strava.com/activities/3143929493
14.03.2020|128,87|04:41:20|2,279|0|0|0|0||177|2,985|275|734|0|0|106|158|0|0|1,690|15|05:03:15|Garmin Edge 1000|https://www.strava.com/activities/3182609905
11.03.2020|169,2|06:04:40|3,477|0|0|0|0||187|4,087|278|796|0|0|123|175|0|0|3,013|21|07:25:11|Garmin Edge 1000|https://www.strava.com/activities/3174450225
30.04.2020|46,68|01:15:21|389|0|256|1,081|59|69%|0|0|372|673|77|104|0|0|239|363|1,032||01:15:21|Zwift|https://www.strava.com/activities/3373944000
28.04.2020|25,27|01:21:16|1,168|0|243|1,097|58|66%|0|0|187|587|93|118|0|0|225|435|1,047||01:21:16|Zwift|https://www.strava.com/activities/3364722824
27.04.2020|130,21|04:00:22|442|0|208|2,986|131|56%|0|0|325|526|86|124|122|167|207|949|3,330|21|04:17:37|SRM PC8|https://www.strava.com/activities/3360851112
26.04.2020|34,28|01:00:22|573|0|201|706|29|54%|0|0|341|850|78|111|0|0|195|408|673||01:00:22|Zwift|https://www.strava.com/activities/3357726722
26.04.2020|29,31|01:00:10|695|0|265|889|51|72%|0|0|292|770|75|103|0|0|246|365|849||01:00:10|Zwift|https://www.strava.com/activities/3354310308
24.04.2020|36,48|00:59:59|474|0|229|818|38|62%|0|0|365|655|85|107|0|0|227|313|782||00:59:59|Zwift|https://www.strava.com/activities/3345244339
24.04.2020|112,94|03:30:09|390|0|214|2,66|120|58%|0|0|322|475|87|111|0|0|211|953|2,966|14|03:35:13|SRM PC8|https://www.strava.com/activities/3346005115
20.04.2020|37,28|01:00:51|216|0|234|831|42|63%|0|0|368|605|90|135|0|0|228|456|791||01:03:34|Zwift|https://www.strava.com/activities/3325151663
18.04.2020|35,17|01:02:31|561|0|215|781|35|58%|0|0|338|770|82|116|0|0|208|501|745||01:02:31|Zwift|https://www.strava.com/activities/3315319631
18.04.2020|21,5|00:50:10|690|0|252|704|38|68%|0|0|257|644|90|113|0|0|234|388|672||00:50:10|Zwift|https://www.strava.com/activities/3314606195
15.04.2020|36,03|01:00:20|418|0|215|756|33|58%|0|0|358|803|86|109|0|0|209|434|855||01:00:20|Zwift|https://www.strava.com/activities/3303245015
14.04.2020|64,24|02:00:23|179|0|213|1,531|68|58%|0|0|320|475|91|109|0|0|212|829|1,707|13|02:02:30|SRM PC8|https://www.strava.com/activities/3297561327
14.04.2020|36,7|01:02:19|569|0|266|933|53|72%|0|0|353|767|74|105|0|0|250|385|890||01:02:19|Zwift|https://www.strava.com/activities/3296521105
11.04.2020|49,29|01:31:28|101|0|204|1,112|47|55%|0|0|323|468|91|127|0|0|203|508|1,240|20|01:33:25|SRM PC8|https://www.strava.com/activities/3283626202
11.04.2020|34,79|01:00:12|388|0|256|874|47|69%|0|0|347|774|94|112|0|0|242|336|835||01:00:12|Zwift|https://www.strava.com/activities/3282668017
08.04.2020|95,26|02:59:54|740|0|227|2,321|116|61%|0|0|318|641|87|122|0|0|215|720|2,587|20|03:14:27|SRM PC8|https://www.strava.com/activities/3270341118
07.04.2020|38,98|01:00:21|186|0|262|887|50|71%|0|0|388|576|77|115|0|0|245|389|847||01:00:21|Zwift|https://www.strava.com/activities/3265247756
05.04.2020|95,9|03:01:07|804|0|231|2,347|118|62%|0|0|318|698|90|117|0|0|216|964|2,617|17|03:04:21|SRM PC8|https://www.strava.com/activities/3257558635
04.04.2020|28,14|00:50:16|469|0|251|722|38|68%|0|0|336|763|90|108|0|0|239|346|690||00:50:16|Zwift|https://www.strava.com/activities/3252249513
02.04.2020|86,39|02:30:29|524|0|268|2,314|132|72%|0|0|344|619|90|117|0|0|256|655|2,580|9|02:32:43|SRM PC8|https://www.strava.com/activities/3245416259
01.04.2020|36,38|01:05:14|415|0|247|896|48|67%|0|0|335|774|81|104|0|0|229|502|856||01:05:14|Zwift|https://www.strava.com/activities/3241144089
31.05.2020|146,24|05:00:29|2,862|0|239|3,833|221|65%|0|0|292|792|81|114|129|250|213|573|4,274|21|05:55:06|SRM PC8|https://www.strava.com/activities/3541974171
30.05.2020|76,48|02:30:08|1,362|0|237|1,995|105|64%|0|0|306|958|84|114|0|0|222|434|2,225|24|02:37:13|SRM PC8|https://www.strava.com/activities/3535874002
30.05.2020|71,67|01:59:47|710|0|253|1,618|94|68%|0|0|359|670|87|110|0|0|225|430|1,804|19|02:02:02|SRM PC8|https://www.strava.com/activities/3535873810
29.05.2020|31,58|01:02:58|50|0|165|623|21|45%|0|0|301|425|90|103|0|0|165|318|695|17|01:03:28|SRM PC8|https://www.strava.com/activities/3529874065
28.05.2020|120,14|04:05:08|2,209|0|241|3,065|176|65%|0|0|294|713|81|112|124|184|208|456|3,417|20|04:13:50|SRM PC8|https://www.strava.com/activities/3525212807
27.05.2020|38,86|01:07:35|644|0|249|946|50|67%|0|0|345|770|87|121|164|186|233|382|1,055|25|01:07:35|SRM PC8|https://www.strava.com/activities/3520060804
26.05.2020|35,9|01:14:16|104|0|159|705|25|43%|0|0|290|396|89|115|0|0|158|850|786|22|01:46:33|SRM PC8|https://www.strava.com/activities/3513458876
25.05.2020|95,95|03:00:13|755|0|249|2,268|140|67%|0|0|319|612|86|116|134|186|210|951|2,529|21|03:08:03|SRM PC8|https://www.strava.com/activities/3508064482
24.05.2020|18,71|00:32:11|200|0|222|424|19|60%|0|0|349|756|88|106|0|0|219|270|404||00:32:11|Zwift|https://www.strava.com/activities/3502876936
24.05.2020|105,17|03:29:57|941|0|211|2,573|115|57%|0|0|301|742|83|133|121|178|204|969|2,869|16|03:32:21|SRM PC8|https://www.strava.com/activities/3502969198
23.05.2020|32,96|01:00:25|292|0|181|661|24|49%|0|0|327|767|90|129|0|0|182|375|631||01:02:25|Zwift|https://www.strava.com/activities/3497039243
21.05.2020|156,43|05:00:51|2,616|0|238|4,002|213|64%|0|0|312|806|82|110|136|176|222|402|4,462|24|05:24:06|SRM PC8|https://www.strava.com/activities/3488160473
18.05.2020|66,68|01:45:02|68|0|243|1,45|76|66%|0|0|381|626|89|103|0|0|230|482|1,617|16|01:45:55|SRM PC8|https://www.strava.com/activities/3470556517
17.05.2020|33,46|01:00:37|272|0|195|717|29|53%|0|0|331|684|86|111|0|0|197|274|685||01:03:00|Zwift|https://www.strava.com/activities/3464403448
14.05.2020|141,28|04:31:05|434|0|203|3,319|140|55%|0|0|313|605|84|116|118|152|204|974|3,700|14|04:44:04|SRM PC8|https://www.strava.com/activities/3449154295
13.05.2020|99,6|03:01:03|120|0|253|2,353|141|68%|0|0|330|511|89|116|134|188|217|961|2,623|14|03:03:00|SRM PC8|https://www.strava.com/activities/3443679245
12.05.2020|65,14|02:01:00|144|0|208|1,518|64|56%|0|0|323|454|90|106|113|135|209|952|1,692|12|02:02:10|SRM PC8|https://www.strava.com/activities/3443679090
11.05.2020|36,27|01:30:04|1,168|0|247|1,224|69|67%|0|0|242|785|80|107|0|0|227|470|1,169||01:32:47|Zwift|https://www.strava.com/activities/3433319907
10.05.2020|35,51|01:01:32|409|0|231|855|40|62%|0|0|346|756|81|108|0|0|232|338|816||01:03:08|Zwift|https://www.strava.com/activities/3428760894
10.05.2020|103,15|03:00:16|401|0|235|2,54|123|64%|0|0|343|576|85|118|132|154|235|955|2,832|17|03:02:09|SRM PC8|https://www.strava.com/activities/3428782315
06.05.2020|38,25|01:00:02|52|0|216|775|33|58%|0|0|382|490|85|99|1|115|215|421|864|19|01:00:02|SRM PC8|https://www.strava.com/activities/3406732639
06.05.2020|93,83|03:00:10|950|0|256|2,298|145|69%|0|0|312|619|78|121|133|184|213|970|2,563|16|03:03:22|SRM PC8|https://www.strava.com/activities/3406732904
03.05.2020|14,12|00:21:37|32|0|227|296|13|61%|0|0|392|482|88|108|0|0|228|271|283||00:21:37|Zwift|https://www.strava.com/activities/3389941629
03.05.2020|97,13|03:00:20|1,084|0|267|2,679|156|72%|0|0|323|770|86|113|143|182|248|976|2,987|14|03:00:56|SRM PC8|https://www.strava.com/activities/3390154441
02.05.2020|46,7|02:00:47|1,708|0|227|1,634|75|61%|0|0|232|774|77|109|0|0|225|361|1,559||02:00:47|Zwift|https://www.strava.com/activities/3383099383
01.05.2020|35,24|00:59:55|270|0|230|727|39|62%|0|0|353|688|89|130|0|0|202|699|694||01:00:59|Zwift|https://www.strava.com/activities/3378302294
27.05.2020|114,63|03:52:52|2,35|0|247|2,979|176|67%|0|0|295|756|83|119|137|193|213|616|3,322|21|04:16:40|SRM PC8|https://www.strava.com/activities/3520051913
07.05.2020|154,72|04:59:54|1,085|0|207|3,608|161|56%|0|0|310|770|84|113|119|162|201|947|4,023|20|05:09:42|SRM PC8|https://www.strava.com/activities/3412642240
30.06.2020|51,1|01:36:55|83|0|190|1,107|43|51%|0|0|316|479|89|115|110|157|190|952|1,096|14|01:39:56|Garmin Edge 1000|https://www.strava.com/activities/3691645128
21.06.2020|139,7|04:30:01|2,509|0|257|3,637|226|69%|0|0|310|828|84|115|140|188|224|652|4,055|24|05:17:16|SRM PC8|https://www.strava.com/activities/3649119817
16.06.2020|70,69|02:04:54|132|0|209|1,571|66|56%|0|0|340|497|91|106|114|132|210|444|1,752|24|02:06:09|SRM PC8|https://www.strava.com/activities/3622480926
14.06.2020|31,61|01:01:00|150|0|180|652|24|49%|0|0|311|526|90|118|0|0|178|962|727|23|01:01:52|SRM PC8|https://www.strava.com/activities/3613877995
13.06.2020|68,11|01:59:55|222|0|217|1,562|70|59%|0|0|341|518|88|110|0|0|217|988|1,742|28|02:01:42|SRM PC8|https://www.strava.com/activities/3607705168
11.06.2020|34,58|01:00:03|20|0|182|655|24|49%|0|0|346|475|89|103|0|0|182|389|730|18|01:00:47|SRM PC8|https://www.strava.com/activities/3596561884
08.06.2020|31,44|00:59:59|37|0|183|660|24|49%|0|0|314|403|94|108|0|0|183|373|736|15|01:00:29|SRM PC8|https://www.strava.com/activities/3582059218
07.06.2020|36,72|01:00:15|276|0|262|887|50|71%|0|0|366|691|89|148|0|0|245|374|847||01:00:15|Zwift|https://www.strava.com/activities/3575850028
07.06.2020|32,09|01:01:17|174|0|212|769|33|57%|0|0|314|576|88|121|118|153|209|406|857|15|01:01:17|SRM PC8|https://www.strava.com/activities/3575857379
06.06.2020|37,42|01:01:11|210|0|210|776|34|57%|0|0|367|522|88|105|0|0|211|280|741||01:03:13|Zwift|https://www.strava.com/activities/3571487331
06.06.2020|92,39|02:59:55|472|0|204|2,202|93|55%|0|0|308|626|86|115|122|155|204|928|2,455|16|03:05:46|SRM PC8|https://www.strava.com/activities/3571754674
04.06.2020|40|01:15:49|597|0|220|993|46|59%|0|0|317|760|87|106|0|0|218|295|943||01:20:00|Zwift|https://www.strava.com/activities/3562584110
03.06.2020|121,88|04:00:30|2,3|0|254|3,198|197|69%|0|0|304|785|87|119|134|190|222|600|3,566|19|04:16:10|SRM PC8|https://www.strava.com/activities/3557579559
02.06.2020|48,73|01:35:03|170|0|183|1,04|38|49%|0|0|308|547|90|108|107|127|182|424|1,160|22|01:35:40|SRM PC8|https://www.strava.com/activities/3551186358
26.06.2020|160,34|05:08:59|2,687|0|226|3,58|198|61%|0|0|311|763|83|129|127|229|193|855|3,992|31|05:25:53|SRM PC8|https://www.strava.com/activities/3674124775
19.06.2020|164,22|05:00:42|2,678|0|240|3,53|219|65%|0|0|328|842|84|117|128|188|196|700|3,935|22|05:17:55|SRM PC8|https://www.strava.com/activities/3638710924
12.06.2020|166,32|05:14:25|2,726|0|237|3,556|221|64%|0|0|317|742|85|121|0|0|189|769|3,965|26|05:27:39|SRM PC8|https://www.strava.com/activities/3603146211
10.06.2020|107,26|03:34:29|1,912|0|240|2,726|153|65%|0|0|300|713|84|118|0|0|212|556|3,039|16|04:10:44|SRM PC8|https://www.strava.com/activities/3593040604
09.06.2020|116,05|04:01:44|2,005|0|211|2,938|135|57%|0|0|288|799|84|113|127|156|203|878|3,276|16|04:45:35|SRM PC8|https://www.strava.com/activities/3588832683
29.07.2020|33,22|01:00:08|188|0|255|803|48|69%|0|0|332|572|89|117|0|0|222|930|802|13|01:01:08|Garmin Edge 1000|https://www.strava.com/activities/3831275205
28.07.2020|64,87|02:00:47|125|0|217|1,454|70|59%|0|0|322|508|88|120|0|0|201|927|1,444|16|02:02:00|Garmin Edge 1000|https://www.strava.com/activities/3825560094
27.07.2020|33,12|01:01:33|50|0|181|673|25|49%|0|0|323|414|93|130|0|0|182|947|673|15|01:04:17|Garmin Edge 1000|https://www.strava.com/activities/3818747119
26.07.2020|31,34|01:00:07|541|0|205|748|31|55%|0|0|313|760|82|107|0|0|207|397|715||01:02:04|Zwift|https://www.strava.com/activities/3814790330
26.07.2020|132,37|04:00:19|977|0|232|3,17|165|63%|0|0|330|612|85|114|0|0|220|959|3,167|20|04:11:34|Garmin Edge 1000|https://www.strava.com/activities/3814877273
25.07.2020|142,68|04:30:25|2,569|0|278|3,709|259|75%|0|0|317|799|83|110|140|188|229|561|3,696|19|04:42:13|Garmin Edge 1000|https://www.strava.com/activities/3811106398
24.07.2020|32,48|01:01:19|364|0|195|715|29|53%|0|0|318|749|85|106|0|0|194|442|679||01:03:08|Zwift|https://www.strava.com/activities/3807176279
23.07.2020|19,06|00:30:43|44|0|204|372|15|55%|0|0|372|486|82|108|0|0|202|242|356||00:30:43|Zwift|https://www.strava.com/activities/3804496259
23.07.2020|116,02|03:30:42|306|0|234|2,625|142|63%|0|0|330|630|85|114|129|190|208|647|2,609|20|03:34:21|Garmin Edge 1000|https://www.strava.com/activities/3804587468
22.07.2020|200,14|05:31:41|744|0|225|4,382|213|61%|0|0|362|612|88|116|133|176|220|814|4,380|19|05:47:44|Garmin Edge 1000|https://www.strava.com/activities/3800779339
17.07.2020|27,89|01:00:28|543|0|190|696|27|51%|0|0|277|868|87|119|0|0|192|399|664||01:03:57|Zwift|https://www.strava.com/activities/3774442036
12.07.2020|164,33|06:02:26|4,832|0|263|4,893|312|71%|0|0|272|788|79|111|143|181|225|518|4,873|20|06:17:06|Garmin Edge 1000|https://www.strava.com/activities/3750884217
11.07.2020|28,32|00:58:41|556|0|203|700|31|55%|0|0|290|709|84|115|112|132|199|344|717|15|01:03:07|Garmin Edge 1000|https://www.strava.com/activities/3744324725
10.07.2020|28,38|01:00:10|205|0|168|575|20|45%|0|0|283|583|82|107|0|0|159|344|574|11|01:00:10|Garmin Edge 1000|https://www.strava.com/activities/3739726759
09.07.2020|163,5|06:05:20|4,624|0|243|4,538|271|66%|0|0|269|756|76|121|130|175|207|546|4,533|22|06:22:48|Garmin Edge 1000|https://www.strava.com/activities/3736119796
06.07.2020|115,32|03:58:44|3,102|0|0|0|0||0|0|290|720|82|120|139|189|0|0|3,164|20|04:24:50|Garmin Edge 1000|https://www.strava.com/activities/3721471986
05.07.2020|31,09|01:01:12|226|0|167|542|21|45%|0|0|305|634|86|118|0|0|148|687|540|18|01:57:28|Garmin Edge 1000|https://www.strava.com/activities/3716360115
01.07.2020|30,56|01:00:03|316|0|198|663|29|54%|0|0|305|670|85|119|0|0|184|437|662|29|01:02:05|Garmin Edge 1000|https://www.strava.com/activities/3697667196
30.07.2020|65,85|02:15:10|1,358|0|243|1,569|101|66%|0|0|292|778|80|129|0|0|193|801|1,749|38|02:25:34|SRM PC8|https://www.strava.com/activities/3837721995
08.07.2020|126,93|05:01:31|3,983|0|259|3,854|257|70%|0|0|253|796|76|121|132|178|213|552|3,837|20|05:18:31|Garmin Edge 1000|https://www.strava.com/activities/3731366100
07.07.2020|167,17|06:07:10|4,43|0|235|4,569|257|64%|0|0|273|803|79|120|128|180|207|859|4,593|22|06:34:30|Garmin Edge 1000|https://www.strava.com/activities/3727189327
04.07.2020|100,55|03:58:46|3,014|0|265|3,048|217|72%|0|0|253|846|78|114|0|0|213|617|3,043|18|04:21:44|Garmin Edge 1000|https://www.strava.com/activities/3711472279
03.07.2020|117,48|04:34:08|3,225|0|263|3,518|241|71%|0|0|257|799|78|124|0|0|214|670|3,516|15|04:56:00|Garmin Edge 1000|https://www.strava.com/activities/3706919766
02.07.2020|101,8|03:59:38|2,933|0|241|2,958|177|65%|0|0|255|814|78|121|0|0|206|623|2,976|22|04:18:16|Garmin Edge 1000|https://www.strava.com/activities/3702191786
25.08.2020|149,76|05:30:17|3,321|0|226|3,968|208|61%|0|0|272|763|78|132|0|0|200|439|3,969|16|05:36:00|Garmin Edge 1000|https://www.strava.com/activities/3963269212
24.08.2020|113,76|04:01:34|3,114|0|289|3,37|248|78%|0|0|283|644|80|116|0|0|233|589|3,354|14|04:10:52|Garmin Edge 1000|https://www.strava.com/activities/3958400824
23.08.2020|28,94|01:01:44|522|0|203|744|31|55%|0|0|281|616|88|117|0|0|201|330|744|13|01:01:44|Garmin Edge 1000|https://www.strava.com/activities/3952631048
22.08.2020|128,89|04:30:03|2,572|0|247|3,409|207|67%|0|0|286|666|81|118|0|0|210|661|3,401|15|04:37:50|Garmin Edge 1000|https://www.strava.com/activities/3949021686
21.08.2020|168,73|06:01:04|4,131|0|263|4,585|311|71%|0|0|280|767|78|134|0|0|212|570|4,567|25|06:28:36|Garmin Edge 1000|https://www.strava.com/activities/3945085283
20.08.2020|138,63|04:31:16|2,716|0|270|3,655|247|73%|0|0|307|734|82|115|0|0|225|583|3,635|24|04:47:58|Garmin Edge 1000|https://www.strava.com/activities/3940189066
10.08.2020|121,5|04:02:05|2,001|0|256|3,05|196|69%|0|0|301|706|85|125|0|0|210|695|3,400|32|04:06:51|SRM PC8|https://www.strava.com/activities/3892244111
09.08.2020|50,1|01:30:52|161|0|0|0|0||175|956|331|475|0|0|0|0|0|0|1,066|28|01:31:08|Wahoo ELEMNT BOLT|https://www.strava.com/activities/3886525574
07.08.2020|185,39|05:45:49|2,78|0|242|4,419|253|65%|0|0|322|763|82|125|132|184|213|774|4,927|31|05:57:48|SRM PC8|https://www.strava.com/activities/3878170936
06.08.2020|89,18|03:00:01|1,578|0|267|2,295|169|72%|0|0|297|778|85|114|0|0|212|784|2,559|27|03:27:56|SRM PC8|https://www.strava.com/activities/3872585757
05.08.2020|140,35|05:01:11|2,235|0|215|3,406|174|58%|0|0|280|821|81|116|0|0|188|686|3,798|28|05:13:10|SRM PC8|https://www.strava.com/activities/3868408873
04.08.2020|131,2|04:31:36|2,543|0|257|3,503|231|69%|0|0|290|720|83|116|0|0|215|650|3,906|26|04:52:01|SRM PC8|https://www.strava.com/activities/3863149430
30.08.2020|206,34|04:54:24|1,572|0|259|3,789|241|70%|0|0|421|857|86|126|132|185|215|921|4,225|20|04:55:41|SRM PC8|https://www.strava.com/activities/3986823754
29.08.2020|193,97|04:36:59|1,699|0|233|1,969|184|63%|0|0|420|914|91|124|147|188|118|908|2,195|19|04:39:04|SRM PC8|https://www.strava.com/activities/3982756116
15.08.2020|228,97|05:56:27|3,421|0|271|4,912|319|73%|0|0|385|900|88|135|0|0|230|917|5,476|33|05:58:48|SRM PC8|https://www.strava.com/activities/3917681195
14.08.2020|35,73|01:07:30|277|0|220|656|42|59%|0|0|318|583|86|114|0|0|162|864|731|30|01:13:37|SRM PC8|https://www.strava.com/activities/3910957991
13.08.2020|33,74|01:06:10|112|0|165|639|22|45%|0|0|306|439|90|113|0|0|161|931|713|30|01:07:03|SRM PC8|https://www.strava.com/activities/3906458072
12.08.2020|103,41|03:39:11|2,256|0|259|2,654|189|70%|0|0|283|821|81|114|0|0|202|766|2,960|31|03:52:00|SRM PC8|https://www.strava.com/activities/3902407735
11.08.2020|121,48|04:03:11|1,39|0|207|2,751|134|56%|0|0|300|662|85|113|122|163|189|590|3,067|33|04:18:10|SRM PC8|https://www.strava.com/activities/3897137563
26.09.2020|18,19|01:15:15|1,316|0|223|1,014|45|60%|0|0|145|407|72|109|0|0|225|325|968||01:16:14|Zwift|https://www.strava.com/activities/4112692033
02.09.2020|76,72|02:00:02|64|0|253|1,645|93|68%|0|0|383|511|91|115|0|0|228|492|1,835|16|02:00:02|SRM PC8|https://www.strava.com/activities/3999843921
30.09.2020|204,62|04:58:01|2,482|0|291|4,221|309|79%|0|0|412|922|87|138|0|0|236|964|4,706|19|04:58:45|SRM PC8|https://www.strava.com/activities/4133344926
07.09.2020|136,09|03:04:46|890|0|210|1,147|99|57%|0|0|442|821|88|130|0|0|103|896|1,279|32|03:05:05|SRM PC8|https://www.strava.com/activities/4025271954
06.09.2020|40,55|01:17:09|24|0|159|699|26|43%|0|0|315|410|92|119|0|0|151|859|780|31|02:05:24|SRM PC8|https://www.strava.com/activities/4021544074
17.10.2020|66,33|02:00:06|238|0|260|1,702|99|70%|0|0|331|547|85|123|0|0|236|943|1,701|2|02:01:21|Garmin Edge 1000|https://www.strava.com/activities/4204969618
16.10.2020|30,87|01:00:23|36|0|194|703|27|52%|0|0|307|360|83|108|0|0|194|335|703|6|01:01:26|Garmin Edge 1000|https://www.strava.com/activities/4201264551
15.10.2020|30,92|01:00:14|73|0|186|676|25|50%|0|0|308|425|88|107|0|0|187|334|673|7|01:01:22|Garmin Edge 1000|https://www.strava.com/activities/4197849807
12.10.2020|184,13|05:59:34|2,734|0|248|4,924|277|67%|0|0|307|695|83|122|0|0|228|534|4,935|6|06:34:20|Garmin Edge 1000|https://www.strava.com/activities/4186415289
10.10.2020|38,68|01:20:41|919|0|224|1,103|52|61%|0|0|288|871|77|103|0|0|228|413|1,051||01:25:31|Zwift|https://www.strava.com/activities/4174412775
08.10.2020|95,51|03:00:12|528|0|235|2,456|124|64%|0|0|318|598|84|113|144|180|227|585|2,454|12|03:03:57|Garmin Edge 1000|https://www.strava.com/activities/4167050427
18.10.2020|51,87|01:37:41|594|0|227|1,074|65|61%|0|0|319|684|87|118|0|0|183|683|1,198|13|01:45:00|SRM PC8|https://www.strava.com/activities/4210357504
14.10.2020|140,82|05:01:48|2,894|0|249|3,928|232|67%|0|0|280|702|81|115|0|0|217|651|3,943|5|05:27:34|Garmin Edge 1000|https://www.strava.com/activities/4194084093
04.10.2020|245,12|06:36:16|3,606|0|285|5,982|395|77%|0|0|371|900|90|139|0|0|252|821|6,670|11|06:39:40|SRM PC8|https://www.strava.com/activities/4151483015
02.10.2020|69,35|02:07:54|1,166|0|248|1,486|97|67%|0|0|325|749|86|129|0|0|194|635|1,657|15|02:09:43|SRM PC8|https://www.strava.com/activities/4141521002
29.11.2020|91,63|03:00:46|460|0|202|2,075|94|55%|0|0|304|500|88|120|133|173|191|820|2,071|0|03:08:38|Garmin Edge 1000|https://www.strava.com/activities/4408313937
28.11.2020|68,34|02:05:41|81|0|216|1,632|73|58%|0|0|326|439|93|132|136|176|216|1,001|1,630|2|02:13:35|Garmin Edge 1000|https://www.strava.com/activities/4400945735
25.11.2020|41,31|01:40:02|337|0|0|0|0||113|680|248|428|0|0|0|0|0|0|1,271|6|01:43:38|Garmin Edge 1000|https://www.strava.com/activities/4391935391
31.12.2020|17,99|01:01:32|1,058|0|240|879|43|65%|0|0|175|569|73|110|0|0|238|515|840||01:01:32|Zwift|https://www.strava.com/activities/4544395383
29.12.2020|31,9|01:15:22|774|0|190|870|34|51%|0|0|254|810|77|109|0|0|192|244|831||01:18:17|Zwift|https://www.strava.com/activities/4532567392
27.12.2020|38,78|01:00:12|247|0|185|665|25|50%|0|0|387|792|87|120|0|0|184|436|637||01:00:12|Zwift|https://www.strava.com/activities/4526075932
27.12.2020|47,16|02:00:54|1,708|0|239|1,639|88|65%|0|0|234|749|79|119|0|0|226|410|1,566||02:05:47|Zwift|https://www.strava.com/activities/4523144595
26.12.2020|124,81|04:01:52|877|0|0|0|0||172|2,489|310|641|0|0|0|0|0|0|4,076|2|04:05:56|Garmin Edge 800|https://www.strava.com/activities/4520402867
22.12.2020|84,92|02:45:27|635|0|233|2,208|113|63%|0|0|308|608|85|112|128|168|222|955|2,209|10|02:52:03|Garmin Edge 1000|https://www.strava.com/activities/4503943486
21.12.2020|29,73|01:00:29|27|0|188|679|26|51%|0|0|295|382|91|108|108|119|187|468|677|5|01:00:29|Garmin Edge 1000|https://www.strava.com/activities/4499412689
20.12.2020|119,16|04:06:55|2,47|0|274|3,485|230|74%|0|0|290|781|84|121|135|183|235|507|3,444|6|04:14:48|Garmin Edge 1000|https://www.strava.com/activities/4496427760
19.12.2020|135,95|04:00:12|133|0|253|3,448|192|68%|0|0|340|450|89|108|139|176|239|652|3,442|8|04:08:06|Garmin Edge 1000|https://www.strava.com/activities/4491271992
18.12.2020|109,34|03:30:44|713|0|231|2,786|138|62%|0|0|311|612|85|118|125|173|220|962|2,778|8|03:34:24|Garmin Edge 1000|https://www.strava.com/activities/4486752417
15.12.2020|24,37|01:00:47|463|0|193|641|29|52%|0|0|241|623|80|132|0|0|176|487|639|15|01:23:33|Garmin Edge 1000|https://www.strava.com/activities/4474552258
05.12.2020|30,49|01:00:16|241|0|217|764|35|59%|0|0|304|594|90|118|0|0|211|980|761|2|01:01:26|Garmin Edge 1000|https://www.strava.com/activities/4433894222
03.12.2020|130,81|04:21:15|724|0|218|3,273|158|59%|0|0|300|562|86|139|140|183|209|992|3,269|2|04:39:05|Garmin Edge 1000|https://www.strava.com/activities/4424473289
16.12.2020|138,23|04:46:54|3,336|0|249|3,685|225|67%|0|0|289|688|78|119|133|172|214|726|3,679|13|06:10:03|Garmin Edge 1000|https://www.strava.com/activities/4479789104
14.12.2020|122,52|04:50:58|3,208|0|236|3,58|211|64%|0|0|253|752|76|123|125|185|205|764|3,591|16|05:46:59|Garmin Edge 1000|https://www.strava.com/activities/4471645427
13.12.2020|112,52|04:02:37|2,836|0|256|3,245|201|69%|0|0|278|716|81|121|139|179|223|557|3,239|15|04:28:37|Garmin Edge 1000|https://www.strava.com/activities/4467519350
12.12.2020|78,01|03:04:52|1,942|0|248|2,325|145|67%|0|0|253|673|73|127|132|191|210|691|2,321|15|03:25:07|Garmin Edge 1000|https://www.strava.com/activities/4462337456
11.12.2020|23,68|01:00:08|475|0|195|610|30|53%|0|0|236|659|78|126|0|0|169|530|608|17|01:56:31|Garmin Edge 1000|https://www.strava.com/activities/4457905678
10.12.2020|126,79|04:43:16|3,218|0|242|3,759|208|65%|0|0|269|742|81|121|135|179|221|698|3,760|14|05:08:56|Garmin Edge 1000|https://www.strava.com/activities/4454583303
09.12.2020|108,91|04:07:49|2,786|0|250|3,308|210|68%|0|0|264|727|78|121|145|184|223|575|3,318|14|04:37:43|Garmin Edge 1000|https://www.strava.com/activities/4450230082
08.12.2020|80,88|03:02:09|1,923|0|242|2,301|129|65%|0|0|266|698|79|123|140|175|211|891|2,298|16|03:03:25|Garmin Edge 1000|https://www.strava.com/activities/4445833810
loaded urls in 1.10:29:30.7211576
