date|distance|mov_time|elevation|relativeEffort|avg_power_weig|work_total|training_load|intensity|estAvgPower|energyOutput|avg_speed|max_speed|avg_cadence|max_cadence|avg_heartRate|max_heartRate|avg_power|max_power|avg_calories|avg_temperature|avg_elap_time|bicycle_model|url
31.01.2019|170,87|04:03:42|1,014|0|292|3,901|269|80%|0|0|421|1325|96|131|142|180|267|1,219|4,350|19|04:34:15|SRM PC8|https://www.strava.com/activities/2116870064
29.01.2019|85,33|02:54:12|754|0|206|2,034|97|57%|0|0|294|590|84|113|114|236|195|798|2,268|14|03:22:11|SRM PC8|https://www.strava.com/activities/2113404408
28.01.2019|126,44|04:18:42|1,637|0|268|3,298|241|74%|0|0|293|799|83|137|125|177|212|1,196|3,677|14|04:55:02|SRM PC8|https://www.strava.com/activities/2108956916
27.01.2019|44,05|01:40:31|481|0|159|922|34|44%|0|0|263|612|84|107|102|121|153|565|1,028|15|01:48:47|SRM PC8|https://www.strava.com/activities/2107336579
25.01.2019|91,37|03:01:15|962|0|228|2,283|128|63%|0|0|302|670|88|131|119|237|210|800|2,546|15|03:23:05|SRM PC8|https://www.strava.com/activities/2102189975
23.01.2019|208,73|06:32:47|1,352|0|226|5,07|264|62%|0|0|319|634|86|128|123|230|215|1,126|5,653|11|06:54:38|SRM PC8|https://www.strava.com/activities/2098301921
22.01.2019|36,9|01:14:23|342|0|240|950|223|66%|0|0|298|533|80|118|122|177|213|610|1,059|14|07:19:32|SRM PC8|https://www.strava.com/activities/2098301689
21.01.2019|100,7|03:25:35|1,251|0|254|2,843|179|70%|0|0|294|785|83|167|127|163|230|1,276|3,169|13|03:56:20|SRM PC8|https://www.strava.com/activities/2093812001
19.01.2019|160,77|05:58:34|2,467|0|237|4,454|271|65%|0|0|269|648|84|138|122|168|207|1,04|4,966|11|07:03:49|SRM PC8|https://www.strava.com/activities/2089407568
18.01.2019|111,8|03:59:23|1,638|0|254|3,077|204|70%|0|0|280|698|87|131|127|170|214|1,295|3,431|12|04:12:13|SRM PC8|https://www.strava.com/activities/2087129897
14.01.2019|68,28|02:00:22|324|0|273|1,798|115|75%|0|0|340|590|88|108|135|164|249|641|2,005|3|02:03:29|SRM PC8|https://www.strava.com/activities/2078107980
12.01.2019|36,44|01:25:40|276|0|166|821|31|46%|0|0|255|511|87|106|102|119|160|400|915|6|01:30:33|SRM PC8|https://www.strava.com/activities/2076264092
11.01.2019|71,6|02:34:40|649|0|229|1,876|105|63%|0|0|278|626|87|119|117|146|202|619|2,092|7|02:50:37|SRM PC8|https://www.strava.com/activities/2076271451
08.01.2019|36,91|01:30:01|318|0|195|987|45|54%|0|0|246|569|80|132|117|157|183|1,081|1,100|5|01:33:35|SRM PC8|https://www.strava.com/activities/2076275661
07.01.2019|158,08|05:22:49|944|0|219|4,141|201|60%|0|0|294|670|84|110|124|157|214|1,021|4,617|6|05:34:33|SRM PC8|https://www.strava.com/activities/2062135214
05.01.2019|44,12|01:41:40|356|0|178|1,049|42|49%|0|0|260|533|86|107|113|132|172|398|1,170|7|01:46:06|SRM PC8|https://www.strava.com/activities/2061107137
04.01.2019|146,59|05:06:12|956|0|220|3,849|195|60%|0|0|287|598|83|119|126|159|209|1,212|4,291|7|05:46:23|SRM PC8|https://www.strava.com/activities/2054930422
02.01.2019|42,66|01:22:12|146|0|203|975|43|56%|0|0|311|533|86|102|123|141|198|540|1,087|4|01:24:12|SRM PC8|https://www.strava.com/activities/2053266922
30.01.2019|49,96|01:43:38|652|0|255|1,079|89|70%|0|0|289|641|84|144|118|243|174|1,082|1,203|13|01:51:32|SRM PC8|https://www.strava.com/activities/2113404406
26.01.2019|115,64|04:08:04|1,815|0|250|2,956|202|69%|0|0|280|677|84|145|124|185|199|1,184|3,295|15|04:18:04|SRM PC8|https://www.strava.com/activities/2104590746
17.01.2019|120,41|04:09:07|1,68|0|243|3,232|199|67%|0|0|290|965|88|135|127|158|216|1,059|3,603|15|04:49:12|SRM PC8|https://www.strava.com/activities/2087129444
10.01.2019|122,02|04:09:14|622|0|214|3,009|145|59%|0|0|294|569|85|124|127|161|201|1,354|3,355|1|04:12:42|SRM PC8|https://www.strava.com/activities/2068752687
28.02.2019|39,46|01:19:01|216|0|174|812|31|48%|0|0|300|670|87|112|118|131|171|673|905|12|01:23:06|SRM PC8|https://www.strava.com/activities/2183613333
27.02.2019|38,68|01:12:41|229|0|199|866|40|55%|0|0|319|662|87|112|132|251|198|717|965|16|01:22:50|SRM PC8|https://www.strava.com/activities/2179304369
27.02.2019|101,88|03:36:05|862|0|211|2,586|125|58%|0|0|283|634|84|111|121|140|199|773|2,883|12|04:03:49|SRM PC8|https://www.strava.com/activities/2179304807
26.02.2019|106,15|03:29:14|921|0|257|3,048|182|71%|0|0|304|727|83|118|132|156|243|1,312|3,398|15|03:54:02|SRM PC8|https://www.strava.com/activities/2177003631
25.02.2019|38,15|01:26:34|238|0|180|909|35|49%|0|0|264|518|85|109|112|129|175|738|1,014|9|01:27:39|SRM PC8|https://www.strava.com/activities/2174810615
24.02.2019|83,47|02:50:43|838|0|240|2,346|133|66%|0|0|293|648|86|111|131|233|229|941|2,616|9|03:18:26|SRM PC8|https://www.strava.com/activities/2171605335
23.02.2019|89,1|03:11:29|747|0|207|2,295|116|57%|0|0|279|583|85|130|127|149|200|773|2,559|8|03:56:53|SRM PC8|https://www.strava.com/activities/2171605271
20.02.2019|126,43|04:18:44|891|0|222|3,365|167|61%|0|0|293|662|88|120|135|203|217|855|3,752|8|05:16:03|SRM PC8|https://www.strava.com/activities/2163175381
19.02.2019|88,63|03:13:08|760|0|201|2,109|102|55%|0|0|275|605|88|164|126|155|182|772|2,352|8|04:07:22|SRM PC8|https://www.strava.com/activities/2160487381
18.02.2019|100,36|03:18:40|750|0|229|2,599|135|63%|0|0|303|626|84|115|135|161|218|749|2,898|11|03:24:36|SRM PC8|https://www.strava.com/activities/2158086260
31.03.2019|45,73|01:52:40|262|0|161|990|38|44%|0|0|244|475|81|138|105|174|146|596|1,104|10|02:26:38|SRM PC8|https://www.strava.com/activities/2254307262
30.03.2019|131,26|04:33:13|1,181|0|214|3,288|163|59%|0|0|288|670|80|156|121|188|201|1,018|3,667|16|04:44:41|SRM PC8|https://www.strava.com/activities/2251735847
29.03.2019|100,22|03:30:15|833|0|248|2,59|167|68%|0|0|286|691|84|137|123|173|205|959|2,887|17|03:46:24|SRM PC8|https://www.strava.com/activities/2249387249
26.03.2019|55,06|01:58:33|94|0|159|1,117|41|44%|0|0|279|425|88|126|112|129|157|893|1,246|13|02:31:48|SRM PC8|https://www.strava.com/activities/2241766325
25.03.2019|83,13|03:02:14|240|0|232|1,912|131|64%|0|0|274|619|86|130|123|170|175|985|2,132|12|03:13:08|SRM PC8|https://www.strava.com/activities/2239489620
24.03.2019|31,59|01:21:25|56|0|112|519|14|31%|0|0|233|446|84|102|97|115|106|445|578|15|01:30:00|SRM PC8|https://www.strava.com/activities/2237572562
23.03.2019|119,22|04:07:44|665|0|190|2,68|121|52%|0|0|289|778|85|106|114|210|180|688|2,988|13|04:38:42|SRM PC8|https://www.strava.com/activities/2234264175
20.03.2019|117,81|04:03:28|1,241|0|270|3,129|244|74%|0|0|290|706|86|124|130|187|214|1,208|3,489|14|04:38:05|SRM PC8|https://www.strava.com/activities/2227023612
19.03.2019|43,96|01:28:32|341|0|249|1,076|75|68%|0|0|298|569|86|134|125|173|203|1,097|1,200|12|01:42:13|SRM PC8|https://www.strava.com/activities/2224861276
18.03.2019|61,87|02:01:33|674|0|307|1,803|150|84%|0|0|305|605|87|118|139|179|247|990|2,010|9|02:07:13|SRM PC8|https://www.strava.com/activities/2221860571
15.03.2019|38,87|01:24:51|362|0|270|1,127|79|74%|0|0|275|634|80|173|132|234|221|648|1,257|5|01:37:06|SRM PC8|https://www.strava.com/activities/2215028313
13.03.2019|161,98|05:22:27|1,209|0|269|4,533|303|74%|0|0|301|706|87|118|134|178|234|853|5,054|6|05:44:41|SRM PC8|https://www.strava.com/activities/2210824121
12.03.2019|104,82|03:37:23|996|0|269|3,054|207|74%|0|0|289|677|88|121|132|175|234|824|3,405|6|03:53:46|SRM PC8|https://www.strava.com/activities/2208370132
11.03.2019|60,27|01:51:44|396|0|232|1,461|80|64%|0|0|324|605|86|109|127|252|218|801|1,629|9|01:59:26|SRM PC8|https://www.strava.com/activities/2206275188
09.03.2019|187,79|06:16:07|1,52|0|258|5,114|328|71%|0|0|300|842|86|124|131|209|227|808|5,702|7|06:31:53|SRM PC8|https://www.strava.com/activities/2201974863
08.03.2019|29,98|01:01:48|250|0|281|846|64|77%|0|0|291|626|75|113|134|171|228|799|943|9|01:04:56|SRM PC8|https://www.strava.com/activities/2198789579
07.03.2019|34,45|01:19:54|230|0|146|666|21|40%|0|0|259|670|83|104|100|123|139|432|742|9|01:22:12|SRM PC8|https://www.strava.com/activities/2197060140
06.03.2019|76,55|02:36:07|618|0|227|1,943|104|62%|0|0|294|742|84|114|125|150|207|676|2,167|5|02:41:30|SRM PC8|https://www.strava.com/activities/2195219608
06.03.2019|0|00:00:00|0|0|3|0|0|1%|0|0|43|43|0|51|76|80|0|175|0|12|00:11:02|SRM PC8|https://www.strava.com/activities/2197060048
05.03.2019|159,85|05:34:08|765|0|241|4,531|257|66%|0|0|287|691|85|144|133|248|226|1,335|5,052|5|06:24:41|SRM PC8|https://www.strava.com/activities/2193183831
04.03.2019|73,48|02:27:46|610|0|238|1,819|115|65%|0|0|298|778|86|120|130|168|205|765|2,028|6|02:58:30|SRM PC8|https://www.strava.com/activities/2190874362
02.03.2019|154,38|04:58:06|1,324|0|248|4,309|236|68%|0|0|311|698|88|116|133|158|241|891|4,804|6|05:07:49|SRM PC8|https://www.strava.com/activities/2186499427
01.03.2019|72,28|02:31:22|656|0|212|1,785|95|58%|0|0|287|619|87|160|135|176|197|1,4|1,990|6|02:54:50|SRM PC8|https://www.strava.com/activities/2184032256
01.03.2019|38,27|01:10:37|220|0|257|947|59|71%|0|0|325|648|81|105|136|202|223|669|1,056|8|01:11:25|SRM PC8|https://www.strava.com/activities/2183613340
28.03.2019|34,27|01:10:37|62|0|152|615|24|42%|0|0|291|439|82|111|107|162|145|801|685|15|01:53:38|SRM PC8|https://www.strava.com/activities/2246614251
27.03.2019|183,89|04:29:11|844|0|274|3,753|262|75%|0|0|410|821|91|142|147|183|232|1,221|4,184|14|04:59:50|SRM PC8|https://www.strava.com/activities/2244926868
22.03.2019|164,12|04:01:25|620|0|282|3,344|249|77%|0|0|408|792|91|155|147|187|231|1,209|3,729|18|04:30:14|SRM PC8|https://www.strava.com/activities/2231886767
21.03.2019|50,54|01:44:30|181|0|167|923|42|46%|0|0|290|504|85|138|109|178|147|1,235|1,029|14|03:23:52|SRM PC8|https://www.strava.com/activities/2229234052
17.03.2019|46,85|01:56:39|352|0|168|1,136|43|46%|0|0|241|540|82|146|106|128|162|908|1,266|10|02:37:35|SRM PC8|https://www.strava.com/activities/2220281098
16.03.2019|117,33|03:48:19|1,082|0|274|3,148|232|75%|0|0|308|698|88|138|140|254|230|1,36|3,510|8|04:12:06|SRM PC8|https://www.strava.com/activities/2216724908
30.04.2019|0,18|00:01:27|4|0|76|0|0|21%|0|0|77|144|44|106|127|168|5|197|0|18|00:15:53|SRM PC8|https://www.strava.com/activities/2331117787
30.04.2019|4|00:05:53|42|0|412|139|12|113%|0|0|409|634|88|109|176|239|393|988|155|19|00:05:53|SRM PC8|https://www.strava.com/activities/2331115777
30.04.2019|0,4|00:01:30|0|0|259|5|29|71%|0|0|161|310|72|190|137|178|57|645|6|20|00:37:05|SRM PC8|https://www.strava.com/activities/2331113450
30.04.2019|21,69|00:42:33|225|0|249|499|38|68%|0|0|306|670|84|111|135|173|195|833|556|17|00:51:34|SRM PC8|https://www.strava.com/activities/2331110500
28.04.2019|36,04|01:24:46|152|0|155|767|28|43%|0|0|255|518|82|105|102|154|151|779|855|18|02:10:40|SRM PC8|https://www.strava.com/activities/2331104481
26.04.2019|53,45|01:50:14|308|0|250|1,38|88|69%|0|0|291|677|87|116|125|178|209|775|1,538|14|01:51:56|SRM PC8|https://www.strava.com/activities/2320735928
25.04.2019|124,59|04:22:24|928|0|207|3,08|153|57%|0|0|285|634|83|119|118|143|196|857|3,434|17|05:40:02|SRM PC8|https://www.strava.com/activities/2319866995
21.04.2019|169,07|04:09:00|1,174|0|261|3,084|226|72%|0|0|407|799|89|137|128|182|206|1,323|3,438|18|04:22:55|SRM PC8|https://www.strava.com/activities/2307726303
20.04.2019|163,68|04:41:47|1,895|0|264|3,833|256|73%|0|0|349|814|85|136|129|172|227|1,069|4,274|9|04:59:48|SRM PC8|https://www.strava.com/activities/2305373420
19.04.2019|197,68|05:32:03|1,327|0|270|4,991|310|74%|0|0|357|691|91|125|135|177|251|1,039|5,565|14|05:57:37|SRM PC8|https://www.strava.com/activities/2302229111
18.04.2019|137|03:24:12|1,197|0|274|2,89|206|75%|0|0|403|886|92|143|137|253|236|995|3,222|20|03:58:44|SRM PC8|https://www.strava.com/activities/2299553244
17.04.2019|186,24|04:55:14|2,26|0|276|3,904|295|76%|0|0|379|900|89|148|138|180|220|1,118|4,353|21|05:32:19|SRM PC8|https://www.strava.com/activities/2297396059
16.04.2019|6,1|00:17:30|134|0|194|171|8|53%|0|0|209|497|77|103|125|239|163|523|191|21|00:17:30|SRM PC8|https://www.strava.com/activities/2297384850
16.04.2019|160,44|03:40:57|1,371|0|281|3,011|227|77%|0|0|436|850|90|135|140|184|227|1|3,358|19|04:00:45|SRM PC8|https://www.strava.com/activities/2297391013
15.04.2019|42,91|01:30:30|194|0|191|750|45|52%|0|0|285|634|88|135|108|200|138|1,156|837|15|02:12:40|SRM PC8|https://www.strava.com/activities/2291511329
13.04.2019|78,23|02:52:26|663|0|199|1,96|90|55%|0|0|272|634|86|117|118|144|189|928|2,186|10|03:02:48|SRM PC8|https://www.strava.com/activities/2291402261
12.04.2019|56,97|01:59:54|405|0|209|1,47|68|57%|0|0|285|634|98|123|123|141|204|878|1,639|8|02:05:41|SRM PC8|https://www.strava.com/activities/2283842850
11.04.2019|103,6|03:40:29|1,07|0|267|2,817|204|73%|0|0|282|605|88|119|130|185|213|815|3,141|8|03:50:11|SRM PC8|https://www.strava.com/activities/2282366560
10.04.2019|50,78|02:01:38|390|0|198|1,343|63|54%|0|0|251|511|72|106|113|232|184|597|1,498|6|02:26:41|SRM PC8|https://www.strava.com/activities/2279311915
09.04.2019|182,9|06:14:19|1,758|0|250|4,999|304|69%|0|0|293|785|89|121|129|234|223|840|5,574|9|06:31:31|SRM PC8|https://www.strava.com/activities/2277329217
08.04.2019|93,39|03:11:20|785|0|268|2,61|176|74%|0|0|293|655|91|122|130|183|227|1,276|2,910|12|03:14:49|SRM PC8|https://www.strava.com/activities/2274731037
05.04.2019|127,55|04:49:08|974|0|194|3,131|146|53%|0|0|265|634|85|130|114|190|180|891|3,491|15|06:05:28|SRM PC8|https://www.strava.com/activities/2266793586
04.04.2019|85,68|03:02:23|598|0|256|2,085|153|70%|0|0|282|619|86|155|124|178|190|1,352|2,324|15|03:07:01|SRM PC8|https://www.strava.com/activities/2264702264
02.04.2019|194,44|06:32:02|1,798|0|237|5,266|288|65%|0|0|298|691|86|128|129|183|224|1,062|5,871|11|06:49:42|SRM PC8|https://www.strava.com/activities/2260574609
01.04.2019|56,67|02:00:28|274|0|235|1,465|90|65%|0|0|282|605|85|124|124|238|203|1,135|1,633|10|02:28:34|SRM PC8|https://www.strava.com/activities/2257230641
01.04.2019|34,59|01:07:37|230|0|281|888|69|77%|0|0|307|569|75|192|130|164|219|727|990|9|01:09:48|SRM PC8|https://www.strava.com/activities/2257205440
27.04.2019|163,13|04:00:40|839|0|316|3,98|314|87%|0|0|407|655|89|131|152|184|276|1,279|4,437|18|04:17:16|SRM PC8|https://www.strava.com/activities/2323441031
23.04.2019|43,94|01:42:37|316|0|225|1,037|70|62%|0|0|257|590|82|146|112|177|168|1,229|1,156|18|02:00:55|SRM PC8|https://www.strava.com/activities/2313072672
07.04.2019|36,37|01:42:09|152|0|103|578|14|28%|0|0|214|446|80|107|87|206|94|659|645|15|01:48:06|SRM PC8|https://www.strava.com/activities/2271161507
06.04.2019|164,87|06:05:15|1,337|0|222|4,033|242|61%|0|0|271|677|84|149|114|243|184|1,344|4,497|17|07:12:05|SRM PC8|https://www.strava.com/activities/2269307072
31.05.2019|205,31|06:56:00|1,836|0|231|5,433|287|63%|0|0|296|648|83|113|120|155|218|724|6,058|17|07:29:52|SRM PC8|https://www.strava.com/activities/2419565389
30.05.2019|153,52|05:02:39|1,602|0|290|4,432|336|80%|0|0|304|684|85|130|129|217|244|915|4,942|18|05:31:50|SRM PC8|https://www.strava.com/activities/2419565225
29.05.2019|123,54|04:04:49|1,154|0|255|3,397|212|70%|0|0|303|648|85|121|126|166|231|1,132|3,788|15|04:21:23|SRM PC8|https://www.strava.com/activities/2419565177
28.05.2019|80,37|02:32:20|610|0|207|1,828|87|57%|0|0|317|648|85|107|117|138|200|510|2,038|15|02:48:35|SRM PC8|https://www.strava.com/activities/2403661182
27.05.2019|70,11|02:35:35|578|0|194|1,586|78|53%|0|0|270|526|81|116|107|154|170|1,353|1,769|15|03:11:59|SRM PC8|https://www.strava.com/activities/2401302246
24.05.2019|93,36|03:06:35|668|0|248|2,489|152|68%|0|0|300|742|86|113|124|244|222|898|2,776|14|03:46:14|SRM PC8|https://www.strava.com/activities/2393302446
23.05.2019|39,43|01:13:31|242|0|330|1,144|102|91%|0|0|322|670|88|116|137|180|259|920|1,275|21|01:14:47|SRM PC8|https://www.strava.com/activities/2393302240
23.05.2019|64,23|02:01:01|501|0|251|1,756|101|69%|0|0|318|778|87|128|126|152|242|1,002|1,958|21|02:07:35|SRM PC8|https://www.strava.com/activities/2390544753
22.05.2019|38,95|01:20:23|216|0|219|942|49|60%|0|0|291|569|84|105|114|168|195|624|1,050|14|01:22:39|SRM PC8|https://www.strava.com/activities/2390544665
21.05.2019|32,01|01:14:52|166|0|149|622|21|41%|0|0|257|475|80|100|100|121|138|511|693|20|01:23:16|SRM PC8|https://www.strava.com/activities/2390544669
19.05.2019|179,73|05:48:04|1,006|0|276|5,276|351|76%|0|0|310|799|85|117|133|244|253|704|5,883|22|06:22:12|SRM PC8|https://www.strava.com/activities/2380852690
17.05.2019|79,96|02:48:04|374|0|237|2,246|121|65%|0|0|285|677|83|108|120|143|223|514|2,504|10|02:52:39|SRM PC8|https://www.strava.com/activities/2374510440
16.05.2019|224,09|07:30:25|1,666|0|239|6,09|336|66%|0|0|299|914|83|133|125|227|225|1,398|6,791|19|08:24:13|SRM PC8|https://www.strava.com/activities/2372678382
15.05.2019|127,03|04:05:54|1,12|0|269|3,381|231|74%|0|0|310|706|86|128|134|186|229|1,222|3,769|18|04:13:40|SRM PC8|https://www.strava.com/activities/2369474382
13.05.2019|169,18|05:43:34|1,574|0|227|4,398|227|62%|0|0|295|763|82|125|122|206|213|997|4,903|16|06:06:47|SRM PC8|https://www.strava.com/activities/2364398933
11.05.2019|88,02|02:56:24|853|0|303|2,645|206|83%|0|0|299|662|87|118|135|176|250|968|2,949|12|02:59:33|SRM PC8|https://www.strava.com/activities/2359874025
09.05.2019|80,77|02:50:53|690|0|204|2,022|93|56%|0|0|284|662|86|122|113|142|197|864|2,254|17|02:58:00|SRM PC8|https://www.strava.com/activities/2359874019
08.05.2019|79,33|03:01:37|694|0|176|1,847|75|48%|0|0|262|605|84|112|106|131|170|791|2,060|11|03:49:09|SRM PC8|https://www.strava.com/activities/2353302798
05.05.2019|16,36|00:22:31|168|0|354|466|35|97%|0|0|436|770|92|115|164|207|345|761|519|9|00:22:52|SRM PC8|https://www.strava.com/activities/2343511158
04.05.2019|12,86|00:47:25|641|0|0|0|0||227|645|163|432|0|0|139|160|0|0|719|9|00:47:25|SRM PC8|https://www.strava.com/activities/2341576716
26.05.2019|151,63|03:46:23|2,088|0|348|4,28|346|96%|0|0|402|778|91|135|155|254|315|1,356|4,773|16|03:46:23|SRM PC8|https://www.strava.com/activities/2399305850
25.05.2019|131,2|03:11:03|1,147|0|342|3,467|281|94%|0|0|412|778|92|121|156|179|302|1,297|3,866|16|03:11:03|SRM PC8|https://www.strava.com/activities/2399305540
20.05.2019|168,38|05:41:25|1,671|0|231|4,126|237|63%|0|0|296|691|77|129|120|162|201|1,281|4,601|24|06:05:43|SRM PC8|https://www.strava.com/activities/2382920567
12.05.2019|137,25|04:29:42|1,188|0|260|3,561|237|71%|0|0|305|691|82|137|126|178|220|1,273|3,970|15|05:45:05|SRM PC8|https://www.strava.com/activities/2361828019
05.05.2019|20|00:40:41|170|0|178|414|19|49%|0|0|295|698|83|107|118|133|169|553|461|7|00:49:06|SRM PC8|https://www.strava.com/activities/2343498562
04.05.2019|98,36|02:25:07|1,28|0|302|2,248|172|83%|0|0|407|821|89|140|141|168|258|1,213|2,506|13|02:37:15|SRM PC8|https://www.strava.com/activities/2341572393
03.05.2019|161,74|04:17:36|2,684|0|303|4,085|300|83%|0|0|377|878|88|130|144|206|264|1,042|4,555|15|04:24:57|SRM PC8|https://www.strava.com/activities/2338915620
02.05.2019|178,19|04:33:39|1,105|0|288|4,009|291|79%|0|0|391|893|89|135|139|174|244|1,07|4,470|13|04:47:24|SRM PC8|https://www.strava.com/activities/2336512354
01.05.2019|172,72|04:52:41|3,175|0|294|4,494|332|81%|0|0|354|907|87|157|146|243|256|1,049|5,011|20|05:48:20|SRM PC8|https://www.strava.com/activities/2333976679
27.06.2019|40,72|00:52:35|120|0|352|1,138|124|97%|0|0|465|648|93|180|0|0|361|891|1,269|17|05:38:15|SRM PC8|https://www.strava.com/activities/2485825380
27.06.2019|26,26|00:45:25|96|0|267|588|41|73%|0|0|347|583|85|120|0|0|216|657|656|18|00:46:20|SRM PC8|https://www.strava.com/activities/2484298206
24.06.2019|33,61|01:11:25|182|0|161|666|26|44%|0|0|282|482|79|103|0|0|155|533|743|26|01:52:15|SRM PC8|https://www.strava.com/activities/2484298279
19.06.2019|7,55|00:14:32|2|0|291|276|53|80%|0|0|312|569|83|157|160|185|316|938|307|20|00:55:21|SRM PC8|https://www.strava.com/activities/2466302710
19.06.2019|27,65|00:41:35|20|0|262|637|37|72%|0|0|399|511|89|113|131|157|255|646|710|25|00:43:16|SRM PC8|https://www.strava.com/activities/2466302706
18.06.2019|34,64|01:08:57|60|0|252|752|54|69%|0|0|301|547|88|119|120|167|182|855|838|25|01:08:57|SRM PC8|https://www.strava.com/activities/2459756205
17.06.2019|31,14|01:14:16|36|0|119|526|14|33%|0|0|252|439|83|104|95|111|118|508|587|30|01:21:33|SRM PC8|https://www.strava.com/activities/2459756235
14.06.2019|10,34|00:31:34|49|0|284|509|53|78%|0|0|197|608|87|174|148|181|269|809|567|24|01:00:24|SRM PC8|https://www.strava.com/activities/2449461007
14.06.2019|21,47|00:42:23|124|0|198|425|21|54%|0|0|304|533|76|102|117|140|167|472|474|20|00:45:03|SRM PC8|https://www.strava.com/activities/2449461002
12.06.2019|187,16|04:27:23|194|0|281|3,87|272|77%|0|0|420|598|87|149|137|183|241|1,12|4,315|14|04:43:05|SRM PC8|https://www.strava.com/activities/2444333396
11.06.2019|20,43|00:42:19|106|0|236|474|65|65%|0|0|290|540|85|126|119|171|187|1,19|528|22|01:33:16|SRM PC8|https://www.strava.com/activities/2444333024
10.06.2019|52,79|01:56:21|385|0|0|0|0||174|1,216|272|706|0|0|112|146|0|0|1,356|16|02:11:29|SRM PC8|https://www.strava.com/activities/2444333137
09.06.2019|27,22|01:08:16|96|0|0|0|0||126|515|239|468|0|0|100|118|0|0|574|22|01:15:08|SRM PC8|https://www.strava.com/activities/2436559632
08.06.2019|110,72|03:21:42|358|0|267|2,707|187|73%|0|0|329|727|86|116|132|173|224|886|3,018|16|03:40:21|SRM PC8|https://www.strava.com/activities/2433696887
07.06.2019|57,55|01:40:00|126|0|250|1,378|83|69%|0|0|345|598|85|112|128|156|230|564|1,536|20|01:53:18|SRM PC8|https://www.strava.com/activities/2432799505
06.06.2019|74,44|02:36:04|650|0|202|1,628|83|55%|0|0|286|648|83|109|112|140|174|983|1,816|23|02:49:32|SRM PC8|https://www.strava.com/activities/2432799605
05.06.2019|63,19|02:02:46|272|0|255|1,347|103|70%|0|0|309|677|83|108|120|170|183|663|1,502|26|02:06:03|SRM PC8|https://www.strava.com/activities/2432799588
04.06.2019|44,14|01:17:16|86|0|200|914|40|55%|0|0|343|562|86|108|113|124|197|785|1,019|19|01:19:33|SRM PC8|https://www.strava.com/activities/2422525691
03.06.2019|168,39|05:29:38|1,875|0|273|4,439|315|75%|0|0|307|727|83|217|127|181|224|1,502|4,949|21|05:36:32|SRM PC8|https://www.strava.com/activities/2420492579
02.06.2019|65,67|02:21:17|1,012|0|269|1,956|134|74%|0|0|279|626|78|148|126|157|231|1,001|2,180|17|02:27:53|SRM PC8|https://www.strava.com/activities/2419565055
30.06.2019|219,15|05:15:24|748|0|289|4,587|338|79%|0|0|417|670|90|128|0|0|242|1,237|5,115|26|05:43:46|SRM PC8|https://www.strava.com/activities/2493657593
29.06.2019|49,08|01:36:46|276|0|232|1,082|70|64%|0|0|304|569|85|132|0|0|186|1,228|1,206|25|02:06:05|SRM PC8|https://www.strava.com/activities/2489364175
28.06.2019|82,3|02:50:09|516|0|178|1,759|75|49%|0|0|290|590|83|105|0|0|172|854|1,961|23|03:56:52|SRM PC8|https://www.strava.com/activities/2487099641
26.06.2019|45,87|01:29:40|218|0|212|949|58|58%|0|0|307|569|80|222|0|0|176|1,467|1,058|31|02:56:46|SRM PC8|https://www.strava.com/activities/2484298247
25.06.2019|46,66|01:31:52|148|0|196|826|48|54%|0|0|305|533|82|102|0|0|150|771|921|31|01:45:44|SRM PC8|https://www.strava.com/activities/2484298283
23.06.2019|180,89|04:10:26|271|0|245|3,252|190|67%|0|0|433|742|87|125|0|0|216|1,166|3,626|32|04:16:38|SRM PC8|https://www.strava.com/activities/2474766216
22.06.2019|172,41|04:14:49|2,095|0|312|4,01|323|86%|0|0|406|857|90|128|0|0|262|1,192|4,471|27|04:53:11|SRM PC8|https://www.strava.com/activities/2471440837
21.06.2019|181,51|04:05:20|312|0|270|3,466|227|74%|0|0|444|655|87|133|0|0|235|1,203|3,865|23|04:08:12|SRM PC8|https://www.strava.com/activities/2468835385
20.06.2019|196,66|04:21:49|308|0|282|3,625|277|77%|0|0|451|670|88|124|0|0|231|1,272|4,041|22|04:51:19|SRM PC8|https://www.strava.com/activities/2466303517
16.06.2019|162,89|03:33:36|606|0|302|3,459|251|83%|0|0|458|720|90|134|144|174|270|1,182|3,856|22|03:50:36|SRM PC8|https://www.strava.com/activities/2455844068
15.06.2019|152,24|03:54:49|2,575|0|327|3,924|348|90%|0|0|389|950|90|142|153|185|279|1,149|4,375|24|04:22:55|SRM PC8|https://www.strava.com/activities/2452006656
13.06.2019|186,27|04:55:13|1,418|0|296|4,409|329|81%|0|0|379|850|87|138|143|187|249|1,225|4,916|18|05:01:04|SRM PC8|https://www.strava.com/activities/2447573599
31.07.2019|91,45|02:41:13|718|0|233|2,034|112|64%|0|0|340|785|83|105|0|0|210|511|2,268|22|02:44:58|SRM PC8|https://www.strava.com/activities/2578590961
30.07.2019|211,31|06:21:49|1,718|0|240|5,234|294|66%|0|0|332|727|86|124|0|0|228|931|5,836|26|07:25:05|SRM PC8|https://www.strava.com/activities/2577881961
29.07.2019|80,02|02:23:23|602|0|233|1,912|98|64%|0|0|335|691|86|123|0|0|222|1,055|2,132|25|02:24:41|SRM PC8|https://www.strava.com/activities/2577881582
29.07.2019|61,33|01:43:15|380|0|270|1,406|95|74%|0|0|356|727|86|110|0|0|227|715|1,568|30|01:44:46|SRM PC8|https://www.strava.com/activities/2572834606
28.07.2019|45,29|01:40:45|309|0|148|846|30|41%|0|0|270|598|82|104|0|0|140|436|944|26|01:50:05|SRM PC8|https://www.strava.com/activities/2570788046
27.07.2019|84,78|02:28:47|600|0|255|1,868|121|70%|0|0|342|684|84|106|0|0|209|618|2,082|23|02:29:09|SRM PC8|https://www.strava.com/activities/2570788149
26.07.2019|205,29|06:09:35|1,415|0|228|4,857|261|63%|0|0|333|936|86|115|0|0|219|704|5,415|31|08:36:24|SRM PC8|https://www.strava.com/activities/2565223597
25.07.2019|45,21|01:20:00|218|0|195|903|39|54%|0|0|339|533|85|108|0|0|188|562|1,006|28|01:22:29|SRM PC8|https://www.strava.com/activities/2562668368
24.07.2019|134|04:11:38|1,176|0|261|3,278|226|72%|0|0|320|706|84|122|0|0|217|959|3,655|27|04:41:33|SRM PC8|https://www.strava.com/activities/2559864373
24.07.2019|50,84|01:37:29|424|0|257|1,217|82|71%|0|0|313|562|77|120|0|0|208|654|1,357|26|01:39:16|SRM PC8|https://www.strava.com/activities/2559070766
23.07.2019|105,73|03:49:58|640|0|178|2,177|101|49%|0|0|276|526|86|146|0|0|158|883|2,427|29|05:02:03|SRM PC8|https://www.strava.com/activities/2559071242
21.07.2019|164,61|05:00:38|892|0|215|3,782|182|59%|0|0|329|590|87|110|0|0|210|650|4,217|22|05:38:12|SRM PC8|https://www.strava.com/activities/2551498825
20.07.2019|130,87|04:05:10|954|0|244|3,205|196|67%|0|0|320|727|86|117|0|0|218|801|3,574|26|04:43:47|SRM PC8|https://www.strava.com/activities/2551498706
19.07.2019|152,9|04:37:02|849|0|244|3,701|217|67%|0|0|331|648|89|113|0|0|223|760|4,127|25|05:06:24|SRM PC8|https://www.strava.com/activities/2545846079
18.07.2019|44,34|01:34:19|190|0|163|883|32|45%|0|0|282|522|87|110|0|0|156|766|984|25|01:55:29|SRM PC8|https://www.strava.com/activities/2545845481
17.07.2019|96,98|03:00:20|855|0|241|2,336|133|66%|0|0|323|648|83|114|0|0|216|693|2,605|26|03:03:10|SRM PC8|https://www.strava.com/activities/2545845652
16.07.2019|146,3|04:31:04|806|0|206|3,262|154|57%|0|0|324|576|87|106|0|0|201|586|3,637|23|05:04:39|SRM PC8|https://www.strava.com/activities/2536900993
15.07.2019|50,21|01:40:16|374|0|201|1,148|54|55%|0|0|300|605|87|107|0|0|191|695|1,280|19|01:49:20|SRM PC8|https://www.strava.com/activities/2535077111
14.07.2019|31,86|01:02:13|166|0|172|598|23|47%|0|0|307|641|85|105|0|0|160|588|666|22|01:03:12|SRM PC8|https://www.strava.com/activities/2535076978
09.07.2019|81,04|02:24:01|540|0|223|1,764|93|61%|0|0|338|691|85|106|0|0|204|647|1,967|23|02:31:53|SRM PC8|https://www.strava.com/activities/2521338603
10.07.2019|150,34|05:07:39|1,376|0|214|3,383|185|59%|0|0|293|605|86|116|0|0|183|856|3,772|24|05:52:45|SRM PC8|https://www.strava.com/activities/2521339043
08.07.2019|115,81|04:00:40|918|0|194|2,457|117|53%|0|0|289|835|82|112|0|0|170|1,132|2,739|21|04:26:19|SRM PC8|https://www.strava.com/activities/2514962902
07.07.2019|89,84|03:20:48|683|0|162|1,817|69|45%|0|0|268|504|84|114|0|0|151|659|2,026|18|03:54:39|SRM PC8|https://www.strava.com/activities/2512445430
31.07.2019|91,45|02:41:13|718|0|233|2,034|112|64%|0|0|340|785|83|105|0|0|210|511|2,268|22|02:44:58|SRM PC8|https://www.strava.com/activities/2578590961
30.07.2019|211,31|06:21:49|1,718|0|240|5,234|294|66%|0|0|332|727|86|124|0|0|228|931|5,836|26|07:25:05|SRM PC8|https://www.strava.com/activities/2577881961
29.07.2019|80,02|02:23:23|602|0|233|1,912|98|64%|0|0|335|691|86|123|0|0|222|1,055|2,132|25|02:24:41|SRM PC8|https://www.strava.com/activities/2577881582
29.07.2019|61,33|01:43:15|380|0|270|1,406|95|74%|0|0|356|727|86|110|0|0|227|715|1,568|30|01:44:46|SRM PC8|https://www.strava.com/activities/2572834606
28.07.2019|45,29|01:40:45|309|0|148|846|30|41%|0|0|270|598|82|104|0|0|140|436|944|26|01:50:05|SRM PC8|https://www.strava.com/activities/2570788046
27.07.2019|84,78|02:28:47|600|0|255|1,868|121|70%|0|0|342|684|84|106|0|0|209|618|2,082|23|02:29:09|SRM PC8|https://www.strava.com/activities/2570788149
26.07.2019|205,29|06:09:35|1,415|0|228|4,857|261|63%|0|0|333|936|86|115|0|0|219|704|5,415|31|08:36:24|SRM PC8|https://www.strava.com/activities/2565223597
25.07.2019|45,21|01:20:00|218|0|195|903|39|54%|0|0|339|533|85|108|0|0|188|562|1,006|28|01:22:29|SRM PC8|https://www.strava.com/activities/2562668368
24.07.2019|134|04:11:38|1,176|0|261|3,278|226|72%|0|0|320|706|84|122|0|0|217|959|3,655|27|04:41:33|SRM PC8|https://www.strava.com/activities/2559864373
24.07.2019|50,84|01:37:29|424|0|257|1,217|82|71%|0|0|313|562|77|120|0|0|208|654|1,357|26|01:39:16|SRM PC8|https://www.strava.com/activities/2559070766
23.07.2019|105,73|03:49:58|640|0|178|2,177|101|49%|0|0|276|526|86|146|0|0|158|883|2,427|29|05:02:03|SRM PC8|https://www.strava.com/activities/2559071242
21.07.2019|164,61|05:00:38|892|0|215|3,782|182|59%|0|0|329|590|87|110|0|0|210|650|4,217|22|05:38:12|SRM PC8|https://www.strava.com/activities/2551498825
20.07.2019|130,87|04:05:10|954|0|244|3,205|196|67%|0|0|320|727|86|117|0|0|218|801|3,574|26|04:43:47|SRM PC8|https://www.strava.com/activities/2551498706
19.07.2019|152,9|04:37:02|849|0|244|3,701|217|67%|0|0|331|648|89|113|0|0|223|760|4,127|25|05:06:24|SRM PC8|https://www.strava.com/activities/2545846079
18.07.2019|44,34|01:34:19|190|0|163|883|32|45%|0|0|282|522|87|110|0|0|156|766|984|25|01:55:29|SRM PC8|https://www.strava.com/activities/2545845481
17.07.2019|96,98|03:00:20|855|0|241|2,336|133|66%|0|0|323|648|83|114|0|0|216|693|2,605|26|03:03:10|SRM PC8|https://www.strava.com/activities/2545845652
16.07.2019|146,3|04:31:04|806|0|206|3,262|154|57%|0|0|324|576|87|106|0|0|201|586|3,637|23|05:04:39|SRM PC8|https://www.strava.com/activities/2536900993
15.07.2019|50,21|01:40:16|374|0|201|1,148|54|55%|0|0|300|605|87|107|0|0|191|695|1,280|19|01:49:20|SRM PC8|https://www.strava.com/activities/2535077111
14.07.2019|31,86|01:02:13|166|0|172|598|23|47%|0|0|307|641|85|105|0|0|160|588|666|22|01:03:12|SRM PC8|https://www.strava.com/activities/2535076978
09.07.2019|81,04|02:24:01|540|0|223|1,764|93|61%|0|0|338|691|85|106|0|0|204|647|1,967|23|02:31:53|SRM PC8|https://www.strava.com/activities/2521338603
10.07.2019|150,34|05:07:39|1,376|0|214|3,383|185|59%|0|0|293|605|86|116|0|0|183|856|3,772|24|05:52:45|SRM PC8|https://www.strava.com/activities/2521339043
08.07.2019|115,81|04:00:40|918|0|194|2,457|117|53%|0|0|289|835|82|112|0|0|170|1,132|2,739|21|04:26:19|SRM PC8|https://www.strava.com/activities/2514962902
07.07.2019|89,84|03:20:48|683|0|162|1,817|69|45%|0|0|268|504|84|114|0|0|151|659|2,026|18|03:54:39|SRM PC8|https://www.strava.com/activities/2512445430
31.07.2019|91,45|02:41:13|718|0|233|2,034|112|64%|0|0|340|785|83|105|0|0|210|511|2,268|22|02:44:58|SRM PC8|https://www.strava.com/activities/2578590961
30.07.2019|211,31|06:21:49|1,718|0|240|5,234|294|66%|0|0|332|727|86|124|0|0|228|931|5,836|26|07:25:05|SRM PC8|https://www.strava.com/activities/2577881961
29.07.2019|80,02|02:23:23|602|0|233|1,912|98|64%|0|0|335|691|86|123|0|0|222|1,055|2,132|25|02:24:41|SRM PC8|https://www.strava.com/activities/2577881582
29.07.2019|61,33|01:43:15|380|0|270|1,406|95|74%|0|0|356|727|86|110|0|0|227|715|1,568|30|01:44:46|SRM PC8|https://www.strava.com/activities/2572834606
28.07.2019|45,29|01:40:45|309|0|148|846|30|41%|0|0|270|598|82|104|0|0|140|436|944|26|01:50:05|SRM PC8|https://www.strava.com/activities/2570788046
27.07.2019|84,78|02:28:47|600|0|255|1,868|121|70%|0|0|342|684|84|106|0|0|209|618|2,082|23|02:29:09|SRM PC8|https://www.strava.com/activities/2570788149
26.07.2019|205,29|06:09:35|1,415|0|228|4,857|261|63%|0|0|333|936|86|115|0|0|219|704|5,415|31|08:36:24|SRM PC8|https://www.strava.com/activities/2565223597
25.07.2019|45,21|01:20:00|218|0|195|903|39|54%|0|0|339|533|85|108|0|0|188|562|1,006|28|01:22:29|SRM PC8|https://www.strava.com/activities/2562668368
24.07.2019|134|04:11:38|1,176|0|261|3,278|226|72%|0|0|320|706|84|122|0|0|217|959|3,655|27|04:41:33|SRM PC8|https://www.strava.com/activities/2559864373
24.07.2019|50,84|01:37:29|424|0|257|1,217|82|71%|0|0|313|562|77|120|0|0|208|654|1,357|26|01:39:16|SRM PC8|https://www.strava.com/activities/2559070766
23.07.2019|105,73|03:49:58|640|0|178|2,177|101|49%|0|0|276|526|86|146|0|0|158|883|2,427|29|05:02:03|SRM PC8|https://www.strava.com/activities/2559071242
21.07.2019|164,61|05:00:38|892|0|215|3,782|182|59%|0|0|329|590|87|110|0|0|210|650|4,217|22|05:38:12|SRM PC8|https://www.strava.com/activities/2551498825
20.07.2019|130,87|04:05:10|954|0|244|3,205|196|67%|0|0|320|727|86|117|0|0|218|801|3,574|26|04:43:47|SRM PC8|https://www.strava.com/activities/2551498706
19.07.2019|152,9|04:37:02|849|0|244|3,701|217|67%|0|0|331|648|89|113|0|0|223|760|4,127|25|05:06:24|SRM PC8|https://www.strava.com/activities/2545846079
18.07.2019|44,34|01:34:19|190|0|163|883|32|45%|0|0|282|522|87|110|0|0|156|766|984|25|01:55:29|SRM PC8|https://www.strava.com/activities/2545845481
17.07.2019|96,98|03:00:20|855|0|241|2,336|133|66%|0|0|323|648|83|114|0|0|216|693|2,605|26|03:03:10|SRM PC8|https://www.strava.com/activities/2545845652
16.07.2019|146,3|04:31:04|806|0|206|3,262|154|57%|0|0|324|576|87|106|0|0|201|586|3,637|23|05:04:39|SRM PC8|https://www.strava.com/activities/2536900993
15.07.2019|50,21|01:40:16|374|0|201|1,148|54|55%|0|0|300|605|87|107|0|0|191|695|1,280|19|01:49:20|SRM PC8|https://www.strava.com/activities/2535077111
14.07.2019|31,86|01:02:13|166|0|172|598|23|47%|0|0|307|641|85|105|0|0|160|588|666|22|01:03:12|SRM PC8|https://www.strava.com/activities/2535076978
09.07.2019|81,04|02:24:01|540|0|223|1,764|93|61%|0|0|338|691|85|106|0|0|204|647|1,967|23|02:31:53|SRM PC8|https://www.strava.com/activities/2521338603
10.07.2019|150,34|05:07:39|1,376|0|214|3,383|185|59%|0|0|293|605|86|116|0|0|183|856|3,772|24|05:52:45|SRM PC8|https://www.strava.com/activities/2521339043
08.07.2019|115,81|04:00:40|918|0|194|2,457|117|53%|0|0|289|835|82|112|0|0|170|1,132|2,739|21|04:26:19|SRM PC8|https://www.strava.com/activities/2514962902
07.07.2019|89,84|03:20:48|683|0|162|1,817|69|45%|0|0|268|504|84|114|0|0|151|659|2,026|18|03:54:39|SRM PC8|https://www.strava.com/activities/2512445430
11.10.2019|70,18|02:16:17|357|0|286|1,856|148|79%|0|0|309|677|88|137|139|178|227|1,182|2,070|12|02:39:44|SRM PC8|https://www.strava.com/activities/2780916632
10.10.2019|29,01|01:12:29|143|0|134|566|18|37%|0|0|240|446|84|109|100|117|130|722|631|16|01:34:43|SRM PC8|https://www.strava.com/activities/2780916578
09.10.2019|124,94|04:09:07|724|0|247|3,183|205|68%|0|0|301|598|85|124|124|175|213|808|3,549|14|04:44:20|SRM PC8|https://www.strava.com/activities/2777049301
08.10.2019|91,44|03:01:03|478|0|268|2,396|180|74%|0|0|303|605|86|123|131|180|221|1,109|2,671|14|03:25:47|SRM PC8|https://www.strava.com/activities/2773119733
06.10.2019|43,89|01:33:34|108|0|160|891|31|44%|0|0|281|432|84|108|111|127|159|508|993|9|01:37:32|SRM PC8|https://www.strava.com/activities/2773061676
05.10.2019|100,42|03:16:26|874|0|245|2,527|154|67%|0|0|307|691|81|118|122|155|214|606|2,818|10|03:26:01|SRM PC8|https://www.strava.com/activities/2765348036
02.10.2019|76,47|02:22:28|596|0|273|2,116|136|75%|0|0|322|684|84|129|131|166|248|770|2,359|10|02:25:23|SRM PC8|https://www.strava.com/activities/2763890105
01.10.2019|204,37|06:36:24|1,893|0|234|5,162|288|64%|0|0|309|742|83|121|122|234|217|762|5,756|12|08:01:40|SRM PC8|https://www.strava.com/activities/2754714406
29.10.2019|48,87|01:58:31|294|0|160|1,07|40|44%|0|0|247|518|81|134|111|131|150|1,056|1,193|6|02:46:57|SRM PC8|https://www.strava.com/activities/2858086365
15.10.2019|46,42|01:28:06|134|0|179|799|43|49%|0|0|316|583|84|123|107|227|151|958|890|31|01:52:30|SRM PC8|https://www.strava.com/activities/2789890158
12.10.2019|76,93|02:45:30|599|0|184|1,746|75|51%|0|0|279|670|82|129|116|141|176|930|1,947|15|03:38:40|SRM PC8|https://www.strava.com/activities/2782348628
07.10.2019|148,44|05:03:41|1,248|0|218|3,653|189|60%|0|0|293|727|81|144|121|166|200|935|4,073|10|06:02:25|SRM PC8|https://www.strava.com/activities/2773096822
04.10.2019|127,82|04:10:58|563|0|272|3,299|248|75%|0|0|306|670|82|134|130|251|219|829|3,679|10|04:49:26|SRM PC8|https://www.strava.com/activities/2763890272
29.11.2019|87,22|03:05:15|640|0|249|2,344|155|68%|0|0|282|576|85|156|136|254|211|1,219|2,614|5|03:45:59|SRM PC8|https://www.strava.com/activities/2899315753
28.11.2019|93,41|02:57:43|631|0|269|2,668|168|74%|0|0|315|691|85|120|143|172|250|1,095|2,975|10|03:04:35|SRM PC8|https://www.strava.com/activities/2898684893
27.11.2019|62,92|02:12:45|472|0|234|1,627|92|64%|0|0|284|619|84|134|135|170|204|1,299|1,814|9|02:14:51|SRM PC8|https://www.strava.com/activities/2894891901
21.11.2019|86,33|02:57:32|592|0|235|2,41|128|65%|0|0|292|626|88|114|134|166|226|862|2,687|5|03:04:31|SRM PC8|https://www.strava.com/activities/2880879719
19.11.2019|52|01:57:13|344|0|205|1,246|66|56%|0|0|266|547|79|132|134|174|177|1,261|1,389|8|02:21:24|SRM PC8|https://www.strava.com/activities/2875824716
18.11.2019|50,93|01:56:07|384|0|185|1,22|53|51%|0|0|263|576|84|136|0|0|175|1,105|1,360|10|02:04:54|SRM PC8|https://www.strava.com/activities/2874011682
16.11.2019|86,27|03:00:39|278|0|208|2,268|111|57%|0|0|287|634|86|113|133|192|209|809|2,528|9|03:32:47|SRM PC8|https://www.strava.com/activities/2873685742
15.11.2019|60,5|02:08:52|376|0|211|1,548|76|58%|0|0|282|598|88|129|135|166|200|1,207|1,726|10|02:22:00|SRM PC8|https://www.strava.com/activities/2873685642
14.11.2019|42,55|01:29:37|260|0|200|1,047|48|55%|0|0|285|583|88|118|128|204|195|924|1,167|9|01:37:05|SRM PC8|https://www.strava.com/activities/2865929774
26.11.2019|46,05|01:46:15|316|0|190|1,104|49|52%|0|0|260|554|83|121|117|152|173|1,204|1,231|7|01:48:26|SRM PC8|https://www.strava.com/activities/2892761975
25.11.2019|95,61|03:15:05|822|0|236|2,555|138|65%|0|0|294|662|81|114|131|165|218|716|2,848|7|03:17:12|SRM PC8|https://www.strava.com/activities/2890088833
24.11.2019|120,65|04:01:12|867|0|236|3,184|176|65%|0|0|300|626|83|117|136|167|220|907|3,550|8|05:06:09|SRM PC8|https://www.strava.com/activities/2888176572
23.11.2019|62,37|02:09:02|552|0|250|1,771|109|69%|0|0|290|605|87|124|137|176|229|1,03|1,974|9|02:34:37|SRM PC8|https://www.strava.com/activities/2885444619
31.12.2019|119,1|03:58:41|954|0|261|3,26|213|72%|0|0|299|706|86|117|138|182|228|1,261|3,635|7|04:08:07|SRM PC8|https://www.strava.com/activities/2970588589
28.12.2019|78,55|02:45:31|712|0|255|2,405|139|70%|0|0|285|641|87|109|130|149|242|554|2,682|0|02:51:04|SRM PC8|https://www.strava.com/activities/2963505304
27.12.2019|53,78|02:04:12|437|0|191|1,344|57|52%|0|0|260|590|85|107|112|140|180|468|1,499|4|02:09:36|SRM PC8|https://www.strava.com/activities/2963505300
25.12.2019|70,35|02:33:16|478|0|204|1,843|87|56%|0|0|275|619|82|150|117|135|200|538|2,055|7|03:39:25|SRM PC8|https://www.strava.com/activities/2963505285
23.12.2019|53,42|01:52:51|202|0|216|1,42|66|59%|0|0|284|511|75|137|118|143|210|1,164|1,583|9|01:53:34|SRM PC8|https://www.strava.com/activities/2963505258
21.12.2019|65,84|02:00:16|672|0|268|1,416|112|74%|0|0|328|605|85|119|120|181|196|832|1,579|18|02:04:52|SRM PC8|https://www.strava.com/activities/2946730331
20.12.2019|127,61|04:05:15|694|0|245|3,286|194|67%|0|0|312|734|85|117|0|0|223|604|3,664|17|04:21:37|SRM PC8|https://www.strava.com/activities/2944955366
15.12.2019|82,82|02:34:40|398|0|243|2,18|118|67%|0|0|321|634|89|112|127|151|235|859|2,431|18|02:38:27|SRM PC8|https://www.strava.com/activities/2935409285
14.12.2019|58,84|02:08:10|532|0|173|1,232|49|48%|0|0|275|655|84|127|106|127|160|478|1,374|23|02:09:42|SRM PC8|https://www.strava.com/activities/2932385228
12.12.2019|68,8|01:46:55|458|0|242|1,478|80|66%|0|0|386|727|86|110|137|162|230|761|1,648|17|01:52:02|SRM PC8|https://www.strava.com/activities/2928446994
11.12.2019|45,16|01:42:45|459|0|180|950|50|49%|0|0|264|569|82|147|106|189|154|1,249|1,059|19|03:50:13|SRM PC8|https://www.strava.com/activities/2926211130
09.12.2019|128,22|03:56:24|1,537|0|248|3,073|188|68%|0|0|325|691|86|138|131|192|217|1,353|3,427|18|04:04:16|SRM PC8|https://www.strava.com/activities/2921893486
04.12.2019|62,51|02:15:56|438|0|209|1,608|79|57%|0|0|276|576|85|119|120|148|197|655|1,793|9|02:40:09|SRM PC8|https://www.strava.com/activities/2912166629
03.12.2019|65,62|02:29:07|530|0|207|1,764|85|57%|0|0|264|612|84|107|123|171|197|667|1,967|5|03:46:27|SRM PC8|https://www.strava.com/activities/2908116610
02.12.2019|113,24|03:48:05|932|0|270|3,394|218|74%|0|0|298|626|84|120|139|176|248|887|3,785|5|04:00:56|SRM PC8|https://www.strava.com/activities/2906264087
01.12.2019|49,02|01:45:14|312|0|224|1,347|72|62%|0|0|280|547|84|110|134|157|213|820|1,502|3|01:54:14|SRM PC8|https://www.strava.com/activities/2904297933
24.12.2019|191,79|06:23:18|853|0|249|5,199|320|68%|0|0|300|569|83|117|132|180|226|1,221|5,797|7|07:38:04|SRM PC8|https://www.strava.com/activities/2953727469
19.12.2019|161,41|05:13:56|2,542|0|256|3,951|272|70%|0|0|308|781|82|131|122|164|210|1,173|4,405|16|05:58:10|SRM PC8|https://www.strava.com/activities/2943267232
18.12.2019|59,74|02:04:05|254|0|157|935|40|43%|0|0|289|598|85|129|91|211|126|1,098|1,043|19|02:51:18|SRM PC8|https://www.strava.com/activities/2940951404
17.12.2019|110,51|03:39:17|1,222|0|232|2,554|160|64%|0|0|302|648|84|123|113|208|194|873|2,848|18|04:25:41|SRM PC8|https://www.strava.com/activities/2939019871
16.12.2019|200,38|05:59:46|2,138|0|234|4,358|251|64%|0|0|334|749|85|139|120|152|202|962|4,859|19|06:10:21|SRM PC8|https://www.strava.com/activities/2939019977
13.12.2019|164,29|04:54:19|1,701|0|246|3,808|233|68%|0|0|335|749|85|141|125|187|216|1,315|4,246|19|05:05:52|SRM PC8|https://www.strava.com/activities/2930242852
12.12.2019|82|02:37:56|1,072|0|243|1,943|122|67%|0|0|312|677|86|113|123|160|205|845|2,166|16|02:45:30|SRM PC8|https://www.strava.com/activities/2928447446
10.12.2019|89,71|03:00:01|1,27|0|240|2,114|134|66%|0|0|299|756|79|150|126|157|196|907|2,358|17|03:05:40|SRM PC8|https://www.strava.com/activities/2924011945
10.12.2019|48,68|01:26:39|444|0|255|1,142|76|70%|0|0|337|662|86|138|131|202|220|707|1,274|15|01:42:33|SRM PC8|https://www.strava.com/activities/2924011888
08.12.2019|98,8|03:04:06|1,052|0|239|2,253|140|66%|0|0|322|727|88|133|127|254|204|914|2,512|17|03:24:54|SRM PC8|https://www.strava.com/activities/2920202218
22.01.2020|141,11|04:20:22|1,576|0|259|3,545|223|71%|0|0|325|677|86|128|130|163|227|1,347|3,953|13|04:25:36|SRM PC8|https://www.strava.com/activities/3034035298
16.01.2020|84,71|02:49:46|604|0|251|2,395|138|69%|0|0|299|655|89|118|126|144|235|647|2,670|9|02:54:14|SRM PC8|https://www.strava.com/activities/3016583869
14.01.2020|193,86|06:32:40|1,301|0|230|5,27|269|63%|0|0|296|684|85|114|126|189|224|698|5,876|9|06:52:38|SRM PC8|https://www.strava.com/activities/3010673259
13.01.2020|158,34|05:14:43|932|0|260|4,514|275|71%|0|0|302|713|86|112|129|167|239|605|5,033|7|05:46:25|SRM PC8|https://www.strava.com/activities/3008659524
12.01.2020|65,1|02:04:21|283|0|307|1,945|148|84%|0|0|314|655|89|116|135|178|261|1,204|2,168|7|02:05:54|SRM PC8|https://www.strava.com/activities/3005191315
02.01.2020|88,87|02:50:50|668|0|281|2,624|176|77%|0|0|312|662|90|119|139|174|256|866|2,926|7|03:06:37|SRM PC8|https://www.strava.com/activities/2975518880
31.01.2020|161,15|05:03:13|780|0|220|3,853|188|60%|0|0|319|619|82|213|112|156|212|1,266|4,296|21|05:38:16|SRM PC8|https://www.strava.com/activities/3059374897
30.01.2020|214,49|05:12:08|1,09|0|281|4,448|322|77%|0|0|412|778|88|125|139|186|237|1,316|4,959|20|06:04:41|SRM PC8|https://www.strava.com/activities/3056897436
29.01.2020|89,92|03:04:04|1,074|0|243|2,124|147|67%|0|0|293|727|82|147|113|252|192|1,326|2,368|20|03:46:40|SRM PC8|https://www.strava.com/activities/3056897289
27.01.2020|228,13|06:22:50|2,519|0|258|4,974|329|71%|0|0|358|929|84|134|122|222|217|1,227|5,546|18|06:36:35|SRM PC8|https://www.strava.com/activities/3048281495
26.01.2020|146,52|04:37:02|2,55|0|296|3,73|322|81%|0|0|317|706|85|124|132|185|224|1,164|4,159|16|05:06:22|SRM PC8|https://www.strava.com/activities/3045477321
25.01.2020|86,12|02:39:23|824|0|211|1,696|94|58%|0|0|324|677|85|146|111|191|177|821|1,892|18|03:22:36|SRM PC8|https://www.strava.com/activities/3041944314
24.01.2020|161,68|04:53:32|1,952|0|265|4,062|270|73%|0|0|330|792|83|116|128|212|231|1,241|4,529|12|05:08:49|SRM PC8|https://www.strava.com/activities/3039288428
23.01.2020|168,03|05:11:58|2,645|0|282|4,182|320|77%|0|0|323|792|85|126|132|242|223|879|4,663|14|05:28:53|SRM PC8|https://www.strava.com/activities/3036614564
20.01.2020|151,07|05:19:38|1,156|0|242|3,965|243|66%|0|0|284|662|83|123|126|244|207|1,225|4,421|8|06:04:39|SRM PC8|https://www.strava.com/activities/3027854157
11.01.2020|92,87|03:07:37|1,122|0|240|2,309|139|66%|0|0|297|706|85|123|117|149|205|726|2,574|14|03:12:06|SRM PC8|https://www.strava.com/activities/3003631228
10.01.2020|174,6|05:01:56|813|0|242|3,79|229|66%|0|0|347|799|86|132|122|185|209|1,144|4,226|13|05:23:38|SRM PC8|https://www.strava.com/activities/2998609053
09.01.2020|193,82|06:11:33|2,194|0|253|4,566|323|70%|0|0|313|619|85|117|124|183|205|1,192|5,091|16|06:52:44|SRM PC8|https://www.strava.com/activities/2996085908
08.01.2020|47,61|01:43:52|212|0|168|897|38|46%|0|0|275|626|84|122|97|130|144|810|1,000|18|03:11:46|SRM PC8|https://www.strava.com/activities/2992896825
07.01.2020|202,06|06:02:24|2,036|0|242|4,236|273|66%|0|0|335|662|87|132|122|209|195|1,355|4,723|17|06:20:16|SRM PC8|https://www.strava.com/activities/2990263235
06.01.2020|166,45|05:12:36|2,586|0|268|4,068|293|74%|0|0|319|986|83|131|129|162|217|1,14|4,536|13|05:24:26|SRM PC8|https://www.strava.com/activities/2987371697
05.01.2020|137,38|04:21:18|1,852|0|252|3,284|216|69%|0|0|315|828|86|182|127|163|209|1,341|3,662|17|04:44:06|SRM PC8|https://www.strava.com/activities/2984739436
03.01.2020|119,87|04:06:30|452|0|239|3,225|187|66%|0|0|292|720|85|122|130|179|218|1,136|3,596|7|04:40:01|SRM PC8|https://www.strava.com/activities/2978333348
22.01.2020|141,11|04:20:22|1,576|0|259|3,545|223|71%|0|0|325|677|86|128|130|163|227|1,347|3,953|13|04:25:36|SRM PC8|https://www.strava.com/activities/3034035298
16.01.2020|84,71|02:49:46|604|0|251|2,395|138|69%|0|0|299|655|89|118|126|144|235|647|2,670|9|02:54:14|SRM PC8|https://www.strava.com/activities/3016583869
14.01.2020|193,86|06:32:40|1,301|0|230|5,27|269|63%|0|0|296|684|85|114|126|189|224|698|5,876|9|06:52:38|SRM PC8|https://www.strava.com/activities/3010673259
13.01.2020|158,34|05:14:43|932|0|260|4,514|275|71%|0|0|302|713|86|112|129|167|239|605|5,033|7|05:46:25|SRM PC8|https://www.strava.com/activities/3008659524
12.01.2020|65,1|02:04:21|283|0|307|1,945|148|84%|0|0|314|655|89|116|135|178|261|1,204|2,168|7|02:05:54|SRM PC8|https://www.strava.com/activities/3005191315
02.01.2020|88,87|02:50:50|668|0|281|2,624|176|77%|0|0|312|662|90|119|139|174|256|866|2,926|7|03:06:37|SRM PC8|https://www.strava.com/activities/2975518880
31.01.2020|161,15|05:03:13|780|0|220|3,853|188|60%|0|0|319|619|82|213|112|156|212|1,266|4,296|21|05:38:16|SRM PC8|https://www.strava.com/activities/3059374897
30.01.2020|214,49|05:12:08|1,09|0|281|4,448|322|77%|0|0|412|778|88|125|139|186|237|1,316|4,959|20|06:04:41|SRM PC8|https://www.strava.com/activities/3056897436
29.01.2020|89,92|03:04:04|1,074|0|243|2,124|147|67%|0|0|293|727|82|147|113|252|192|1,326|2,368|20|03:46:40|SRM PC8|https://www.strava.com/activities/3056897289
27.01.2020|228,13|06:22:50|2,519|0|258|4,974|329|71%|0|0|358|929|84|134|122|222|217|1,227|5,546|18|06:36:35|SRM PC8|https://www.strava.com/activities/3048281495
26.01.2020|146,52|04:37:02|2,55|0|296|3,73|322|81%|0|0|317|706|85|124|132|185|224|1,164|4,159|16|05:06:22|SRM PC8|https://www.strava.com/activities/3045477321
25.01.2020|86,12|02:39:23|824|0|211|1,696|94|58%|0|0|324|677|85|146|111|191|177|821|1,892|18|03:22:36|SRM PC8|https://www.strava.com/activities/3041944314
24.01.2020|161,68|04:53:32|1,952|0|265|4,062|270|73%|0|0|330|792|83|116|128|212|231|1,241|4,529|12|05:08:49|SRM PC8|https://www.strava.com/activities/3039288428
23.01.2020|168,03|05:11:58|2,645|0|282|4,182|320|77%|0|0|323|792|85|126|132|242|223|879|4,663|14|05:28:53|SRM PC8|https://www.strava.com/activities/3036614564
20.01.2020|151,07|05:19:38|1,156|0|242|3,965|243|66%|0|0|284|662|83|123|126|244|207|1,225|4,421|8|06:04:39|SRM PC8|https://www.strava.com/activities/3027854157
11.01.2020|92,87|03:07:37|1,122|0|240|2,309|139|66%|0|0|297|706|85|123|117|149|205|726|2,574|14|03:12:06|SRM PC8|https://www.strava.com/activities/3003631228
10.01.2020|174,6|05:01:56|813|0|242|3,79|229|66%|0|0|347|799|86|132|122|185|209|1,144|4,226|13|05:23:38|SRM PC8|https://www.strava.com/activities/2998609053
09.01.2020|193,82|06:11:33|2,194|0|253|4,566|323|70%|0|0|313|619|85|117|124|183|205|1,192|5,091|16|06:52:44|SRM PC8|https://www.strava.com/activities/2996085908
08.01.2020|47,61|01:43:52|212|0|168|897|38|46%|0|0|275|626|84|122|97|130|144|810|1,000|18|03:11:46|SRM PC8|https://www.strava.com/activities/2992896825
07.01.2020|202,06|06:02:24|2,036|0|242|4,236|273|66%|0|0|335|662|87|132|122|209|195|1,355|4,723|17|06:20:16|SRM PC8|https://www.strava.com/activities/2990263235
06.01.2020|166,45|05:12:36|2,586|0|268|4,068|293|74%|0|0|319|986|83|131|129|162|217|1,14|4,536|13|05:24:26|SRM PC8|https://www.strava.com/activities/2987371697
05.01.2020|137,38|04:21:18|1,852|0|252|3,284|216|69%|0|0|315|828|86|182|127|163|209|1,341|3,662|17|04:44:06|SRM PC8|https://www.strava.com/activities/2984739436
03.01.2020|119,87|04:06:30|452|0|239|3,225|187|66%|0|0|292|720|85|122|130|179|218|1,136|3,596|7|04:40:01|SRM PC8|https://www.strava.com/activities/2978333348
17.03.2020|139,59|04:37:35|1,066|0|267|3,971|261|73%|0|0|302|655|84|122|128|176|238|919|4,428|11|05:04:32|SRM PC8|https://www.strava.com/activities/3191296383
16.03.2020|49,72|01:53:27|266|0|179|1,162|50|49%|0|0|263|626|82|115|107|134|171|797|1,296|13|02:21:28|SRM PC8|https://www.strava.com/activities/3189176336
15.03.2020|126,38|04:20:56|1,232|0|243|3,643|203|67%|0|0|291|770|84|120|126|153|233|711|4,062|8|05:36:30|SRM PC8|https://www.strava.com/activities/3186615861
03.03.2020|126,44|03:05:21|876|0|273|2,232|183|75%|0|0|409|850|87|127|145|231|201|1,263|2,489|10|03:28:38|SRM PC8|https://www.strava.com/activities/3163343270
01.03.2020|193,64|05:02:45|1,816|0|199|723|155|55%|0|0|384|821|82|141|149|179|40|1,235|806|11|05:23:02|SRM PC8|https://www.strava.com/activities/3145727512
23.04.2020|64,76|02:03:24|402|0|274|1,739|120|75%|0|0|315|605|88|130|129|176|235|1,341|1,939|22|02:12:27|SRM PC8|https://www.strava.com/activities/3345454300
31.05.2020|151,3|05:03:32|892|0|241|3,796|234|66%|0|0|299|688|83|112|121|170|208|1,223|4,232|23|07:53:45|SRM PC8|https://www.strava.com/activities/3542422663
29.05.2020|55,99|01:53:14|453|0|257|1,498|108|71%|0|0|297|619|85|127|123|225|220|1,282|1,670|18|03:11:05|SRM PC8|https://www.strava.com/activities/3534813673
28.05.2020|126,46|04:09:26|952|0|235|3,333|187|65%|0|0|304|734|84|126|123|224|223|1,277|3,717|19|04:51:03|SRM PC8|https://www.strava.com/activities/3525918211
27.05.2020|120,1|03:58:21|1,078|0|272|3,533|228|75%|0|0|302|691|81|116|130|172|247|1,017|3,939|18|04:07:44|SRM PC8|https://www.strava.com/activities/3520039486
21.05.2020|164,93|05:14:26|1,08|0|256|4,538|264|70%|0|0|315|691|87|126|129|161|241|1,327|5,060|20|05:40:29|SRM PC8|https://www.strava.com/activities/3491739153
20.05.2020|74,31|02:35:17|502|0|240|2,101|123|66%|0|0|287|540|76|103|123|197|226|870|2,343|21|04:01:17|SRM PC8|https://www.strava.com/activities/3491738998
24.05.2020|82,75|02:43:54|614|0|245|2,283|127|67%|0|0|303|619|84|112|122|144|232|1,106|2,546|14|02:50:12|SRM PC8|https://www.strava.com/activities/3503748666
22.05.2020|64,47|02:05:25|256|0|289|1,719|133|79%|0|0|308|547|85|207|123|182|228|1,191|1,916|19|02:07:36|SRM PC8|https://www.strava.com/activities/3492691334
29.06.2020|47,16|01:32:22|322|0|224|1,014|43|52%|0|0|306|713|81|124|125|175|183|847|1,131|22|01:36:36|SRM PC8|https://www.strava.com/activities/3687287385
25.06.2020|38|01:10:47|230|0|249|876|41|58%|0|0|322|698|79|127|129|174|206|879|977|25|01:14:31|SRM PC8|https://www.strava.com/activities/3670918119
25.06.2020|76,42|02:28:45|586|0|262|2,069|97|61%|0|0|308|713|86|110|127|170|232|1,192|2,307|29|02:36:52|SRM PC8|https://www.strava.com/activities/3670918351
22.06.2020|32,8|00:57:47|142|0|283|792|44|66%|0|0|341|677|84|112|134|163|228|788|883|23|01:01:55|SRM PC8|https://www.strava.com/activities/3654180748
22.06.2020|125,58|04:03:52|894|0|0|0|0||181|2,647|309|677|0|0|0|0|0|0|5,580|20|04:10:13|Bontrager Garmin Edge 1030|https://www.strava.com/activities/3653666071
20.06.2020|123,2|04:10:31|1,631|0|0|0|0||197|2,958|295|706|0|0|0|0|0|0|5,917|17|04:24:46|Bontrager Garmin Edge 1030|https://www.strava.com/activities/3644514509
18.06.2020|37,23|01:13:56|405|0|313|1,054|65|73%|0|0|302|680|78|127|133|181|238|1,045|1,070|21|01:15:45|Bontrager Garmin Edge 1030|https://www.strava.com/activities/3634219244
18.06.2020|91,42|02:48:16|432|0|233|2,004|89|54%|0|0|326|727|83|120|118|168|198|727|2,234|26|03:09:21|SRM PC8|https://www.strava.com/activities/3634338243
15.06.2020|40,31|01:19:51|352|0|254|996|72|70%|0|0|303|734|80|111|115|173|208|925|1,111|25|01:44:07|SRM PC8|https://www.strava.com/activities/3618277407
12.06.2020|155,47|05:07:26|1,38|0|268|4,332|294|74%|0|0|303|763|85|124|126|176|235|1,205|4,830|18|06:25:08|SRM PC8|https://www.strava.com/activities/3608182026
07.06.2020|157,15|05:03:04|1,112|0|232|3,78|216|64%|0|0|311|684|83|115|117|223|208|1,261|4,214|17|05:35:30|SRM PC8|https://www.strava.com/activities/3578105751
04.06.2020|156,84|04:59:55|1,172|0|291|4,328|335|80%|0|0|314|734|86|137|135|189|241|792|4,826|20|05:17:24|SRM PC8|https://www.strava.com/activities/3563023198
03.06.2020|36,21|01:04:59|282|0|296|1,011|72|81%|0|0|334|634|86|113|130|177|259|862|1,128|22|01:05:39|SRM PC8|https://www.strava.com/activities/3561750343
01.06.2020|155,76|05:05:37|896|0|239|4,067|231|66%|0|0|306|691|81|107|124|243|222|743|4,535|27|05:28:50|SRM PC8|https://www.strava.com/activities/3547872889
30.06.2020|86,12|02:47:16|792|0|0|0|0||198|1,982|309|680|0|0|0|0|0|0|3,969|12|02:50:22|Bontrager Garmin Edge 1030|https://www.strava.com/activities/4346504869
26.06.2020|161,95|05:31:24|1,257|0|0|0|0||157|3,124|293|619|0|0|0|0|0|0|7,037|24|05:52:02|Bontrager Garmin Edge 1030|https://www.strava.com/activities/4346504554
23.06.2020|131,55|04:27:32|1,114|0|0|0|0||165|2,651|295|673|0|0|0|0|0|0|5,768|21|04:36:38|Bontrager Garmin Edge 1030|https://www.strava.com/activities/4346503780
21.06.2020|47,31|01:40:02|294|0|206|1,096|42|48%|0|0|284|641|82|154|109|152|183|1,08|1,223|24|02:00:36|SRM PC8|https://www.strava.com/activities/3648209023
19.06.2020|101,19|03:23:31|366|0|232|2,659|101|54%|0|0|298|655|83|109|122|145|218|875|2,965|17|03:29:52|SRM PC8|https://www.strava.com/activities/3638868122
16.06.2020|201,14|06:11:35|1,736|0|271|5,238|355|74%|0|0|325|878|85|133|129|178|235|1,301|5,841|28|06:57:25|SRM PC8|https://www.strava.com/activities/3624755239
14.06.2020|187,44|05:12:25|912|0|254|4,415|263|70%|0|0|360|756|86|124|128|160|236|853|4,923|24|05:51:30|SRM PC8|https://www.strava.com/activities/3613270367
13.06.2020|81,07|02:42:27|518|0|256|2,352|138|70%|0|0|299|670|82|115|124|175|241|1,004|2,622|25|03:03:29|SRM PC8|https://www.strava.com/activities/3608181455
10.06.2020|130,3|04:17:58|1,09|0|259|3,594|226|71%|0|0|303|720|81|116|125|166|232|818|4,007|22|05:03:03|SRM PC8|https://www.strava.com/activities/3593016736
28.07.2020|188,23|06:06:58|1,436|0|265|5,023|244|62%|0|0|308|763|84|116|126|231|228|957|5,600|20|07:06:11|SRM PC8|https://www.strava.com/activities/3827302838
27.07.2020|125,23|04:07:42|860|0|293|3,259|199|68%|0|0|303|641|85|124|0|0|219|1,292|3,634|22|05:09:52|SRM PC8|https://www.strava.com/activities/3820508840
26.07.2020|45,52|01:31:49|452|0|220|1,104|43|51%|0|0|298|806|83|121|122|149|200|643|1,231|21|01:54:04|SRM PC8|https://www.strava.com/activities/3820600048
10.07.2020|221,16|07:00:59|2,613|0|296|6,575|344|69%|0|0|315|763|86|137|130|164|260|889|7,332|16|07:15:24|SRM PC8|https://www.strava.com/activities/3742734211
08.07.2020|173,03|05:35:46|1,238|0|284|4,886|249|66%|0|0|309|670|84|111|128|176|243|1,124|5,448|17|05:55:08|SRM PC8|https://www.strava.com/activities/3738384335
07.07.2020|151,58|04:43:04|1,077|0|298|4,412|236|69%|0|0|321|605|86|111|132|178|260|809|4,919|16|06:15:40|SRM PC8|https://www.strava.com/activities/3727677143
04.07.2020|78,66|02:31:27|438|0|312|2,339|138|73%|0|0|312|605|85|130|130|173|257|936|2,608|16|02:45:49|SRM PC8|https://www.strava.com/activities/3712106419
03.07.2020|78,1|02:57:30|1,265|0|245|2,27|99|57%|0|0|264|1123|80|117|118|149|213|1,277|2,531|19|03:08:21|SRM PC8|https://www.strava.com/activities/3709242397
02.07.2020|162,26|05:13:54|1,216|0|263|4,297|202|61%|0|0|310|727|86|119|123|232|228|847|4,791|22|05:33:14|SRM PC8|https://www.strava.com/activities/3704435723
01.07.2020|45,82|01:25:09|230|0|266|983|55|62%|0|0|323|655|82|109|128|175|192|816|1,096|19|01:27:10|SRM PC8|https://www.strava.com/activities/3698494339
01.07.2020|66,05|02:26:42|1,015|0|284|1,897|115|66%|0|0|270|720|83|135|127|208|215|1,186|2,115|19|03:31:20|SRM PC8|https://www.strava.com/activities/3698494707
31.07.2020|110,18|03:14:56|1,473|0|0|0|0||255|2,984|339|695|0|0|0|0|0|0|5,393|21|03:18:17|Bontrager Garmin Edge 1030|https://www.strava.com/activities/4346510059
30.07.2020|113,69|03:37:53|748|0|0|0|0||0|0|313|763|87|153|132|176|0|0|3,443|20|04:03:41|SRM PC8|https://www.strava.com/activities/3838403175
29.07.2020|47,67|01:45:41|379|0|0|0|0||144|913|271|673|0|0|0|0|0|0|2,065|11|01:53:09|Bontrager Garmin Edge 1030|https://www.strava.com/activities/4346509913
19.07.2020|180,37|06:00:43|2,364|0|265|4,701|240|62%|0|0|300|677|83|123|122|213|217|1,262|5,242|32|06:35:06|SRM PC8|https://www.strava.com/activities/3786366913
18.07.2020|143,48|04:56:48|2,156|0|290|4,141|235|67%|0|0|290|698|83|125|127|179|233|1,019|4,617|32|05:53:00|SRM PC8|https://www.strava.com/activities/3780942007
17.07.2020|72,48|02:30:43|550|0|209|1,72|64|49%|0|0|289|756|82|125|110|139|190|752|1,918|32|03:23:23|SRM PC8|https://www.strava.com/activities/3776163870
16.07.2020|156,4|05:09:36|2,219|0|288|4,331|243|67%|0|0|303|720|83|114|127|181|233|1,228|4,829|27|06:15:59|SRM PC8|https://www.strava.com/activities/3771113152
15.07.2020|119,14|03:54:24|1,464|0|297|3,179|191|69%|0|0|305|677|84|115|128|182|226|747|3,545|25|04:03:42|SRM PC8|https://www.strava.com/activities/3767311377
14.07.2020|158,58|05:29:52|2,553|0|0|0|0||205|4,058|288|727|0|0|0|0|0|0|7,754|24|06:08:31|Bontrager Garmin Edge 1030|https://www.strava.com/activities/4346509858
13.07.2020|70,52|02:25:39|500|0|243|1,833|86|57%|0|0|291|590|85|107|114|154|210|733|2,044|31|02:40:21|SRM PC8|https://www.strava.com/activities/3755806299
11.07.2020|44,81|01:49:33|331|0|0|0|0||117|767|245|572|0|0|0|0|0|0|1,795|15|02:08:44|Bontrager Garmin Edge 1030|https://www.strava.com/activities/4346508490
09.07.2020|161,97|05:03:41|772|0|0|0|0||188|3,427|320|626|0|0|0|0|0|0|6,847|14|05:33:21|Bontrager Garmin Edge 1030|https://www.strava.com/activities/4346507623
05.07.2020|60,31|02:06:50|442|0|199|1,331|50|46%|0|0|285|605|79|116|112|159|175|847|1,485|18|02:28:02|SRM PC8|https://www.strava.com/activities/3718570123
29.08.2020|47,2|01:11:52|360|0|0|0|0||0|0|394|734|88|148|144|180|0|0|1,289|22|01:55:59|SRM PC8|https://www.strava.com/activities/3982395856
26.08.2020|37,43|01:16:17|426|0|0|0|0||0|0|294|684|87|172|0|0|0|0|1,013|30|01:25:54|SRM PC8|https://www.strava.com/activities/3968777007
25.08.2020|51,56|01:39:29|330|0|220|1,163|45|51%|0|0|311|706|85|132|0|0|195|683|1,297|19|01:44:46|SRM PC8|https://www.strava.com/activities/3963132278
22.08.2020|43,56|01:39:44|424|0|0|0|0||0|0|262|749|84|122|124|179|0|0|1,062|22|01:46:33|SRM PC8|https://www.strava.com/activities/3948653225
18.08.2020|82,93|03:05:02|1,043|0|0|0|0||0|0|269|749|82|117|126|177|0|0|2,137|22|03:20:19|SRM PC8|https://www.strava.com/activities/3930842713
15.08.2020|42,93|01:16:10|170|0|0|0|0||0|0|338|648|85|107|129|164|0|0|1,075|29|01:20:06|SRM PC8|https://www.strava.com/activities/3917121989
15.08.2020|122,08|03:38:11|752|0|0|0|0||0|0|336|756|89|120|130|176|0|0|3,423|30|03:53:57|SRM PC8|https://www.strava.com/activities/3917122671
12.08.2020|131,09|04:17:05|894|0|274|3,484|181|64%|0|0|306|598|86|122|0|0|226|1,211|3,885|28|04:36:37|SRM PC8|https://www.strava.com/activities/3905859342
11.08.2020|119,22|04:02:10|562|0|219|2,957|109|51%|0|0|295|648|85|109|0|0|204|881|3,297|29|04:58:32|SRM PC8|https://www.strava.com/activities/3897256174
05.08.2020|60,88|02:10:49|508|0|239|1,593|72|56%|0|0|279|878|85|129|116|156|203|653|1,776|24|02:19:41|SRM PC8|https://www.strava.com/activities/3868012282
04.08.2020|96,9|03:20:05|860|0|287|2,604|158|67%|0|0|291|828|85|121|0|0|217|1,066|2,904|21|03:34:54|SRM PC8|https://www.strava.com/activities/3863735706
29.08.2020|102,88|02:31:38|1,084|0|295|2,19|128|69%|0|0|407|821|88|128|0|0|241|1,139|2,442|19|03:00:25|SRM PC8|https://www.strava.com/activities/3982406678
28.08.2020|197,56|04:43:51|1,058|0|270|3,743|193|63%|0|0|418|749|87|146|0|0|220|1,173|4,173|25|05:33:11|SRM PC8|https://www.strava.com/activities/3978117082
27.08.2020|205,8|05:31:05|2,262|0|263|4,135|207|61%|0|0|373|828|86|138|0|0|208|1,247|4,610|30|05:38:17|SRM PC8|https://www.strava.com/activities/3974430476
23.08.2020|199,12|04:52:51|1,45|0|307|4,647|249|71%|0|0|408|749|90|127|0|0|264|1,191|5,182|19|05:06:25|SRM PC8|https://www.strava.com/activities/3958916553
19.08.2020|154,63|05:04:22|1,14|0|256|3,538|196|60%|0|0|305|648|85|121|0|0|194|1,238|3,532|21|06:21:05|Bontrager Garmin Edge 1030|https://www.strava.com/activities/4346610809
17.08.2020|51,72|01:49:44|400|0|169|1,04|29|39%|0|0|283|565|85|110|0|0|158|567|1,038|26|02:36:06|Bontrager Garmin Edge 1030|https://www.strava.com/activities/4346607630
16.08.2020|202,49|06:11:05|1,541|0|244|4,593|209|57%|0|0|327|742|87|129|0|0|206|1,259|4,586|29|06:36:05|Bontrager Garmin Edge 1030|https://www.strava.com/activities/4346608100
14.08.2020|113,82|03:48:01|506|0|261|2,701|148|61%|0|0|300|691|87|139|125|182|197|1,218|3,011|29|04:59:35|SRM PC8|https://www.strava.com/activities/3911873169
08.08.2020|143,4|04:50:18|3,227|0|250|1,756|165|58%|0|0|296|835|87|128|149|176|101|1,134|1,958|34|04:58:42|SRM PC8|https://www.strava.com/activities/3897256541
07.08.2020|144,13|03:29:21|1,553|0|0|0|0||0|0|413|929|88|145|150|231|0|0|3,257|36|03:36:57|SRM PC8|https://www.strava.com/activities/3878347955
06.08.2020|74|02:09:56|532|0|252|1,637|77|59%|0|0|342|749|88|190|121|174|210|990|1,826|29|02:31:22|SRM PC8|https://www.strava.com/activities/3872578760
03.08.2020|82,32|02:45:19|642|0|270|2,219|116|63%|0|0|299|727|85|113|0|0|224|1,084|2,211|17|03:11:15|Bontrager Garmin Edge 1030|https://www.strava.com/activities/4346512012
02.08.2020|123,88|04:19:53|824|0|0|0|0||152|2,363|286|601|0|0|0|0|0|0|5,406|18|05:19:53|Bontrager Garmin Edge 1030|https://www.strava.com/activities/4346510559
29.09.2020|79,74|02:11:34|426|0|314|2,144|125|73%|0|0|364|713|87|167|140|173|272|906|2,390|17|02:22:16|SRM PC8|https://www.strava.com/activities/4131688763
27.09.2020|206,01|06:04:30|1,314|0|258|5,437|224|60%|0|0|339|763|88|114|130|157|249|715|6,062|21|06:17:53|SRM PC8|https://www.strava.com/activities/4120717489
24.09.2020|35,82|01:03:08|140|0|279|920|45|65%|0|0|340|648|86|107|0|0|243|704|1,025|18|01:07:47|SRM PC8|https://www.strava.com/activities/4109494357
23.09.2020|99,15|03:13:02|1,11|0|285|2,779|147|66%|0|0|308|806|79|124|0|0|240|1,232|3,099|21|03:31:04|SRM PC8|https://www.strava.com/activities/4101754288
22.09.2020|107,62|03:23:54|866|0|278|2,887|149|65%|0|0|317|850|87|114|131|225|236|886|3,219|17|03:34:04|SRM PC8|https://www.strava.com/activities/4096651024
20.09.2020|52,57|01:41:33|328|0|197|1,14|38|46%|0|0|311|619|83|107|131|150|187|587|1,271|16|01:50:17|SRM PC8|https://www.strava.com/activities/4092055577
20.09.2020|94,85|03:03:03|1,03|0|254|2,5|110|59%|0|0|311|785|87|116|117|155|228|669|2,788|16|03:10:33|SRM PC8|https://www.strava.com/activities/4092055776
16.09.2020|142,08|04:34:02|622|0|193|3,028|96|45%|0|0|311|626|83|115|116|226|184|467|3,376|20|05:05:28|SRM PC8|https://www.strava.com/activities/4068599513
15.09.2020|68,65|02:15:50|390|0|226|1,624|67|53%|0|0|303|641|83|109|121|156|199|666|1,811|26|02:31:20|SRM PC8|https://www.strava.com/activities/4068599134
11.09.2020|29,87|00:58:39|81|0|0|0|0||176|620|306|493|0|0|0|0|0|0|1,254|26|01:04:58|Bontrager Garmin Edge 1030|https://www.strava.com/activities/4346613290
10.09.2020|63,25|02:14:37|678|0|258|1,616|84|60%|0|0|282|742|77|121|130|174|200|1,004|1,801|17|02:20:44|SRM PC8|https://www.strava.com/activities/4038619068
08.09.2020|41,71|01:23:49|260|0|182|871|26|42%|0|0|299|641|85|122|0|0|173|625|971|21|01:28:38|SRM PC8|https://www.strava.com/activities/4030226264
07.09.2020|102,2|03:02:51|800|0|300|2,767|156|70%|0|0|335|720|89|115|137|177|252|917|2,758|15|03:12:21|Bontrager Garmin Edge 1030|https://www.strava.com/activities/4024716829
06.09.2020|121,33|03:51:27|686|0|228|3,033|113|53%|0|0|315|533|89|116|0|0|218|727|3,382|19|04:03:16|SRM PC8|https://www.strava.com/activities/4024021971
24.09.2020|155,88|04:52:44|1,203|0|255|3,906|178|59%|0|0|320|662|84|111|0|0|222|786|3,913|14|05:11:58|Bontrager Garmin Edge 1030|https://www.strava.com/activities/4346616692
13.09.2020|128,53|03:27:55|338|0|0|0|0||0|0|371|655|79|144|0|0|0|0|3,184|25|03:53:26|SRM PC8|https://www.strava.com/activities/4061574810
12.09.2020|194,81|04:13:37|624|0|318|4,242|239|74%|0|0|461|857|89|125|0|0|279|1,217|4,730|24|04:35:49|SRM PC8|https://www.strava.com/activities/4049497404
05.09.2020|86,98|03:00:23|658|0|264|2,182|119|61%|0|0|289|691|85|126|127|184|202|987|2,433|17|03:12:57|SRM PC8|https://www.strava.com/activities/4015060270
04.09.2020|33,19|01:14:08|179|0|159|632|18|37%|0|0|269|515|83|105|0|0|142|503|629|15|01:19:26|Bontrager Garmin Edge 1030|https://www.strava.com/activities/4346610240
13.10.2020|144,14|04:32:45|1,198|0|240|3,591|151|56%|0|0|317|709|82|120|122|158|219|741|3,587|10|05:31:16|Bontrager Garmin Edge 1030|https://www.strava.com/activities/4346627511
12.10.2020|149,71|04:34:42|890|0|238|3,729|143|55%|0|0|327|626|84|106|129|162|226|676|3,731|9|05:00:22|Bontrager Garmin Edge 1030|https://www.strava.com/activities/4187186584
07.10.2020|158,99|04:57:23|1,05|0|234|4,01|152|54%|0|0|321|670|83|108|125|193|225|751|4,471|16|05:37:34|SRM PC8|https://www.strava.com/activities/4163547179
06.10.2020|99,45|03:11:07|1,2|0|297|2,747|157|69%|0|0|312|691|86|126|132|173|240|918|3,063|15|03:17:54|SRM PC8|https://www.strava.com/activities/4163546376
04.10.2020|105,55|03:32:27|754|0|219|2,604|100|51%|0|0|298|828|83|112|117|195|204|733|2,904|19|04:10:27|SRM PC8|https://www.strava.com/activities/4157464238
03.10.2020|190,12|02:34:20|688|0|0|0|0||502|4,65|739|1343|0|0|0|0|0|0|4,450|24|03:16:51|Bontrager Garmin Edge 1030|https://www.strava.com/activities/4346618991
03.10.2020|44,58|01:01:40|275|0|347|1,331|96|81%|0|0|434|662|89|165|0|203|360|1,005|1,484|18|01:38:12|SRM PC8|https://www.strava.com/activities/4148538027
03.10.2020|43,59|00:58:20|173|0|0|0|0||449|1,571|448|734|0|0|0|0|0|0|1,738|24|00:58:42|Bontrager Garmin Edge 1030|https://www.strava.com/activities/4346618497
02.10.2020|66,47|01:57:37|247|0|0|0|0||237|1,671|339|1004|0|0|0|0|0|0|2,583|22|02:32:04|Bontrager Garmin Edge 1030|https://www.strava.com/activities/4346618511
01.10.2020|49,78|01:25:41|274|0|317|1,321|86|74%|0|0|349|734|83|173|139|177|257|867|1,473|18|01:42:05|SRM PC8|https://www.strava.com/activities/4137470028
26.11.2020|61,42|02:00:06|475|0|265|1,712|79|62%|0|0|307|695|74|118|0|0|238|687|1,707|6|02:05:00|Bontrager Garmin Edge 1030|https://www.strava.com/activities/4392716677
21.11.2020|62,03|02:04:19|142|0|249|1,654|72|58%|0|0|299|644|75|126|0|0|222|630|1,662|6|02:09:44|Bontrager Garmin Edge 1030|https://www.strava.com/activities/4787973988
20.11.2020|116,41|03:47:38|876|0|251|3,116|131|58%|0|0|307|572|79|110|0|0|228|750|3,108|2|03:56:32|Bontrager Garmin Edge 1030|https://www.strava.com/activities/4787973355
14.11.2020|98,67|03:12:06|671|0|218|2,344|85|51%|0|0|308|540|80|113|0|0|203|863|2,342|6|03:32:08|Bontrager Garmin Edge 1030|https://www.strava.com/activities/4346631940
28.11.2020|119,89|04:00:49|895|0|212|2,692|104|49%|0|0|299|558|77|120|0|0|186|1,316|2,698|0|05:03:36|Bontrager Garmin Edge 1030|https://www.strava.com/activities/4402260452
25.11.2020|137,4|04:36:30|1,125|0|232|3,607|142|54%|0|0|298|626|80|134|0|0|217|897|3,605|2|05:41:47|Bontrager Garmin Edge 1030|https://www.strava.com/activities/4389438772
13.11.2020|88,64|03:11:59|750|0|205|2,081|75|48%|0|0|277|572|78|113|0|0|181|1,291|2,078|5|03:18:04|Bontrager Garmin Edge 1030|https://www.strava.com/activities/4346630590
28.12.2020|138,77|05:09:58|691|0|0|0|0||207|3,856|269|562|0|0|137|170|0|0|2,994|0|05:21:14|Bontrager Garmin Edge 1030|https://www.strava.com/activities/4529812284
26.12.2020|91,56|03:08:52|660|0|0|0|0||255|2,893|291|616|0|0|138|167|0|0|2,211|1|03:22:15|Bontrager Garmin Edge 1030|https://www.strava.com/activities/4520076126
25.12.2020|21,55|01:01:42|121|0|0|0|0||138|512|210|342|0|0|114|134|0|0|508|2|01:10:21|Bontrager Garmin Edge 1030|https://www.strava.com/activities/4517066331
24.12.2020|113,27|04:14:59|812|0|0|0|0||218|3,34|267|630|0|0|133|163|0|0|2,574|0|04:51:23|Bontrager Garmin Edge 1030|https://www.strava.com/activities/4517063200
23.12.2020|160,79|05:45:47|1,242|0|0|0|0||221|4,584|279|702|0|0|131|171|0|0|3,230|1|06:12:07|Bontrager Garmin Edge 1030|https://www.strava.com/activities/4517058318
20.12.2020|107,87|03:52:06|863|0|0|0|0||221|3,075|279|526|0|0|127|157|0|0|2,106|4|03:58:08|Bontrager Garmin Edge 1030|https://www.strava.com/activities/4504405741
17.12.2020|104,38|03:28:00|331|0|0|0|0||255|3,185|301|616|0|0|135|172|0|0|2,239|4|03:34:44|Bontrager Garmin Edge 1030|https://www.strava.com/activities/4484033905
13.12.2020|70,81|02:32:08|652|0|224|1,891|69|52%|0|0|279|490|82|105|123|158|207|575|1,894|1|02:33:09|Bontrager Garmin Edge 1030|https://www.strava.com/activities/4468988985
01.12.2020|124,42|04:01:53|896|0|252|3,429|147|59%|0|0|309|637|83|120|134|160|236|754|3,420|1|04:35:57|Bontrager Garmin Edge 1030|https://www.strava.com/activities/4416427718
30.12.2020|59,81|02:40:44|808|0|0|0|0||185|1,782|223|655|0|0|128|173|0|0|1,596|1|02:55:11|Bontrager Garmin Edge 1030|https://www.strava.com/activities/4787991824
19.12.2020|64,56|02:44:01|597|0|0|0|0||181|1,777|236|540|0|0|127|174|0|0|1,538|2|02:52:14|Bontrager Garmin Edge 1030|https://www.strava.com/activities/4490390398
16.12.2020|17,03|00:47:09|188|0|0|0|0||180|509|217|522|0|0|128|170|0|0|544|7|01:01:22|Bontrager Garmin Edge 1030|https://www.strava.com/activities/4479347917
06.12.2020|101,02|03:09:07|561|0|219|2,247|83|51%|0|0|321|518|84|124|126|157|198|730|2,250|0|03:13:46|Bontrager Garmin Edge 1030|https://www.strava.com/activities/4787985903
05.12.2020|131,87|03:57:35|550|0|225|2,93|110|52%|0|0|333|572|83|113|131|158|206|799|2,935|2|04:05:32|Bontrager Garmin Edge 1030|https://www.strava.com/activities/4433527165
loaded urls in 1.19:16:17.4695211
