30.05.2020|171,31|04:29:14|858|0|288|4,135|234|71%|0|0|382|666|90|124|136|181|256|1,549|4,151|25|04:51:11|Garmin fēnix 5X Plus|https://www.strava.com/activities/3535418082
23.05.2020|193,85|05:17:19|1,106|0|279|4,709|259|69%|0|0|367|857|89|123|0|0|247|1,246|4,769|20|05:51:45|Garmin fēnix 5X Plus|https://www.strava.com/activities/3498282923
19.06.2020|120,18|04:01:14|2,024|0|289|3,593|204|71%|0|0|299|734|86|126|0|0|248|853|3,598|21|04:02:52|Garmin fēnix 5X Plus|https://www.strava.com/activities/3637826851
13.06.2020|226,99|06:28:43|1,34|0|275|5,468|310|68%|0|0|350|691|87|129|0|0|234|1,206|5,456|25|07:22:32|Garmin fēnix 5X Plus|https://www.strava.com/activities/3607900635
06.06.2020|182,54|05:05:58|1,498|0|292|4,582|273|72%|0|0|358|828|89|145|0|0|250|1,153|4,589|18|05:23:29|Garmin fēnix 5X Plus|https://www.strava.com/activities/3571861722
21.07.2020|139,28|05:04:44|2,912|0|0|0|0||0|0|274|792|81|113|0|0|0|0|4,247|23|05:13:03|Garmin fēnix 5X Plus|https://www.strava.com/activities/3795194606
28.07.2020|149,3|03:56:52|1,178|0|298|3,743|224|74%|0|0|378|965|91|126|134|241|263|1,472|4,173|22|04:09:48|SRM PC8|https://www.strava.com/activities/3826155216
05.07.2020|164,82|03:50:22|1,041|0|0|0|0||403|5,572|429|850|0|0|0|0|0|0|6,213|23|03:53:55|SRM PC8|https://www.strava.com/activities/3719099439
18.08.2020|125,33|04:02:36|1,919|0|311|3,725|244|77%|0|0|310|745|83|118|121|153|256|851|3,724|24|04:09:00|Garmin fēnix 5X Plus|https://www.strava.com/activities/3930310590
22.08.2020|159,66|04:35:30|998|0|299|4,143|260|74%|0|0|348|846|87|123|128|184|251|1,571|4,152|23|05:08:53|Garmin fēnix 5X Plus|https://www.strava.com/activities/3949052986
01.08.2020|229,74|06:10:04|1,297|0|282|5,365|309|70%|0|0|372|680|87|133|132|187|242|1,345|5,386|26|06:43:39|Garmin fēnix 5X Plus|https://www.strava.com/activities/3848149316
02.09.2020|134,99|04:00:04|745|0|276|3,367|191|68%|0|0|337|659|87|121|96|140|234|1,31|3,401|19|04:08:18|Garmin fēnix 5X Plus|https://www.strava.com/activities/4000193469
25.10.2020|3,96|00:51:02|0|0|0|0|0||0|0|0|0|0|0|0|0|0|0|||00:00:00||https://www.strava.com/activities/4239798540
07.10.2020|154,53|04:40:47|1,027|0|280|4,043|228|69%|0|0|330|756|88|120|99|143|240|1,141|4,105|16|05:16:20|Garmin fēnix 5X Plus|https://www.strava.com/activities/4162943701
