date|distance|mov_time|elevation|relativeEffort|avg_power_weig|work_total|training_load|intensity|estAvgPower|energyOutput|avg_speed|max_speed|avg_cadence|max_cadence|avg_heartRate|max_heartRate|avg_power|max_power|avg_calories|avg_temperature|avg_elap_time|bicycle_model|url
31.01.2018|78.45|02:23:09|1063|0|161|431|0||0|0|32.9|66.6|91|157|147|183|50|1085|481|23|02:30:07|Garmin Edge 1030|https://www.strava.com/activities/1466670590
30.01.2018|16.34|00:28:08|106|0|199|312|0||0|0|34.9|61.6|88|114|147|179|185|727|348|17|00:28:51|Garmin Edge 1030|https://www.strava.com/activities/1466670493
29.01.2018|12.07|00:30:27|45|0|114|153|0||0|0|23.8|39.2|81|106|126|152|84|395|171|22|04:15:30|Garmin Edge 1030|https://www.strava.com/activities/1466670443
24.01.2018|201.05|04:40:19|1053|0|223|2030|0||0|0|43|132.5|78|201|129|196|121|1375|2,264|29|04:51:39|Garmin Edge 1030|https://www.strava.com/activities/1466670525
23.01.2018|15.19|00:18:54|99|0|0|0|0||0|0|48.2|63.7|0|0|189|199|0|0||35|00:19:09|Garmin Edge 1030|https://www.strava.com/activities/1466669894
22.01.2018|186.62|04:19:02|1037|0|228|2426|0||0|0|43.2|87.1|84|165|147|209|156|1451|2,705|36|04:33:12|Garmin Edge 1030|https://www.strava.com/activities/1466669989
21.01.2018|154.26|03:25:23|194|0|213|1767|0||0|0|45.1|72|81|190|144|210|143|1631|1,971|39|03:25:48|Garmin Edge 1030|https://www.strava.com/activities/1466669482
20.01.2018|52.49|01:38:12|161|0|200|786|0||0|0|32.1|70.6|77|165|123|191|133|1645|876|27|02:13:20|Garmin Edge 1000|https://www.strava.com/activities/1366422790
19.01.2018|144.32|03:52:51|922|0|238|2541|0||0|0|37.2|76|85|162|148|205|182|1767|2,833|33|04:31:09|Garmin Edge 1030|https://www.strava.com/activities/1466669309
18.01.2018|42.44|01:19:09|91|0|0|0|0||0|0|32.2|42.8|0|0|118|149|0|0||28|02:29:53|Garmin Edge 1000|https://www.strava.com/activities/1364473800
17.01.2018|173.33|04:32:45|968|0|221|2865|0||0|0|38.1|77.4|84|156|145|200|175|1729|3,195|27|04:47:15|Garmin Edge 1000|https://www.strava.com/activities/1362927667
16.01.2018|80.18|02:16:30|300|0|182|1332|0||0|0|35.2|60.8|81|147|136|169|163|651|1,485|25|02:21:19|Garmin Edge 1000|https://www.strava.com/activities/1361503058
12.01.2018|192.1|06:19:46|3251|0|230|4196|0||0|0|30.4|72.4|77|193|135|186|184|1572|4,679|9|06:38:41|Garmin Edge 1000|https://www.strava.com/activities/1361502854
11.01.2018|115.72|03:31:10|1207|0|241|2604|0||0|0|32.9|69.5|81|177|137|178|205|946|2,903|11|03:42:26|Garmin Edge 1000|https://www.strava.com/activities/1361501783
10.01.2018|111.88|03:33:51|1856|0|267|2673|0||0|0|31.4|73.1|79|145|148|199|208|1464|2,980|13|04:13:54|Garmin Edge 1000|https://www.strava.com/activities/1361501427
09.01.2018|38.63|01:18:57|532|0|196|700|0||0|0|29.4|58|73|161|118|158|148|881|781|10|01:21:53|Garmin Edge 1000|https://www.strava.com/activities/1361500779
08.01.2018|66.75|02:21:22|1175|0|225|1596|0||0|0|28.3|62.3|80|204|137|186|188|756|1,779|10|02:31:59|Garmin Edge 1000|https://www.strava.com/activities/1361474020
08.01.2018|61.64|02:02:12|741|0|193|1230|0||0|0|30.3|66.6|76|144|124|169|168|1167|1,371|9|02:15:22|Garmin Edge 1000|https://www.strava.com/activities/1361473681
06.01.2018|98.82|02:58:56|1075|0|229|2074|0||0|0|33.1|64.1|79|140|145|189|193|838|2,312|12|03:32:29|Garmin Edge 1000|https://www.strava.com/activities/1361473533
02.01.2018|69.45|02:25:18|747|0|203|1451|0||0|0|28.7|60.5|78|145|139|180|166|896|1,618|15|03:25:42|Garmin Edge 1000|https://www.strava.com/activities/1361473202
01.01.2018|47.04|01:36:31|275|0|128|573|0||0|0|29.2|58.7|77|154|134|176|99|667|639|21|02:23:57|Garmin Edge 1000|https://www.strava.com/activities/1361472861
28.02.2018|131.07|04:14:55|1137|0|244|3193|0||0|0|30.9|51.8|81|140|135|192|209|956|3,561|6|04:55:28|Garmin Edge 1030|https://www.strava.com/activities/1446833588
27.02.2018|118.63|02:54:29|578|0|268|2626|0||0|0|40.8|65.2|91|181|149|186|251|1525|2,928|5|03:29:57|Garmin Edge 1030|https://www.strava.com/activities/1446833178
25.02.2018|160.04|04:04:03|1464|0|241|2597|0||0|0|39.3|88.9|84|203|142|195|177|1629|2,896|6|04:07:30|Garmin Edge 1030|https://www.strava.com/activities/1446832982
24.02.2018|254.11|05:58:16|2192|0|268|3741|0||0|0|42.6|105.5|88|207|148|200|174|1295|4,171|10|06:45:01|Garmin Edge 1030|https://www.strava.com/activities/1446832929
23.02.2018|44.19|01:21:49|422|0|244|928|0||0|0|32.4|66.2|84|189|139|188|189|1347|1,034|4|01:22:34|Garmin Edge 1030|https://www.strava.com/activities/1446832287
23.02.2018|44.19|01:21:49|422|0|244|928|0||0|0|32.4|66.2|84|189|139|188|189|1347|1,034|4|01:22:34|Garmin Edge 1030|https://www.strava.com/activities/1446832364
22.02.2018|41.61|01:34:46|414|0|259|1008|0||0|0|26.3|58.7|82|172|130|192|177|981|1,123|12|01:46:41|Garmin Edge 1030|https://www.strava.com/activities/1466672114
14.02.2018|49.46|01:30:54|406|0|191|958|0||0|0|32.6|62.3|79|145|132|164|176|1068|1,068|16|01:50:23|Garmin Edge 1030|https://www.strava.com/activities/1466672073
10.02.2018|165.3|04:00:21|2012|0|122|132|0||0|0|41.3|91.8|87|130|156|189|9|677|147|31|04:00:47|Garmin Edge 1030|https://www.strava.com/activities/1466672038
09.02.2018|153.03|03:26:43|1421|0|0|0|0||0|0|44.4|72|0|0|163|194|0|0||32|03:26:43|Garmin Edge 1030|https://www.strava.com/activities/1466671911
08.02.2018|166.42|03:35:08|636|0|232|2217|0||0|0|46.4|73.1|82|183|0|0|172|1641|2,472|35|03:36:56|Garmin Edge 1030|https://www.strava.com/activities/1466671924
07.02.2018|184.95|03:57:25|518|0|237|2410|0||0|0|46.7|78.1|83|217|142|205|169|1586|2,687|32|04:00:21|Garmin Edge 1030|https://www.strava.com/activities/1466671739
06.02.2018|98.95|02:06:50|278|0|225|1500|0||0|0|46.8|71.3|90|159|149|208|197|1381|1,672|31|02:07:15|Garmin Edge 1030|https://www.strava.com/activities/1466671520
05.02.2018|28.72|00:57:41|145|0|0|0|0||0|0|29.9|44.3|0|0|113|150|0|0||31|01:05:41|Garmin Edge 1030|https://www.strava.com/activities/1466671281
04.02.2018|221.96|05:33:54|3446|0|277|4218|0||0|0|39.9|76|84|198|160|197|211|1491|4,703|26|05:34:45|Garmin Edge 1030|https://www.strava.com/activities/1466671463
03.02.2018|38.91|01:04:41|307|0|171|506|0||0|0|36.1|61.2|73|137|122|178|130|1003|564|21|01:47:47|Garmin Edge 1030|https://www.strava.com/activities/1466670865
02.02.2018|132.84|03:59:59|1849|0|231|2733|0||0|0|33.2|77|80|162|145|192|190|1550|3,047|21|04:10:52|Garmin Edge 1030|https://www.strava.com/activities/1466670949
01.02.2018|111.22|03:13:52|1391|0|0|0|0||0|0|34.4|81|0|0|0|0|0|0||23|03:18:21|Garmin Edge 1030|https://www.strava.com/activities/1466670644
31.03.2018|37.21|01:03:24|276|0|220|789|0||0|0|35.2|64.1|83|150|156|188|207|836|880|23|02:57:45|Garmin Edge 1030|https://www.strava.com/activities/1489540274
28.03.2018|36.26|01:08:07|243|0|217|658|0||0|0|31.9|62.3|82|226|0|0|161|983|734|32|01:10:53|Garmin Edge 1030|https://www.strava.com/activities/1476743954
22.03.2018|10.97|00:20:47|0|0|178|223|0||0|0|31.7|44.6|93|112|0|0|179|254|249|26|00:20:47|Garmin Edge 1030|https://www.strava.com/activities/1466672061
12.03.2018|156.14|04:02:29|1456|0|258|2788|0||0|0|38.6|114.1|81|175|0|0|192|1247|3,109|14|04:37:16|Garmin Edge 1030|https://www.strava.com/activities/1685101477
11.03.2018|181.98|04:37:03|1558|0|286|3759|0||0|0|39.4|79.9|80|224|0|0|226|1225|4,191|13|04:37:26|Garmin Edge 1030|https://www.strava.com/activities/1685100433
10.03.2018|225.15|06:57:01|4747|0|274|5417|0||0|0|32.4|102.6|75|219|139|180|216|1112|6,040|16|07:01:04|Garmin Edge 1030|https://www.strava.com/activities/1446836319
09.03.2018|244.55|06:40:49|3346|0|243|4502|0||0|0|36.6|91.8|75|193|136|192|187|1227|5,019|18|06:42:33|Garmin Edge 1030|https://www.strava.com/activities/1446834690
08.03.2018|177.5|04:22:40|834|0|213|2786|0||0|0|40.5|68|81|183|131|198|177|1517|3,107|17|04:55:25|Garmin Edge 1030|https://www.strava.com/activities/1446834280
07.03.2018|12.39|00:24:53|13|0|0|0|0||0|0|29.9|38.2|0|0|131|156|0|0||14|00:24:53|Garmin Edge 1030|https://www.strava.com/activities/1446834051
07.03.2018|21.43|00:22:46|26|0|378|509|0||0|0|56.5|61.6|100|120|191|200|372|977|567|15|00:22:46|Garmin Edge 1030|https://www.strava.com/activities/1446834060
07.03.2018|0.1|00:02:51|0|0|243|37|0||0|0|2.2|1.8|91|168|141|192|217|863|41|22|00:29:29|Garmin Edge 1030|https://www.strava.com/activities/1446833921
07.03.2018|30.78|00:46:33|37|0|248|595|0||0|0|39.7|55.8|79|127|148|181|213|1119|664|16|00:47:49|Garmin Edge 1030|https://www.strava.com/activities/1446833894
06.03.2018|55.21|01:31:45|103|0|229|1012|0||0|0|36.1|61.9|77|129|127|181|184|785|1,129|10|01:39:03|Garmin Edge 1030|https://www.strava.com/activities/1446833882
04.03.2018|63.56|02:08:09|470|0|206|1312|0||0|0|29.8|65.2|74|154|125|166|171|1423|1,463|11|02:43:33|Garmin Edge 1030|https://www.strava.com/activities/1446833871
04.03.2018|119.81|00:01:25|1|0|88|9|0||0|0|5074.6|30.6|81|96|114|122|107|327|10|16|00:01:25|Garmin Edge 1030|https://www.strava.com/activities/1446833665
03.03.2018|187.11|05:33:10|1269|0|306|5247|0||0|0|33.7|86|85|160|165|198|263|1228|5,851|9|05:34:19|Garmin Edge 1030|https://www.strava.com/activities/1446833957
30.04.2018|36.19|01:18:38|499|0|0|0|0||0|0|27.6|67.3|0|0|0|0|0|0||17|02:01:46|Garmin Edge 1030|https://www.strava.com/activities/1654383877
29.04.2018|56.32|02:01:51|361|0|0|0|0||0|0|27.7|62.6|0|0|0|0|0|0||17|02:20:00|Garmin Edge 1030|https://www.strava.com/activities/1654383827
28.04.2018|86.47|02:56:58|316|0|0|0|0||0|0|29.3|47.5|0|0|0|0|0|0|3,516|22|04:10:49|Garmin Edge 1030|https://www.strava.com/activities/1654383757
27.04.2018|11.48|00:21:12|47|0|111|37|0||0|0|32.5|65.5|58|125|0|0|29|530|41|18|00:22:34|Garmin Edge 1030|https://www.strava.com/activities/1654383724
27.04.2018|9.64|00:33:40|764|0|319|641|0||0|0|17.2|38.5|79|96|0|0|318|875|715|20|00:33:40|Garmin Edge 1030|https://www.strava.com/activities/1654383626
27.04.2018|32.5|01:05:35|267|0|134|435|0||0|0|29.7|46.8|66|148|0|0|110|802|485|18|01:05:59|Garmin Edge 1030|https://www.strava.com/activities/1654383558
26.04.2018|175.78|04:12:41|2293|0|269|3340|0||0|0|41.7|95.8|82|187|0|0|220|1258|3,724|13|04:13:57|Garmin Edge 1030|https://www.strava.com/activities/1654383573
25.04.2018|171.68|04:28:41|2487|0|249|2970|0||0|0|38.3|94|79|190|0|0|184|973|3,312|21|04:30:05|Garmin Edge 1030|https://www.strava.com/activities/1654383335
24.04.2018|18.72|00:39:50|281|0|201|417|0||0|0|28.2|53.3|81|131|0|0|175|450|465|21|00:39:50|Garmin Edge 1030|https://www.strava.com/activities/1654381983
24.04.2018|3.48|00:05:48|93|0|360|126|0||0|0|36|77.8|89|121|0|0|362|931|140|28|00:05:48|Garmin Edge 1030|https://www.strava.com/activities/1685102868
24.04.2018|0.01|00:00:00|0|0|0|0|0||0|0|0|0.7|0|0|0|0|0|0|0|0|00:15:48|Garmin Edge 1030|https://www.strava.com/activities/1685102480
24.04.2018|51.35|01:42:47|719|0|186|805|0||0|0|30|67.3|68|151|0|0|131|914|807|22|04:37:01|Garmin Edge 1030|https://www.strava.com/activities/1685102461
23.04.2018|56.02|02:02:34|832|0|205|983|0||0|0|27.4|88.2|65|155|0|0|134|1391|1,097|22|02:31:56|Garmin Edge 1030|https://www.strava.com/activities/1654381816
21.04.2018|44.23|01:38:24|520|0|196|858|0||0|0|27|60.1|66|174|0|0|145|1074|957|27|02:33:26|Garmin Edge 1030|https://www.strava.com/activities/1654381287
13.04.2018|54.37|01:39:14|591|0|215|1065|0||0|0|32.9|70.9|77|127|0|0|179|745|1,067|19|02:52:17|Garmin Edge 1030|https://www.strava.com/activities/1654381002
10.04.2018|65.05|02:04:08|501|0|181|1171|0||0|0|31.4|61.2|71|118|0|0|157|1020|1,176|16|03:35:15|Garmin Edge 1030|https://www.strava.com/activities/1654380843
08.04.2018|36.23|01:06:57|257|0|179|625|0||0|0|32.5|62.3|77|142|0|0|156|936|624|23|03:16:10|Garmin Edge 1030|https://www.strava.com/activities/1654380424
07.04.2018|66.27|02:00:44|509|0|199|1228|0||0|0|32.9|64.1|75|144|0|0|170|982|1,229|19|04:41:17|Garmin Edge 1030|https://www.strava.com/activities/1654380196
05.04.2018|59.59|02:09:44|1393|0|240|1648|0||0|0|27.6|84.2|78|175|0|0|212|1028|1,649|17|02:51:10|Garmin Edge 1030|https://www.strava.com/activities/1654379989
04.04.2018|108.37|02:36:26|997|0|255|1950|0||0|0|41.6|85|90|176|0|0|208|1666|2,174|34|02:49:30|Garmin Edge 1030|https://www.strava.com/activities/1489523254
02.04.2018|99.5|02:54:41|1148|0|234|1844|0||0|0|34.2|71.3|83|122|159|199|176|1157|2,057|22|04:21:40|Garmin Edge 1030|https://www.strava.com/activities/1489540546
31.05.2018|113.34|03:26:53|2859|0|205|2133|0||0|0|32.9|81|78|175|0|0|172|1589|2,379|17|04:16:42|Garmin Edge 1030|https://www.strava.com/activities/1654394836
30.05.2018|115.89|03:54:48|3678|0|220|2565|0||0|0|29.6|99|77|186|0|0|182|1278|2,860|22|04:40:17|Garmin Edge 1030|https://www.strava.com/activities/1654394348
29.05.2018|38.57|03:00:56|1112|0|0|0|0||0|0|12.8|60.5|0|0|0|0|0|0||24|03:42:11|Garmin Edge 1030|https://www.strava.com/activities/1654393648
27.05.2018|120.44|03:44:04|2742|0|212|2431|0||0|0|32.3|84.2|79|156|0|0|181|1149|2,711|18|09:00:11|Garmin Edge 1030|https://www.strava.com/activities/1654393933
26.05.2018|57.54|02:17:16|1908|0|211|1428|0||0|0|25.2|82.8|71|160|0|0|173|873|1,592|5|02:26:43|Garmin Edge 1030|https://www.strava.com/activities/1654393248
26.05.2018|91.49|03:07:45|3184|0|250|2175|0||0|0|29.2|84.2|79|144|0|0|193|1501|2,425|10|03:21:44|Garmin Edge 1030|https://www.strava.com/activities/1654392987
25.05.2018|41.72|01:27:20|1091|0|179|834|0||0|0|28.7|50.8|80|153|0|0|159|975|930|8|02:05:10|Garmin Edge 1030|https://www.strava.com/activities/1654392295
24.05.2018|129.47|04:01:28|1756|0|0|0|0||0|0|32.2|85|0|0|0|0|0|0|5,614|14|04:14:47|Garmin Edge 1030|https://www.strava.com/activities/1654392338
19.05.2018|145.77|03:14:04|4116|0|221|1917|0||0|0|45.1|71.3|82|165|0|0|165|1517|2,137|27|03:15:04|Garmin Edge 1030|https://www.strava.com/activities/1654392044
18.05.2018|201.15|05:59:42|6720|0|256|4522|0||0|0|33.6|97.9|79|210|0|0|210|1150|5,042|22|06:00:21|Garmin Edge 1030|https://www.strava.com/activities/1654391857
17.05.2018|179.29|04:11:32|4914|0|229|2682|0||0|0|42.8|81.7|84|164|0|0|178|1724|2,991|28|04:12:30|Garmin Edge 1030|https://www.strava.com/activities/1654390794
16.05.2018|34.48|00:44:41|657|0|342|910|0||0|0|46.3|73.1|96|117|0|0|339|980|1,014|17|00:44:56|Garmin Edge 1030|https://www.strava.com/activities/1654390081
15.05.2018|200.45|05:00:02|7673|0|257|3631|0||0|0|40.1|137.5|86|177|0|0|202|1262|4,048|21|05:02:26|Garmin Edge 1030|https://www.strava.com/activities/1654390097
14.05.2018|179.54|05:16:22|5005|0|239|3551|0||0|0|34.1|90.7|79|229|0|0|187|1068|3,960|23|05:19:33|Garmin Edge 1030|https://www.strava.com/activities/1654389935
13.05.2018|136.84|03:09:15|3188|0|224|2038|0||0|0|43.4|70.9|86|171|0|0|179|1560|2,272|23|03:11:12|Garmin Edge 1030|https://www.strava.com/activities/1654388571
12.05.2018|50.95|01:42:43|723|0|186|859|0||0|0|29.8|66.2|79|153|0|0|139|1589|958|16|05:47:38|Garmin Edge 1030|https://www.strava.com/activities/1654388152
11.05.2018|88.29|02:52:37|2110|0|223|1896|0||0|0|30.7|72.7|78|176|0|0|183|1033|2,114|15|03:07:20|Garmin Edge 1030|https://www.strava.com/activities/1654388083
10.05.2018|78.83|02:40:48|1671|0|237|1514|0||0|0|29.4|63.4|74|153|0|0|157|1113|1,688|23|03:03:47|Garmin Edge 1030|https://www.strava.com/activities/1654387740
09.05.2018|50.21|01:43:41|782|0|170|957|0||0|0|29.1|46.4|77|160|0|0|154|982|1,067|17|02:19:08|Garmin Edge 1030|https://www.strava.com/activities/1654387602
08.05.2018|127.55|03:50:31|2033|0|219|2563|0||0|0|33.2|71.3|75|156|0|0|185|981|2,857|19|04:44:34|Garmin Edge 1030|https://www.strava.com/activities/1654387638
07.05.2018|72.19|02:16:09|1122|0|242|1596|0||0|0|31.8|85.3|77|150|0|0|195|652|1,780|23|02:27:17|Garmin Edge 1030|https://www.strava.com/activities/1654387120
06.05.2018|78.92|02:31:54|1104|0|228|1729|0||0|0|31.2|73.4|82|121|0|0|190|1525|1,928|20|02:42:45|Garmin Edge 1030|https://www.strava.com/activities/1654386635
04.05.2018|115.64|03:32:41|1296|0|193|2036|0||0|0|32.6|83.5|77|157|0|0|160|1528|2,270|17|04:16:21|Garmin Edge 1030|https://www.strava.com/activities/1654386695
02.05.2018|48.72|01:52:47|465|0|182|1057|0||0|0|25.9|55.4|71|161|0|0|156|1116|1,178|14|02:18:20|Garmin Edge 1030|https://www.strava.com/activities/1654385344
01.05.2018|216.53|05:21:15|3151|0|284|4352|0||0|0|40.4|108.7|84|230|0|0|226|1417|4,853|12|05:21:40|Garmin Edge 1030|https://www.strava.com/activities/1654385279
29.06.2018|86.82|02:31:37|603|0|240|1737|0||0|0|34.4|73.4|88|152|0|0|191|1595|1,937|29|02:55:09|Garmin Edge 1030|https://www.strava.com/activities/1816089570
28.06.2018|33.22|01:08:42|554|0|243|793|0||0|0|29|59|82|164|0|0|192|599|884|22|01:10:50|Garmin Edge 1030|https://www.strava.com/activities/1816089296
26.06.2018|26.68|01:01:37|421|0|201|544|0||0|0|26|81.4|76|143|0|0|147|595|607|17|01:36:05|Garmin Edge 1030|https://www.strava.com/activities/1816089121
25.06.2018|151.46|04:41:21|2025|0|223|2853|0||0|0|32.3|91.4|83|178|0|0|169|1542|3,181|14|05:29:48|Garmin Edge 1030|https://www.strava.com/activities/1816089212
24.06.2018|119.43|04:07:55|1962|0|241|2892|0||0|0|28.9|82.4|78|165|0|0|194|754|3,224|13|05:10:19|Garmin Edge 1030|https://www.strava.com/activities/1816088551
22.06.2018|40.94|01:34:20|934|0|214|1055|0||0|0|26|72.4|87|152|0|0|186|1026|1,176|17|01:57:26|Garmin Edge 1030|https://www.strava.com/activities/1816088060
21.06.2018|48.87|01:42:10|572|0|199|976|0||0|0|28.7|87.8|81|180|0|0|159|1425|1,089|21|02:41:08|Garmin Edge 1030|https://www.strava.com/activities/1654932181
20.06.2018|75.49|02:49:51|1326|0|217|1824|0||0|0|26.7|85.7|77|175|0|0|179|552|2,034|19|05:09:29|Garmin Edge 1030|https://www.strava.com/activities/1654936567
18.06.2018|47.09|01:54:42|549|0|145|819|0||0|0|24.6|79.6|76|156|0|0|119|847|913|17|02:34:32|Garmin Edge 1030|https://www.strava.com/activities/1654406315
16.06.2018|128.21|02:55:36|978|0|244|2005|0||0|0|43.8|76.3|85|207|0|0|190|1333|2,236|31|02:58:37|Garmin Edge 1030|https://www.strava.com/activities/1654405983
15.06.2018|167.81|04:29:31|2788|0|272|3804|0||0|0|37.4|85.7|82|174|0|0|235|1134|4,241|23|04:29:59|Garmin Edge 1030|https://www.strava.com/activities/1654405630
14.06.2018|188.02|05:25:02|3496|0|185|617|0||0|0|34.7|93.6|80|167|0|0|32|827|688|21|05:26:07|Garmin Edge 1030|https://www.strava.com/activities/1654404312
13.06.2018|156.8|04:12:15|2708|0|271|3560|0||0|0|37.3|88.2|80|177|0|0|235|1272|3,969|16|04:12:58|Garmin Edge 1030|https://www.strava.com/activities/1654403498
12.06.2018|191.4|04:42:10|2061|0|265|3759|0||0|0|40.7|84.6|85|171|0|0|222|1174|4,192|15|04:43:19|Garmin Edge 1030|https://www.strava.com/activities/1654402368
11.06.2018|185.68|04:48:48|1209|0|589|5210|0||0|0|38.6|79.2|78|198|0|0|301|2256|5,809|17|04:53:44|Garmin Edge 1030|https://www.strava.com/activities/1654400417
10.06.2018|156.55|03:53:34|1753|0|271|2740|0||0|0|40.2|90|81|178|0|0|196|1512|3,055|29|03:57:33|Garmin Edge 1030|https://www.strava.com/activities/1654398738
09.06.2018|18.21|00:22:47|188|0|341|422|0||0|0|48|86|94|133|0|0|309|1272|471|26|00:22:47|Garmin Edge 1030|https://www.strava.com/activities/1654396955
09.06.2018|0.64|00:09:47|3|0|232|67|0||0|0|3.9|19.4|73|111|0|0|115|444|75|27|00:36:09|Garmin Edge 1030|https://www.strava.com/activities/1654396842
09.06.2018|36.72|00:54:43|367|0|296|816|0||0|0|40.3|90.4|82|148|0|0|249|1333|910|25|00:55:08|Garmin Edge 1030|https://www.strava.com/activities/1654396777
07.06.2018|99.96|03:33:38|1044|0|245|2660|0||0|0|28.1|61.6|72|156|0|0|208|701|2,966|25|04:05:51|Garmin Edge 1030|https://www.strava.com/activities/1654396880
06.06.2018|88.58|03:13:56|1062|0|227|1931|0||0|0|27.4|77|71|164|0|0|166|943|2,153|21|03:59:39|Garmin Edge 1030|https://www.strava.com/activities/1654396451
01.06.2018|202.24|06:26:07|5983|0|211|4057|0||0|0|31.4|92.2|74|167|0|0|175|1169|4,523|21|07:21:43|Garmin Edge 1030|https://www.strava.com/activities/1654396069
31.05.2018|7.12|00:19:30|280|0|191|179|0||0|0|21.9|43.6|67|166|0|0|153|421|200|18|00:20:59|Garmin Edge 1030|https://www.strava.com/activities/1654394690
17.07.2018|74.85|02:42:49|995|0|225|1675|0||0|0|27.6|60.5|82|166|0|0|171|1615|1,868|24|43.14:35:44|Garmin Edge 1030|https://www.strava.com/activities/1816095110
16.07.2018|13.66|00:46:44|108|0|0|0|0||0|0|17.5|53.3|0|0|0|0|0|0||27|01:49:29|Garmin Edge 1030|https://www.strava.com/activities/1816094140
15.07.2018|155.69|03:30:15|647|0|215|2164|0||0|0|44.4|70.6|87|242|0|0|172|1616|2,413|35|03:34:34|Garmin Edge 1030|https://www.strava.com/activities/1816094275
06.07.2018|74.25|01:35:10|179|0|219|856|0||0|0|46.8|70.6|92|154|0|0|150|1681|853|21|01:35:10|Garmin Edge 1030|https://www.strava.com/activities/1816093360
05.07.2018|61.52|01:48:29|495|0|196|1092|0||0|0|34|56.9|80|178|0|0|168|1580|1,218|22|01:50:09|Garmin Edge 1030|https://www.strava.com/activities/1816093004
04.07.2018|118.65|03:47:16|653|0|235|2601|0||0|0|31.3|56.2|79|165|0|0|191|1430|2,900|25|03:51:20|Garmin Edge 1030|https://www.strava.com/activities/1816092617
02.07.2018|95.15|03:09:38|939|0|249|2276|0||0|0|30.1|71.3|80|174|0|0|200|960|2,537|30|03:53:29|Garmin Edge 1030|https://www.strava.com/activities/1816091621
01.07.2018|111.12|03:57:36|1534|0|266|2827|0||0|0|28.1|65.2|81|176|0|0|198|1213|3,152|30|04:17:07|Garmin Edge 1030|https://www.strava.com/activities/1816090265
31.08.2018|85.52|02:55:43|756|0|200|1829|0||0|0|29.2|52.2|81|157|0|0|173|1165|2,039|27|04:00:43|Garmin Edge 1030|https://www.strava.com/activities/1816095604
04.09.2018|126.83|02:52:02|1441|0|289|2510|0||0|0|44.2|95.8|89|220|0|0|243|1442|2,799|14|02:52:02|Garmin Edge 1030|https://www.strava.com/activities/1818681526
03.09.2018|174.77|04:21:59|2487|0|270|3261|0||0|0|40|83.5|83|210|0|0|207|1439|3,636|18|04:23:47|Garmin Edge 1030|https://www.strava.com/activities/1818679924
02.09.2018|175.36|04:04:53|1577|0|247|2676|0||0|0|43|77.8|84|188|0|0|182|1407|2,983|22|04:04:53|Garmin Edge 1030|https://www.strava.com/activities/1816095966
28.02.2019|187.33|04:59:50|901|0|190|2383|0||0|0|37.5|77.8|74|160|114|199|132|1376|2,547|27|05:01:23|Garmin Edge 1030|https://www.strava.com/activities/2256854506
27.02.2019|197.66|04:29:33|1294|0|243|2810|0||0|0|44|96.8|83|214|129|197|174|1183|2,937|30|04:30:03|Garmin Edge 1030|https://www.strava.com/activities/2256854257
26.02.2019|181.63|05:08:59|1318|0|228|2996|0||0|0|35.3|69.5|76|160|126|194|162|1174|3,098|27|05:11:30|Garmin Edge 1030|https://www.strava.com/activities/2256853796
31.03.2019|250.85|05:29:46|1796|0|314|5554|0||0|0|45.6|83.5|91|199|169|197|281|1308|5,704|12|05:29:46|Garmin Edge 1030|https://www.strava.com/activities/2255169866
30.03.2019|58.53|01:58:23|502|0|219|1271|0||0|0|29.7|64.8|78|167|133|192|179|1883|1,280|15|02:04:16|Garmin Edge 1030|https://www.strava.com/activities/2255168247
29.03.2019|18.63|00:52:36|91|0|26|12|0||0|0|21.3|45.7|64|111|0|0|4|468|11|17|02:09:32|Garmin Edge 1030|https://www.strava.com/activities/2255177476
28.03.2019|44.91|01:28:50|346|0|0|0|0||0|0|30.3|54.4|0|0|0|0|0|0|1,994|10|01:54:30|Garmin Edge 1030|https://www.strava.com/activities/2255176954
27.03.2019|206.94|04:43:03|805|0|180|803|0||0|0|43.9|75.2|81|177|146|197|47|1088|3,361|10|04:45:30|Garmin Edge 1030|https://www.strava.com/activities/2255177185
26.03.2019|62.26|02:05:02|515|0|202|1224|0||0|0|29.9|64.8|77|146|119|166|163|930|1,240|8|02:29:25|Garmin Edge 1030|https://www.strava.com/activities/2255176231
23.03.2019|297.5|06:56:05|1931|0|252|4881|0||0|0|42.9|79.9|84|225|136|200|196|1395|5,115|19|07:01:48|Garmin Edge 1030|https://www.strava.com/activities/2234683664
22.03.2019|35.45|01:09:22|81|0|157|600|0||0|0|30.7|49.3|75|110|113|159|144|1244|605|14|01:47:14|Garmin Edge 1030|https://www.strava.com/activities/2231393631
21.03.2019|69.43|02:18:45|649|0|226|1526|0||0|0|30|57.2|77|154|122|187|183|1080|1,519|10|02:47:33|Garmin Edge 1030|https://www.strava.com/activities/2229230934
19.03.2019|10.07|00:12:55|11|0|339|264|0||0|0|46.8|54|92|113|160|171|341|908|263|8|00:12:55|Garmin Edge 1030|https://www.strava.com/activities/2224385964
18.03.2019|195.02|04:43:39|2347|0|259|3703|0||0|0|41.3|85.7|81|203|139|170|218|1212|3,867|10|04:44:12|Garmin Edge 1030|https://www.strava.com/activities/2222318105
17.03.2019|178.94|05:11:20|3055|0|83|600|0||0|0|34.5|81.4|76|124|135|183|32|553|1,196|16|05:12:31|Garmin Edge 1030|https://www.strava.com/activities/2220407121
16.03.2019|224.2|05:48:04|3347|0|0|0|0||0|0|38.6|82.1|0|0|145|190|0|0|3,925|17|05:48:04|Garmin Edge 1030|https://www.strava.com/activities/2217562402
15.03.2019|226.3|05:38:35|2895|0|260|4300|0||0|0|40.1|89.3|80|197|140|195|212|1397|4,432|18|05:39:27|Garmin Edge 1030|https://www.strava.com/activities/2215129759
14.03.2019|197.5|04:57:15|2236|0|282|4234|0||0|0|39.9|85.3|83|189|144|192|237|1075|4,344|15|04:58:23|Garmin Edge 1030|https://www.strava.com/activities/2215129423
13.03.2019|21.53|00:23:52|32|0|370|529|0||0|0|54.1|74.5|100|182|191|198|369|1042|530|8|00:24:13|Garmin Edge 1030|https://www.strava.com/activities/2211155034
13.03.2019|23.04|00:33:08|103|0|247|464|0||0|0|41.7|52.6|84|115|140|177|234|1193|465|6|00:33:08|Garmin Edge 1030|https://www.strava.com/activities/2210555313
12.03.2019|20.53|00:41:15|16|0|133|302|0||0|0|29.9|38.9|66|93|0|0|122|432|310|12|00:42:12|Garmin Edge 1030|https://www.strava.com/activities/2208089261
11.03.2019|107.85|02:08:41|226|0|160|253|0||0|0|50.3|133.2|85|128|120|182|33|935|2,317|16|03:42:13|Garmin Edge 1030|https://www.strava.com/activities/2256855429
09.03.2019|66.16|01:43:53|1052|0|0|0|0||0|0|38.2|90.7|0|0|153|198|0|0|1,755|15|01:45:18|Garmin Edge 1030|https://www.strava.com/activities/2256855328
07.03.2019|43.35|01:32:10|395|0|209|1012|0||0|0|28.2|51.5|82|117|120|163|183|927|1,015|14|01:50:29|Garmin Edge 1030|https://www.strava.com/activities/2256855352
06.03.2019|71.48|02:28:41|674|0|209|1518|0||0|0|28.8|53.6|76|149|116|166|170|736|1,535|13|03:12:38|Garmin Edge 1030|https://www.strava.com/activities/2256855278
05.03.2019|55.61|01:54:10|492|0|221|1288|0||0|0|29.2|55.1|84|115|0|0|188|795|1,304|15|02:28:08|Garmin Edge 1030|https://www.strava.com/activities/2256855029
02.03.2019|147.85|03:23:42|345|0|222|2136|0||0|0|43.6|68.8|84|196|125|197|175|1382|2,256|22|03:24:08|Garmin Edge 1030|https://www.strava.com/activities/2256854909
01.03.2019|181.6|04:43:40|1706|0|253|3410|0||0|0|38.4|72|80|178|134|192|200|1205|3,503|24|04:44:31|Garmin Edge 1030|https://www.strava.com/activities/2256854862
30.04.2019|0.12|00:01:35|33|0|195|10|0||0|0|4.8|30.6|81|112|0|0|110|398|118|28|00:12:38|Garmin Edge 1030|https://www.strava.com/activities/2344696320
29.04.2019|0.17|00:04:27|3|0|168|18|0||0|0|2.4|10.8|73|124|0|0|68|399|164|28|00:26:50|Garmin Edge 1030|https://www.strava.com/activities/2330554993
29.04.2019|0.42|00:08:28|0|0|199|39|0||0|0|3|11.5|79|132|122|192|76|551|305|23|01:06:45|Garmin Edge 1030|https://www.strava.com/activities/2330554809
28.04.2019|96.73|02:47:23|287|0|144|1047|0||0|0|34.7|59.4|69|128|111|177|104|612|1,066|28|03:11:05|Garmin Edge 1030|https://www.strava.com/activities/2330554759
25.04.2019|73.24|02:27:34|881|0|205|1457|0||0|0|29.8|60.8|78|156|144|189|165|612|1,462|14|03:07:32|Garmin Edge 1030|https://www.strava.com/activities/2330554399
24.04.2019|63.73|01:51:36|443|0|191|1193|0||0|0|34.3|64.8|84|106|148|176|178|475|1,199|22|02:13:04|Garmin Edge 1030|https://www.strava.com/activities/2316177782
23.04.2019|91.51|02:46:51|861|0|183|1620|0||0|0|32.9|68|82|129|150|187|162|900|1,623|24|03:26:50|Garmin Edge 1030|https://www.strava.com/activities/2313434749
22.04.2019|42.83|01:22:36|294|0|170|713|0||0|0|31.1|57.6|101|183|136|178|144|717|725|13|01:22:36|Garmin Edge 1030|https://www.strava.com/activities/2310053573
13.04.2019|37.57|01:12:42|283|0|153|361|0||0|0|31|48.6|72|167|110|167|83|972|550|6|01:18:16|Garmin Edge 1030|https://www.strava.com/activities/2286036634
11.04.2019|22.79|01:06:35|236|0|0|0|0||0|0|20.5|47.9|0|0|101|147|0|0|418|11|01:28:46|Garmin Edge 1030|https://www.strava.com/activities/2281335567
09.04.2019|27.29|01:12:01|303|0|0|0|0||0|0|22.7|61.6|0|0|104|145|0|0|498|15|01:36:32|Garmin Edge 1030|https://www.strava.com/activities/2281335505
07.04.2019|269.66|06:29:10|2262|0|275|5255|0||0|0|41.6|86.8|87|200|157|198|225|1430|5,528|16|06:30:08|Garmin Edge 1030|https://www.strava.com/activities/2272479850
04.04.2019|115.12|04:03:45|1302|0|211|2174|0||0|0|28.3|71.3|69|180|120|186|149|928|2,214|8|04:24:25|Garmin Edge 1030|https://www.strava.com/activities/2272477011
03.04.2019|182.1|04:07:16|1385|0|198|1229|0||0|0|44.2|77.8|86|221|155|194|83|1180|3,525|9|04:12:01|Garmin Edge 1030|https://www.strava.com/activities/2272475911
01.04.2019|19.21|00:47:30|63|0|139|351|0||0|0|24.3|32.8|66|168|111|138|123|444|353|8|01:14:12|Garmin Edge 1030|https://www.strava.com/activities/2256855425
17.05.2019|50.6|01:08:14|563|0|243|839|0||0|0|44.5|80.6|90|132|144|173|205|623|837|21|01:09:04|Garmin Edge 1030|https://www.strava.com/activities/2374796431
16.05.2019|239.63|06:11:12|2801|0|227|3886|0||0|0|38.7|86|78|148|132|177|174|1008|3,976|12|06:12:33|Garmin Edge 1030|https://www.strava.com/activities/2372562351
15.05.2019|140.08|03:29:51|601|0|236|846|0||0|0|40.1|82.4|80|178|134|187|67|773|2,087|7|03:30:38|Garmin Edge 1030|https://www.strava.com/activities/2371760727
14.05.2019|234.6|06:00:19|3063|0|239|2603|0||0|0|39.1|98.3|85|161|127|186|120|1100|5,857|22|06:01:09|Garmin Edge 1030|https://www.strava.com/activities/2367161138
13.05.2019|220.24|05:27:00|1869|0|219|3102|0||0|0|40.4|90.4|79|153|129|193|158|1321|3,321|13|05:29:00|Garmin Edge 1030|https://www.strava.com/activities/2364449190
12.05.2019|209.53|04:55:24|1757|0|260|3790|0||0|0|42.6|91.1|88|175|152|193|214|1251|3,954|13|04:56:22|Garmin Edge 1030|https://www.strava.com/activities/2362179363
12.05.2019|209.53|04:55:24|1757|0|260|3790|0||0|0|42.6|91.1|88|175|152|193|214|1251|3,954|13|04:56:22|Garmin Edge 1030|https://www.strava.com/activities/2359699118
11.05.2019|27.93|01:05:37|557|0|260|656|0||0|0|25.5|56.2|71|179|135|189|167|557|657|21|01:07:21|Garmin Edge 1030|https://www.strava.com/activities/2359699130
11.05.2019|27.93|01:05:37|557|0|260|656|0||0|0|25.5|56.2|71|179|135|189|167|557|657|21|01:07:21|Garmin Edge 1030|https://www.strava.com/activities/2357081737
05.05.2019|66.62|02:21:58|541|0|131|951|0||0|0|28.2|55.8|69|199|0|0|112|416|949|27|02:57:06|Garmin Edge 1030|https://www.strava.com/activities/2344692521
05.05.2019|66.62|02:21:58|541|0|131|951|0||0|0|28.2|55.8|69|199|0|0|112|416|949|27|02:57:06|Garmin Edge 1030|https://www.strava.com/activities/2495804342
05.05.2019|66.62|02:21:58|541|0|131|951|0||0|0|28.2|55.8|69|199|0|0|112|416|949|27|02:57:06|Garmin Edge 1030|https://www.strava.com/activities/2489982966
27.06.2019|102.34|03:06:11|1019|0|203|1741|0||0|0|33|67.7|74|128|140|195|156|1253|1,743|26|04:04:08|Garmin Edge 1030|https://www.strava.com/activities/2485547779
26.06.2019|30.72|01:06:31|245|0|140|497|0||0|0|27.7|58|77|110|134|164|125|465|497|25|01:06:31|Garmin Edge 1030|https://www.strava.com/activities/2485545442
25.06.2019|69.91|02:24:17|1033|0|215|1592|0||0|0|29.1|64.4|80|113|143|181|184|598|1,589|13|02:34:07|Garmin Edge 1030|https://www.strava.com/activities/2479518234
22.06.2019|80.87|02:51:48|777|0|177|1485|0||0|0|28.2|71.3|70|108|131|180|144|1025|1,482|23|04:31:12|Garmin Edge 1030|https://www.strava.com/activities/2478634679
21.06.2019|43.37|01:30:39|537|0|185|848|0||0|0|28.7|97.2|77|98|127|163|156|441|847|23|02:12:36|Garmin Edge 1030|https://www.strava.com/activities/2468735220
20.06.2019|133.05|03:54:28|1057|0|178|2181|0||0|0|34|94|78|149|103|174|155|989|2,179|28|04:14:34|Garmin Edge 1030|https://www.strava.com/activities/2466564002
19.06.2019|64.62|02:03:26|777|0|215|1329|0||0|0|31.4|83.5|83|142|154|203|179|968|1,330|23|02:29:45|Garmin Edge 1030|https://www.strava.com/activities/2463626288
18.06.2019|104.74|03:33:13|1586|0|217|2342|0||0|0|29.5|99|84|113|158|198|183|1165|2,337|23|03:53:19|Garmin Edge 1030|https://www.strava.com/activities/2460631672
17.06.2019|92.81|02:57:30|1036|0|203|1880|0||0|0|31.4|95.8|85|105|152|194|177|1065|1,878|22|02:58:26|Garmin Edge 1030|https://www.strava.com/activities/2457786407
09.06.2019|32.51|01:15:57|152|0|94|352|0||0|0|25.7|46.4|76|102|95|123|77|402|352|20|01:39:50|Garmin Edge 1030|https://www.strava.com/activities/2436800338
27.07.2019|30.83|01:11:07|747|0|230|779|0||0|0|26|76.3|79|140|142|224|183|1457|772|26|01:42:02|Garmin Edge 1030|https://www.strava.com/activities/2580708930
26.07.2019|143.04|04:51:47|2304|0|239|3173|0||0|0|29.4|83.2|76|193|134|192|181|839|3,189|25|05:28:53|Garmin Edge 1030|https://www.strava.com/activities/2580709388
25.07.2019|81.45|03:00:08|1896|0|249|2034|0||0|0|27.1|79.9|72|146|135|191|188|1367|2,021|29|03:16:32|Garmin Edge 1030|https://www.strava.com/activities/2562056576
23.07.2019|126.33|04:33:28|2798|0|237|3167|0||0|0|27.7|87.8|74|134|131|187|193|1369|3,169|30|04:44:43|Garmin Edge 1030|https://www.strava.com/activities/2556489232
22.07.2019|95.26|03:58:19|1913|0|205|2197|0||0|0|24|78.1|67|126|117|190|154|1305|2,213|33|04:44:32|Garmin Edge 1030|https://www.strava.com/activities/2556488427
19.07.2019|108.77|04:03:27|2816|0|275|2973|0||0|0|26.8|82.4|72|117|140|194|204|569|2,975|27|04:44:23|Garmin Edge 1030|https://www.strava.com/activities/2556488824
18.07.2019|50.54|02:37:56|1562|0|199|1547|0||0|0|19.2|76.3|64|117|124|163|163|864|1,545|19|03:14:56|Garmin Edge 1030|https://www.strava.com/activities/2556488457
17.07.2019|140.77|04:53:20|3009|0|248|3593|0||0|0|28.8|82.4|78|124|135|181|204|698|3,612|27|05:37:23|Garmin Edge 1030|https://www.strava.com/activities/2539959159
16.07.2019|86.51|03:17:48|2641|0|280|2806|0||0|0|26.2|99|77|121|152|196|236|1266|2,796|31|03:39:57|Garmin Edge 1030|https://www.strava.com/activities/2539956661
14.07.2019|142.68|05:01:58|2746|0|212|3094|0||0|0|28.4|84.6|74|181|144|194|171|1100|3,092|27|05:42:35|Garmin Edge 1030|https://www.strava.com/activities/2539956197
14.07.2019|1.27|00:03:01|50|0|308|61|0||0|0|25.3|32.8|67|77|159|172|336|497|61|13|00:03:01|Garmin Edge 1030|https://www.strava.com/activities/2539953622
13.07.2019|80.42|03:13:20|1898|0|209|1944|0||0|0|25|81.7|69|177|143|187|168|1015|1,940|28|03:34:04|Garmin Edge 1030|https://www.strava.com/activities/2539954485
12.07.2019|93.79|03:48:23|2372|0|216|2373|0||0|0|24.6|84.6|70|167|151|195|173|953|2,369|29|04:15:45|Garmin Edge 1030|https://www.strava.com/activities/2539953173
11.07.2019|36.24|00:49:41|313|0|203|340|0||0|0|43.8|73.8|77|131|128|189|114|733|402|27|00:50:42|Garmin Edge 1030|https://www.strava.com/activities/2539951017
05.07.2019|39.58|01:21:09|446|0|198|780|0||0|0|29.3|58.7|79|105|0|0|160|438|779|14|01:21:09|Garmin Edge 1030|https://www.strava.com/activities/2539950713
03.07.2019|87.07|03:00:24|1331|0|219|1848|0||0|0|29|74.5|76|123|145|197|171|719|1,844|23|03:17:57|Garmin Edge 1030|https://www.strava.com/activities/2501509860
02.07.2019|22.76|00:43:59|150|0|165|390|0||0|0|31.1|64.4|77|100|126|161|148|368|389|20|00:43:59|Garmin Edge 1030|https://www.strava.com/activities/2501507729
01.07.2019|65.75|02:12:27|1006|0|218|1484|0||0|0|29.8|73.4|78|117|0|0|187|641|1,481|23|02:22:12|Garmin Edge 1030|https://www.strava.com/activities/2501507605
31.08.2019|165.6|04:00:40|1993|0|256|2890|0||0|0|41.3|90.4|85|153|137|181|200|1194|3,000|29|04:00:40|Garmin Edge 1030|https://www.strava.com/activities/2671480257
30.08.2019|192.07|05:26:46|2887|0|238|3855|0||0|0|35.3|83.2|82|161|137|176|197|1060|3,962|31|05:29:16|Garmin Edge 1030|https://www.strava.com/activities/2665221277
29.08.2019|198.52|05:13:20|3179|0|249|3926|0||0|0|38|100.1|86|166|0|0|209|1206|3,994|27|05:14:29|Garmin Edge 1030|https://www.strava.com/activities/2665220461
28.08.2019|180.7|05:35:00|3577|0|245|4130|0||0|0|32.4|83.5|82|199|145|180|205|958|4,233|29|05:40:31|Garmin Edge 1030|https://www.strava.com/activities/2659592225
27.08.2019|172.12|04:06:56|1157|0|228|2548|0||0|0|41.8|85.7|88|154|132|193|172|1111|2,690|29|04:08:11|Garmin Edge 1030|https://www.strava.com/activities/2656464394
26.08.2019|187.07|04:30:19|1717|0|237|2930|0||0|0|41.5|102.6|85|188|137|185|181|1433|3,027|28|04:30:53|Garmin Edge 1030|https://www.strava.com/activities/2653384287
25.08.2019|198.33|05:24:09|3106|0|247|3790|0||0|0|36.7|79.6|84|159|160|191|195|1017|3,870|32|05:24:41|Garmin Edge 1030|https://www.strava.com/activities/2652618022
24.08.2019|13.43|00:18:00|108|0|318|293|0||0|0|44.8|67.7|94|131|174|199|271|1123|295|25|00:19:11|Garmin Edge 1030|https://www.strava.com/activities/2652612872
24.08.2019|33.9|00:57:34|230|0|244|603|0||0|0|35.3|68.8|82|124|143|192|175|1080|607|30|01:03:27|Garmin Edge 1030|https://www.strava.com/activities/2647241828
23.08.2019|47.64|01:35:13|630|0|210|831|0||0|0|30|68.4|77|133|139|198|145|1078|867|31|1.04:30:51|Garmin Edge 1030|https://www.strava.com/activities/2647241742
22.08.2019|51.56|01:35:26|649|0|209|911|0||0|0|32.4|71.3|78|138|131|189|159|1429|914|27|02:18:22|Garmin Edge 1030|https://www.strava.com/activities/2640859498
20.08.2019|88.04|02:59:08|749|0|0|0|0||0|0|29.5|55.8|0|0|127|179|0|0|1,393|30|04:35:41|Garmin Edge 1030|https://www.strava.com/activities/2640865023
19.08.2019|34.75|01:16:07|355|0|0|0|0||0|0|27.4|72|0|0|113|168|0|0|517|26|02:00:45|Garmin Edge 1030|https://www.strava.com/activities/2640864644
17.08.2019|132.93|05:09:23|3005|0|0|0|0||0|0|25.8|67.7|0|0|137|185|0|0|2,912|26|06:24:00|Garmin Edge 1030|https://www.strava.com/activities/2632000907
15.08.2019|39.87|01:36:00|675|0|0|0|0||0|0|24.9|68.8|0|0|121|174|0|0|762|27|02:19:13|Garmin Edge 1030|https://www.strava.com/activities/2620903444
14.08.2019|35.18|01:20:43|360|0|0|0|0||0|0|26.2|58.7|0|0|116|166|0|0|540|30|02:12:36|Garmin Edge 1030|https://www.strava.com/activities/2620903162
13.08.2019|105.11|03:07:28|873|0|0|0|0||0|0|33.6|78.1|0|0|137|188|0|0|1,741|28|03:55:42|Garmin Edge 1030|https://www.strava.com/activities/2620903251
09.08.2019|155.13|04:27:37|3244|0|268|3555|0||0|0|34.8|88.9|82|202|148|184|221|1356|3,613|27|04:29:25|Garmin Edge 1030|https://www.strava.com/activities/2604437937
08.08.2019|168.61|04:49:46|3447|0|277|3822|0||0|0|34.9|84.2|82|204|153|193|220|1210|3,882|19|04:54:43|Garmin Edge 1030|https://www.strava.com/activities/2602080555
07.08.2019|154.09|03:54:52|2118|0|255|2725|0||0|0|39.4|88.9|85|159|146|202|193|1178|2,826|28|03:55:17|Garmin Edge 1030|https://www.strava.com/activities/2598873488
06.08.2019|135.47|04:11:47|1514|0|185|1947|0||0|0|32.3|74.9|72|134|110|176|129|645|1,986|29|04:31:46|Garmin Edge 1030|https://www.strava.com/activities/2595814566
05.08.2019|150.25|03:30:06|988|0|219|2291|0||0|0|42.9|74.2|86|210|134|200|182|1267|2,360|22|03:31:10|Garmin Edge 1030|https://www.strava.com/activities/2593273918
04.08.2019|151.38|03:33:32|932|0|228|2198|0||0|0|42.5|81|88|198|138|211|172|1267|2,386|22|03:36:33|Garmin Edge 1030|https://www.strava.com/activities/2590975394
03.08.2019|129.16|03:00:01|1302|0|260|2200|0||0|0|43.1|80.3|86|211|0|0|204|1530|2,269|15|03:00:19|Garmin Edge 1030|https://www.strava.com/activities/2588015577
01.08.2019|25.03|00:53:47|198|0|181|474|0||0|0|27.9|64.1|75|140|112|159|147|1436|469|24|00:55:17|Garmin Edge 1030|https://www.strava.com/activities/2581470826
30.09.2019|40.41|01:45:52|702|0|0|0|0||0|0|22.9|68.4|0|0|124|201|0|0|942|22|03:26:24|Garmin Edge 520|https://www.strava.com/activities/2751819670
28.09.2019|109.06|04:02:56|1165|0|0|0|0||0|0|26.9|72|0|0|116|176|0|0|1,794|23|05:09:29|Garmin Edge 520|https://www.strava.com/activities/2751351976
26.09.2019|179.94|06:23:48|1961|0|0|0|0||0|0|28.1|82.8|0|0|140|193|0|0|3,926|21|08:27:04|Garmin Edge 520|https://www.strava.com/activities/2741604291
14.09.2019|199.56|06:18:30|4321|0|265|5074|0||0|0|31.6|86.4|79|201|141|172|223|1015|5,122|13|06:24:58|Garmin Edge 1030|https://www.strava.com/activities/2708307171
13.09.2019|165.77|03:56:10|1508|0|0|0|0||0|0|42.1|82.4|0|0|135|178|0|0|2,614|16|03:58:32|Garmin Edge 1030|https://www.strava.com/activities/2705022868
12.09.2019|177.31|05:02:17|3546|0|0|0|0||0|0|35.2|95|0|0|145|182|0|0|3,738|24|05:02:59|Garmin Edge 1030|https://www.strava.com/activities/2702270413
11.09.2019|218.77|04:43:56|2482|0|0|0|0||0|0|46.2|90.4|0|0|149|182|0|0|3,391|23|04:43:56|Garmin Edge 1030|https://www.strava.com/activities/2699272183
09.09.2019|165.55|05:04:15|3726|0|273|4146|0||0|0|32.6|95.4|79|199|140|174|227|1158|4,234|18|05:07:14|Garmin Edge 1030|https://www.strava.com/activities/2693802405
08.09.2019|164.43|05:12:54|3616|0|0|0|0||0|0|31.5|95|0|0|140|177|0|0|3,437|22|05:15:20|Garmin Edge 1030|https://www.strava.com/activities/2692992583
07.09.2019|186.47|04:32:01|2405|0|265|3395|0||0|0|41.1|86|83|194|131|182|208|1067|3,455|22|04:32:46|Garmin Edge 1030|https://www.strava.com/activities/2688185389
06.09.2019|164.71|04:54:58|3903|0|0|0|0||0|0|33.5|83.2|0|0|143|177|0|0|3,462|18|04:55:35|Garmin Edge 1030|https://www.strava.com/activities/2688183702
05.09.2019|170.03|04:09:48|2068|0|0|0|0||0|0|40.8|89.6|0|0|139|182|0|0|2,705|17|04:11:03|Garmin Edge 1030|https://www.strava.com/activities/2688212196
04.09.2019|181.2|05:02:50|2995|0|250|3457|0||0|0|35.9|86.4|78|167|139|187|190|1378|3,558|26|05:03:46|Garmin Edge 1030|https://www.strava.com/activities/2688212544
03.09.2019|35.8|00:53:08|510|0|314|937|0||0|0|40.4|70.9|96|156|169|186|294|1038|947|22|00:53:08|Garmin Edge 1030|https://www.strava.com/activities/2676045157
01.09.2019|101.79|03:51:49|3154|0|0|0|0||0|0|26.3|109.1|0|0|151|176|0|0|3,022|18|04:54:38|Garmin Edge 1030|https://www.strava.com/activities/2675679018
06.10.2019|197.19|04:35:30|799|0|274|3498|0||0|0|42.9|72.4|85|196|151|203|212|1362|3,592|18|04:35:59|Garmin Edge 520|https://www.strava.com/activities/2770112067
03.10.2019|192.43|04:25:58|766|0|407|5834|0||0|0|43.4|75.2|85|173|149|197|366|2167|6,034|9|04:27:32|Garmin Edge 520|https://www.strava.com/activities/2759790831
02.10.2019|23.52|00:54:59|183|0|132|406|0||0|0|25.7|38.5|73|188|107|131|123|504|408|11|00:59:03|Garmin Edge 520|https://www.strava.com/activities/2757192182
