date|distance|mov_time|elevation|relativeEffort|avg_power_weig|work_total|training_load|intensity|estAvgPower|energyOutput|avg_speed|max_speed|avg_cadence|max_cadence|avg_heartRate|max_heartRate|avg_power|max_power|avg_calories|avg_temperature|avg_elap_time|bicycle_model|url
1/23/2018|66.76|01:59:22|94|0|273|0|193|98%|0|0|33.6|58.3|94|117|0|0|0|979||9|02:00:45|SRM PC8|https://www.strava.com/activities/1370975989
1/20/2018|95.1|02:59:44|164|0|216|0|190|77%|0|0|31.7|45.4|92|114|0|0|0|889||4|03:16:39|SRM PC8|https://www.strava.com/activities/1366053379
1/18/2018|33.94|01:12:50|112|0|201|0|71|72%|0|0|28|46.8|93|124|0|0|0|695||8|02:22:18|SRM PC8|https://www.strava.com/activities/1366057057
1/16/2018|111.29|03:37:07|906|0|223|0|234|80%|0|0|30.8|65.5|84|115|0|0|0|1178||17|03:57:59|SRM PC8|https://www.strava.com/activities/1359854018
1/14/2018|30.64|01:08:13|307|0|183|0|54|66%|0|0|27|53.3|80|109|0|0|0|655||18|02:15:38|SRM PC8|https://www.strava.com/activities/1356593630
1/11/2018|28.75|00:59:57|275|0|180|0|44|65%|0|0|28.8|56.9|82|113|0|0|0|580||16|02:06:26|SRM PC8|https://www.strava.com/activities/1352000058
1/7/2018|66.51|02:01:59|1034|0|259|0|175|93%|0|0|32.7|90.4|93|132|0|0|0|847|||02:01:59|Zwift|https://www.strava.com/activities/1345702866
1/5/2018|38.03|01:14:09|41|0|210|0|73|75%|0|0|30.8|66.2|95|117|0|0|0|1016||8|01:18:09|SRM PC8|https://www.strava.com/activities/1341705679
1/1/2018|28.48|00:57:24|61|0|187|0|45|67%|0|0|29.8|54.7|94|116|0|0|0|596||9|01:01:10|SRM PC8|https://www.strava.com/activities/1341705665
1/28/2018|200.52|05:17:27|1429|0|274|0|538|98%|0|0|37.9|81.4|86|135|0|0|0|1288||17|05:57:02|SRM PC8|https://www.strava.com/activities/1379737555
1/25/2018|223.34|05:30:10|1258|0|249|0|457|89%|0|0|40.6|72|86|126|0|0|0|1252||19|06:15:16|SRM PC8|https://www.strava.com/activities/1374745777
1/24/2018|60.35|02:01:18|335|0|204|0|114|73%|0|0|29.9|56.2|86|186|0|0|0|1548||19|03:18:01|SRM PC8|https://www.strava.com/activities/1372931508
1/21/2018|133.83|04:05:22|219|0|219|0|265|78%|0|0|32.7|56.2|88|191|0|0|0|1480||5|04:30:44|SRM PC8|https://www.strava.com/activities/1367896040
1/15/2018|175.13|05:28:24|1788|0|254|0|481|91%|0|0|32|77.8|79|125|0|0|0|1579||14|05:50:07|SRM PC8|https://www.strava.com/activities/1358488096
1/13/2018|188.24|06:00:49|2353|0|246|0|482|88%|0|0|31.3|73.4|81|132|0|0|0|1671||13|06:35:53|SRM PC8|https://www.strava.com/activities/1355062182
1/12/2018|162.58|05:09:37|2369|0|266|0|484|95%|0|0|31.5|74.2|81|147|0|0|0|1624||13|05:22:48|SRM PC8|https://www.strava.com/activities/1353249291
1/10/2018|144.54|04:07:53|1370|0|248|0|340|89%|0|0|35|82.1|87|137|0|0|0|1258||15|04:23:35|SRM PC8|https://www.strava.com/activities/1350015950
1/9/2018|169.13|05:04:55|1719|0|248|0|424|89%|0|0|33.3|91.4|87|119|0|0|0|1353||15|05:55:53|SRM PC8|https://www.strava.com/activities/1348482958
2/27/2018|55.24|02:01:17|272|0|0|0|0||0|0|27.3|39.2|0|0|136|165|0|0||-1|02:13:32|Garmin Edge 810|https://www.strava.com/activities/1428225243
2/19/2018|40.46|01:16:15|58|0|0|0|0||0|0|31.8|45.4|93|113|125|137|0|0||5|01:19:20|SRM PC8|https://www.strava.com/activities/1418743364
2/18/2018|28.72|00:54:01|362|0|0|0|0||0|0|31.9|81.4|84|115|0|0|0|0||18|02:22:28|SRM PC8|https://www.strava.com/activities/1413984004
2/13/2018|48.44|01:48:16|823|0|0|0|0||0|0|26.8|85.7|82|161|0|0|0|0||19|03:11:04|SRM PC8|https://www.strava.com/activities/1405450227
2/11/2018|54.2|02:00:21|94|0|0|0|0||0|0|27|47.5|90|117|121|146|0|0||8|02:17:52|SRM PC8|https://www.strava.com/activities/1402193530
2/10/2018|112.87|03:09:26|227|0|0|0|0||0|0|35.8|63.4|94|130|139|182|0|0||7|03:36:44|SRM PC8|https://www.strava.com/activities/1400457312
2/4/2018|103.89|03:25:30|1206|0|0|0|0||0|0|30.3|64.4|88|114|132|190|0|0||13|03:40:54|SRM PC8|https://www.strava.com/activities/1391065088
2/1/2018|37.3|01:18:35|130|0|0|0|0||212|0|28.5|38.2|0|0|0|0|0|0||9|01:20:55|Garmin fēnix 3|https://www.strava.com/activities/1385974023
2/17/2018|197.48|05:03:03|3113|0|0|0|0||0|0|39.1|88.6|81|129|0|0|0|0||18|05:04:13|SRM PC8|https://www.strava.com/activities/1412100167
2/16/2018|167.24|04:00:53|2057|0|0|0|0||0|0|41.7|91.4|84|129|0|0|0|0||22|04:25:12|SRM PC8|https://www.strava.com/activities/1410284284
2/15/2018|147.55|04:09:47|2622|0|0|0|0||0|0|35.4|79.2|78|136|0|0|0|0||19|04:23:00|SRM PC8|https://www.strava.com/activities/1408794291
2/14/2018|208.55|05:48:24|3293|0|0|0|0||0|0|35.9|85.7|81|134|0|0|0|0||19|06:10:52|SRM PC8|https://www.strava.com/activities/1407349210
3/28/2018|51.09|01:30:33|447|0|249|0|124|89%|0|0|33.9|66.6|91|115|0|0|0|554|||01:42:06|Zwift|https://www.strava.com/activities/1476274778
3/26/2018|36.75|01:14:22|100|0|206|0|75|74%|0|0|29.7|42.5|83|109|0|0|0|719||10|02:16:23|SRM PC8|https://www.strava.com/activities/1476347962
3/24/2018|42.35|01:28:53|232|0|179|0|67|64%|0|0|28.6|49.7|76|109|0|0|0|887||13|02:17:01|SRM PC8|https://www.strava.com/activities/1476354561
3/22/2018|25.64|00:46:41|213|0|0|0|0||0|0|33|65.2|95|132|0|0|0|0|||00:47:19|Zwift|https://www.strava.com/activities/1465494544
3/21/2018|211.72|05:14:06|919|0|286|0|566|103%|0|0|40.4|78.5|83|126|0|0|0|1450||11|05:29:53|SRM PC8|https://www.strava.com/activities/1464243157
3/20/2018|29.46|00:59:05|80|0|203|0|59|73%|0|0|29.9|40.3|93|115|0|0|0|702||8|01:12:30|SRM PC8|https://www.strava.com/activities/1467666901
3/19/2018|116.03|03:00:51|272|0|270|0|298|97%|0|0|38.5|65.5|95|125|0|0|0|1581||3|03:11:34|SRM PC8|https://www.strava.com/activities/1460709966
3/17/2018|36.28|01:01:13|304|0|0|0|0||0|0|35.6|73.4|94|118|0|0|0|0|||01:01:13|Zwift|https://www.strava.com/activities/1457033524
3/13/2018|32.06|01:04:32|86|0|0|0|0||0|0|29.8|56.9|88|111|0|0|0|0||7|01:16:47|SRM PC8|https://www.strava.com/activities/1452942441
3/12/2018|44.85|01:42:21|99|0|0|0|0||0|0|26.3|43.9|86|110|0|0|0|0||14|03:17:01|SRM PC8|https://www.strava.com/activities/1452939975
3/9/2018|32.19|01:11:46|392|0|197|0|66|71%|0|0|26.9|58.3|87|115|0|0|0|573||12|01:19:45|SRM PC8|https://www.strava.com/activities/1447948381
3/8/2018|148.69|05:03:54|1857|0|231|0|360|83%|0|0|29.4|79.9|86|159|0|0|0|1665||16|05:42:21|SRM PC8|https://www.strava.com/activities/1442435241
3/3/2018|42.2|01:12:09|508|0|268|0|110|96%|0|0|35.1|65.5|83|122|0|0|0|509|||01:12:09|Zwift|https://www.strava.com/activities/1433613506
3/2/2018|0.02|00:00:00|2|0|230|0|77|82%|0|0|6.6|5|95|115|0|0|0|500||23|01:14:57|SRM PC8|https://www.strava.com/activities/1433617719
3/1/2018|0.37|00:05:40|2|0|241|0|60|86%|0|0|3.9|16.6|94|128|0|0|0|760||20|00:48:55|SRM PC8|https://www.strava.com/activities/1431020552
3/1/2018|25.11|00:45:19|288|0|245|0|59|88%|0|0|33.2|78.1|91|131|0|0|0|625|||00:46:04|Zwift|https://www.strava.com/activities/1431032381
3/31/2018|138.37|03:56:23|272|0|235|0|312|84%|0|0|35.1|56.2|90|118|0|0|0|1276||10|04:44:00|SRM PC8|https://www.strava.com/activities/1481363963
3/30/2018|67.21|02:06:14|137|0|196|0|117|70%|0|0|31.9|46.1|85|113|0|0|0|891||10|03:24:08|SRM PC8|https://www.strava.com/activities/1481374913
3/29/2018|174.37|05:05:53|313|0|241|0|398|86%|0|0|34.2|51.8|89|123|0|0|0|1298||10|05:35:37|SRM PC8|https://www.strava.com/activities/1477909497
3/25/2018|185.86|04:35:55|1282|0|291|0|516|104%|0|0|40.4|94.3|80|135|0|0|0|1410||14|05:31:17|SRM PC8|https://www.strava.com/activities/1476352715
3/23/2018|210.37|05:28:53|2260|0|309|0|695|111%|0|0|38.4|82.8|83|154|0|0|0|1366||8|06:11:20|SRM PC8|https://www.strava.com/activities/1467548698
3/18/2018|51.04|02:04:31|261|0|0|0|0||193|0|24.6|40.3|0|0|0|0|0|0||0|02:13:47|Garmin Edge 810|https://www.strava.com/activities/1458761028
3/16/2018|214.96|04:53:12|592|0|0|0|0||0|0|44|81.4|83|133|0|0|0|0||14|04:59:20|SRM PC8|https://www.strava.com/activities/1456390948
3/15/2018|33.25|01:07:30|50|0|0|0|0||0|0|29.6|45.4|85|108|0|0|0|0||11|01:17:49|SRM PC8|https://www.strava.com/activities/1456408257
3/14/2018|197.29|04:53:35|1341|0|0|0|0||0|0|40.3|69.8|83|125|0|0|0|0||15|05:11:01|SRM PC8|https://www.strava.com/activities/1452933142
3/11/2018|200.14|04:51:54|1030|0|301|0|586|108%|0|0|41.1|70.6|84|125|0|0|0|1388||14|05:14:58|SRM PC8|https://www.strava.com/activities/1447939192
3/10/2018|48.97|01:27:47|95|0|218|0|95|78%|0|0|33.5|56.2|89|115|0|0|0|1168||15|01:34:39|SRM PC8|https://www.strava.com/activities/1447951658
4/29/2018|63.26|01:59:06|116|0|265|0|206|95%|0|0|31.9|69.1|89|138|0|0|0|1540||13|02:17:41|SRM PC8|https://www.strava.com/activities/1539116464
4/28/2018|66.21|02:09:50|113|0|217|0|145|78%|0|0|30.6|52.6|90|113|0|0|0|1383||15|02:30:32|SRM PC8|https://www.strava.com/activities/1539116466
4/27/2018|26.91|00:57:24|23|0|166|0|35|59%|0|0|28.1|37.1|83|110|0|0|0|598||11|01:13:45|Garmin Edge 810|https://www.strava.com/activities/1539137686
4/25/2018|228.22|05:31:51|423|0|261|0|513|94%|0|0|41.3|68.4|94|132|0|0|0|1650||15|06:09:24|SRM PC8|https://www.strava.com/activities/1530880301
4/24/2018|27.27|00:54:42|51|0|191|0|49|68%|0|0|29.9|51.1|95|118|0|0|0|1011||14|01:11:53|SRM PC8|https://www.strava.com/activities/1530879820
4/22/2018|142.71|04:00:38|221|0|0|0|0||0|0|35.6|56.2|93|117|139|180|0|0||18|04:51:00|Garmin Edge 810|https://www.strava.com/activities/1524339643
4/17/2018|46.92|01:41:05|195|0|0|0|0||0|0|27.9|40|85|120|0|0|0|0||21|02:29:33|Garmin fēnix 3|https://www.strava.com/activities/1513470910
4/16/2018|29.92|01:02:36|198|0|0|0|0||0|0|28.7|47.5|87|114|124|144|0|0||19|01:09:04|Garmin fēnix 3|https://www.strava.com/activities/1511778534
4/16/2018|30|00:56:23|133|0|0|0|0||0|0|31.9|45.7|88|113|123|138|0|0||17|00:57:11|Garmin fēnix 3|https://www.strava.com/activities/1511775783
4/15/2018|143.38|04:06:12|359|0|0|0|0||0|0|34.9|49|0|0|133|170|0|0||18|05:39:37|Garmin fēnix 3|https://www.strava.com/activities/1509815018
4/14/2018|138.96|04:02:43|518|0|0|0|0||0|0|34.4|59|95|131|137|165|0|0||17|04:19:43|Garmin fēnix 3|https://www.strava.com/activities/1507618835
4/13/2018|27.69|00:57:22|146|0|0|0|0||0|0|29|44.3|88|112|34|71|0|0||19|00:58:30|Garmin fēnix 3|https://www.strava.com/activities/1505743950
4/13/2018|29.27|00:55:55|139|0|0|0|0||0|0|31.4|48.6|92|114|136|151|0|0||16|00:56:57|Garmin fēnix 3|https://www.strava.com/activities/1505743870
4/12/2018|79.75|02:18:22|264|0|0|0|0||0|0|34.6|60.5|86|127|137|192|0|0||18|02:32:49|Garmin fēnix 3|https://www.strava.com/activities/1504602147
4/8/2018|35.41|01:00:54|170|0|0|0|0||0|0|34.9|54.7|88|118|0|0|0|0||23|01:03:32|Garmin fēnix 3|https://www.strava.com/activities/1496362177
4/3/2018|34.99|01:05:04|59|0|238|0|95|85%|0|0|32.3|58.3|90|169|0|0|0|1618||14|01:35:10|SRM PC8|https://www.strava.com/activities/1525766735
4/2/2018|35.72|01:13:25|75|0|203|0|78|73%|0|0|29.2|67|85|111|0|0|0|737||10|02:19:49|SRM PC8|https://www.strava.com/activities/1525769848
4/1/2018|77.93|02:00:49|110|0|0|0|0||0|0|38.7|57.6|91|141|127|165|0|0||8|02:15:10|SRM PC8|https://www.strava.com/activities/1525758064
4/18/2018|176|05:10:02|269|0|0|0|0||0|0|34.1|52.2|90|129|139|168|0|0||22|05:56:37|Garmin Edge 810|https://www.strava.com/activities/1515891177
4/8/2018|96.81|02:49:41|391|0|238|0|214|85%|0|0|34.2|58|89|154|0|0|0|1900||15|03:10:10|Garmin fēnix 3|https://www.strava.com/activities/1496153010
4/4/2018|196.26|04:21:07|397|0|0|0|0||564|0|45.1|89.3|0|0|0|0|0|0||16|04:33:21|SRM PC8|https://www.strava.com/activities/1525764180
5/24/2018|185|04:49:06|1684|0|297|0|566|106%|0|0|38.4|103|83|142|0|0|0|1384||26|05:04:44|SRM PC8|https://www.strava.com/activities/1593340747
5/20/2018|73.96|01:44:27|313|0|270|0|193|97%|0|0|42.5|61.2|96|140|0|0|0|1707||18|02:44:46|SRM PC8|https://www.strava.com/activities/1583643647
5/6/2018|114.38|03:15:54|128|0|231|0|245|83%|0|0|35|52.6|92|159|0|0|0|1638||21|05:30:59|SRM PC8|https://www.strava.com/activities/1555343274
5/25/2018|43.4|01:28:40|439|0|259|0|144|93%|0|0|29.4|79.2|78|118|0|0|0|1181||29|02:26:30|SRM PC8|https://www.strava.com/activities/1595243050
5/22/2018|204.31|04:49:45|1358|0|255|0|410|91%|0|0|42.3|97.9|87|130|0|0|0|1402||25|05:01:02|SRM PC8|https://www.strava.com/activities/1589001645
5/12/2018|185.99|05:03:29|2600|0|225|0|334|81%|0|0|36.8|100.8|86|124|0|0|0|1317||21|05:44:02|SRM PC8|https://www.strava.com/activities/1567778171
5/11/2018|177.92|04:23:54|1678|0|283|0|470|101%|0|0|40.5|94.3|84|128|0|0|0|1291||23|05:15:12|SRM PC8|https://www.strava.com/activities/1564928037
5/10/2018|178.53|04:19:35|1577|0|275|0|433|99%|0|0|41.3|90.7|83|125|0|0|0|1308||17|04:31:05|SRM PC8|https://www.strava.com/activities/1562455964
5/9/2018|179.57|04:32:37|1373|0|254|0|378|91%|0|0|39.5|86.4|84|127|0|0|0|1422||28|04:34:01|SRM PC8|https://www.strava.com/activities/1560335510
5/8/2018|175.32|04:14:44|722|0|238|0|320|85%|0|0|41.3|82.8|86|135|0|0|0|1507||32|04:45:00|SRM PC8|https://www.strava.com/activities/1557976327
5/3/2018|60.65|01:55:43|75|0|219|0|133|78%|0|0|31.4|48.2|93|116|0|0|0|886||16|02:19:46|SRM PC8|https://www.strava.com/activities/1555343132
5/1/2018|153.01|04:21:39|2105|0|0|0|0|0%|0|0|35.1|99.4|88|128|0|0|0|1||16|06:29:20|SRM PC8|https://www.strava.com/activities/1555343408
6/13/2018|85.29|02:06:39|491|0|275|0|225|99%|0|0|40.4|72.7|99|131|0|0|0|1454||19|02:34:14|SRM PC8|https://www.strava.com/activities/1635637588
6/19/2018|200.15|04:42:43|613|0|295|0|534|106%|0|0|42.5|86.4|89|153|0|0|0|1402||22|04:49:26|SRM PC8|https://www.strava.com/activities/1648747318
7/24/2018|148.37|06:12:29|4246|0|241|0|491|86%|0|0|23.9|87.1|75|156|0|0|0|1601|4,759|24|06:50:50|Garmin Edge 810|https://www.strava.com/activities/1724556684
7/22/2018|109.84|04:09:55|2787|0|255|0|363|91%|0|0|26.4|95.4|81|135|0|0|0|815|3,258|19|04:25:56|Garmin Edge 810|https://www.strava.com/activities/1719984041
7/11/2018|44.99|01:51:28|1026|0|200|0|105|72%|0|0|24.2|107.3|77|122|0|0|0|859|1,158|21|02:43:46|Garmin Edge 810|https://www.strava.com/activities/1695177300
7/8/2018|46.93|01:51:22|657|0|174|0|82|62%|0|0|25.3|81.4|76|122|0|0|0|677|974|21|04:01:30|Garmin Edge 810|https://www.strava.com/activities/1688759105
7/7/2018|29.42|01:04:28|587|0|229|0|80|82%|0|0|27.4|69.5|84|117|0|0|0|672|862|20|01:16:35|Garmin Edge 810|https://www.strava.com/activities/1686642786
7/19/2018|131.83|05:04:48|3261|0|239|0|384|86%|0|0|26|105.5|79|135|0|0|0|1575|3,765|27|05:26:38|Garmin Edge 810|https://www.strava.com/activities/1712987851
7/15/2018|123.6|04:50:13|2915|0|222|0|326|80%|0|0|25.6|89.3|77|123|0|0|0|1297|3,359|22|05:12:01|Garmin Edge 810|https://www.strava.com/activities/1704165051
7/13/2018|114.01|04:02:59|2271|0|221|0|265|79%|0|0|28.2|108.4|82|143|0|0|0|1247|2,876|25|04:27:27|Garmin Edge 810|https://www.strava.com/activities/1699552293
7/12/2018|118.43|04:23:36|2338|0|217|0|282|78%|0|0|27|92.5|80|155|0|0|0|1611|2,967|18|04:46:36|Garmin Edge 810|https://www.strava.com/activities/1697401355
7/10/2018|87.21|03:01:29|1183|0|208|0|185|75%|0|0|28.8|90|86|127|0|0|0|653|2,100|19|03:29:29|Garmin Edge 810|https://www.strava.com/activities/1693029503
7/9/2018|63.96|02:19:39|703|0|173|0|97|62%|0|0|27.5|73.8|79|120|0|0|0|968|1,162|22|02:56:06|Garmin Edge 810|https://www.strava.com/activities/1690873317
7/1/2018|235.53|05:50:57|1239|0|261|0|557|94%|0|0|40.3|95|83|131|0|0|0|1463||30|07:15:51|SRM PC8|https://www.strava.com/activities/1676074581
8/29/2018|136.1|04:03:01|264|0|243|0|316|87%|0|0|33.6|56.5|92|124|0|0|0|1345|3,347|13|04:25:32|Garmin Edge 810|https://www.strava.com/activities/1804911627
8/24/2018|204.03|04:43:49|1359|0|219|0|302|78%|0|0|43.1|90|88|125|0|0|0|1515||25|05:10:13|SRM PC8|https://www.strava.com/activities/1794749281
8/9/2018|136.71|03:50:26|1114|0|298|0|450|107%|0|0|35.6|97.9|79|140|0|0|0|1199||27|04:23:27|SRM PC8|https://www.strava.com/activities/1761025373
8/8/2018|159.96|04:08:30|1229|0|272|0|408|97%|0|0|38.6|103.7|84|135|0|0|0|1296||31|04:51:34|SRM PC8|https://www.strava.com/activities/1758514792
8/7/2018|188.83|04:55:23|1966|0|269|0|468|96%|0|0|38.4|145.4|84|153|0|0|0|1286||33|05:15:30|SRM PC8|https://www.strava.com/activities/1756178020
8/6/2018|177.71|04:02:39|895|0|240|0|313|86%|0|0|43.9|182.2|85|130|0|0|0|1315||29|04:52:44|SRM PC8|https://www.strava.com/activities/1756195690
8/5/2018|155.48|03:49:36|938|0|254|0|334|91%|0|0|40.6|88.6|85|140|0|0|0|1321||30|04:17:53|SRM PC8|https://www.strava.com/activities/1756187966
8/4/2018|148.68|03:36:22|1132|0|270|0|370|97%|0|0|41.2|89.3|89|149|0|0|0|1367||33|03:59:33|SRM PC8|https://www.strava.com/activities/1749635390
8/3/2018|40.55|01:20:58|325|0|249|0|114|89%|0|0|30.1|73.4|88|137|0|0|0|1642||33|01:28:32|SRM PC8|https://www.strava.com/activities/1747083883
9/6/2018|38.11|01:17:29|1055|0|291|0|192|104%|0|0|29.5|88.6|89|156|0|0|0|1085||16|03:20:55|SRM PC8|https://www.strava.com/activities/1823222386
9/1/2018|44.75|01:44:13|849|0|201|0|104|72%|0|0|25.8|60.5|86|168|0|0|0|1288||23|05:22:18|SRM PC8|https://www.strava.com/activities/1814568565
9/9/2018|78.72|01:52:23|345|0|317|0|264|114%|0|0|42|94.3|88|137|0|0|0|1465||25|02:38:17|SRM PC8|https://www.strava.com/activities/1830837496
9/8/2018|228.4|05:23:17|654|0|293|0|602|105%|0|0|42.4|90|87|238|0|0|0|1492||17|05:43:09|SRM PC8|https://www.strava.com/activities/1827688261
9/7/2018|182.64|04:35:43|938|0|315|0|593|113%|0|0|39.7|91.4|87|202|0|0|0|1374||17|04:42:45|SRM PC8|https://www.strava.com/activities/1825373907
9/5/2018|191.98|04:42:58|710|0|264|0|449|95%|0|0|40.7|99.4|88|131|0|0|0|1228||21|05:30:55|SRM PC8|https://www.strava.com/activities/1821155963
9/3/2018|184.4|04:50:59|1226|0|292|0|554|105%|0|0|38|91.4|88|146|0|0|0|1323||22|05:14:29|SRM PC8|https://www.strava.com/activities/1816605942
9/2/2018|182.79|04:20:42|903|0|271|0|423|97%|0|0|42.1|97.9|88|130|0|0|0|1321||26|04:40:05|SRM PC8|https://www.strava.com/activities/1814561804
10/7/2018|112.9|04:20:59|2089|0|0|0|0||255|3985|26|83.5|0|0|158|182|0|0|3,194|17|04:25:57|Garmin fēnix 3|https://www.strava.com/activities/1889894010
11/25/2018|69.26|02:42:30|780|0|0|0|0||210|0|25.6|59.4|0|0|0|0|0|0|1,892|9|02:50:13|Garmin fēnix 3|https://www.strava.com/activities/1983782763
11/4/2018|58.03|02:15:27|146|0|0|0|0||185|0|25.7|43.2|0|0|0|0|0|0|1,691|11|02:33:49|Garmin fēnix 3|https://www.strava.com/activities/1944846793
12/31/2018|45.83|01:33:35|51|0|212|0|97|76%|0|0|29.4|50.8|89|118|0|0|0|1529|1,068|6|01:43:27|Garmin Edge 820|https://www.strava.com/activities/2046779993
12/28/2018|41.77|01:29:57|54|0|187|0|71|67%|0|0|27.9|48.2|89|120|0|0|0|1397|952|1|01:35:32|Garmin Edge 820|https://www.strava.com/activities/2040314259
12/27/2018|81.19|02:33:23|148|0|237|0|191|85%|0|0|31.8|45.7|103|125|0|0|0|818|2,068|0|02:39:26|Garmin Edge 820|https://www.strava.com/activities/2038018377
12/26/2018|98.85|03:13:33|204|0|224|0|210|80%|0|0|30.6|46.8|99|120|0|0|0|754|2,577|0|03:16:36|Garmin Edge 820|https://www.strava.com/activities/2036206707
12/25/2018|30.3|01:02:03|55|0|194|0|52|70%|0|0|29.3|41.8|98|117|0|0|0|629|717|3|01:04:14|Garmin Edge 820|https://www.strava.com/activities/2036205592
12/24/2018|64.54|02:03:27|112|0|217|0|128|78%|0|0|31.4|45.7|97|120|0|0|0|829|1,608|4|02:09:37|Garmin Edge 820|https://www.strava.com/activities/2033358209
12/22/2018|64.54|02:09:09|128|0|210|0|124|75%|0|0|30|48.2|99|120|0|0|0|844|1,615|7|02:12:35|Garmin Edge 820|https://www.strava.com/activities/2029717106
12/18/2018|130.36|04:33:36|2069|0|244|0|362|87%|0|0|28.6|62.3|78|125|0|0|0|1417|3,330|9|05:06:14|Garmin Edge 820|https://www.strava.com/activities/2023300942
12/17/2018|58.41|02:20:18|814|0|184|0|115|66%|0|0|25|62.3|84|125|0|0|0|1270|1,243|10|02:49:01|Garmin Edge 820|https://www.strava.com/activities/2021815999
12/16/2018|58.22|01:52:24|578|0|221|0|120|79%|0|0|31.1|54.4|91|116|0|0|0|1063|1,333|7|02:00:05|Garmin Edge 810|https://www.strava.com/activities/2019592213
12/12/2018|28.71|00:58:28|41|0|198|0|51|71%|0|0|29.5|47.9|93|119|0|0|0|1472|677|3|01:02:01|Garmin Edge 810|https://www.strava.com/activities/2013550173
12/11/2018|96.36|03:03:03|154|0|227|0|212|81%|0|0|31.6|54.4|98|126|0|0|0|866|2,449|5|03:50:26|Garmin Edge 810|https://www.strava.com/activities/2011571949
12/8/2018|0.62|00:18:25|4|0|239|0|77|86%|0|0|2|15.1|97|120|0|0|0|398|797|13|01:09:57|Garmin Edge 810|https://www.strava.com/activities/2006535414
12/8/2018|66.72|02:19:48|400|0|212|0|138|76%|0|0|28.6|52.2|93|118|0|0|0|1017|1,758|7|02:26:21|Garmin Edge 810|https://www.strava.com/activities/2006147946
12/7/2018|67.78|02:01:35|1057|0|238|0|150|85%|0|0|33.5|70.9|98|131|0|0|0|1154|1,482||02:04:17|Zwift|https://www.strava.com/activities/2004929624
12/2/2018|74.6|03:02:32|187|0|0|0|0||171|0|24.5|55.4|0|0|0|0|0|0|1,930|15|03:16:22|Garmin fēnix 3|https://www.strava.com/activities/1995849996
12/30/2018|100.66|03:34:23|240|0|0|0|0||208|0|28.2|49.3|0|0|0|0|0|0|2,298|12|03:55:20|Garmin fēnix 3|https://www.strava.com/activities/2044055083
12/29/2018|154.01|04:32:48|297|0|233|0|332|84%|0|0|33.9|61.6|96|143|0|0|0|1029|3,391|3|04:55:40|Garmin Edge 820|https://www.strava.com/activities/2042019334
12/23/2018|85.56|03:19:21|169|0|0|0|0||180|0|25.8|55.4|0|0|0|0|0|0|2,427|12|03:52:13|Garmin fēnix 3|https://www.strava.com/activities/2031427460
12/9/2018|102.24|04:01:16|353|0|0|0|0||185|0|25.4|42.8|0|0|0|0|0|0|2,916|13|05:03:47|Garmin fēnix 3|https://www.strava.com/activities/2008448448
1/31/2019|100.96|03:02:21|211|0|263|0|281|94%|0|0|33.2|47.9|95|123|0|0|0|819|2,735|-1|03:12:43|Garmin Edge 820|https://www.strava.com/activities/2115178696
1/29/2019|36.59|01:14:31|59|0|210|0|70|75%|0|0|29.5|37.8|89|117|0|0|0|657|912|1|01:15:25|Garmin Edge 820|https://www.strava.com/activities/2111813833
1/28/2019|9.54|00:21:26|76|0|180|0|16|65%|0|0|26.7|50.4|88|120|0|0|0|628|213|17|00:22:54|Garmin Edge 820|https://www.strava.com/activities/2111813394
1/27/2019|182.98|06:01:19|2963|0|270|0|586|97%|0|0|30.4|71.6|84|128|0|0|0|1274|5,111|15|07:01:10|Garmin Edge 820|https://www.strava.com/activities/2107216218
1/26/2019|151.15|05:04:02|2556|0|269|0|488|96%|0|0|29.8|68.4|87|128|0|0|0|703|4,305|15|06:06:21|Garmin Edge 820|https://www.strava.com/activities/2104583656
1/25/2019|27.39|00:56:40|294|0|216|0|63|77%|0|0|29|51.5|94|127|0|0|0|739|684|16|02:13:32|Garmin Edge 820|https://www.strava.com/activities/2102882790
1/24/2019|105.79|03:11:29|805|0|232|0|232|83%|0|0|33.1|62.6|87|131|0|0|0|1596|2,337|11|03:24:58|Garmin Edge 820|https://www.strava.com/activities/2099933072
1/23/2019|146.24|04:57:48|2525|0|253|0|426|91%|0|0|29.5|76.3|84|130|0|0|0|1148|3,860|12|06:06:34|Garmin Edge 820|https://www.strava.com/activities/2098175523
1/21/2019|58.53|02:07:01|833|0|216|0|130|77%|0|0|27.7|68|86|186|0|0|0|1398|1,300|10|02:18:53|Garmin Edge 820|https://www.strava.com/activities/2094225828
1/20/2019|38.57|01:24:33|398|0|207|0|79|74%|0|0|27.4|67|85|118|0|0|0|931|889|12|02:48:50|Garmin Edge 820|https://www.strava.com/activities/2093934935
1/19/2019|69.9|02:28:18|729|0|191|0|123|68%|0|0|28.3|59.8|87|118|0|0|0|845|1,496|12|02:46:27|Garmin Edge 820|https://www.strava.com/activities/2091499156
1/16/2019|82.14|02:52:30|1392|0|238|0|220|85%|0|0|28.6|64.8|86|132|0|0|0|854|2,074|13|03:09:30|Garmin Edge 820|https://www.strava.com/activities/2082464626
1/14/2019|0.36|00:15:03|0|0|202|0|56|72%|0|0|1.4|5.8|95|111|0|0|0|371|740|11|01:09:40|Garmin Edge 820|https://www.strava.com/activities/2082131670
1/13/2019|33.4|01:08:33|53|0|200|0|64|72%|0|0|29.2|41|97|118|0|0|0|763|810|6|01:16:03|Garmin Edge 820|https://www.strava.com/activities/2075105280
1/11/2019|80.55|03:14:14|1682|0|247|0|273|89%|0|0|24.9|61.6|83|131|0|0|0|890|2,337|7|03:39:45|Garmin Edge 820|https://www.strava.com/activities/2070797046
1/9/2019|176.65|06:05:50|3041|0|241|0|469|86%|0|0|29|62.3|87|129|0|0|0|930|4,706|11|07:05:01|Garmin Edge 820|https://www.strava.com/activities/2066725345
1/8/2019|141.06|04:56:37|2487|0|249|0|406|89%|0|0|28.5|60.5|82|185|0|0|0|918|3,749|9|05:57:02|Garmin Edge 820|https://www.strava.com/activities/2064248784
1/7/2019|25.33|00:55:04|317|0|207|0|55|74%|0|0|27.6|61.6|88|127|0|0|0|1340|593|14|01:49:17|Garmin Edge 820|https://www.strava.com/activities/2061830335
1/6/2019|148.1|05:01:11|2413|0|242|0|393|87%|0|0|29.5|63.4|83|129|0|0|0|1257|3,953|12|05:52:11|Garmin Edge 820|https://www.strava.com/activities/2059882688
1/5/2019|155.64|05:32:49|2512|0|246|0|442|88%|0|0|28.1|62.3|87|185|0|0|0|1228|4,410|10|06:32:33|Garmin Edge 820|https://www.strava.com/activities/2057364478
1/3/2019|84.16|03:01:34|1446|0|229|0|218|82%|0|0|27.8|68.4|94|131|0|0|0|880|2,347|10|03:39:44|Garmin Edge 820|https://www.strava.com/activities/2052519686
1/1/2019|34.14|01:00:12|180|0|199|0|51|71%|0|0|34|65.5|97|152|0|0|0|573|641||01:00:35|Zwift|https://www.strava.com/activities/2057691139
1/10/2019|128.07|04:38:50|2414|0|248|0|387|89%|0|0|27.6|66.2|84|134|0|0|0|1037|3,532|6|05:53:23|Garmin Edge 820|https://www.strava.com/activities/2068907194
1/4/2019|142.21|04:34:20|1746|0|237|0|348|85%|0|0|31.1|67|83|127|0|0|0|1189|3,407|10|05:25:30|Garmin Edge 820|https://www.strava.com/activities/2054870857
1/31/2019|100.96|03:02:21|211|0|263|0|281|94%|0|0|33.2|47.9|95|123|0|0|0|819|2,735|-1|03:12:43|Garmin Edge 820|https://www.strava.com/activities/2115178696
1/29/2019|36.59|01:14:31|59|0|210|0|70|75%|0|0|29.5|37.8|89|117|0|0|0|657|912|1|01:15:25|Garmin Edge 820|https://www.strava.com/activities/2111813833
1/28/2019|9.54|00:21:26|76|0|180|0|16|65%|0|0|26.7|50.4|88|120|0|0|0|628|213|17|00:22:54|Garmin Edge 820|https://www.strava.com/activities/2111813394
1/27/2019|182.98|06:01:19|2963|0|270|0|586|97%|0|0|30.4|71.6|84|128|0|0|0|1274|5,111|15|07:01:10|Garmin Edge 820|https://www.strava.com/activities/2107216218
1/26/2019|151.15|05:04:02|2556|0|269|0|488|96%|0|0|29.8|68.4|87|128|0|0|0|703|4,305|15|06:06:21|Garmin Edge 820|https://www.strava.com/activities/2104583656
1/25/2019|27.39|00:56:40|294|0|216|0|63|77%|0|0|29|51.5|94|127|0|0|0|739|684|16|02:13:32|Garmin Edge 820|https://www.strava.com/activities/2102882790
1/24/2019|105.79|03:11:29|805|0|232|0|232|83%|0|0|33.1|62.6|87|131|0|0|0|1596|2,337|11|03:24:58|Garmin Edge 820|https://www.strava.com/activities/2099933072
1/23/2019|146.24|04:57:48|2525|0|253|0|426|91%|0|0|29.5|76.3|84|130|0|0|0|1148|3,860|12|06:06:34|Garmin Edge 820|https://www.strava.com/activities/2098175523
1/21/2019|58.53|02:07:01|833|0|216|0|130|77%|0|0|27.7|68|86|186|0|0|0|1398|1,300|10|02:18:53|Garmin Edge 820|https://www.strava.com/activities/2094225828
1/20/2019|38.57|01:24:33|398|0|207|0|79|74%|0|0|27.4|67|85|118|0|0|0|931|889|12|02:48:50|Garmin Edge 820|https://www.strava.com/activities/2093934935
1/19/2019|69.9|02:28:18|729|0|191|0|123|68%|0|0|28.3|59.8|87|118|0|0|0|845|1,496|12|02:46:27|Garmin Edge 820|https://www.strava.com/activities/2091499156
1/16/2019|82.14|02:52:30|1392|0|238|0|220|85%|0|0|28.6|64.8|86|132|0|0|0|854|2,074|13|03:09:30|Garmin Edge 820|https://www.strava.com/activities/2082464626
1/14/2019|0.36|00:15:03|0|0|202|0|56|72%|0|0|1.4|5.8|95|111|0|0|0|371|740|11|01:09:40|Garmin Edge 820|https://www.strava.com/activities/2082131670
1/13/2019|33.4|01:08:33|53|0|200|0|64|72%|0|0|29.2|41|97|118|0|0|0|763|810|6|01:16:03|Garmin Edge 820|https://www.strava.com/activities/2075105280
1/11/2019|80.55|03:14:14|1682|0|247|0|273|89%|0|0|24.9|61.6|83|131|0|0|0|890|2,337|7|03:39:45|Garmin Edge 820|https://www.strava.com/activities/2070797046
1/9/2019|176.65|06:05:50|3041|0|241|0|469|86%|0|0|29|62.3|87|129|0|0|0|930|4,706|11|07:05:01|Garmin Edge 820|https://www.strava.com/activities/2066725345
1/8/2019|141.06|04:56:37|2487|0|249|0|406|89%|0|0|28.5|60.5|82|185|0|0|0|918|3,749|9|05:57:02|Garmin Edge 820|https://www.strava.com/activities/2064248784
1/7/2019|25.33|00:55:04|317|0|207|0|55|74%|0|0|27.6|61.6|88|127|0|0|0|1340|593|14|01:49:17|Garmin Edge 820|https://www.strava.com/activities/2061830335
1/6/2019|148.1|05:01:11|2413|0|242|0|393|87%|0|0|29.5|63.4|83|129|0|0|0|1257|3,953|12|05:52:11|Garmin Edge 820|https://www.strava.com/activities/2059882688
1/5/2019|155.64|05:32:49|2512|0|246|0|442|88%|0|0|28.1|62.3|87|185|0|0|0|1228|4,410|10|06:32:33|Garmin Edge 820|https://www.strava.com/activities/2057364478
1/3/2019|84.16|03:01:34|1446|0|229|0|218|82%|0|0|27.8|68.4|94|131|0|0|0|880|2,347|10|03:39:44|Garmin Edge 820|https://www.strava.com/activities/2052519686
1/1/2019|34.14|01:00:12|180|0|199|0|51|71%|0|0|34|65.5|97|152|0|0|0|573|641||01:00:35|Zwift|https://www.strava.com/activities/2057691139
1/10/2019|128.07|04:38:50|2414|0|248|0|387|89%|0|0|27.6|66.2|84|134|0|0|0|1037|3,532|6|05:53:23|Garmin Edge 820|https://www.strava.com/activities/2068907194
1/4/2019|142.21|04:34:20|1746|0|237|0|348|85%|0|0|31.1|67|83|127|0|0|0|1189|3,407|10|05:25:30|Garmin Edge 820|https://www.strava.com/activities/2054870857
3/30/2019|26.75|01:00:28|52|0|0|0|0||0|0|26.5|44.6|89|109|0|0|0|0|500|15|01:16:10|Garmin Edge 1030|https://www.strava.com/activities/2254959514
3/29/2019|1.84|00:07:02|2|0|0|0|0||0|0|15.7|27.4|58|99|0|0|0|0|28|16|00:48:02|Garmin Edge 1030|https://www.strava.com/activities/2249549402
3/28/2019|54.5|01:48:28|112|0|0|0|0||0|0|30.2|43.9|92|115|0|0|0|0|1,146|8|02:46:54|Garmin Edge 1030|https://www.strava.com/activities/2249549531
3/26/2019|39.73|01:14:57|71|0|0|0|0||0|0|31.8|43.2|91|115|137|166|0|0|1,026|6|01:18:12|Garmin Edge 1030|https://www.strava.com/activities/2241553608
3/25/2019|79.36|02:40:40|283|0|0|0|0||0|0|29.6|55.4|86|112|112|161|0|0|1,818|7|02:42:42|Garmin Edge 1030|https://www.strava.com/activities/2240333485
3/24/2019|190.81|05:04:43|425|0|0|0|0||0|0|37.6|66.6|90|125|137|182|0|0|4,009|6|06:25:06|Garmin Edge 1030|https://www.strava.com/activities/2237085651
3/23/2019|47.11|01:37:58|67|0|0|0|0||0|0|28.9|40|89|127|115|134|0|0|1,051|6|01:39:03|Garmin Edge 1030|https://www.strava.com/activities/2233375182
3/22/2019|153.07|04:47:36|390|0|0|0|0||0|0|31.9|58.3|88|139|134|171|0|0|3,824|8|05:17:51|Garmin Edge 1030|https://www.strava.com/activities/2231607636
3/21/2019|0.01|00:00:00|0|0|0|0|0||0|0|6.2|10.1|20|29|98|100|0|0||10|00:00:09|Garmin Edge 1030|https://www.strava.com/activities/2229180098
3/21/2019|135.53|03:33:08|307|0|0|0|0||0|0|38.2|69.1|94|132|150|182|0|0|3,240|6|03:42:51|Garmin Edge 1030|https://www.strava.com/activities/2229171924
3/19/2019|146.9|04:32:39|345|0|231|0|323|83%|0|0|32.3|55.8|90|135|0|0|0|1584|3,622|7|04:59:06|Garmin Edge 1030|https://www.strava.com/activities/2224423441
3/18/2019|101.95|03:12:21|248|0|267|0|308|96%|0|0|31.8|50.8|88|115|0|0|0|724|2,893|6|03:26:25|Garmin Edge 1030|https://www.strava.com/activities/2221992696
3/16/2019|46.02|01:30:02|168|0|225|0|99|81%|0|0|30.7|64.1|91|119|0|0|0|781|1,189|7|01:31:34|Garmin Edge 1030|https://www.strava.com/activities/2217200993
3/14/2019|0|00:00:00|0|0|214|0|62|77%|0|0|0|0|0|111|0|0|0|355|774|0|01:05:29|Garmin Edge 1030|https://www.strava.com/activities/2212435231
3/13/2019|30.06|01:04:32|80|0|191|0|53|68%|0|0|28|45.4|87|113|0|0|0|792|714|3|01:19:40|Garmin Edge 1030|https://www.strava.com/activities/2210282329
3/11/2019|131.29|04:13:01|513|0|261|0|387|94%|0|0|31.1|59.4|88|116|0|0|0|863|3,803|4|04:48:33|Garmin Edge 1030|https://www.strava.com/activities/2206233282
3/9/2019|133.1|04:01:16|593|0|251|0|335|90%|0|0|33.1|73.1|89|120|0|0|0|1134|3,500|8|04:14:16|Garmin Edge 1030|https://www.strava.com/activities/2201660979
3/8/2019|98.63|03:04:20|225|0|246|0|243|88%|0|0|32.1|53.3|92|118|0|0|0|854|2,643|7|03:08:07|Garmin Edge 1030|https://www.strava.com/activities/2199291260
3/6/2019|67.19|02:04:18|196|0|224|0|133|80%|0|0|32.4|63.7|91|114|0|0|0|1275|1,627|6|02:04:50|Garmin Edge 1030|https://www.strava.com/activities/2194567921
3/5/2019|67.48|02:12:53|181|0|216|0|143|77%|0|0|30.5|46.1|91|118|0|0|0|777|1,712|5|02:35:01|Garmin Edge 1030|https://www.strava.com/activities/2192522457
3/4/2019|33.88|01:04:55|101|0|221|0|68|79%|0|0|31.3|47.5|93|119|0|0|0|937|838|6|01:06:07|Garmin Edge 1030|https://www.strava.com/activities/2190636484
3/2/2019|54.28|01:53:39|107|0|181|0|84|65%|0|0|28.7|38.2|88|115|0|0|0|1111|1,201|6|02:13:14|Garmin Edge 1030|https://www.strava.com/activities/2185410117
3/1/2019|35.95|01:12:18|66|0|205|0|66|73%|0|0|29.8|37.1|89|117|0|0|0|1053|881|5|01:14:12|Garmin Edge 1030|https://www.strava.com/activities/2183576033
3/31/2019|168.24|04:24:29|737|0|282|0|462|101%|0|0|38.2|72|90|150|0|0|0|1296|4,071|10|04:31:49|Garmin Edge 1030|https://www.strava.com/activities/2254962155
3/29/2019|177.75|04:33:52|1487|0|0|0|0||0|0|38.9|100.1|91|150|0|0|0|0|3,856|16|04:44:26|Garmin Edge 1030|https://www.strava.com/activities/2249551414
3/29/2019|177.75|04:33:52|1487|0|0|0|0||0|0|38.9|100.1|91|150|0|0|0|0|3,856|16|04:44:26|Garmin Edge 1030|https://www.strava.com/activities/2244616263
4/25/2019|161.01|05:13:10|2383|0|276|4620|534|99%|0|0|30.8|93.6|89|127|141|182|246|1026|4,608|14|05:49:04|Garmin Edge 1030|https://www.strava.com/activities/2317981938
4/11/2019|29.02|01:06:05|443|0|202|0|65|72%|0|0|26.4|61.2|89|118|0|0|0|662|742|17|01:30:02|Garmin Edge 1030|https://www.strava.com/activities/2282139819
4/6/2019|36.3|01:11:23|64|0|193|0|61|69%|0|0|30.5|38.2|91|116|0|0|0|580|827|6|01:19:38|Garmin Edge 1030|https://www.strava.com/activities/2277286832
4/4/2019|106.58|03:12:07|207|0|288|0|344|103%|0|0|33.3|50.4|89|119|0|0|0|830|2,913|5|03:14:31|Garmin Edge 1030|https://www.strava.com/activities/2264195064
4/3/2019|137.34|03:59:55|387|0|259|0|360|93%|0|0|34.3|63.7|89|116|0|0|0|868|3,598|5|04:31:03|Garmin Edge 1030|https://www.strava.com/activities/2261993780
4/2/2019|72.12|02:18:27|184|0|205|0|128|73%|0|0|31.3|49.3|88|141|0|0|0|1321|1,626|10|03:01:09|Garmin Edge 1030|https://www.strava.com/activities/2261549869
4/17/2019|215.86|07:14:07|3628|0|266|6361|687|95%|0|0|29.8|70.6|84|124|138|168|244|1036|6,360|13|08:29:12|Garmin Edge 1030|https://www.strava.com/activities/2296845984
4/10/2019|179.39|05:31:13|334|0|225|0|374|81%|0|0|32.5|47.2|90|117|0|0|0|1470|4,335|6|05:53:45|Garmin Edge 1030|https://www.strava.com/activities/2279308294
4/9/2019|139.56|04:05:10|403|0|246|0|324|88%|0|0|34.2|47.9|90|119|0|0|0|1418|3,238|8|04:17:47|Garmin Edge 1030|https://www.strava.com/activities/2277288663
6/22/2019|189.05|05:45:37|4071|0|290|5021|627|104%|0|0|32.8|88.2|79|130|0|0|242|1152|5,067|21|05:48:30|Garmin Edge 1030|https://www.strava.com/activities/2471225215
6/7/2019|73.37|02:19:37|1736|0|261|425|147|94%|0|0|31.5|79.9|78|143|0|0|51|1448|2,795|20|02:38:07|Garmin Edge 820|https://www.strava.com/activities/2430968537
6/1/2019|164.66|03:53:57|1903|0|291|3319|425|104%|0|0|42.2|90.7|84|137|0|0|236|1234|3,351|16|03:55:31|Garmin Edge 820|https://www.strava.com/activities/2414900752
8/29/2019|210.1|06:15:39|295|0|227|4969|432|81%|0|0|33.6|59.4|93|145|125|163|220|1568|4,969|20|06:56:38|Garmin Edge 830|https://www.strava.com/activities/2661833663
10/19/2019|161.05|04:13:45|1541|0|237|2561|325|85%|0|0|38.1|88.2|82|135|0|0|168|1270|2,653|31|05:24:58|Garmin Edge 830|https://www.strava.com/activities/2799625033
12/28/2019|58.09|02:10:57|230|0|0|0|0||196|1544|26.6|51.1|0|0|141|185|0|0|1,392|2|02:51:19|Garmin Edge 830|https://www.strava.com/activities/2962086955
12/25/2019|59.58|02:35:01|264|0|0|0|0||167|1552|23.1|49.7|0|0|138|182|0|0|1,526|5|03:18:17|Garmin Edge 830|https://www.strava.com/activities/2955332466
12/7/2019|72.19|03:04:21|402|0|0|0|0||171|1891|23.5|43.9|0|0|145|186|0|0|1,848|7|03:21:21|Garmin Edge 830|https://www.strava.com/activities/2916869934
1/24/2020|219.81|07:09:03|2564|0|265|5685|700|95%|0|0|30.7|70.6|86|145|129|184|221|1532|5,705|11|08:49:49|Garmin Edge 830|https://www.strava.com/activities/3039431046
1/19/2020|122|04:00:39|2224|0|277|3390|410|99%|0|0|30.4|90.7|84|128|138|176|235|1230|3,405|10|04:12:12|Garmin Edge 830|https://www.strava.com/activities/3024572110
1/5/2020|82.13|03:12:19|248|0|0|0|0||190|2189|25.6|69.1|0|0|145|170|0|0|2,188|15|03:35:57|Garmin fēnix 3|https://www.strava.com/activities/2983647129
1/24/2020|219.81|07:09:03|2564|0|265|5685|700|95%|0|0|30.7|70.6|86|145|129|184|221|1532|5,705|11|08:49:49|Garmin Edge 830|https://www.strava.com/activities/3039431046
1/19/2020|122|04:00:39|2224|0|277|3390|410|99%|0|0|30.4|90.7|84|128|138|176|235|1230|3,405|10|04:12:12|Garmin Edge 830|https://www.strava.com/activities/3024572110
1/5/2020|82.13|03:12:19|248|0|0|0|0||190|2189|25.6|69.1|0|0|145|170|0|0|2,188|15|03:35:57|Garmin fēnix 3|https://www.strava.com/activities/2983647129
4/29/2020|164.04|04:07:04|424|0|286|3967|453|103%|0|0|39.8|72|94|131|148|179|268|1416|3,966|15|04:31:48|Garmin Edge 830|https://www.strava.com/activities/3371001368
4/28/2020|35.67|01:02:56|358|0|278|836|117|100%|0|0|34|61.6|92|137|0|0|221|829|799||01:15:09|Zwift|https://www.strava.com/activities/3366127236
4/27/2020|48.67|02:01:50|341|0|0|0|0||183|1341|24|38.2|0|0|134|173|0|0|1,276|18|02:28:14|Garmin Edge 830|https://www.strava.com/activities/3360394040
4/25/2020|79.74|02:40:04|101|0|210|1988|158|75%|0|0|29.9|44.3|87|110|113|133|207|823|1,981|10|02:56:09|Garmin Edge 830|https://www.strava.com/activities/3349519114
4/23/2020|60.53|01:51:14|118|0|229|1513|126|82%|0|0|32.7|51.5|92|116|124|138|227|705|1,510|18|01:52:28|Garmin Edge 830|https://www.strava.com/activities/3339858607
4/22/2020|36.48|01:03:44|69|0|305|1084|126|109%|0|0|34.3|53.6|93|121|146|181|283|863|1,084|16|01:03:44|Garmin Edge 830|https://www.strava.com/activities/3334812685
4/20/2020|101.41|03:21:31|279|0|213|2486|202|76%|0|0|30.2|47.2|90|115|118|146|206|782|2,488|14|03:45:08|Garmin Edge 830|https://www.strava.com/activities/3325387076
4/17/2020|40.3|01:34:52|169|0|0|0|0||189|1076|25.5|45.7|0|0|133|180|0|0|1,036|19|02:22:46|Garmin Edge 830|https://www.strava.com/activities/3312014145
4/16/2020|141.11|04:20:12|289|0|242|3709|341|87%|0|0|32.5|47.2|94|119|137|162|238|1363|3,713|15|05:32:17|Garmin Edge 830|https://www.strava.com/activities/3306747385
4/13/2020|39.69|01:00:14|493|0|260|879|87|93%|0|0|39.5|66.6|94|123|0|0|243|746|839||01:00:14|Zwift|https://www.strava.com/activities/3294130339
4/12/2020|166.16|05:01:06|366|0|221|3918|322|79%|0|0|33.1|47.2|90|114|125|157|217|751|3,924|18|05:21:57|Garmin Edge 830|https://www.strava.com/activities/3288735877
4/11/2020|139.57|05:46:59|1136|0|0|0|0||187|3893|24.1|50|0|0|139|182|0|0|3,694|19|07:41:40|Garmin Edge 830|https://www.strava.com/activities/3285090478
4/9/2020|108.16|03:14:33|231|0|266|2950|302|95%|0|0|33.4|49|87|121|133|156|253|661|2,946|15|03:21:46|Garmin Edge 830|https://www.strava.com/activities/3274636953
4/8/2020|112.42|02:56:08|196|0|253|2576|250|91%|0|0|38.3|58.7|96|127|142|170|244|1535|2,581|17|03:08:48|Garmin Edge 830|https://www.strava.com/activities/3270231663
4/7/2020|61.23|02:00:45|144|0|220|1498|125|79%|0|0|30.4|55.1|89|149|135|175|207|1635|1,482|21|02:01:13|Garmin Edge 830|https://www.strava.com/activities/3267055501
4/4/2020|21.97|00:51:16|96|0|0|0|0||179|550|25.7|39.6|0|0|137|153|0|0|639|13|00:55:58|Garmin Edge 830|https://www.strava.com/activities/3252698480
4/4/2020|27.51|01:06:51|144|0|0|0|0||115|461|24.7|40.3|0|0|145|192|0|0|1,004|9|01:10:22|Garmin Edge 830|https://www.strava.com/activities/3252482161
4/24/2020|185.9|05:49:50|430|0|235|4896|451|84%|0|0|31.9|59.4|89|124|131|154|233|961|4,894|17|07:13:39|Garmin Edge 830|https://www.strava.com/activities/3345679288
4/21/2020|62.74|02:07:13|134|0|204|1512|119|73%|0|0|29.6|47.5|95|119|117|135|198|809|1,510|20|02:26:01|Garmin Edge 830|https://www.strava.com/activities/3330749315
4/19/2020|86.33|03:27:32|341|0|0|0|0||177|2209|25|46.4|0|0|138|168|0|0|2,296|12|03:55:04|Garmin Edge 830|https://www.strava.com/activities/3320473725
5/4/2020|65.27|02:09:14|135|0|204|1556|120|73%|0|0|30.3|44.6|91|117|116|141|201|772|1,560|13|02:22:23|Garmin Edge 830|https://www.strava.com/activities/3395645872
5/3/2020|75.44|03:02:31|370|0|0|0|0||175|1912|24.8|45|0|0|135|174|0|0|1,823|13|04:19:02|Garmin Edge 830|https://www.strava.com/activities/3390341250
5/1/2020|61.98|02:02:31|186|0|221|1544|131|79%|0|0|30.4|57.2|91|143|129|168|210|1621|1,526|15|02:05:40|Garmin Edge 830|https://www.strava.com/activities/3380242200
5/26/2020|221.15|06:29:40|467|0|231|5340|478|83%|0|0|34.1|49|94|134|127|153|228|861|5,351|20|07:56:44|Garmin Edge 830|https://www.strava.com/activities/3514365743
5/23/2020|181.23|05:00:45|419|0|254|4259|434|91%|0|0|36.2|67.7|94|140|134|172|236|1073|4,270|16|05:38:49|Garmin Edge 830|https://www.strava.com/activities/3497894639
6/29/2020|126.88|04:19:49|2448|0|296|3703|500|106%|0|0|29.3|80.6|82|115|139|192|238|859|3,700|18|04:35:34|Garmin Edge 830|https://www.strava.com/activities/3687972343
6/27/2020|161.65|05:12:22|1837|0|258|4275|467|92%|0|0|31.1|82.8|86|119|132|191|228|1097|4,278|25|06:27:08|Garmin Edge 830|https://www.strava.com/activities/3678571421
6/26/2020|129.54|04:14:24|1770|0|262|3466|392|94%|0|0|30.6|76|89|128|140|181|227|892|3,468|29|04:46:22|Garmin Edge 830|https://www.strava.com/activities/3673463102
6/28/2020|42.17|01:31:41|585|0|233|1033|109|84%|0|0|27.6|59.4|82|116|0|0|188|913|1,032|18|01:33:59|Garmin Edge 830|https://www.strava.com/activities/3683674105
7/20/2020|191.59|07:05:58|4858|0|280|6266|750|100%|0|0|27|79.9|77|133|0|0|245|1366|6,267|28|08:42:10|Garmin Edge 830|https://www.strava.com/activities/3791009454
7/17/2020|141.76|05:21:33|3717|0|276|4601|563|99%|0|0|26.5|81.7|81|123|142|180|238|1291|4,676|22|07:04:45|Garmin Edge 830|https://www.strava.com/activities/3775735169
9/26/2020|75.47|03:00:55|489|0|0|0|0||181|1966|25|39.6|0|0|156|182|0|0|2,628|13|03:20:47|Garmin Edge 830|https://www.strava.com/activities/4114009562
9/21/2020|137.28|04:30:33|1577|0|253|3522|381|91%|0|0|30.4|69.5|88|127|133|172|217|967|3,516|22|05:43:16|Garmin Edge 830|https://www.strava.com/activities/4092147986
10/16/2020|29.58|01:05:09|99|0|0|0|0||199|778|27.2|40.7|0|0|143|173|0|0|879|16|01:20:24|Garmin fēnix 3|https://www.strava.com/activities/4201922888
10/16/2020|51.72|02:04:39|232|0|0|0|0||189|1411|24.9|41.4|0|0|138|178|0|0|1,418|14|02:34:30|Garmin fēnix 3|https://www.strava.com/activities/4201921701
11/13/2020|42.89|01:47:39|178|0|0|0|0||170|1101|23.9|37.8|0|0|0|0|0|0|1,261|17|01:57:40|Garmin fēnix 3|https://www.strava.com/activities/4332106822
11/13/2020|42.89|01:47:39|178|0|0|0|0||170|1101|23.9|37.8|0|0|0|0|0|0|1,261|17|01:57:40|Garmin fēnix 3|https://www.strava.com/activities/4332106822
loaded urls in 19:55:22.9235257
