date|distance|mov_time|elevation|relativeEffort|avg_power_weig|work_total|training_load|intensity|estAvgPower|energyOutput|avg_speed|max_speed|avg_cadence|max_cadence|avg_heartRate|max_heartRate|avg_power|max_power|avg_calories|avg_temperature|avg_elap_time|bicycle_model|url
02.03.2021|129.54|04:31:51|3542|0|0|0|0||0|0|28.6|76|87|153|0|0|0|0||17|05:18:05|Garmin Edge 830|https://www.strava.com/activities/4877475616
01.03.2021|57.87|01:55:12|1283|0|0|0|0||0|0|30.1|79.2|89|184|0|0|0|0||10|02:38:25|Garmin Edge 830|https://www.strava.com/activities/4871101493
26.02.2018|109.11|03:48:52|2131|0|0|0|0||0|0|28.6|85.7|89|129|0|0|0|0||-2|04:06:54|Pioneer|https://www.strava.com/activities/1426904570
25.02.2018|155.66|05:23:37|1269|0|0|0|0||0|0|28.9|67|94|128|0|0|0|0||4|05:34:45|Pioneer|https://www.strava.com/activities/1425433410
23.02.2018|113.56|03:59:59|1846|0|0|0|0||0|0|28.4|69.1|92|125|0|0|0|0||7|04:16:01|Pioneer|https://www.strava.com/activities/1421891918
18.02.2018|13.88|00:17:47|138|0|0|0|0||0|0|46.9|85.7|90|127|0|0|0|0||15|00:17:47|Pioneer|https://www.strava.com/activities/1413984661
17.02.2018|190.58|04:36:21|2941|0|0|0|0||0|0|41.4|100.8|90|128|0|0|0|0||13|04:36:52|Pioneer|https://www.strava.com/activities/1412145858
16.02.2018|162.68|03:47:23|2021|0|0|0|0||0|0|42.9|89.3|90|133|0|0|0|0||18|03:48:32|Pioneer|https://www.strava.com/activities/1410287816
15.02.2018|139.83|03:37:48|2582|0|0|0|0||0|0|38.5|90.7|90|131|0|0|0|0||14|03:38:57|Pioneer|https://www.strava.com/activities/1408787347
14.02.2018|196.4|05:20:01|3125|0|0|0|0||0|0|36.8|87.1|87|128|0|0|0|0||15|05:21:52|Pioneer|https://www.strava.com/activities/1407349069
13.02.2018|72.48|02:31:03|1380|0|0|0|0||0|0|28.8|72|88|159|0|0|0|0||12|02:55:59|Pioneer|https://www.strava.com/activities/1405456454
12.02.2018|46.6|01:46:02|839|0|0|0|0||0|0|26.4|76.3|86|129|0|0|0|0||14|02:17:36|Pioneer|https://www.strava.com/activities/1404193786
11.02.2018|189.97|04:35:45|1693|0|0|0|0||0|0|41.3|82.1|91|160|0|0|0|0||15|04:36:16|Pioneer|https://www.strava.com/activities/1402832921
04.02.2018|113.37|03:59:25|1452|0|0|0|0||0|0|28.4|74.9|88|133|0|0|0|0||6|04:22:42|Pioneer|https://www.strava.com/activities/1391107202
01.02.2018|48.55|01:40:23|694|0|0|0|0||0|0|29|67|88|119|0|0|0|0||7|02:03:32|Pioneer|https://www.strava.com/activities/1386285514
31.03.2018|135|04:33:57|1951|0|0|0|0||0|0|29.6|69.8|96|141|0|0|0|0||8|04:44:54|Pioneer|https://www.strava.com/activities/1481546540
27.03.2018|52.46|01:54:02|684|0|0|0|0||0|0|27.6|71.3|88|157|0|0|0|0||14|02:06:36|Pioneer|https://www.strava.com/activities/1474611544
25.03.2018|152.38|03:32:10|1879|0|0|0|0||0|0|43.1|84.6|88|127|0|0|0|0||8|03:32:10|Pioneer|https://www.strava.com/activities/1471043548
24.03.2018|115.66|02:34:56|574|0|0|0|0||0|0|44.8|95.8|90|131|0|0|0|0||1|02:34:56|Pioneer|https://www.strava.com/activities/1469341034
23.03.2018|208.62|05:20:49|3153|0|0|0|0||0|0|39|97.9|87|143|0|0|0|0||11|05:21:34|Pioneer|https://www.strava.com/activities/1467414833
22.03.2018|169.95|04:33:24|3533|0|0|0|0||0|0|37.3|90|86|132|0|0|0|0||7|04:33:24|Pioneer|https://www.strava.com/activities/1465885318
21.03.2018|152.56|04:18:13|2629|0|0|0|0||0|0|35.5|78.5|86|140|0|0|0|0||8|04:19:48|Pioneer|https://www.strava.com/activities/1464393423
20.03.2018|174.5|04:38:27|2080|0|0|0|0||0|0|37.6|88.6|88|134|0|0|0|0||10|04:42:37|Pioneer|https://www.strava.com/activities/1462658360
19.03.2018|151.47|03:38:01|1597|0|0|0|0||0|0|41.7|69.8|90|129|0|0|0|0||12|03:39:44|Pioneer|https://www.strava.com/activities/1461020500
16.03.2018|91|03:04:14|1237|0|0|0|0||0|0|29.6|61.9|91|122|0|0|0|0||12|03:21:16|Pioneer|https://www.strava.com/activities/1455707851
13.03.2018|136.66|04:50:10|2538|0|0|0|0||0|0|28.3|72.7|92|124|0|0|0|0||13|05:16:22|Pioneer|https://www.strava.com/activities/1450969563
09.03.2018|155.25|05:26:37|3206|0|0|0|0||0|0|28.5|68.4|90|122|0|0|0|0||10|05:50:50|Pioneer|https://www.strava.com/activities/1443920628
03.03.2018|182.45|05:17:22|307|0|0|0|0||0|0|34.5|84.2|85|135|0|0|0|0||3|05:17:22|Pioneer|https://www.strava.com/activities/1434154550
29.04.2018|180.96|04:09:53|1989|0|0|0|0||0|0|43.5|82.1|92|148|0|0|0|0||17|04:10:20|Pioneer|https://www.strava.com/activities/1538916873
28.04.2018|147.47|04:21:01|3593|0|0|0|0||0|0|33.9|88.6|86|149|0|0|0|0||22|04:21:01|Pioneer|https://www.strava.com/activities/1537067901
26.04.2018|172.58|04:05:29|2218|0|0|0|0||0|0|42.2|95|93|131|0|0|0|0||12|04:05:29|Pioneer|https://www.strava.com/activities/1533082629
25.04.2018|165.41|04:03:19|2393|0|0|0|0||0|0|40.8|92.9|90|142|0|0|0|0||20|04:03:52|Pioneer|https://www.strava.com/activities/1531112544
21.04.2018|126.39|04:17:30|2416|0|0|0|0||0|0|29.5|64.8|94|137|0|0|0|0||24|04:34:50|Pioneer|https://www.strava.com/activities/1522093169
18.04.2018|196.19|05:02:21|3091|0|0|0|0||0|0|38.9|87.1|91|140|0|0|0|0||24|05:03:22|Pioneer|https://www.strava.com/activities/1516024240
14.04.2018|158.5|06:01:09|3606|0|0|0|0||0|0|26.3|85|90|132|0|0|0|0||15|06:23:30|Pioneer|https://www.strava.com/activities/1507863675
08.04.2018|105.9|03:59:16|2321|0|0|0|0||0|0|26.6|72.7|90|126|0|0|0|0||14|04:17:44|Pioneer|https://www.strava.com/activities/1496480069
05.04.2018|140.37|04:52:47|2921|0|0|0|0||0|0|28.8|85|91|126|0|0|0|0||13|05:10:57|Pioneer|https://www.strava.com/activities/1490636117
02.04.2018|134.86|05:01:00|2795|0|0|0|0||0|0|26.9|66.2|91|133|0|0|0|0||13|05:41:19|Pioneer|https://www.strava.com/activities/1485379685
30.05.2018|207.14|06:51:20|4136|0|0|0|0||0|0|30.2|85|92|134|0|0|0|0||10|07:27:44|Pioneer|https://www.strava.com/activities/1605956555
29.05.2018|77.21|02:41:48|2262|0|0|0|0||0|0|28.6|84.2|91|149|0|0|0|0||5|02:58:41|Pioneer|https://www.strava.com/activities/1603379965
28.05.2018|22.13|00:52:30|677|0|0|0|0||0|0|25.3|86|87|120|0|0|0|0||5|01:05:16|Pioneer|https://www.strava.com/activities/1601236502
27.05.2018|180.69|06:16:43|4035|0|0|0|0||0|0|28.8|75.6|91|126|0|0|0|0||12|06:36:20|Pioneer|https://www.strava.com/activities/1599716429
26.05.2018|149.01|04:57:22|3849|0|0|0|0||0|0|30.1|78.5|93|142|0|0|0|0||15|05:26:32|Pioneer|https://www.strava.com/activities/1597052840
24.05.2018|163.65|05:37:10|3710|0|0|0|0||0|0|29.1|92.2|91|143|0|0|0|0||18|06:18:37|Pioneer|https://www.strava.com/activities/1593076789
23.05.2018|147.39|05:00:27|3846|0|0|0|0||0|0|29.4|76.3|94|134|0|0|0|0||11|05:43:38|Pioneer|https://www.strava.com/activities/1590838203
21.05.2018|63.47|02:28:06|1927|0|0|0|0||0|0|25.7|78.5|91|137|0|0|0|0||0|02:53:33|Pioneer|https://www.strava.com/activities/1586216000
20.05.2018|57.97|02:22:02|1901|0|0|0|0||0|0|24.5|77.8|89|125|0|0|0|0||6|02:30:24|Pioneer|https://www.strava.com/activities/1583948073
15.05.2018|66.13|03:09:09|2916|0|0|0|0||0|0|21|77.8|86|119|0|0|0|0||0|03:16:11|Pioneer|https://www.strava.com/activities/1573333391
11.05.2018|135.46|04:59:46|3259|0|0|0|0||0|0|27.1|67.7|90|130|0|0|0|0||16|05:17:46|Pioneer|https://www.strava.com/activities/1565094803
10.05.2018|137.87|04:57:24|3369|0|0|0|0||0|0|27.8|87.1|92|129|0|0|0|0||17|05:10:32|Pioneer|https://www.strava.com/activities/1562024175
08.05.2018|116.93|03:56:24|1914|0|0|0|0||0|0|29.7|66.2|91|138|0|0|0|0||22|04:13:20|Pioneer|https://www.strava.com/activities/1557622935
07.05.2018|115.74|03:56:55|1981|0|0|0|0||0|0|29.3|71.3|95|121|0|0|0|0||15|04:12:04|Pioneer|https://www.strava.com/activities/1555501703
30.06.2018|71.85|02:34:50|2325|0|0|0|0||0|0|27.8|92.5|89|130|0|0|0|0||12|02:38:16|Pioneer|https://www.strava.com/activities/1671151412
28.06.2018|114.82|04:10:06|2165|0|0|0|0||0|0|27.5|87.8|89|131|0|0|0|0||9|04:34:55|Pioneer|https://www.strava.com/activities/1667479194
27.06.2018|173.45|06:14:39|4996|0|0|0|0||0|0|27.8|92.2|89|139|0|0|0|0||16|07:07:08|Pioneer|https://www.strava.com/activities/1665615266
25.06.2018|31.53|01:34:14|1674|0|0|0|0||0|0|20.1|82.8|88|156|0|0|0|0||9|01:35:06|Pioneer|https://www.strava.com/activities/1661120001
25.06.2018|94.4|03:20:54|2203|0|0|0|0||0|0|28.2|76.7|89|133|0|0|0|0||9|03:34:40|Pioneer|https://www.strava.com/activities/1661122669
24.06.2018|129.72|04:56:20|3680|0|0|0|0||0|0|26.3|84.2|91|127|0|0|0|0||12|05:28:59|Pioneer|https://www.strava.com/activities/1659105862
22.06.2018|112.84|04:03:39|3033|0|0|0|0||0|0|27.8|84.6|94|133|0|0|0|0||19|04:21:43|Pioneer|https://www.strava.com/activities/1654588689
21.06.2018|45.63|01:57:44|1751|0|0|0|0||0|0|23.3|77|87|121|0|0|0|0||12|02:08:57|Pioneer|https://www.strava.com/activities/1652375977
18.06.2018|78.89|03:03:17|2728|0|0|0|0||0|0|25.8|84.6|89|129|0|0|0|0||13|03:08:39|Pioneer|https://www.strava.com/activities/1646646394
16.06.2018|120.85|02:41:32|846|0|0|0|0||0|0|44.9|80.3|88|124|0|0|0|0||27|02:41:32|Pioneer|https://www.strava.com/activities/1642304542
15.06.2018|167.13|04:02:35|2746|0|0|0|0||0|0|41.3|91.1|90|138|0|0|0|0||18|04:02:35|Pioneer|https://www.strava.com/activities/1640095694
14.06.2018|184.81|05:00:07|3361|0|0|0|0||0|0|36.9|97.9|88|133|0|0|0|0||16|05:00:44|Pioneer|https://www.strava.com/activities/1638146606
13.06.2018|153.21|03:37:24|2522|0|0|0|0||0|0|42.3|93.2|92|141|0|0|0|0||11|03:37:49|Pioneer|https://www.strava.com/activities/1636061808
12.06.2018|189.45|04:36:09|1677|0|0|0|0||0|0|41.2|94.7|90|146|0|0|0|0||9|04:36:58|Pioneer|https://www.strava.com/activities/1633916408
11.06.2018|181.18|04:42:08|851|0|0|0|0||0|0|38.5|88.2|88|142|0|0|0|0||12|04:43:05|Pioneer|https://www.strava.com/activities/1631899888
10.06.2018|154.31|03:49:35|1668|0|0|0|0||0|0|40.3|92.2|89|146|0|0|0|0||24|03:49:58|Pioneer|https://www.strava.com/activities/1629969633
04.06.2018|81.28|03:13:57|3069|0|0|0|0||0|0|25.1|83.5|86|152|0|0|0|0||15|03:45:25|Pioneer|https://www.strava.com/activities/1616647342
02.06.2018|162.27|05:36:31|3873|0|0|0|0||0|0|28.9|83.2|91|128|0|0|0|0||10|06:22:13|Pioneer|https://www.strava.com/activities/1612175644
01.06.2018|110.85|04:00:42|3065|0|0|0|0||0|0|27.6|97.6|91|143|0|0|0|0||20|04:27:26|Pioneer|https://www.strava.com/activities/1610055406
01.06.2018|55.6|01:21:52|561|0|0|0|0||0|0|40.7|81.7|98|134|0|0|0|0||16|01:30:48|Pioneer|https://www.strava.com/activities/1610053547
28.07.2018|30.46|00:42:36|518|0|0|0|0||0|0|42.9|85|95|128|0|0|0|0||14|00:42:36|Pioneer|https://www.strava.com/activities/1733577304
27.07.2018|197.8|05:28:54|4116|0|0|0|0||0|0|36.1|95.8|87|144|0|0|0|0||21|05:28:54|Pioneer|https://www.strava.com/activities/1731461159
25.07.2018|63.97|02:22:38|3015|0|0|0|0||0|0|26.9|92.9|85|138|0|0|0|0||21|02:22:38|Pioneer|https://www.strava.com/activities/1727163602
24.07.2018|215.27|05:28:36|3578|0|0|0|0||0|0|39.3|94.3|91|146|0|0|0|0||23|05:38:58|Pioneer|https://www.strava.com/activities/1724738847
23.07.2018|41.62|01:28:18|585|0|0|0|0||0|0|28.3|54.7|92|123|0|0|0|0||20|02:03:03|Pioneer|https://www.strava.com/activities/1721962533
22.07.2018|178.86|04:39:10|2818|0|0|0|0||0|0|38.4|90.7|87|134|0|0|0|0||20|04:39:10|Pioneer|https://www.strava.com/activities/1720626212
21.07.2018|185.88|05:00:12|2991|0|0|0|0||0|0|37.2|97.9|88|141|0|0|0|0||22|05:00:42|Pioneer|https://www.strava.com/activities/1717948512
20.07.2018|167.99|03:45:45|1044|0|0|0|0||0|0|44.6|103.3|89|132|0|0|0|0||26|03:46:03|Pioneer|https://www.strava.com/activities/1715516854
19.07.2018|171.98|05:19:36|5248|0|0|0|0||0|0|32.3|96.5|86|138|0|0|0|0||26|05:19:36|Pioneer|https://www.strava.com/activities/1713450044
18.07.2018|106.47|03:32:43|3989|0|0|0|0||0|0|30|100.8|88|144|0|0|0|0||25|03:32:43|Pioneer|https://www.strava.com/activities/1711075104
17.07.2018|156.04|04:28:42|3816|0|0|0|0||0|0|34.8|95.4|88|146|0|0|0|0||21|04:29:01|Pioneer|https://www.strava.com/activities/1708778403
16.07.2018|46.26|01:32:37|358|0|0|0|0||0|0|30|59.8|92|126|0|0|0|0||19|02:11:21|Pioneer|https://www.strava.com/activities/1706059746
15.07.2018|154.36|03:24:41|544|0|0|0|0||0|0|45.2|83.2|0|0|0|0|0|0||28|03:25:04|Pioneer|https://www.strava.com/activities/1704611953
14.07.2018|180.1|04:24:49|1233|0|0|0|0||0|0|40.8|79.9|90|129|0|0|0|0||25|04:25:36|Pioneer|https://www.strava.com/activities/1702039772
13.07.2018|229.75|05:43:20|2188|0|0|0|0||0|0|40.2|83.9|88|126|0|0|0|0||22|05:43:57|Pioneer|https://www.strava.com/activities/1700010473
12.07.2018|179.71|04:13:23|1849|0|0|0|0||0|0|42.6|88.2|91|135|0|0|0|0||21|04:14:09|Pioneer|https://www.strava.com/activities/1697894647
11.07.2018|202.53|04:47:54|2650|0|0|0|0||0|0|42.2|97.9|89|132|0|0|0|0||21|04:48:19|Pioneer|https://www.strava.com/activities/1695708991
10.07.2018|195.01|04:36:21|1102|0|0|0|0||0|0|42.3|94.3|91|132|0|0|0|0||25|04:44:02|Pioneer|https://www.strava.com/activities/1693577760
09.07.2018|34.89|00:40:01|299|0|0|0|0||0|0|52.3|91.8|101|132|0|0|0|0||23|00:40:01|Pioneer|https://www.strava.com/activities/1691262048
08.07.2018|181.19|04:06:12|1326|0|0|0|0||0|0|44.2|81|92|140|0|0|0|0||29|04:07:00|Pioneer|https://www.strava.com/activities/1689337398
07.07.2018|197.69|04:22:30|392|0|0|0|0||0|0|45.2|75.2|94|129|0|0|0|0||27|04:23:46|Pioneer|https://www.strava.com/activities/1686646540
06.07.2018|32.71|00:51:37|242|0|0|0|0||0|0|38|65.2|102|123|0|0|0|0||18|00:51:37|Pioneer|https://www.strava.com/activities/1684313739
06.07.2018|39.23|01:11:10|279|0|0|0|0||0|0|33.1|58.7|95|126|0|0|0|0||16|01:17:06|Pioneer|https://www.strava.com/activities/1684313923
05.07.2018|59.16|01:40:44|203|0|0|0|0||0|0|35.2|64.1|98|123|0|0|0|0||17|01:41:18|Pioneer|https://www.strava.com/activities/1682164205
03.07.2018|114.28|04:28:34|3054|0|0|0|0||0|0|25.5|72|87|125|0|0|0|0||18|04:34:59|Pioneer|https://www.strava.com/activities/1677800330
02.07.2018|36.72|01:24:32|724|0|0|0|0||0|0|26.1|64.8|91|132|0|0|0|0||21|02:01:43|Pioneer|https://www.strava.com/activities/1675674808
01.07.2018|123.69|04:55:32|3137|0|0|0|0||0|0|25.1|68|87|121|0|0|0|0||18|05:04:17|Pioneer|https://www.strava.com/activities/1673730933
31.08.2018|183.93|04:18:54|2525|0|0|0|0||0|0|42.6|101.2|90|136|0|0|0|0||30|04:19:13|Pioneer|https://www.strava.com/activities/1809824284
30.08.2018|149.5|03:57:38|1313|0|0|0|0||0|0|37.7|99.4|88|121|0|0|0|0||27|03:58:52|Pioneer|https://www.strava.com/activities/1807795868
29.08.2018|187.17|04:41:17|3008|0|0|0|0||0|0|39.9|96.1|90|143|0|0|0|0||28|04:41:17|Pioneer|https://www.strava.com/activities/1805399203
28.08.2018|159.7|04:35:55|2980|0|0|0|0||0|0|34.7|93.2|86|130|0|0|0|0||30|04:36:36|Pioneer|https://www.strava.com/activities/1803276053
27.08.2018|176.24|04:47:53|2998|0|0|0|0||0|0|36.7|100.4|88|133|0|0|0|0||27|04:48:27|Pioneer|https://www.strava.com/activities/1801087020
26.08.2018|162.12|04:12:32|2626|0|0|0|0||0|0|38.5|94.3|87|137|0|0|0|0||31|04:13:11|Pioneer|https://www.strava.com/activities/1799149984
25.08.2018|8.31|00:10:13|58|0|0|0|0||0|0|48.8|82.4|95|118|0|0|0|0||20|00:11:31|Pioneer|https://www.strava.com/activities/1797003552
23.08.2018|98.04|02:48:05|816|0|0|0|0||0|0|35|78.5|94|126|0|0|0|0||27|03:13:20|Pioneer|https://www.strava.com/activities/1791950984
20.08.2018|102.67|03:35:58|2160|0|0|0|0||0|0|28.5|69.8|89|127|0|0|0|0||25|03:46:59|Pioneer|https://www.strava.com/activities/1784990366
18.08.2018|156.76|05:46:56|4010|0|0|0|0||0|0|27.1|66.2|93|125|0|0|0|0||19|05:59:48|Pioneer|https://www.strava.com/activities/1780375995
15.08.2018|137.26|04:57:24|2753|0|0|0|0||0|0|27.7|68.8|90|131|0|0|0|0||19|05:39:16|Pioneer|https://www.strava.com/activities/1773761136
14.08.2018|147.7|05:13:55|2835|0|0|0|0||0|0|28.2|84.2|94|123|0|0|0|0||18|05:33:33|Pioneer|https://www.strava.com/activities/1771303294
12.08.2018|118.89|04:27:11|2744|0|0|0|0||0|0|26.7|66.6|91|121|0|0|0|0||20|04:54:08|Pioneer|https://www.strava.com/activities/1766866148
11.08.2018|88.25|03:03:14|1603|0|0|0|0||0|0|28.9|72|98|127|0|0|0|0||22|03:08:37|Pioneer|https://www.strava.com/activities/1764324093
09.08.2018|119.29|04:31:10|2549|0|0|0|0||0|0|26.4|76|94|127|0|0|0|0||23|05:02:04|Pioneer|https://www.strava.com/activities/1760444288
07.08.2018|45.13|01:46:26|591|0|0|0|0||0|0|25.4|56.9|87|132|0|0|0|0||28|02:33:21|Pioneer|https://www.strava.com/activities/1755730038
04.08.2018|225.01|06:03:46|3696|0|0|0|0||0|0|37.1|88.6|90|136|0|0|0|0||24|06:04:10|Pioneer|https://www.strava.com/activities/1749457419
30.09.2018|255.51|06:47:32|4768|0|290|5802|405|77%|0|0|37.6|99.7|87|146|0|0|237|1134|6,469|11|06:48:49|Pioneer|https://www.strava.com/activities/1875792346
29.09.2018|48.63|01:48:00|815|0|244|1159|81|65%|0|0|27|71.3|86|130|0|0|179|660|1,292|7|02:23:10|Pioneer|https://www.strava.com/activities/1872583653
27.09.2018|86.65|02:58:14|1712|0|275|2411|163|73%|0|0|29.2|69.5|91|125|0|0|225|791|2,689|12|03:06:33|Pioneer|https://www.strava.com/activities/1868560885
25.09.2018|194.82|06:50:00|4196|0|0|0|0||0|0|28.5|70.6|89|122|0|0|0|0|6,258|16|07:19:08|Pioneer|https://www.strava.com/activities/1864776596
13.09.2018|185.32|03:57:10|1016|0|0|0|0||0|0|46.9|86|91|133|0|0|0|0||26|03:57:28|Pioneer|https://www.strava.com/activities/1839010173
12.09.2018|154.65|04:14:05|3310|0|0|0|0||0|0|36.5|107.6|85|135|0|0|0|0||18|04:14:05|Pioneer|https://www.strava.com/activities/1836919532
11.09.2018|31.49|00:38:48|399|0|0|0|0||0|0|48.7|90|95|124|0|0|0|0||16|00:38:48|Pioneer|https://www.strava.com/activities/1834642895
10.09.2018|47.02|01:24:32|556|0|0|0|0||0|0|33.4|78.8|95|127|0|0|0|0||14|01:32:11|Pioneer|https://www.strava.com/activities/1831888965
09.09.2018|175.41|05:02:35|4199|0|0|0|0||0|0|34.8|91.8|86|130|0|0|0|0||15|05:02:35|Pioneer|https://www.strava.com/activities/1830685646
08.09.2018|168.94|04:23:08|3190|0|0|0|0||0|0|38.5|95.4|87|138|0|0|0|0||20|04:23:27|Pioneer|https://www.strava.com/activities/1827881557
07.09.2018|172.7|04:20:12|2936|0|0|0|0||0|0|39.8|94.7|89|127|0|0|0|0||16|04:20:12|Pioneer|https://www.strava.com/activities/1825528171
06.09.2018|180.37|04:36:24|2686|0|0|0|0||0|0|39.2|91.4|87|135|0|0|0|0||10|04:37:27|Pioneer|https://www.strava.com/activities/1823432603
05.09.2018|204.98|04:55:09|2872|0|0|0|0||0|0|41.7|92.9|90|138|0|0|0|0||13|04:55:09|Pioneer|https://www.strava.com/activities/1821214640
04.09.2018|176.45|04:08:05|1328|0|0|0|0||0|0|42.7|81.4|90|129|0|0|0|0||24|04:08:22|Pioneer|https://www.strava.com/activities/1818972512
03.09.2018|47.34|01:30:44|490|0|0|0|0||0|0|31.3|64.8|88|117|0|0|0|0||21|02:29:25|Pioneer|https://www.strava.com/activities/1816214095
02.09.2018|198.51|05:37:55|3594|0|0|0|0||0|0|35.2|91.1|87|132|0|0|0|0||28|05:38:20|Pioneer|https://www.strava.com/activities/1814838617
01.09.2018|194.13|04:35:58|2121|0|0|0|0||0|0|42.2|94.7|88|129|0|0|0|0||34|04:36:21|Pioneer|https://www.strava.com/activities/1812025428
07.10.2018|196.3|04:24:34|1530|0|278|3644|242|74%|0|0|44.5|73.1|93|146|0|0|230|999|4,063|15|04:25:04|Pioneer|https://www.strava.com/activities/1890140485
06.10.2018|193.1|04:49:41|2391|0|292|3977|293|78%|0|0|40|80.6|89|133|0|0|229|917|4,434|7|04:50:07|Pioneer|https://www.strava.com/activities/1887705779
05.10.2018|39.77|01:18:28|703|0|265|1127|66|71%|0|0|30.4|64.1|96|124|0|0|239|545|1,257|9|01:19:59|Pioneer|https://www.strava.com/activities/1885626951
30.11.2018|126.7|04:24:01|1574|0|0|0|0||0|0|28.8|59.4|93|125|0|0|0|0||2|04:57:51|Pioneer|https://www.strava.com/activities/1992620812
29.11.2018|87.39|03:00:31|922|0|0|0|0||0|0|29|60.1|93|124|0|0|0|0||4|03:06:47|Pioneer|https://www.strava.com/activities/1990759811
23.11.2018|78.67|03:00:51|812|0|0|0|0||0|0|26.1|58.3|89|127|0|0|0|0||0|03:10:08|Pioneer|https://www.strava.com/activities/1980249161
22.11.2018|135.6|05:02:06|2347|0|0|0|0||0|0|26.9|91.4|89|129|0|0|0|0||4|05:51:54|Pioneer|https://www.strava.com/activities/1978769581
12.11.2018|90.49|02:59:34|844|0|0|0|0||0|0|30.2|63|98|129|0|0|0|0||11|03:16:02|Pioneer|https://www.strava.com/activities/1960300906
10.11.2018|84.88|02:49:51|611|0|0|0|0||0|0|30|74.2|91|134|0|0|0|0||8|03:28:25|Pioneer|https://www.strava.com/activities/1956293661
30.12.2018|54.29|01:56:53|1063|0|0|0|0||0|0|27.9|67.3|91|116|0|0|0|0||4|02:05:57|Pioneer|https://www.strava.com/activities/2044556655
30.12.2018|83.75|02:57:46|1085|0|0|0|0||0|0|28.3|65.2|91|124|0|0|0|0||3|03:04:30|Pioneer|https://www.strava.com/activities/2043852316
29.12.2018|109.84|03:56:11|1970|0|0|0|0||0|0|27.9|72|90|117|0|0|0|0||3|03:59:50|Pioneer|https://www.strava.com/activities/2042035727
28.12.2018|111.83|03:59:34|1933|0|0|0|0||0|0|28|79.9|90|120|0|0|0|0||2|04:15:21|Pioneer|https://www.strava.com/activities/2040115267
19.12.2018|186.46|05:59:39|2734|0|0|0|0||0|0|31.1|85.7|90|126|0|0|0|0||7|06:09:55|Pioneer|https://www.strava.com/activities/2025104397
17.12.2018|137.55|04:24:06|1502|0|0|0|0||0|0|31.2|63.7|91|128|0|0|0|0||4|04:30:26|Pioneer|https://www.strava.com/activities/2021654779
15.12.2018|97.72|02:59:28|996|0|0|0|0||0|0|32.7|67.7|93|126|0|0|0|0||1|03:06:05|Pioneer|https://www.strava.com/activities/2017931010
14.12.2018|125.04|04:04:01|1647|0|0|0|0||0|0|30.7|65.2|91|128|0|0|0|0||3|04:12:33|Pioneer|https://www.strava.com/activities/2016635878
13.12.2018|116.94|03:30:54|1141|0|0|0|0||0|0|33.3|70.6|95|133|0|0|0|0||2|03:38:54|Pioneer|https://www.strava.com/activities/2015085084
12.12.2018|52.9|01:48:42|831|0|0|0|0||0|0|29.2|75.6|90|124|0|0|0|0||3|01:53:53|Pioneer|https://www.strava.com/activities/2013655222
10.12.2018|89.08|03:06:28|899|0|0|0|0||0|0|28.7|57.6|91|126|0|0|0|0||8|03:34:08|Pioneer|https://www.strava.com/activities/2009858916
08.12.2018|118.76|04:00:57|1590|0|0|0|0||0|0|29.6|64.4|90|123|0|0|0|0||7|04:17:49|Pioneer|https://www.strava.com/activities/2006275627
07.12.2018|99.26|03:58:27|2337|0|0|0|0||0|0|25|70.2|88|132|0|0|0|0||3|04:00:41|Pioneer|https://www.strava.com/activities/2004710925
06.12.2018|51.11|01:53:08|1159|0|0|0|0||0|0|27.1|68.8|92|123|0|0|0|0||7|01:55:11|Pioneer|https://www.strava.com/activities/2003301303
06.12.2018|81.44|02:57:36|1135|0|0|0|0||0|0|27.5|59.4|93|125|0|0|0|0||4|02:57:56|Pioneer|https://www.strava.com/activities/2003311348
05.12.2018|41.2|01:29:34|380|0|0|0|0||0|0|27.6|53.6|92|117|0|0|0|0||9|01:35:34|Pioneer|https://www.strava.com/activities/2001373737
04.12.2018|35.89|01:18:29|385|0|0|0|0||0|0|27.4|64.1|93|136|0|0|0|0||8|01:20:57|Pioneer|https://www.strava.com/activities/2001178493
03.12.2018|117.75|04:14:00|2203|0|0|0|0||0|0|27.8|76.3|91|122|0|0|0|0||4|04:29:42|Pioneer|https://www.strava.com/activities/1997943841
02.12.2018|134.51|04:56:55|2288|0|0|0|0||0|0|27.2|61.6|85|117|0|0|0|0||2|05:31:35|Pioneer|https://www.strava.com/activities/1996436505
30.01.2019|104.01|03:33:12|1563|0|0|0|0||0|0|29.3|71.6|83|133|0|0|0|0||1|03:35:46|Pioneer|https://www.strava.com/activities/2113091169
29.01.2019|101.27|03:32:50|1782|0|0|0|0||0|0|28.6|67.7|88|129|0|0|0|0||6|04:24:01|Pioneer|https://www.strava.com/activities/2111037140
26.01.2019|53.79|01:49:30|1014|0|0|0|0||0|0|29.5|76.3|90|119|0|0|0|0||3|01:49:30|Pioneer|https://www.strava.com/activities/2104479498
26.01.2019|84.49|02:58:18|1252|0|0|0|0||0|0|28.4|63.7|92|123|0|0|0|0||5|03:01:06|Pioneer|https://www.strava.com/activities/2103895070
25.01.2019|156|04:58:21|1481|0|0|0|0||0|0|31.4|67|93|123|0|0|0|0||7|05:07:50|Pioneer|https://www.strava.com/activities/2102289875
24.01.2019|109.89|03:54:24|2139|0|0|0|0||0|0|28.1|72.7|91|139|0|0|0|0||8|04:06:40|Pioneer|https://www.strava.com/activities/2100105192
22.01.2019|139.79|04:55:50|2465|0|0|0|0||0|0|28.4|70.2|86|119|0|0|0|0||5|05:18:46|Pioneer|https://www.strava.com/activities/2095955182
21.01.2019|164.21|06:02:08|3401|0|0|0|0||0|0|27.2|73.1|91|129|0|0|0|0||4|06:19:19|Pioneer|https://www.strava.com/activities/2094022216
20.01.2019|118.62|03:58:54|1712|0|0|0|0||0|0|29.8|66.2|93|126|0|0|0|0||0|04:19:53|Pioneer|https://www.strava.com/activities/2091540871
18.01.2019|56.12|01:58:20|1131|0|0|0|0||0|0|28.5|78.8|90|124|0|0|0|0||3|02:07:56|Pioneer|https://www.strava.com/activities/2087009200
18.01.2019|87.93|03:01:27|1069|0|0|0|0||0|0|29.1|80.3|91|129|0|0|0|0||3|03:14:21|Pioneer|https://www.strava.com/activities/2086605260
17.01.2019|87.5|03:00:44|1172|0|0|0|0||0|0|29|75.6|92|125|0|0|0|0||2|03:23:50|Pioneer|https://www.strava.com/activities/2084661115
16.01.2019|136.48|04:59:58|2459|0|0|0|0||0|0|27.3|64.4|91|129|0|0|0|0||1|05:12:31|Pioneer|https://www.strava.com/activities/2082562024
13.01.2019|139.43|04:36:30|1874|0|0|0|0||0|0|30.3|74.5|94|122|0|0|0|0||1|04:46:12|Pioneer|https://www.strava.com/activities/2075811558
12.01.2019|115.71|04:00:56|1828|0|0|0|0||0|0|28.8|63.4|91|130|0|0|0|0||0|04:04:54|Pioneer|https://www.strava.com/activities/2073050995
10.01.2019|149.24|05:56:43|3572|0|0|0|0||0|0|25.1|79.9|90|121|0|0|0|0||-1|06:08:10|Pioneer|https://www.strava.com/activities/2069073168
09.01.2019|135.67|04:55:59|2236|0|0|0|0||0|0|27.5|79.2|90|133|0|0|0|0||1|05:07:39|Pioneer|https://www.strava.com/activities/2066505526
07.01.2019|56.73|02:00:39|1211|0|0|0|0||0|0|28.2|68.8|91|120|0|0|0|0||5|02:07:59|Pioneer|https://www.strava.com/activities/2062108263
07.01.2019|89.69|02:59:47|794|0|0|0|0||0|0|29.9|86.8|93|128|0|0|0|0||5|03:12:13|Pioneer|https://www.strava.com/activities/2061695696
06.01.2019|129.8|05:02:06|2957|0|0|0|0||0|0|25.8|75.6|92|132|0|0|0|0||2|05:06:33|Pioneer|https://www.strava.com/activities/2059684060
05.01.2019|109.02|03:58:10|1585|0|0|0|0||0|0|27.5|63|89|139|0|0|0|0||2|04:26:57|Pioneer|https://www.strava.com/activities/2056952967
03.01.2019|142.77|05:03:38|1856|0|0|0|0||0|0|28.2|78.8|91|121|0|0|0|0||3|05:24:13|Pioneer|https://www.strava.com/activities/2052734996
02.01.2019|127.49|04:28:43|2344|0|0|0|0||0|0|28.5|74.5|82|123|0|0|0|0||5|05:41:57|Pioneer|https://www.strava.com/activities/2050532465
01.01.2019|102.03|03:31:13|1490|0|0|0|0||0|0|29|80.6|92|125|0|0|0|0||3|03:31:13|Pioneer|https://www.strava.com/activities/2048165376
24.02.2019|163.52|03:58:07|2242|0|0|0|0||0|0|41.2|92.9|85|133|0|0|0|0||15|03:58:26|Pioneer SGX-CA600|https://www.strava.com/activities/2172593420
23.02.2019|114.53|03:01:36|2609|0|0|0|0||0|0|37.8|85|86|166|0|0|0|0||16|03:01:36|Pioneer SGX-CA600|https://www.strava.com/activities/2169734449
22.02.2019|16.21|00:22:34|334|0|0|0|0||0|0|43.1|94.3|91|127|0|0|0|0||15|00:22:34|Pioneer SGX-CA600|https://www.strava.com/activities/2167191440
21.02.2019|216.97|05:53:08|1676|0|0|0|0||0|0|36.9|90|83|141|0|0|0|0||17|05:55:42|Pioneer SGX-CA600|https://www.strava.com/activities/2165078508
20.02.2019|171.25|04:23:39|2140|0|0|0|0||0|0|39|89.3|84|195|0|0|0|0||17|04:24:21|Pioneer SGX-CA600|https://www.strava.com/activities/2162756565
14.02.2019|136.16|04:43:48|3554|0|0|0|0||0|0|28.8|101.2|88|167|0|0|0|0||17|05:31:04|Pioneer SGX-CA600|https://www.strava.com/activities/2148720786
13.02.2019|45.16|01:36:14|1131|0|0|0|0||0|0|28.2|83.2|88|120|0|0|0|0||14|02:34:53|Pioneer SGX-CA600|https://www.strava.com/activities/2143488805
12.02.2019|205.54|07:03:23|5350|0|0|0|0||0|0|29.1|88.6|88|128|0|0|0|0||17|07:42:55|Pioneer SGX-CA600|https://www.strava.com/activities/2141496284
11.02.2019|110.19|03:57:06|2983|0|0|0|0||0|0|27.9|94|89|130|0|0|0|0||17|04:54:11|Pioneer SGX-CA600|https://www.strava.com/activities/2139372544
09.02.2019|167.1|06:13:11|4963|0|0|0|0||0|0|26.9|73.8|86|129|0|0|0|0||15|07:15:59|Pioneer SGX-CA600|https://www.strava.com/activities/2135661453
08.02.2019|141.5|05:00:34|4019|0|0|0|0||0|0|28.2|89.6|86|126|0|0|0|0||15|05:51:36|Pioneer SGX-CA600|https://www.strava.com/activities/2132441668
07.02.2019|34.43|01:17:38|728|0|0|0|0||0|0|26.6|72|86|113|0|0|0|0||13|02:12:05|Pioneer SGX-CA600|https://www.strava.com/activities/2130148806
06.02.2019|137.3|04:49:10|3663|0|0|0|0||0|0|28.5|81.7|87|129|0|0|0|0||16|05:33:37|Pioneer SGX-CA600|https://www.strava.com/activities/2128235095
05.02.2019|119.14|04:14:29|3187|0|0|0|0||0|0|28.1|87.1|89|191|0|0|0|0||12|04:55:51|Pioneer SGX-CA600|https://www.strava.com/activities/2125877490
03.02.2019|88.53|02:59:55|2183|0|0|0|0||0|0|29.5|98.3|90|134|0|0|0|0||13|03:05:31|Pioneer SGX-CA600|https://www.strava.com/activities/2121475696
02.02.2019|69.66|02:24:51|1696|0|0|0|0||0|0|28.9|98.6|90|125|0|0|0|0||11|03:06:02|Pioneer SGX-CA600|https://www.strava.com/activities/2119186670
31.03.2019|138.37|03:20:51|2036|0|0|0|0||0|0|41.3|82.8|84|132|0|0|0|0||15|03:21:11|Pioneer SGX-CA600|https://www.strava.com/activities/2254693529
30.03.2019|168.01|03:56:11|1966|0|0|0|0||0|0|42.7|81.4|84|129|0|0|0|0||19|03:56:52|Pioneer SGX-CA600|https://www.strava.com/activities/2252308659
29.03.2019|187.63|04:26:21|2503|0|0|0|0||0|0|42.3|82.4|83|130|0|0|0|0||13|04:26:49|Pioneer SGX-CA600|https://www.strava.com/activities/2249624122
28.03.2019|148.8|04:02:28|3888|0|0|0|0||0|0|36.8|94|82|134|0|0|0|0||18|04:02:28|Pioneer SGX-CA600|https://www.strava.com/activities/2247208829
27.03.2019|176.79|05:07:05|4290|0|0|0|0||0|0|34.5|88.9|84|132|0|0|0|0||20|05:07:29|Pioneer SGX-CA600|https://www.strava.com/activities/2245065058
26.03.2019|165.4|04:08:20|1672|0|0|0|0||0|0|40|81.4|84|128|0|0|0|0||20|04:09:21|Pioneer SGX-CA600|https://www.strava.com/activities/2242249669
25.03.2019|163.31|04:16:30|2993|0|0|0|0||0|0|38.2|83.9|88|200|0|0|0|0||22|04:17:19|Pioneer SGX-CA600|https://www.strava.com/activities/2241203110
17.03.2019|144.28|05:02:15|3249|0|0|0|0||0|0|28.6|77|86|128|0|0|0|0||13|05:16:08|Pioneer SGX-CA600|https://www.strava.com/activities/2219994660
13.03.2019|154.48|04:44:29|1233|0|0|0|0||0|0|32.6|67.3|90|189|0|0|0|0||15|04:54:28|Pioneer SGX-CA600|https://www.strava.com/activities/2210654347
12.03.2019|146.27|05:06:53|3509|0|0|0|0||0|0|28.6|79.2|87|127|0|0|0|0||13|05:20:58|Pioneer SGX-CA600|https://www.strava.com/activities/2208541603
09.03.2019|180.46|06:21:20|3278|0|0|0|0||0|0|28.4|64.4|89|122|0|0|0|0||13|06:46:01|Pioneer SGX-CA600|https://www.strava.com/activities/2201588020
06.03.2019|148.37|04:54:42|2015|0|0|0|0||0|0|30.2|60.5|90|115|0|0|0|0||14|05:04:54|Pioneer SGX-CA600|https://www.strava.com/activities/2195043292
05.03.2019|152.48|05:13:03|3198|0|0|0|0||0|0|29.2|64.4|85|152|0|0|0|0||11|05:29:51|Pioneer SGX-CA600|https://www.strava.com/activities/2192829448
03.03.2019|184.31|06:12:20|3320|0|0|0|0||0|0|29.7|71.3|91|143|0|0|0|0||10|08:29:16|Pioneer SGX-CA600|https://www.strava.com/activities/2189035472
02.03.2019|118.11|04:02:14|1875|0|0|0|0||0|0|29.3|62.3|88|127|0|0|0|0||11|04:28:10|Pioneer SGX-CA600|https://www.strava.com/activities/2185749305
01.03.2019|119.15|04:06:48|2067|0|0|0|0||0|0|29|70.9|91|133|0|0|0|0||10|04:34:15|Pioneer SGX-CA600|https://www.strava.com/activities/2183677140
30.04.2019|3.83|00:05:20|36|0|0|0|0||0|0|43.2|64.1|93|119|0|0|0|0||17|00:05:20|Pioneer SGX-CA600|https://www.strava.com/activities/2330746601
28.04.2019|70.06|02:21:50|981|0|0|0|0||0|0|29.6|67.3|89|155|0|0|0|0||15|02:22:53|Pioneer SGX-CA600|https://www.strava.com/activities/2324701093
25.04.2019|151.37|05:06:46|2795|0|0|0|0||0|0|29.6|70.2|92|138|0|0|0|0||14|05:23:21|Pioneer SGX-CA600|https://www.strava.com/activities/2317924884
22.04.2019|148.11|05:00:14|3447|0|0|0|0||0|0|29.6|72|87|146|0|0|0|0||22|05:04:53|Pioneer SGX-CA600|https://www.strava.com/activities/2309999156
20.04.2019|164.14|05:58:53|4032|0|0|0|0||0|0|27.4|68.4|88|126|0|0|0|0||20|06:18:35|Pioneer SGX-CA600|https://www.strava.com/activities/2304632144
19.04.2019|90.76|02:54:22|1255|0|0|0|0||0|0|31.2|66.2|89|114|0|0|0|0||12|03:06:32|Pioneer|https://www.strava.com/activities/2301403530
17.04.2019|166.82|05:02:26|1312|0|0|0|0||0|0|33.1|74.9|92|130|0|0|0|0||18|05:16:43|Pioneer SGX-CA600|https://www.strava.com/activities/2296585765
16.04.2019|33.65|01:07:16|338|0|0|0|0||0|0|30|74.5|91|144|0|0|0|0||16|01:08:22|Pioneer SGX-CA600|https://www.strava.com/activities/2293847671
16.04.2019|82.3|02:49:21|1657|0|0|0|0||0|0|29.2|82.1|89|120|0|0|0|0||6|02:59:38|Pioneer|https://www.strava.com/activities/2293844155
13.04.2019|167.06|05:29:49|2897|0|0|0|0||0|0|30.4|64.8|89|128|0|0|0|0||16|05:37:28|Pioneer SGX-CA600|https://www.strava.com/activities/2286522653
12.04.2019|83.53|02:37:31|1271|0|0|0|0||0|0|31.8|72|91|131|0|0|0|0||7|02:38:18|Pioneer|https://www.strava.com/activities/2283961967
10.04.2019|175.96|05:54:32|2425|0|0|0|0||0|0|29.8|68|91|130|0|0|0|0||13|06:11:12|Pioneer SGX-CA600|https://www.strava.com/activities/2279418576
09.04.2019|86.68|02:44:52|1373|0|0|0|0||0|0|31.5|79.6|91|126|0|0|0|0||4|02:49:15|Pioneer|https://www.strava.com/activities/2276513458
06.04.2019|153.6|05:28:40|3344|0|0|0|0||0|0|28|65.9|88|151|0|0|0|0||11|05:40:34|Pioneer SGX-CA600|https://www.strava.com/activities/2268891698
31.05.2019|172.96|05:29:18|4248|0|0|0|0||0|0|31.5|83.2|90|136|0|0|0|0||25|06:22:06|Pioneer SGX-CA600|https://www.strava.com/activities/2411742372
30.05.2019|31.76|01:31:19|1098|0|0|0|0||0|0|20.9|70.9|86|114|0|0|0|0||16|01:46:41|Pioneer SGX-CA600|https://www.strava.com/activities/2408478067
29.05.2019|200.21|06:27:03|4332|0|0|0|0||0|0|31|88.2|89|127|0|0|0|0||26|07:03:46|Pioneer SGX-CA600|https://www.strava.com/activities/2406538661
28.05.2019|142.9|04:46:47|3814|0|0|0|0||0|0|29.9|90|88|140|0|0|0|0||28|05:14:38|Pioneer SGX-CA600|https://www.strava.com/activities/2405901234
26.05.2019|193.65|06:13:11|4238|0|0|0|0||0|0|31.1|86.4|90|128|0|0|0|0||24|06:49:02|Pioneer SGX-CA600|https://www.strava.com/activities/2399049268
25.05.2019|153.3|05:13:15|3731|0|0|0|0||0|0|29.4|87.8|88|133|0|0|0|0||23|05:52:09|Pioneer SGX-CA600|https://www.strava.com/activities/2396020938
24.05.2019|142.09|04:43:05|3246|0|0|0|0||0|0|30.1|82.4|91|129|0|0|0|0||22|05:21:37|Pioneer SGX-CA600|https://www.strava.com/activities/2393315676
23.05.2019|35.45|01:33:21|1147|0|0|0|0||0|0|22.8|79.6|86|122|0|0|0|0||15|01:57:45|Pioneer SGX-CA600|https://www.strava.com/activities/2390311426
22.05.2019|98.51|03:30:42|2862|0|0|0|0||0|0|28.1|84.2|91|139|0|0|0|0||17|04:05:20|Pioneer SGX-CA600|https://www.strava.com/activities/2387858132
21.05.2019|76.36|02:55:31|2342|0|0|0|0||0|0|26.1|81.7|89|125|0|0|0|0||14|03:24:38|Pioneer SGX-CA600|https://www.strava.com/activities/2385020179
20.05.2019|23.38|00:57:02|744|0|0|0|0||0|0|24.6|74.2|86|125|0|0|0|0||15|00:58:40|Pioneer SGX-CA600|https://www.strava.com/activities/2383183645
16.05.2019|117.87|04:00:41|2152|0|0|0|0||0|0|29.4|68.4|92|140|0|0|0|0||20|04:35:00|Pioneer SGX-CA600|https://www.strava.com/activities/2372192752
11.05.2019|78.43|03:15:11|3025|0|0|0|0||0|0|24.1|75.2|85|116|0|0|0|0||18|03:20:34|Pioneer SGX-CA600|https://www.strava.com/activities/2358966736
11.05.2019|54.38|01:55:49|777|0|0|0|0||0|0|28.2|65.2|87|123|0|0|0|0||14|01:58:20|Pioneer SGX-CA600|https://www.strava.com/activities/2358951784
10.05.2019|76.4|02:43:16|1958|0|0|0|0||0|0|28.1|74.9|88|117|0|0|0|0||20|02:43:50|Pioneer SGX-CA600|https://www.strava.com/activities/2356104566
06.05.2019|72.21|02:54:50|2146|0|0|0|0||0|0|24.8|73.1|85|129|0|0|0|0||6|03:03:28|Pioneer SGX-CA600|https://www.strava.com/activities/2346230698
04.05.2019|106.41|02:42:15|1850|0|0|0|0||0|0|39.4|81.4|88|133|0|0|0|0||10|02:42:40|Pioneer SGX-CA600|https://www.strava.com/activities/2341521016
03.05.2019|158.42|03:50:43|2523|0|0|0|0||0|0|41.2|94.7|86|133|0|0|0|0||12|03:51:04|Pioneer SGX-CA600|https://www.strava.com/activities/2338829687
02.05.2019|173.04|04:11:57|1915|0|0|0|0||0|0|41.2|91.1|89|139|0|0|0|0||10|04:12:15|Pioneer SGX-CA600|https://www.strava.com/activities/2336498368
01.05.2019|166.71|04:15:32|3173|0|0|0|0||0|0|39.1|98.3|88|137|0|0|0|0||19|04:15:32|Pioneer SGX-CA600|https://www.strava.com/activities/2333814867
29.06.2019|50.34|01:26:51|604|0|0|0|0||0|0|34.8|62.3|92|117|0|0|0|0||19|01:29:17|Pioneer SGX-CA600|https://www.strava.com/activities/2488993610
28.06.2019|143.99|04:57:50|4069|0|0|0|0||0|0|29|83.5|88|123|0|0|0|0||30|05:25:49|Pioneer SGX-CA600|https://www.strava.com/activities/2487220810
27.06.2019|53.3|01:46:53|1003|0|0|0|0||0|0|29.9|64.8|92|144|0|0|0|0||30|02:32:07|Pioneer SGX-CA600|https://www.strava.com/activities/2484424623
26.06.2019|131.28|05:11:28|4878|0|0|0|0||0|0|25.3|85.3|89|122|0|0|0|0||33|05:45:35|Pioneer SGX-CA600|https://www.strava.com/activities/2482176379
25.06.2019|102.64|03:32:55|3120|0|0|0|0||0|0|28.9|85.3|89|197|0|0|0|0||29|04:20:22|Pioneer SGX-CA600|https://www.strava.com/activities/2479116258
24.06.2019|28.75|01:02:09|653|0|0|0|0||0|0|27.8|61.2|88|115|0|0|0|0||29|01:53:42|Pioneer SGX-CA600|https://www.strava.com/activities/2476312011
23.06.2019|178.97|05:59:43|4238|0|0|0|0||0|0|29.9|80.3|91|124|0|0|0|0||26|06:53:23|Pioneer SGX-CA600|https://www.strava.com/activities/2474291394
21.06.2019|60.51|02:07:31|1631|0|0|0|0||0|0|28.5|85|93|135|0|0|0|0||16|02:13:58|Pioneer SGX-CA600|https://www.strava.com/activities/2467896347
20.06.2019|62.6|02:16:09|1644|0|0|0|0||0|0|27.6|76.3|93|120|0|0|0|0||16|02:38:54|Pioneer SGX-CA600|https://www.strava.com/activities/2465283020
15.06.2019|129.78|04:02:46|4054|0|0|0|0||0|0|32.1|97.9|83|133|0|0|0|0||20|04:02:46|Pioneer SGX-CA600|https://www.strava.com/activities/2452238901
14.06.2019|226.46|06:07:31|3493|0|0|0|0||0|0|37|86|84|159|0|0|0|0||20|06:07:31|Pioneer SGX-CA600|https://www.strava.com/activities/2449401328
13.06.2019|198.69|04:59:44|2053|0|0|0|0||0|0|39.8|82.8|87|134|0|0|0|0||29|05:00:50|Pioneer SGX-CA600|https://www.strava.com/activities/2446916757
12.06.2019|25.99|00:34:31|340|0|0|0|0||0|0|45.2|76.7|92|117|0|0|0|0||18|00:34:31|Pioneer SGX-CA600|https://www.strava.com/activities/2444278612
11.06.2019|175.33|04:14:06|1367|0|0|0|0||0|0|41.4|75.6|86|132|0|0|0|0||10|04:15:38|Pioneer SGX-CA600|https://www.strava.com/activities/2441734171
10.06.2019|178.28|04:13:31|3092|0|0|0|0||0|0|42.2|94|88|148|0|0|0|0||11|04:13:31|Pioneer SGX-CA600|https://www.strava.com/activities/2439212842
09.06.2019|140.59|03:24:38|2392|0|0|0|0||0|0|41.2|84.6|91|132|0|0|0|0||15|03:24:38|Pioneer SGX-CA600|https://www.strava.com/activities/2436203148
08.06.2019|43.38|01:26:07|726|0|0|0|0||0|0|30.2|58.3|93|114|0|0|0|0||21|01:26:38|Pioneer SGX-CA600|https://www.strava.com/activities/2433409579
04.06.2019|129.33|04:29:16|2872|0|0|0|0||0|0|28.8|81.4|90|141|0|0|0|0||27|05:17:04|Pioneer SGX-CA600|https://www.strava.com/activities/2422707505
03.06.2019|134.69|04:54:25|4354|0|0|0|0||0|0|27.4|80.6|87|147|0|0|0|0||27|05:49:11|Pioneer SGX-CA600|https://www.strava.com/activities/2420119079
02.06.2019|32.38|01:33:36|1127|0|0|0|0||0|0|20.8|78.8|84|134|0|0|0|0||23|01:59:08|Pioneer SGX-CA600|https://www.strava.com/activities/2417075917
01.06.2019|234.16|07:00:43|4155|0|0|0|0||0|0|33.4|83.2|90|133|0|0|0|0||26|08:03:17|Pioneer SGX-CA600|https://www.strava.com/activities/2414902869
27.07.2019|58.71|01:52:22|2217|0|0|0|0||0|0|31.4|69.8|86|139|0|0|0|0||24|01:52:22|Pioneer SGX-CA600|https://www.strava.com/activities/2567674728
26.07.2019|102.8|02:57:44|2929|0|0|0|0||0|0|34.7|85.7|83|139|0|0|0|0||28|02:57:44|Pioneer SGX-CA600|https://www.strava.com/activities/2564977460
25.07.2019|205.68|05:38:53|4962|0|0|0|0||0|0|36.4|88.2|86|144|0|0|0|0||32|05:39:47|Pioneer SGX-CA600|https://www.strava.com/activities/2562294386
24.07.2019|198.34|04:41:34|2015|0|0|0|0||0|0|42.3|72|87|139|0|0|0|0||35|04:41:52|Pioneer SGX-CA600|https://www.strava.com/activities/2559533387
23.07.2019|175.29|04:02:04|1433|0|0|0|0||0|0|43.4|80.6|87|132|0|0|0|0||38|04:02:04|Pioneer SGX-CA600|https://www.strava.com/activities/2556620801
22.07.2019|50.21|01:35:55|371|0|0|0|0||0|0|31.4|54|86|121|0|0|0|0||34|02:00:57|Pioneer SGX-CA600|https://www.strava.com/activities/2553146285
21.07.2019|182.54|04:48:39|3923|0|0|0|0||0|0|37.9|86.4|85|132|0|0|0|0||25|04:48:39|Pioneer SGX-CA600|https://www.strava.com/activities/2551348286
20.07.2019|116.42|03:22:45|3419|0|0|0|0||0|0|34.5|99.7|84|127|0|0|0|0||27|03:42:57|Pioneer SGX-CA600|https://www.strava.com/activities/2548396565
19.07.2019|26.72|00:35:57|378|0|0|0|0||0|0|44.6|78.5|92|124|0|0|0|0||29|00:35:57|Pioneer SGX-CA600|https://www.strava.com/activities/2545686187
18.07.2019|207.15|05:07:11|3026|0|0|0|0||0|0|40.5|87.8|86|129|0|0|0|0||22|05:07:37|Pioneer SGX-CA600|https://www.strava.com/activities/2542862371
17.07.2019|165.7|03:51:37|1738|0|0|0|0||0|0|42.9|85.3|88|141|0|0|0|0||32|03:51:58|Pioneer SGX-CA600|https://www.strava.com/activities/2540190324
15.07.2019|215.29|04:49:47|2984|0|0|0|0||0|0|44.6|91.8|87|159|0|0|0|0||28|04:50:26|Pioneer SGX-CA600|https://www.strava.com/activities/2534355688
14.07.2019|168.78|04:19:12|2700|0|0|0|0||0|0|39.1|91.1|83|130|0|0|0|0||27|04:19:58|Pioneer SGX-CA600|https://www.strava.com/activities/2531993528
13.07.2019|197.31|05:00:51|3840|0|0|0|0||0|0|39.4|93.6|86|136|0|0|0|0||29|05:01:14|Pioneer SGX-CA600|https://www.strava.com/activities/2528895075
12.07.2019|228.75|06:01:37|2250|0|0|0|0||0|0|38|89.6|80|136|0|0|0|0||28|06:02:49|Pioneer SGX-CA600|https://www.strava.com/activities/2526074129
11.07.2019|157.94|04:31:27|3843|0|0|0|0||0|0|34.9|91.8|82|146|0|0|0|0||19|04:31:50|Pioneer SGX-CA600|https://www.strava.com/activities/2523591868
10.07.2019|172.33|04:02:41|2233|0|0|0|0||0|0|42.6|90.4|85|135|0|0|0|0||27|04:03:07|Pioneer SGX-CA600|https://www.strava.com/activities/2520699203
09.07.2019|212.65|05:09:15|1511|0|0|0|0||0|0|41.3|83.5|85|131|0|0|0|0||26|05:10:00|Pioneer SGX-CA600|https://www.strava.com/activities/2517795337
08.07.2019|213.08|04:40:49|2263|0|0|0|0||0|0|45.5|103.3|89|139|0|0|0|0||24|04:41:06|Pioneer SGX-CA600|https://www.strava.com/activities/2514860848
07.07.2019|27.24|00:29:11|175|0|0|0|0||0|0|56|79.9|96|122|0|0|0|0||20|00:29:11|Pioneer SGX-CA600|https://www.strava.com/activities/2512359238
06.07.2019|192.07|04:23:47|1491|0|0|0|0||0|0|43.7|81.4|88|200|0|0|0|0||28|04:24:08|Pioneer SGX-CA600|https://www.strava.com/activities/2509243931
05.07.2019|48.38|01:35:27|213|0|0|0|0||0|0|30.4|50.4|0|0|0|0|0|0||26|02:16:22|Pioneer SGX-CA600|https://www.strava.com/activities/2505866928
04.07.2019|91.48|02:54:24|250|0|0|0|0||0|0|31.5|45|92|156|0|0|0|0||19|03:34:53|Pioneer SGX-CA600|https://www.strava.com/activities/2503081343
02.07.2019|41.46|01:30:26|350|0|0|0|0||0|0|27.5|72.4|86|108|0|0|0|0||30|02:04:41|Pioneer SGX-CA600|https://www.strava.com/activities/2497225631
01.07.2019|149.11|04:52:41|2644|0|0|0|0||0|0|30.6|62.3|90|132|0|0|0|0||31|05:26:05|Pioneer SGX-CA600|https://www.strava.com/activities/2494928404
26.08.2019|186.68|04:25:58|1665|0|0|0|0||0|0|42.1|103.3|84|140|0|0|0|0||29|04:26:41|Pioneer SGX-CA600|https://www.strava.com/activities/2653351382
25.08.2019|196.92|05:13:23|3131|0|0|0|0||0|0|37.7|87.1|85|140|0|0|0|0||31|05:13:23|Pioneer SGX-CA600|https://www.strava.com/activities/2650785123
23.08.2019|69.62|01:52:49|248|0|0|0|0||0|0|37|58|96|118|0|0|0|0||30|02:32:39|Pioneer SGX-CA600|https://www.strava.com/activities/2643815952
22.08.2019|54.36|01:15:55|92|0|0|0|0||0|0|43|60.5|95|115|0|0|0|0||30|01:45:46|Pioneer SGX-CA600|https://www.strava.com/activities/2640882553
20.08.2019|104.66|03:32:18|1980|0|0|0|0||0|0|29.6|70.2|86|133|0|0|0|0||26|04:18:31|Pioneer SGX-CA600|https://www.strava.com/activities/2634975823
16.08.2019|133.67|04:53:46|2669|0|0|0|0||0|0|27.3|58.7|86|115|0|0|0|0||28|06:12:14|Pioneer SGX-CA600|https://www.strava.com/activities/2623876112
15.08.2019|161.29|05:57:55|3810|0|0|0|0||0|0|27|71.3|87|122|0|0|0|0||25|06:21:52|Pioneer SGX-CA600|https://www.strava.com/activities/2621137665
14.08.2019|100.42|03:20:35|1630|0|0|0|0||0|0|30|69.5|87|161|0|0|0|0||27|03:47:22|Pioneer SGX-CA600|https://www.strava.com/activities/2617971265
12.08.2019|129.76|04:52:36|3295|0|0|0|0||0|0|26.6|66.2|87|128|0|0|0|0||24|05:29:22|Pioneer SGX-CA600|https://www.strava.com/activities/2612409903
11.08.2019|144.21|04:58:46|2599|0|0|0|0||0|0|29|58.7|91|126|0|0|0|0||29|05:25:55|Pioneer SGX-CA600|https://www.strava.com/activities/2609781128
10.08.2019|80.62|03:02:55|2033|0|0|0|0||0|0|26.4|72.4|86|127|0|0|0|0||27|03:14:36|Pioneer SGX-CA600|https://www.strava.com/activities/2606324623
08.08.2019|111.69|04:00:02|2352|0|0|0|0||0|0|27.9|68.8|91|145|0|0|0|0||28|04:24:24|Pioneer SGX-CA600|https://www.strava.com/activities/2601271423
07.08.2019|107.35|03:54:55|2186|0|0|0|0||0|0|27.4|78.1|88|151|0|0|0|0||29|04:45:25|Pioneer SGX-CA600|https://www.strava.com/activities/2598420806
06.08.2019|124.71|03:58:23|1673|0|0|0|0||0|0|31.4|67.3|92|143|0|0|0|0||30|04:18:26|Pioneer SGX-CA600|https://www.strava.com/activities/2595480955
30.09.2019|127.66|03:59:35|891|0|0|0|0||0|0|32|65.2|90|150|0|0|0|0||25|04:11:03|Pioneer SGX-CA600|https://www.strava.com/activities/2751713207
29.09.2019|120.51|03:50:26|1878|0|0|0|0||0|0|31.4|61.9|89|121|0|0|0|0||22|03:57:18|Pioneer SGX-CA600|https://www.strava.com/activities/2748933668
27.09.2019|110.12|03:31:32|1447|0|0|0|0||0|0|31.2|66.6|92|120|0|0|0|0||24|03:39:53|Pioneer SGX-CA600|https://www.strava.com/activities/2743563979
26.09.2019|110.26|03:29:53|1303|0|0|0|0||0|0|31.5|68|91|138|0|0|0|0||24|03:41:31|Pioneer SGX-CA600|https://www.strava.com/activities/2740998789
24.09.2019|92.64|02:58:54|999|0|0|0|0||0|0|31.1|62.6|91|126|0|0|0|0||23|03:17:51|Pioneer SGX-CA600|https://www.strava.com/activities/2735603310
08.09.2019|44.81|01:30:02|364|0|0|0|0||0|0|29.9|70.2|85|115|0|0|0|0||25|01:30:02|Pioneer SGX-CA600|https://www.strava.com/activities/2690193846
07.09.2019|30.51|01:01:06|221|0|0|0|0||0|0|30|57.6|94|119|0|0|0|0||25|01:04:58|Pioneer SGX-CA600|https://www.strava.com/activities/2686662330
20.10.2019|135.31|03:43:45|2536|0|0|0|0||0|0|36.3|82.8|88|145|0|0|0|0||20|03:43:45|Pioneer SGX-CA600|https://www.strava.com/activities/2802236014
18.10.2019|115.79|04:06:04|1614|0|0|0|0||0|0|28.2|74.2|88|123|0|0|0|0||13|05:35:21|Pioneer SGX-CA600|https://www.strava.com/activities/2797547198
14.10.2019|120.31|03:50:03|2279|0|0|0|0||0|0|31.4|67.7|89|123|0|0|0|0||22|04:01:40|Pioneer SGX-CA600|https://www.strava.com/activities/2788925433
10.10.2019|90.52|03:09:38|1655|0|0|0|0||0|0|28.6|79.9|85|127|0|0|0|0||15|03:31:51|Pioneer SGX-CA600|https://www.strava.com/activities/2777579773
08.10.2019|168.76|04:09:56|2288|0|0|0|0||0|0|40.5|86|89|132|0|0|0|0||17|04:11:32|Pioneer SGX-CA600|https://www.strava.com/activities/2772634713
07.10.2019|33.75|01:12:33|504|0|0|0|0||0|0|27.9|59|87|125|0|0|0|0||19|01:17:07|Pioneer SGX-CA600|https://www.strava.com/activities/2769559491
06.10.2019|106.3|04:03:59|2568|0|0|0|0||0|0|26.1|73.4|85|119|0|0|0|0||19|04:50:23|Pioneer SGX-CA600|https://www.strava.com/activities/2767314680
05.10.2019|106.22|03:59:07|2510|0|0|0|0||0|0|26.7|67|86|123|0|0|0|0||19|04:31:53|Pioneer SGX-CA600|https://www.strava.com/activities/2764335346
03.10.2019|118.28|03:58:38|1908|0|0|0|0||0|0|29.7|82.8|89|123|0|0|0|0||21|04:16:58|Pioneer SGX-CA600|https://www.strava.com/activities/2759470879
02.10.2019|114.23|03:59:38|1985|0|0|0|0||0|0|28.6|70.9|87|131|0|0|0|0||23|04:35:04|Pioneer SGX-CA600|https://www.strava.com/activities/2756846365
30.11.2019|100.3|04:01:31|2272|0|0|0|0||0|0|24.9|68.4|87|127|0|0|0|0||12|04:34:14|Pioneer SGX-CA600|https://www.strava.com/activities/2901392427
29.11.2019|49.63|01:47:43|1139|0|0|0|0||0|0|27.6|74.5|89|127|0|0|0|0||19|01:48:12|Pioneer SGX-CA600|https://www.strava.com/activities/2899428750
29.11.2019|76.8|03:06:52|1612|0|0|0|0||0|0|24.7|63.4|84|110|0|0|0|0||14|03:48:50|Pioneer SGX-CA600|https://www.strava.com/activities/2899098141
27.11.2019|86.95|03:16:32|1510|0|0|0|0||0|0|26.5|65.2|89|119|0|0|0|0||14|03:45:04|Pioneer SGX-CA600|https://www.strava.com/activities/2895260926
26.11.2019|117.8|03:57:36|1503|0|0|0|0||0|0|29.7|70.2|92|120|0|0|0|0||15|04:14:48|Pioneer SGX-CA600|https://www.strava.com/activities/2892707113
25.11.2019|94.85|03:21:16|1640|0|0|0|0||0|0|28.3|72.7|91|137|0|0|0|0||14|03:23:04|Pioneer SGX-CA600|https://www.strava.com/activities/2890059281
22.11.2019|96.42|03:14:30|1276|0|0|0|0||0|0|29.7|60.8|92|129|0|0|0|0||13|03:35:05|Pioneer SGX-CA600|https://www.strava.com/activities/2882950417
21.11.2019|103.87|03:28:12|1235|0|0|0|0||0|0|29.9|65.2|92|127|0|0|0|0||11|03:45:45|Pioneer SGX-CA600|https://www.strava.com/activities/2881209696
20.11.2019|85.14|03:04:47|1514|0|0|0|0||0|0|27.6|70.9|90|122|0|0|0|0||12|03:07:24|Pioneer SGX-CA600|https://www.strava.com/activities/2878471486
19.11.2019|85.43|02:57:35|1378|0|0|0|0||0|0|28.9|68.4|91|126|0|0|0|0||12|03:03:51|Pioneer SGX-CA600|https://www.strava.com/activities/2875932716
15.11.2019|31.46|01:01:21|208|0|0|0|0||0|0|30.8|48.2|87|157|0|0|0|0||10|01:45:44|Pioneer SGX-CA600|https://www.strava.com/activities/2865501046
11.11.2019|99.63|03:31:44|1699|0|0|0|0||0|0|28.2|70.9|90|125|0|0|0|0||10|03:34:56|Pioneer SGX-CA600|https://www.strava.com/activities/2857201582
07.11.2019|90.54|03:00:18|1030|0|0|0|0||0|0|30.1|60.5|91|118|0|0|0|0||16|03:58:03|Pioneer SGX-CA600|https://www.strava.com/activities/2847549446
06.11.2019|78.91|02:35:59|920|0|0|0|0||0|0|30.4|66.6|94|119|0|0|0|0||14|02:56:52|Pioneer SGX-CA600|https://www.strava.com/activities/2844985059
31.12.2019|115.86|04:05:55|1942|0|0|0|0||0|0|28.3|69.1|90|130|0|0|0|0||11|04:24:58|Pioneer SGX-CA600|https://www.strava.com/activities/2970272954
30.12.2019|129.31|04:57:21|2955|0|0|0|0||0|0|26.1|67.3|89|119|0|0|0|0||8|05:25:38|Pioneer SGX-CA600|https://www.strava.com/activities/2967702649
19.12.2019|98.09|03:04:08|1171|0|0|0|0||0|0|32|61.2|87|128|0|0|0|0||12|03:07:20|Garmin Edge 830|https://www.strava.com/activities/2942755448
18.12.2019|199.36|06:31:12|2995|0|0|0|0||0|0|30.6|75.6|89|123|0|0|0|0||13|07:12:24|Garmin Edge 830|https://www.strava.com/activities/2941170056
16.12.2019|143.15|04:25:38|1716|0|0|0|0||0|0|32.3|74.5|90|129|0|0|0|0||13|05:23:47|Garmin Edge 830|https://www.strava.com/activities/2936838949
15.12.2019|29.86|01:04:39|320|0|0|0|0||0|0|27.7|65.9|85|116|0|0|0|0||14|01:54:58|Garmin Edge 830|https://www.strava.com/activities/2934174095
14.12.2019|55.47|01:54:24|1044|0|0|0|0||0|0|29.1|65.9|89|124|0|0|0|0||17|02:02:33|Pioneer SGX-CA600|https://www.strava.com/activities/2932353746
14.12.2019|92.94|02:56:54|1218|0|0|0|0||0|0|31.5|70.2|91|124|0|0|0|0||14|03:04:01|Pioneer SGX-CA600|https://www.strava.com/activities/2931803583
13.12.2019|130.22|04:09:59|1691|0|0|0|0||0|0|31.3|70.9|89|122|0|0|0|0||14|04:19:33|Pioneer SGX-CA600|https://www.strava.com/activities/2930106309
12.12.2019|115.84|03:33:54|1194|0|0|0|0||0|0|32.5|70.9|93|131|0|0|0|0||11|03:38:13|Pioneer SGX-CA600|https://www.strava.com/activities/2928155855
07.12.2019|129.15|04:50:15|2621|0|0|0|0||0|0|26.7|62.6|89|139|0|0|0|0||12|05:10:10|Pioneer SGX-CA600|https://www.strava.com/activities/2917066105
04.12.2019|50.03|01:52:50|1174|0|0|0|0||0|0|26.6|63|87|122|0|0|0|0||14|02:00:37|Pioneer SGX-CA600|https://www.strava.com/activities/2910851183
04.12.2019|81.99|02:59:32|1413|0|0|0|0||0|0|27.4|71.6|91|117|0|0|0|0||11|03:02:28|Pioneer SGX-CA600|https://www.strava.com/activities/2910853772
03.12.2019|114.89|04:30:49|2504|0|0|0|0||0|0|25.5|70.2|88|133|0|0|0|0||12|05:10:10|Pioneer SGX-CA600|https://www.strava.com/activities/2908440400
02.12.2019|78.13|03:00:03|1749|0|0|0|0||0|0|26|69.8|86|118|0|0|0|0||11|03:11:38|Pioneer SGX-CA600|https://www.strava.com/activities/2905905964
31.01.2020|53.69|02:00:52|1183|0|0|0|0||0|0|26.7|65.5|89|117|0|0|0|0||15|02:13:02|Pioneer SGX-CA600|https://www.strava.com/activities/3059271681
31.01.2020|55.44|02:00:30|749|0|0|0|0||0|0|27.6|57.2|88|131|0|0|0|0||12|02:30:22|Pioneer SGX-CA600|https://www.strava.com/activities/3058734716
23.01.2020|34.78|01:18:08|696|0|0|0|0||0|0|26.7|61.9|90|124|0|0|0|0||11|01:19:58|Pioneer SGX-CA600|https://www.strava.com/activities/3036682659
23.01.2020|67.08|02:20:40|876|0|0|0|0||0|0|28.6|70.6|91|126|0|0|0|0||12|02:44:59|Pioneer SGX-CA600|https://www.strava.com/activities/3035869394
22.01.2020|30.54|01:04:13|449|0|0|0|0||0|0|28.5|60.1|92|123|0|0|0|0||13|01:05:37|Pioneer SGX-CA600|https://www.strava.com/activities/3033687992
22.01.2020|57.48|01:58:31|644|0|0|0|0||0|0|29.1|58.7|92|118|0|0|0|0||14|02:17:02|Pioneer SGX-CA600|https://www.strava.com/activities/3033276338
31.01.2020|53.69|02:00:52|1183|0|0|0|0||0|0|26.7|65.5|89|117|0|0|0|0||15|02:13:02|Pioneer SGX-CA600|https://www.strava.com/activities/3059271681
31.01.2020|55.44|02:00:30|749|0|0|0|0||0|0|27.6|57.2|88|131|0|0|0|0||12|02:30:22|Pioneer SGX-CA600|https://www.strava.com/activities/3058734716
23.01.2020|34.78|01:18:08|696|0|0|0|0||0|0|26.7|61.9|90|124|0|0|0|0||11|01:19:58|Pioneer SGX-CA600|https://www.strava.com/activities/3036682659
23.01.2020|67.08|02:20:40|876|0|0|0|0||0|0|28.6|70.6|91|126|0|0|0|0||12|02:44:59|Pioneer SGX-CA600|https://www.strava.com/activities/3035869394
22.01.2020|30.54|01:04:13|449|0|0|0|0||0|0|28.5|60.1|92|123|0|0|0|0||13|01:05:37|Pioneer SGX-CA600|https://www.strava.com/activities/3033687992
22.01.2020|57.48|01:58:31|644|0|0|0|0||0|0|29.1|58.7|92|118|0|0|0|0||14|02:17:02|Pioneer SGX-CA600|https://www.strava.com/activities/3033276338
24.03.2020|30.67|00:55:36|606|0|0|0|0||0|0|33.1|67|94|119|0|0|0|0|||00:55:36|Zwift|https://www.strava.com/activities/3212924126
24.03.2020|47.12|01:25:15|1127|0|0|0|0||0|0|33.2|88.6|93|131|0|0|0|0|||01:27:01|Zwift|https://www.strava.com/activities/3212261724
23.03.2020|47.94|01:22:50|975|0|0|0|0||0|0|34.7|84.6|96|174|0|0|0|0|||01:22:50|Zwift|https://www.strava.com/activities/3209941690
17.03.2020|145.39|05:04:58|3452|0|0|0|0||0|0|28.6|73.4|89|121|0|0|0|0||12|05:16:18|Garmin Edge 830|https://www.strava.com/activities/3191002225
15.03.2020|90.37|03:20:13|2017|0|0|0|0||0|0|27.1|66.6|85|121|0|0|0|0||14|03:24:04|Garmin Edge 830|https://www.strava.com/activities/3185149416
14.03.2020|140.05|04:54:17|3264|0|0|0|0||0|0|28.6|68.8|88|135|0|0|0|0||16|05:19:31|Garmin Edge 830|https://www.strava.com/activities/3182277665
13.03.2020|35.17|01:31:25|378|0|0|0|0||0|0|23.1|58|80|111|0|0|0|0||12|01:33:42|Garmin Edge 830|https://www.strava.com/activities/3179278843
12.03.2020|152.34|05:17:02|3572|0|0|0|0||0|0|28.8|72|88|140|0|0|0|0||10|05:43:32|Garmin Edge 830|https://www.strava.com/activities/3177040708
11.03.2020|120.43|04:07:16|2561|0|0|0|0||0|0|29.2|74.9|91|128|0|0|0|0||15|04:30:00|Garmin Edge 830|https://www.strava.com/activities/3174006814
10.03.2020|25.47|01:13:26|254|0|0|0|0||0|0|20.8|44.6|75|106|0|0|0|0||16|01:46:41|Garmin Edge 830|https://www.strava.com/activities/3170682755
09.03.2020|206.75|07:01:33|3720|0|0|0|0||0|0|29.4|68|89|141|0|0|0|0||11|07:38:40|Garmin Edge 830|https://www.strava.com/activities/3168617895
08.03.2020|120.61|03:54:41|2119|0|0|0|0||0|0|30.8|64.8|89|123|0|0|0|0||15|04:12:21|Garmin Edge 830|https://www.strava.com/activities/3165232272
06.03.2020|58.3|02:01:31|1211|0|0|0|0||0|0|28.8|76.3|87|119|0|0|0|0||14|02:16:37|Garmin Edge 830|https://www.strava.com/activities/3159142624
06.03.2020|85.53|02:58:23|1474|0|0|0|0||0|0|28.8|67.7|90|166|0|0|0|0||9|03:14:06|Garmin Edge 830|https://www.strava.com/activities/3158616309
05.03.2020|76.55|02:42:49|1631|0|0|0|0||0|0|28.2|63.4|87|115|0|0|0|0||9|02:48:21|Garmin Edge 830|https://www.strava.com/activities/3155941045
04.03.2020|108.99|04:00:14|2039|0|0|0|0||0|0|27.2|76.3|87|132|0|0|0|0||16|04:28:34|Garmin Edge 830|https://www.strava.com/activities/3153362683
02.03.2020|30.42|01:02:11|567|0|0|0|0||0|0|29.4|85|88|133|0|0|0|0||16|01:03:26|Garmin Edge 830|https://www.strava.com/activities/3147306820
01.03.2020|84.78|03:00:02|1959|0|0|0|0||0|0|28.3|78.5|88|124|0|0|0|0||19|03:19:59|Garmin Edge 830|https://www.strava.com/activities/3144961760
29.04.2020|72.71|02:05:51|1334|0|0|0|0||0|0|34.7|87.1|90|125|0|0|0|0|||02:06:48|Zwift|https://www.strava.com/activities/3369883210
28.04.2020|68.77|02:00:36|1237|0|0|0|0||0|0|34.2|85.7|89|134|0|0|0|0|||02:01:37|Zwift|https://www.strava.com/activities/3365018218
26.04.2020|36.05|01:01:06|448|0|0|0|0||0|0|35.4|90|72|100|0|0|0|0|||01:01:06|Zwift|https://www.strava.com/activities/3354762329
19.04.2020|50.08|01:16:47|704|0|0|0|0||0|0|39.1|80.6|88|134|0|0|0|0|||01:16:47|Zwift|https://www.strava.com/activities/3319881164
11.04.2020|52.24|01:15:38|347|0|0|0|0||0|0|41.4|67|91|117|0|0|0|0|||01:16:19|Zwift|https://www.strava.com/activities/3283073325
04.04.2020|42.67|01:06:20|497|0|0|0|0||0|0|38.6|81.4|87|119|0|0|0|0|||01:06:20|Zwift|https://www.strava.com/activities/3252561540
30.05.2020|169.76|05:38:41|3333|0|0|0|0||0|0|30.1|74.2|89|130|0|0|0|0||21|05:56:53|Garmin Edge 830|https://www.strava.com/activities/3535819352
29.05.2020|52.4|01:58:42|1035|0|0|0|0||0|0|26.5|67.3|83|115|0|0|0|0||15|02:07:52|Garmin Edge 830|https://www.strava.com/activities/3529961724
28.05.2020|142.85|04:58:49|3050|0|0|0|0||0|0|28.7|68|87|125|0|0|0|0||22|05:11:35|Garmin Edge 830|https://www.strava.com/activities/3525077698
27.05.2020|108.08|03:33:15|1919|0|0|0|0||0|0|30.4|73.8|88|127|0|0|0|0||18|03:44:01|Garmin Edge 830|https://www.strava.com/activities/3519238774
26.05.2020|93.59|02:59:07|1645|0|0|0|0||0|0|31.4|71.3|88|124|0|0|0|0||28|03:13:14|Garmin Edge 830|https://www.strava.com/activities/3514023134
23.05.2020|38.77|01:26:07|480|0|0|0|0||0|0|27|51.8|88|136|0|0|0|0||25|01:26:55|Garmin Edge 830|https://www.strava.com/activities/3498277575
22.05.2020|129.94|04:13:13|2621|0|0|0|0||0|0|30.8|75.2|87|123|0|0|0|0||25|04:30:18|Garmin Edge 830|https://www.strava.com/activities/3493037259
21.05.2020|106.27|03:52:49|2236|0|0|0|0||0|0|27.4|68.8|85|112|0|0|0|0||24|03:59:50|Garmin Edge 830|https://www.strava.com/activities/3487431437
20.05.2020|91.23|02:59:34|1578|0|0|0|0||0|0|30.5|67|86|128|0|0|0|0||25|03:10:44|Garmin Edge 830|https://www.strava.com/activities/3481793817
17.05.2020|46.69|01:02:17|185|0|0|0|0||0|0|45|67|90|123|0|0|0|0|||01:02:17|Zwift|https://www.strava.com/activities/3464431133
11.05.2020|58.32|01:45:01|1010|0|0|0|0||0|0|33.3|88.6|88|114|0|0|0|0|||01:45:47|Zwift|https://www.strava.com/activities/3434144336
11.05.2020|61.7|01:45:29|1049|0|0|0|0||0|0|35.1|87.8|87|121|0|0|0|0|||01:47:41|Zwift|https://www.strava.com/activities/3433357786
10.05.2020|33.62|00:44:38|289|0|0|0|0||0|0|45.2|79.2|91|121|0|0|0|0|||00:44:38|Zwift|https://www.strava.com/activities/3428256176
03.05.2020|45.48|01:00:24|302|0|0|0|0||0|0|45.2|67.3|89|120|0|0|0|0|||01:00:24|Zwift|https://www.strava.com/activities/3389365792
02.05.2020|72.34|02:00:28|1104|0|0|0|0||0|0|36|73.4|89|126|0|0|0|0|||02:00:28|Zwift|https://www.strava.com/activities/3385079886
02.05.2020|29.72|00:54:36|709|0|0|0|0||0|0|32.7|76.3|91|122|0|0|0|0||13|00:54:36|Garmin Edge 830|https://www.strava.com/activities/3383958601
01.05.2020|60.52|02:00:05|1652|0|0|0|0||0|0|30.2|78.8|88|120|0|0|0|0|||02:02:41|Zwift|https://www.strava.com/activities/3380004302
30.06.2020|132.8|04:38:07|3090|0|0|0|0||0|0|28.7|70.9|87|125|0|0|0|0||25|06:13:37|Garmin Edge 830|https://www.strava.com/activities/3692544999
29.06.2020|138.19|05:13:36|3283|0|0|0|0||0|0|26.4|67|85|193|0|0|0|0||27|05:48:58|Garmin Edge 830|https://www.strava.com/activities/3687909719
28.06.2020|38.84|01:15:14|336|0|0|0|0||0|0|31|64.4|89|123|0|0|0|0||26|01:22:05|Garmin Edge 830|https://www.strava.com/activities/3684547090
27.06.2020|167.91|06:08:23|3993|0|0|0|0||0|0|27.3|70.2|86|138|0|0|0|0||27|06:40:20|Garmin Edge 830|https://www.strava.com/activities/3678349203
26.06.2020|95.22|03:02:08|1163|0|0|0|0||0|0|31.4|65.5|88|123|0|0|0|0||28|03:33:40|Garmin Edge 830|https://www.strava.com/activities/3674207588
26.06.2020|64.07|02:00:50|1255|0|0|0|0||0|0|31.8|64.4|88|129|0|0|0|0||23|02:04:01|Garmin Edge 830|https://www.strava.com/activities/3672804885
25.06.2020|110.29|04:12:46|2787|0|0|0|0||0|0|26.2|65.2|86|128|0|0|0|0||25|04:30:06|Garmin Edge 830|https://www.strava.com/activities/3668464551
22.06.2020|37.73|01:09:59|511|0|0|0|0||0|0|32.4|69.1|90|115|0|0|0|0||29|01:12:18|Garmin Edge 830|https://www.strava.com/activities/3652710232
21.06.2020|113.68|04:01:28|2377|0|0|0|0||0|0|28.2|74.2|87|127|0|0|0|0||26|04:06:08|Garmin Edge 830|https://www.strava.com/activities/3648465463
20.06.2020|153.12|05:32:39|3659|0|0|0|0||0|0|27.6|73.1|89|127|0|0|0|0||25|06:10:45|Garmin Edge 830|https://www.strava.com/activities/3643240504
19.06.2020|109.41|03:52:36|2746|0|0|0|0||0|0|28.2|68.4|0|0|0|0|0|0|||03:56:14|Garmin Connect|https://www.strava.com/activities/3638465148
17.06.2020|112.59|04:24:47|2713|0|0|0|0||0|0|25.5|61.2|84|119|0|0|0|0||23|05:21:12|Garmin Edge 830|https://www.strava.com/activities/3628459364
16.06.2020|94.71|03:22:35|2422|0|0|0|0||0|0|28.1|68.4|88|136|0|0|0|0||22|03:27:22|Garmin Edge 830|https://www.strava.com/activities/3622746150
15.06.2020|130.44|05:03:21|3416|0|0|0|0||0|0|25.8|68|85|125|0|0|0|0||20|05:20:16|Garmin Edge 830|https://www.strava.com/activities/3618105986
13.06.2020|138.39|05:00:28|2149|0|0|0|0||0|0|27.6|69.1|85|126|0|0|0|0||17|05:20:59|Garmin Edge 830|https://www.strava.com/activities/3607369359
12.06.2020|117.43|04:01:25|2662|0|0|0|0||0|0|29.2|68.4|86|160|0|0|0|0||20|04:17:15|Garmin Edge 830|https://www.strava.com/activities/3602134777
10.06.2020|152.07|04:52:13|1961|0|0|0|0||0|0|31.2|78.8|88|136|0|0|0|0||20|05:10:45|Garmin Edge 830|https://www.strava.com/activities/3592602959
09.06.2020|124.9|04:33:19|3441|0|0|0|0||0|0|27.4|70.2|86|128|0|0|0|0||19|04:56:13|Garmin Edge 830|https://www.strava.com/activities/3587290627
08.06.2020|129.61|04:30:18|2930|0|0|0|0||0|0|28.8|68|88|127|0|0|0|0||21|04:35:13|Garmin Edge 830|https://www.strava.com/activities/3582276525
06.06.2020|138.19|05:14:09|3408|0|0|0|0||0|0|26.4|66.6|86|114|0|0|0|0||22|05:37:58|Garmin Edge 830|https://www.strava.com/activities/3571956776
05.06.2020|116.42|03:59:33|2750|0|0|0|0||0|0|29.2|70.2|88|129|0|0|0|0|3,425|22|04:03:39|Garmin Edge 830|https://www.strava.com/activities/3566746382
03.06.2020|119.65|04:32:32|2973|0|0|0|0||0|0|26.3|67.7|83|132|0|0|0|0||20|04:49:27|Garmin Edge 830|https://www.strava.com/activities/3557317569
02.06.2020|123.06|03:59:31|2382|0|0|0|0||0|0|30.8|69.1|89|126|0|0|0|0||25|04:13:12|Garmin Edge 830|https://www.strava.com/activities/3552173192
01.06.2020|117.35|04:25:03|2860|0|0|0|0||0|0|26.6|69.8|83|132|0|0|0|0||22|05:00:51|Garmin Edge 830|https://www.strava.com/activities/3546681079
31.07.2020|43.19|01:26:08|826|0|0|0|0||0|0|30.1|66.2|87|133|0|0|0|0||27|01:26:08|Garmin Edge 830|https://www.strava.com/activities/3842140313
29.07.2020|113.71|04:11:59|3162|0|0|0|0||0|0|27.1|88.9|86|129|0|0|0|0||24|05:07:43|Garmin Edge 830|https://www.strava.com/activities/3832715946
28.07.2020|138.49|05:00:20|3708|0|0|0|0||0|0|27.7|88.2|85|140|0|0|0|0||27|05:18:29|Garmin Edge 830|https://www.strava.com/activities/3826550493
27.07.2020|177.87|06:03:21|4596|0|0|0|0||0|0|29.4|84.2|88|200|0|0|0|0||26|07:17:48|Garmin Edge 830|https://www.strava.com/activities/3826545586
25.07.2020|191.22|07:05:09|5573|0|0|0|0||0|0|27|86.4|87|200|0|0|0|0||23|08:00:59|Garmin Edge 830|https://www.strava.com/activities/3811825650
24.07.2020|104.44|04:09:00|3489|0|0|0|0||0|0|25.2|63|86|147|0|0|0|0||14|05:04:15|Garmin Edge 830|https://www.strava.com/activities/3811823929
22.07.2020|200.39|06:20:35|4067|0|0|0|0||0|0|31.6|79.2|87|139|0|0|0|0||24|06:48:33|Garmin Edge 830|https://www.strava.com/activities/3800728242
21.07.2020|113.48|04:11:13|3365|0|0|0|0||0|0|27.1|73.1|89|165|0|0|0|0||26|04:32:04|Garmin Edge 830|https://www.strava.com/activities/3795481522
20.07.2020|123.56|04:28:24|3126|0|0|0|0||0|0|27.6|83.2|86|132|0|0|0|0||27|04:52:13|Garmin Edge 830|https://www.strava.com/activities/3790142359
19.07.2020|45.45|01:31:45|713|0|0|0|0||0|0|29.7|60.1|90|128|0|0|0|0||21|02:00:43|Garmin Edge 830|https://www.strava.com/activities/3784769194
18.07.2020|205.35|06:49:22|4618|0|0|0|0||0|0|30.1|84.6|87|140|0|0|0|0||23|07:21:31|Garmin Edge 830|https://www.strava.com/activities/3780532531
17.07.2020|144.63|05:15:14|4151|0|0|0|0||0|0|27.5|81.4|86|178|0|0|0|0||18|06:17:12|Garmin Edge 830|https://www.strava.com/activities/3775633572
16.07.2020|47.25|01:41:05|852|0|0|0|0||0|0|28|64.8|88|123|0|0|0|0||18|02:49:51|Garmin Edge 830|https://www.strava.com/activities/3770267625
15.07.2020|159.45|05:33:39|3840|0|0|0|0||0|0|28.7|83.5|90|200|0|0|0|0||18|05:54:21|Garmin Edge 830|https://www.strava.com/activities/3765783800
13.07.2020|136.07|05:09:15|3887|0|0|0|0||0|0|26.4|83.5|85|131|0|0|0|0||22|05:55:28|Garmin Edge 830|https://www.strava.com/activities/3756020750
12.07.2020|41.97|01:40:39|1152|0|0|0|0||0|0|25|74.9|84|187|0|0|0|0||24|02:37:11|Garmin Edge 830|https://www.strava.com/activities/3750532284
11.07.2020|92.83|03:09:55|2011|0|0|0|0||0|0|29.3|75.2|88|125|0|0|0|0||15|03:21:16|Garmin Edge 830|https://www.strava.com/activities/3745158453
10.07.2020|110.61|03:54:11|2602|0|0|0|0||0|0|28.3|82.8|86|166|0|0|0|0||22|04:10:08|Garmin Edge 830|https://www.strava.com/activities/3740800179
08.07.2020|52.58|02:02:30|1121|0|0|0|0||0|0|25.8|57.2|83|109|0|0|0|0||22|02:58:22|Garmin Edge 830|https://www.strava.com/activities/3730707657
07.07.2020|102.09|03:37:24|2360|0|0|0|0||0|0|28.2|70.9|88|129|0|0|0|0||28|03:48:13|Garmin Edge 830|https://www.strava.com/activities/3726092229
06.07.2020|29.55|00:59:52|535|0|0|0|0||0|0|29.6|67.3|89|118|0|0|0|0||30|01:00:14|Garmin Edge 830|https://www.strava.com/activities/3721901018
05.07.2020|135.69|04:35:00|2419|0|0|0|0||0|0|29.6|61.9|89|141|0|0|0|0||30|04:52:20|Garmin Edge 830|https://www.strava.com/activities/3716924435
04.07.2020|167|06:12:24|4379|0|0|0|0||0|0|26.9|65.2|88|128|0|0|0|0||25|06:43:15|Garmin Edge 830|https://www.strava.com/activities/3712183906
03.07.2020|73.08|02:39:00|1785|0|0|0|0||0|0|27.6|70.2|86|135|0|0|0|0||22|02:47:28|Garmin Edge 830|https://www.strava.com/activities/3706478845
01.07.2020|41.81|01:30:38|907|0|0|0|0||0|0|27.7|69.5|88|115|0|0|0|0||23|01:36:11|Garmin Edge 830|https://www.strava.com/activities/3697581544
01.07.2020|122.63|03:21:04|1232|0|0|0|0||0|0|36.6|73.1|91|148|0|0|0|0||25|03:51:17|Garmin Edge 830|https://www.strava.com/activities/3697580859
31.08.2020|86.32|03:00:20|1633|0|0|0|0||0|0|28.7|70.2|93|142|0|0|0|0||21|03:20:56|Garmin Edge 830|https://www.strava.com/activities/3990542458
30.08.2020|61.17|01:58:21|1339|0|0|0|0||0|0|31|87.5|90|132|0|0|0|0|||01:58:21|Zwift|https://www.strava.com/activities/3985655430
30.08.2020|31.67|01:00:10|577|0|0|0|0||0|0|31.6|59.8|92|123|0|0|0|0|||01:00:10|Zwift|https://www.strava.com/activities/3984816089
28.08.2020|62.93|01:49:07|860|0|0|0|0||0|0|34.6|76.3|91|120|0|0|0|0|||01:49:07|Zwift|https://www.strava.com/activities/3977317456
27.08.2020|40.62|01:11:27|705|0|0|0|0||0|0|34.1|75.6|91|120|0|0|0|0|||01:11:27|Zwift|https://www.strava.com/activities/3971931985
26.08.2020|47.18|01:19:24|416|0|0|0|0||0|0|35.7|63.7|93|126|0|0|0|0|||01:19:24|Zwift|https://www.strava.com/activities/3967294708
25.08.2020|40.47|01:12:38|752|0|0|0|0||0|0|33.4|87.5|89|116|0|0|0|0|||01:14:47|Zwift|https://www.strava.com/activities/3962437346
24.08.2020|38.75|01:15:58|635|0|0|0|0||0|0|30.6|76.3|90|115|0|0|0|0|||01:15:58|Zwift|https://www.strava.com/activities/3957987118
23.08.2020|35.14|01:00:02|248|0|0|0|0||0|0|35.1|64.8|90|111|0|0|0|0|||01:01:07|Zwift|https://www.strava.com/activities/3952733753
22.08.2020|27.54|00:55:01|262|0|0|0|0||0|0|30|72.4|95|114|0|0|0|0|||00:56:23|Zwift|https://www.strava.com/activities/3948184564
21.08.2020|24.81|00:41:46|119|0|0|0|0||0|0|35.6|50.8|96|104|0|0|0|0|||00:41:46|Zwift|https://www.strava.com/activities/3944065486
20.08.2020|16.32|00:29:59|76|0|0|0|0||0|0|32.7|49.3|97|103|0|0|0|0|||00:29:59|Zwift|https://www.strava.com/activities/3940164603
14.08.2020|155.38|04:08:37|3183|0|0|0|0||0|0|37.5|91.4|88|138|0|0|0|0||28|04:08:37|Garmin Edge 830|https://www.strava.com/activities/3912024227
13.08.2020|134.1|03:41:04|2685|0|0|0|0||0|0|36.4|97.9|90|136|0|0|0|0||31|03:41:04|Garmin Edge 830|https://www.strava.com/activities/3907605907
12.08.2020|217.02|05:26:38|3360|0|0|0|0||0|0|39.9|90.7|90|146|0|0|0|0||27|05:27:57|Garmin Edge 830|https://www.strava.com/activities/3902618746
11.08.2020|49.66|01:31:01|631|0|0|0|0||0|0|32.7|75.6|87|132|0|0|0|0||26|01:34:08|Garmin Edge 830|https://www.strava.com/activities/3896429470
10.08.2020|46.38|01:22:54|274|0|0|0|0||0|0|33.6|52.2|91|128|0|0|0|0||32|01:24:26|Garmin Edge 830|https://www.strava.com/activities/3891664241
09.08.2020|144.18|04:06:46|3343|0|0|0|0||0|0|35.1|91.8|87|129|0|0|0|0||32|04:07:09|Garmin Edge 830|https://www.strava.com/activities/3888114196
08.08.2020|139.46|03:58:05|3383|0|0|0|0||0|0|35.1|86|87|171|0|0|0|0||32|03:58:57|Garmin Edge 830|https://www.strava.com/activities/3882947580
07.08.2020|139.16|03:16:27|1328|0|0|0|0||0|0|42.5|88.6|88|153|0|0|0|0||33|03:17:14|Garmin Edge 830|https://www.strava.com/activities/3878034183
06.08.2020|50.97|01:28:04|433|0|0|0|0||0|0|34.7|64.8|88|127|0|0|0|0||27|01:30:51|Garmin Edge 830|https://www.strava.com/activities/3872305287
04.08.2020|117.25|03:54:59|2174|0|0|0|0||0|0|29.9|62.6|89|127|0|0|0|0||27|04:13:31|Garmin Edge 830|https://www.strava.com/activities/3862947159
03.08.2020|110.82|03:58:42|2364|0|0|0|0||0|0|27.9|60.1|87|132|0|0|0|0||25|04:24:23|Garmin Edge 830|https://www.strava.com/activities/3857601034
02.08.2020|125.42|03:54:47|1554|0|0|0|0||0|0|32.1|68.4|89|120|0|0|0|0||31|04:09:54|Garmin Edge 830|https://www.strava.com/activities/3852996076
29.09.2020|112.94|03:55:33|2313|0|0|0|0||0|0|28.8|63.4|89|129|0|0|0|0||21|04:10:20|Garmin Edge 830|https://www.strava.com/activities/4127956588
27.09.2020|120.54|03:59:48|2480|0|0|0|0||0|0|30.2|66.2|89|119|0|0|0|0||18|04:07:59|Garmin Edge 830|https://www.strava.com/activities/4118973743
26.09.2020|111.97|03:53:17|2473|0|0|0|0||0|0|28.8|69.8|88|127|0|0|0|0||21|03:55:57|Garmin Edge 830|https://www.strava.com/activities/4114002231
24.09.2020|166.58|06:07:20|4209|0|0|0|0||0|0|27.2|70.2|86|129|0|0|0|0||13|06:32:15|Garmin Edge 830|https://www.strava.com/activities/4106070962
23.09.2020|134.47|04:57:10|3803|0|0|0|0||0|0|27.2|76.7|87|144|0|0|0|0||16|05:18:50|Garmin Edge 830|https://www.strava.com/activities/4101306750
22.09.2020|41.45|01:35:39|1281|0|0|0|0||0|0|26|79.6|87|128|0|0|0|0||15|02:33:07|Garmin Edge 130|https://www.strava.com/activities/4096032755
21.09.2020|197.78|06:55:42|4767|0|0|0|0||0|0|28.5|75.2|89|139|0|0|0|0||15|07:17:36|Garmin Edge 830|https://www.strava.com/activities/4092211867
20.09.2020|128.37|04:50:05|3835|0|0|0|0||0|0|26.6|85|88|161|0|0|0|0|4,028|15|05:05:18|Garmin Edge 830|https://www.strava.com/activities/4087191249
19.09.2020|41.16|01:29:33|764|0|0|0|0||0|0|27.6|73.4|87|118|0|0|0|0||14|01:57:12|Garmin Edge 830|https://www.strava.com/activities/4081016523
18.09.2020|169.82|06:00:24|4485|0|0|0|0||0|0|28.3|87.8|87|169|0|0|0|0||21|06:15:57|Garmin Edge 830|https://www.strava.com/activities/4077568645
17.09.2020|139.51|04:55:09|3745|0|0|0|0||0|0|28.4|82.4|87|145|0|0|0|0||21|06:03:48|Garmin Edge 830|https://www.strava.com/activities/4073127701
16.09.2020|41.45|01:41:32|1154|0|0|0|0||0|0|24.5|78.5|81|129|0|0|0|0||21|02:39:41|Garmin Edge 830|https://www.strava.com/activities/4067681021
15.09.2020|201.49|07:19:10|5573|0|0|0|0||0|0|27.5|86.4|87|138|0|0|0|0||21|07:40:23|Garmin Edge 830|https://www.strava.com/activities/4063584226
14.09.2020|144.69|04:56:31|3734|0|0|0|0||0|0|29.3|81.4|88|165|0|0|0|0||23|05:23:41|Garmin Edge 830|https://www.strava.com/activities/4058409804
13.09.2020|141.32|04:56:53|3685|0|0|0|0||0|0|28.6|79.6|88|128|0|0|0|0||20|05:40:02|Garmin Edge 830|https://www.strava.com/activities/4053780258
12.09.2020|41.79|01:37:14|1140|0|0|0|0||0|0|25.8|74.9|85|139|0|0|0|0||18|02:20:53|Garmin Edge 830|https://www.strava.com/activities/4047587878
11.09.2020|147.16|05:26:18|4079|0|0|0|0||0|0|27.1|76.3|88|130|0|0|0|0|4,649|17|05:45:17|Garmin Edge 830|https://www.strava.com/activities/4043834180
10.09.2020|120.72|04:27:30|3446|0|0|0|0||0|0|27.1|85|87|168|0|0|0|0||20|04:45:36|Garmin Edge 830|https://www.strava.com/activities/4039154951
08.09.2020|116.21|04:12:40|2788|0|0|0|0||0|0|27.6|76|86|151|0|0|0|0||19|04:40:30|Garmin Edge 830|https://www.strava.com/activities/4029572269
07.09.2020|62.83|02:21:12|1450|0|0|0|0||0|0|26.7|80.6|88|128|0|0|0|0||12|02:30:44|Garmin Edge 830|https://www.strava.com/activities/4024526869
05.09.2020|112.33|03:56:24|2427|0|0|0|0||0|0|28.5|74.9|89|138|0|0|0|0||24|04:02:02|Garmin Edge 830|https://www.strava.com/activities/4014402037
04.09.2020|91.79|03:11:50|2157|0|0|0|0||0|0|28.7|68|87|141|0|0|0|0||23|03:23:42|Garmin Edge 830|https://www.strava.com/activities/4009371551
03.09.2020|104.46|04:00:21|2529|0|0|0|0||0|0|26.1|62.6|86|121|0|0|0|0||24|04:20:13|Garmin Edge 830|https://www.strava.com/activities/4005346239
02.09.2020|112.81|03:58:02|2737|0|0|0|0||0|0|28.4|64.8|90|123|0|0|0|0||22|04:13:21|Garmin Edge 830|https://www.strava.com/activities/4000542554
01.09.2020|84.14|02:50:03|1710|0|0|0|0||0|0|29.7|65.5|93|139|0|0|0|0||20|03:02:24|Garmin Edge 830|https://www.strava.com/activities/3995076179
11.10.2020|206.47|05:42:42|4548|0|0|0|0||0|0|36.1|101.5|83|146|0|0|0|0||14|05:42:42|Garmin Edge 830|https://www.strava.com/activities/4181536946
10.10.2020|200.53|05:03:18|2177|0|0|0|0||0|0|39.7|87.5|83|124|0|0|0|0||24|05:04:25|Garmin Edge 830|https://www.strava.com/activities/4176447158
09.10.2020|144|02:48:34|454|0|0|0|0||0|0|51.3|86.8|89|134|0|0|0|0||23|02:48:34|Garmin Edge 830|https://www.strava.com/activities/4171951863
08.10.2020|187.01|04:52:34|2535|0|0|0|0||0|0|38.4|86.8|82|138|0|0|0|0||21|04:54:16|Garmin Edge 830|https://www.strava.com/activities/4167886402
07.10.2020|223.09|06:05:25|4518|0|0|0|0||0|0|36.6|90|84|135|0|0|0|0||17|06:06:42|Garmin Edge 830|https://www.strava.com/activities/4163532658
06.10.2020|139.5|03:21:16|1772|0|0|0|0||0|0|41.6|79.6|86|192|0|0|0|0||23|03:22:06|Garmin Edge 830|https://www.strava.com/activities/4158744591
05.10.2020|149.3|04:04:22|3523|0|0|0|0||0|0|36.7|78.5|85|200|0|0|0|0||26|04:05:17|Garmin Edge 130|https://www.strava.com/activities/4154535311
04.10.2020|148.8|03:24:19|1902|0|0|0|0||0|0|43.7|86.8|89|142|0|0|0|0||29|03:24:40|Garmin Edge 830|https://www.strava.com/activities/4150610833
02.10.2020|63.76|01:50:14|949|0|0|0|0||0|0|34.7|67.7|93|124|0|0|0|0||29|01:59:41|Garmin Edge 130|https://www.strava.com/activities/4140751762
01.10.2020|63.83|01:52:52|861|0|0|0|0||0|0|33.9|69.5|93|128|0|0|0|0||25|01:56:55|Garmin Edge 830|https://www.strava.com/activities/4136423092
11.10.2020|206.47|05:42:42|4548|0|0|0|0||0|0|36.1|101.5|83|146|0|0|0|0||14|05:42:42|Garmin Edge 830|https://www.strava.com/activities/4181536946
10.10.2020|200.53|05:03:18|2177|0|0|0|0||0|0|39.7|87.5|83|124|0|0|0|0||24|05:04:25|Garmin Edge 830|https://www.strava.com/activities/4176447158
09.10.2020|144|02:48:34|454|0|0|0|0||0|0|51.3|86.8|89|134|0|0|0|0||23|02:48:34|Garmin Edge 830|https://www.strava.com/activities/4171951863
08.10.2020|187.01|04:52:34|2535|0|0|0|0||0|0|38.4|86.8|82|138|0|0|0|0||21|04:54:16|Garmin Edge 830|https://www.strava.com/activities/4167886402
07.10.2020|223.09|06:05:25|4518|0|0|0|0||0|0|36.6|90|84|135|0|0|0|0||17|06:06:42|Garmin Edge 830|https://www.strava.com/activities/4163532658
06.10.2020|139.5|03:21:16|1772|0|0|0|0||0|0|41.6|79.6|86|192|0|0|0|0||23|03:22:06|Garmin Edge 830|https://www.strava.com/activities/4158744591
05.10.2020|149.3|04:04:22|3523|0|0|0|0||0|0|36.7|78.5|85|200|0|0|0|0||26|04:05:17|Garmin Edge 130|https://www.strava.com/activities/4154535311
04.10.2020|148.8|03:24:19|1902|0|0|0|0||0|0|43.7|86.8|89|142|0|0|0|0||29|03:24:40|Garmin Edge 830|https://www.strava.com/activities/4150610833
02.10.2020|63.76|01:50:14|949|0|0|0|0||0|0|34.7|67.7|93|124|0|0|0|0||29|01:59:41|Garmin Edge 130|https://www.strava.com/activities/4140751762
01.10.2020|63.83|01:52:52|861|0|0|0|0||0|0|33.9|69.5|93|128|0|0|0|0||25|01:56:55|Garmin Edge 830|https://www.strava.com/activities/4136423092
31.12.2020|137.83|04:55:34|3022|0|0|0|0||0|0|28|77.4|88|163|0|0|0|0||8|05:00:43|Garmin Edge 830|https://www.strava.com/activities/4544420109
29.12.2020|85.64|02:58:00|1688|0|0|0|0||0|0|28.9|70.9|88|119|0|0|0|0||9|03:55:04|Garmin Edge 830|https://www.strava.com/activities/4533432263
28.12.2020|141.36|04:58:12|2877|0|0|0|0||0|0|28.4|66.2|88|124|0|0|0|0||6|05:10:36|Garmin Edge 830|https://www.strava.com/activities/4530115950
27.12.2020|116.03|03:57:23|2307|0|0|0|0||0|0|29.3|87.5|89|141|0|0|0|0||7|04:05:45|Garmin Edge 830|https://www.strava.com/activities/4524299019
24.12.2020|130.5|05:07:08|3137|0|0|0|0||0|0|25.5|64.1|85|154|0|0|0|0||11|05:33:26|Garmin Edge 830|https://www.strava.com/activities/4512369805
23.12.2020|124.04|04:26:49|2464|0|0|0|0||0|0|27.9|65.2|88|127|0|0|0|0||9|04:39:36|Garmin Edge 830|https://www.strava.com/activities/4507910292
22.12.2020|113.28|03:56:42|2186|0|0|0|0||0|0|28.7|66.2|88|140|0|0|0|0||12|04:01:32|Garmin Edge 830|https://www.strava.com/activities/4503502512
21.12.2020|54.94|01:55:27|1021|0|0|0|0||0|0|28.6|59.4|89|134|0|0|0|0|1,552|14|02:14:22|Garmin Edge 830|https://www.strava.com/activities/4499521723
19.12.2020|79.82|02:48:31|770|0|0|0|0||0|0|28.4|72.4|88|146|0|0|0|0||9|02:52:37|Garmin Edge 830|https://www.strava.com/activities/4490585149
18.12.2020|133.94|04:54:39|3066|0|0|0|0||0|0|27.3|66.6|87|136|0|0|0|0||12|05:12:22|Garmin Edge 830|https://www.strava.com/activities/4486957507
17.12.2020|118.53|04:29:14|2311|0|0|0|0||0|0|26.4|69.5|86|126|0|0|0|0||11|04:58:10|Garmin Edge 830|https://www.strava.com/activities/4482970075
16.12.2020|53.82|01:58:06|1285|0|0|0|0||0|0|27.3|66.2|86|200|0|0|0|0||12|01:59:27|Garmin Edge 830|https://www.strava.com/activities/4479725535
16.12.2020|79.49|03:00:38|1735|0|0|0|0||0|0|26.4|65.5|87|133|0|0|0|0||11|03:05:49|Garmin Edge 830|https://www.strava.com/activities/4478719792
15.12.2020|106.29|03:55:21|2280|0|0|0|0||0|0|27.1|71.6|87|130|0|0|0|0||8|03:59:08|Garmin Edge 830|https://www.strava.com/activities/4474655958
13.12.2020|105.81|03:59:47|2292|0|0|0|0||0|0|26.5|70.6|89|115|0|0|0|0||10|04:21:46|Garmin Edge 830|https://www.strava.com/activities/4467120500
12.12.2020|98.63|03:22:59|1847|0|0|0|0||0|0|29.2|72|91|124|0|0|0|0||7|03:26:26|Garmin Edge 830|https://www.strava.com/activities/4461706644
11.12.2020|120.14|04:27:46|2605|0|0|0|0||0|0|26.9|68|91|126|0|0|0|0||6|04:44:07|Garmin Edge 830|https://www.strava.com/activities/4458105913
09.12.2020|28.01|01:01:50|532|0|0|0|0||0|0|27.2|60.8|89|118|0|0|0|0||7|01:03:26|Garmin Edge 830|https://www.strava.com/activities/4449167417
08.12.2020|112.57|04:10:18|2316|0|0|0|0||0|0|27|62.6|88|128|0|0|0|0||8|04:15:12|Garmin Edge 830|https://www.strava.com/activities/4445538063
06.12.2020|117.48|04:27:47|2632|0|0|0|0||0|0|26.3|67.3|89|135|0|0|0|0||8|04:38:33|Garmin Edge 830|https://www.strava.com/activities/4437626564
05.12.2020|78.12|03:00:04|1734|0|0|0|0||0|0|26|67.3|87|121|0|0|0|0||7|03:06:36|Garmin Edge 830|https://www.strava.com/activities/4432209498
04.12.2020|36.95|01:00:07|264|0|0|0|0||0|0|36.9|66.2|0|0|0|0|0|0|||01:00:07|Zwift|https://www.strava.com/activities/4428176785
03.12.2020|108.04|04:02:43|2543|0|0|0|0||0|0|26.7|73.4|89|115|0|0|0|0||9|04:24:14|Garmin Edge 830|https://www.strava.com/activities/4424256195
02.12.2020|101.2|03:27:22|1862|0|0|0|0||0|0|29.3|71.6|90|200|0|0|0|0||8|03:29:34|Garmin Edge 830|https://www.strava.com/activities/4419803490
01.12.2020|106.52|03:54:54|2356|0|0|0|0||0|0|27.2|76.3|92|121|0|0|0|0||8|03:57:52|Garmin Edge 830|https://www.strava.com/activities/4415659887
loaded urls in 3.09:34:04.4688064
