date|distance|mov_time|elevation|relativeEffort|avg_power_weig|work_total|training_load|intensity|estAvgPower|energyOutput|avg_speed|max_speed|avg_cadence|max_cadence|avg_heartRate|max_heartRate|avg_power|max_power|avg_calories|avg_temperature|avg_elap_time|bicycle_model|url
30.01.2018|57.98|02:13:58|621|0|151|972|42|43%|0|0|26|69.8|78|112|0|0|121|478|1,084|37|02:31:16|Pioneer|https://www.strava.com/activities/1382472863
10.01.2018|133.75|04:08:28|2060|0|241|3280|209|69%|0|0|32.3|76.3|88|130|135|166|220|962|3,658|20|04:28:08|Pioneer|https://www.strava.com/activities/1349558416
28.01.2018|162.44|04:04:56|1490|0|216|2441|157|62%|0|0|39.8|79.9|89|126|131|176|166|821|2,722|40|06:11:40|Pioneer|https://www.strava.com/activities/1378810682
27.01.2018|39.61|01:28:21|500|0|206|779|56|59%|0|0|26.9|64.8|83|132|105|171|147|932|869|27|02:20:04|Pioneer|https://www.strava.com/activities/1377006021
25.01.2018|124.79|02:51:33|45|0|265|2542|167|76%|0|0|43.6|70.6|95|120|142|172|247|878|2,835|24|02:58:11|Pioneer|https://www.strava.com/activities/1374189216
25.01.2018|83.1|02:30:21|472|0|183|1475|72|52%|0|0|33.2|64.1|90|117|108|131|163|628|1,644|20|02:39:19|Pioneer|https://www.strava.com/activities/1373891271
19.01.2018|144.98|03:52:46|1955|0|217|2360|155|62%|0|0|37.4|92.2|89|127|122|170|169|973|2,632|44|04:13:06|Pioneer|https://www.strava.com/activities/1364113306
18.01.2018|122.18|03:08:26|1129|0|195|1601|98|56%|0|0|38.9|86.4|88|123|114|168|142|903|1,785|44|03:09:31|Pioneer|https://www.strava.com/activities/1362603437
17.01.2018|166.72|04:40:09|2594|0|199|2547|155|57%|0|0|35.7|86.4|88|133|120|173|152|853|2,840|40|05:11:34|Pioneer|https://www.strava.com/activities/1361142435
16.01.2018|149.81|03:59:04|1495|0|183|1980|110|52%|0|0|37.6|100.1|89|121|114|177|138|929|2,208|36|04:04:41|Pioneer|https://www.strava.com/activities/1359467451
15.01.2018|50.65|01:49:42|940|0|197|986|62|56%|0|0|27.7|82.1|85|132|109|162|150|915|1,099|26|02:39:08|Pioneer|https://www.strava.com/activities/1357947116
07.01.2018|161.06|04:00:37|1825|0|279|3473|257|80%|0|0|40.2|79.9|91|127|150|175|241|889|3,872|17|04:13:14|Pioneer|https://www.strava.com/activities/1344452302
22.02.2018|155.32|04:58:45|1422|0|211|3737|189|60%|0|0|31.2|70.6|85|129|117|135|208|541|4,167|17|05:21:58|Pioneer|https://www.strava.com/activities/1419807813
19.02.2018|226.04|06:58:21|2063|0|225|5533|298|64%|0|0|32.4|77|85|122|121|140|220|779|6,170|21|07:31:12|Pioneer|https://www.strava.com/activities/1415036451
18.02.2018|90.65|02:24:58|1065|0|237|1830|115|68%|0|0|37.5|82.8|77|126|119|151|210|398|2,041|17|02:35:10|Pioneer|https://www.strava.com/activities/1412752327
15.02.2018|36.53|01:07:45|58|0|148|574|21|42%|0|0|32.4|54|79|125|93|122|141|615|639|23|01:26:15|Pioneer|https://www.strava.com/activities/1407940209
13.02.2018|166.96|05:08:15|1600|0|227|4078|223|65%|0|0|32.5|71.3|85|111|124|148|220|450|4,547|21|05:28:04|Pioneer|https://www.strava.com/activities/1404904915
12.02.2018|155.96|04:43:06|1159|0|230|3688|215|66%|0|0|33.1|69.5|89|117|134|170|217|901|4,112|25|05:01:32|Pioneer|https://www.strava.com/activities/1403512822
09.02.2018|89.28|02:38:10|806|0|253|2240|141|72%|0|0|33.9|80.6|89|119|135|165|236|621|2,498|24|02:44:26|Pioneer|https://www.strava.com/activities/1398464581
06.02.2018|67.04|01:48:31|574|0|255|1539|103|73%|0|0|37.1|83.5|88|119|130|167|236|585|1,716|16|01:57:25|Pioneer|https://www.strava.com/activities/1393500479
05.02.2018|157.84|04:44:10|1207|0|240|3922|233|69%|0|0|33.3|69.8|88|119|134|158|230|857|4,373|21|05:21:09|Pioneer|https://www.strava.com/activities/1392303916
03.02.2018|33.2|01:23:01|901|0|239|997|65|68%|0|0|24|61.9|78|112|114|156|200|848|1,112|11|01:24:48|Pioneer|https://www.strava.com/activities/1388787238
26.02.2018|19.74|00:51:09|243|0|155|433|17|44%|0|0|23.2|59.8|77|103|72|72|141|376|483|17|00:53:53|Pioneer|https://www.strava.com/activities/1426394060
25.02.2018|165.54|05:15:53|1685|0|213|3929|204|61%|0|0|31.4|77|85|123|116|137|207|468|4,380|18|05:41:54|Pioneer|https://www.strava.com/activities/1424459685
24.02.2018|106.46|02:55:30|1117|0|284|2802|201|81%|0|0|36.4|72.7|88|118|142|171|266|699|3,124|24|03:39:11|Pioneer|https://www.strava.com/activities/1422748194
13.02.2018|62.51|01:48:07|540|0|266|1489|111|76%|0|0|34.7|75.6|86|114|130|167|230|773|1,661|21|02:14:47|Pioneer|https://www.strava.com/activities/1405115627
08.02.2018|30.76|01:10:00|334|0|156|510|23|45%|0|0|26.4|61.2|73|115|90|130|121|392|569|16|01:10:15|Pioneer|https://www.strava.com/activities/1396728406
18.03.2018|59.69|01:59:05|754|0|214|1353|82|61%|0|0|30.1|61.2|90|177|113|158|189|576|1,509|13|02:23:56|Pioneer|https://www.strava.com/activities/1458962339
17.03.2018|83.22|02:51:34|1202|0|210|1952|107|60%|0|0|29.1|72.7|87|116|115|154|190|926|2,176|15|02:58:51|Pioneer|https://www.strava.com/activities/1457644179
15.03.2018|53.83|01:51:35|483|0|178|1129|50|51%|0|0|28.9|61.2|88|110|111|136|169|546|1,259|17|02:02:10|Pioneer|https://www.strava.com/activities/1454199257
01.03.2018|70.27|02:19:00|598|0|181|1299|65|52%|0|0|30.3|59|86|109|102|134|156|342|1,449|8|02:58:59|Pioneer|https://www.strava.com/activities/1431270423
31.03.2018|92.3|04:03:20|2927|0|211|2965|156|60%|0|0|22.8|66.2|82|122|127|149|203|624|3,306|14|05:02:06|Pioneer|https://www.strava.com/activities/1481820664
25.03.2018|156.67|03:42:33|1937|0|280|3145|239|80%|0|0|42.2|83.5|92|128|134|168|236|946|3,507|11|03:44:13|Pioneer|https://www.strava.com/activities/1471026773
24.03.2018|117.2|02:39:13|223|0|242|1917|127|69%|0|0|44.2|95|91|135|125|165|201|860|2,138|4|02:39:50|Pioneer|https://www.strava.com/activities/1469370542
23.03.2018|214.47|05:40:46|3355|0|231|3719|249|66%|0|0|37.8|94.3|87|135|121|165|182|866|4,147|14|05:50:04|Pioneer|https://www.strava.com/activities/1467418541
22.03.2018|173.57|04:39:46|3598|0|0|0|0||0|0|37.2|94.3|89|128|133|166|0|0||11|04:57:26|Pioneer|https://www.strava.com/activities/1465901812
21.03.2018|162.23|04:38:06|2716|0|248|3357|236|71%|0|0|35|85|88|125|122|169|201|853|3,743|11|04:41:47|Pioneer|https://www.strava.com/activities/1464389262
19.03.2018|159.24|03:57:07|1660|0|230|2705|173|66%|0|0|40.3|79.9|92|127|125|170|190|829|3,016|15|03:59:23|Pioneer|https://www.strava.com/activities/1461038938
12.03.2018|154.58|03:56:53|1874|0|250|2954|200|71%|0|0|39.2|92.2|90|138|119|162|208|937|3,294|11|03:57:17|Pioneer|https://www.strava.com/activities/1449409429
11.03.2018|181.88|04:26:36|360|0|255|3263|237|73%|0|0|40.9|78.5|90|129|118|170|204|872|3,638|11|04:28:21|Pioneer|https://www.strava.com/activities/1447847342
10.03.2018|223.24|06:36:32|4636|0|0|0|0||0|0|33.8|100.1|87|138|115|169|0|0||16|06:40:46|Pioneer|https://www.strava.com/activities/1445968253
09.03.2018|244.66|06:36:09|3173|0|222|4000|267|63%|0|0|37.1|89.3|87|138|109|175|168|837|4,460|17|06:47:11|Pioneer|https://www.strava.com/activities/1444057599
26.04.2018|146.58|05:49:21|4870|0|231|4163|275|66%|0|0|25.2|86.4|81|120|122|148|199|621|4,642|19|07:04:31|Pioneer|https://www.strava.com/activities/1532934873
24.04.2018|69.89|02:49:56|2071|0|200|1839|98|57%|0|0|24.7|92.9|83|152|116|153|180|905|2,050|19|03:44:53|Pioneer|https://www.strava.com/activities/1528634389
16.04.2018|137.56|03:33:38|2431|0|0|0|0||0|0|38.6|88.6|93|129|134|174|0|0||23|03:35:56|Pioneer|https://www.strava.com/activities/1511958188
08.04.2018|159.77|05:58:44|3892|0|239|4619|289|68%|0|0|26.7|78.5|85|133|128|160|215|886|5,151|11|06:57:52|Pioneer|https://www.strava.com/activities/1497249528
25.05.2018|186.65|05:30:39|4753|0|276|4816|348|79%|0|0|33.9|87.8|92|128|0|0|243|840|5,370|24|05:35:36|Pioneer|https://www.strava.com/activities/1595203088
24.05.2018|200.22|05:17:00|2248|0|237|3579|246|68%|0|0|37.9|84.2|91|126|0|0|188|817|3,991|30|05:31:55|Pioneer|https://www.strava.com/activities/1593211036
23.05.2018|157.8|03:48:45|2064|0|248|2919|211|71%|0|0|41.4|100.1|93|147|0|0|213|940|3,255|23|04:26:23|Pioneer|https://www.strava.com/activities/1591000784
20.05.2018|177.41|04:48:55|2867|0|279|4019|309|80%|0|0|36.8|88.6|92|126|0|0|232|882|4,481|16|04:51:55|Pioneer|https://www.strava.com/activities/1584633827
18.05.2018|185.72|04:10:00|427|0|201|2447|138|57%|0|0|44.6|83.5|93|122|0|0|163|856|2,729|26|04:14:01|Pioneer|https://www.strava.com/activities/1580026001
17.05.2018|218.39|05:00:07|662|0|218|2942|195|62%|0|0|43.7|87.8|94|136|0|0|163|762|3,280|19|05:21:16|Pioneer|https://www.strava.com/activities/1578010774
15.05.2018|246.6|06:18:16|3957|0|268|5109|372|77%|0|0|39.1|91.8|95|148|0|0|225|907|5,697|16|06:33:44|Pioneer|https://www.strava.com/activities/1573717784
13.05.2018|229.74|06:03:05|4186|0|0|0|0||0|0|38|92.9|94|129|0|0|0|0||24|06:03:22|Pioneer|https://www.strava.com/activities/1569888190
12.05.2018|220.39|05:37:45|2996|0|240|3741|272|69%|0|0|39.2|92.9|94|124|0|0|185|963|4,171|23|06:01:10|Pioneer|https://www.strava.com/activities/1567455411
09.05.2018|155.61|04:17:53|2088|0|225|2615|177|64%|0|0|36.2|83.5|91|122|107|174|169|926|2,916|26|04:18:44|Pioneer|https://www.strava.com/activities/1560270055
30.06.2018|123.96|04:53:46|4041|0|216|3359|197|62%|0|0|25.3|87.1|82|121|131|162|191|855|3,746|27|05:21:59|Pioneer|https://www.strava.com/activities/1671764108
29.06.2018|58.13|02:16:38|1871|0|195|1376|92|56%|0|0|25.5|83.5|78|115|123|159|168|884|1,534|21|03:03:24|Pioneer|https://www.strava.com/activities/1669413205
22.06.2018|108.32|04:02:59|2808|0|221|2832|172|63%|0|0|26.7|82.1|82|119|117|150|194|975|3,157|26|04:40:34|Pioneer|https://www.strava.com/activities/1655079090
21.06.2018|106.28|03:08:19|927|0|0|0|0||0|0|33.9|75.6|85|112|117|172|0|0||28|03:28:48|Pioneer|https://www.strava.com/activities/1652547649
19.06.2018|117.02|03:51:07|1761|0|215|2700|151|61%|0|0|30.4|74.9|87|123|121|154|195|790|3,011|32|04:29:03|Pioneer|https://www.strava.com/activities/1648294808
16.06.2018|124.57|04:03:58|1406|0|202|2855|140|58%|0|0|30.6|69.1|88|122|120|141|195|934|3,184|27|04:31:41|Pioneer|https://www.strava.com/activities/1642104219
14.06.2018|113.09|03:54:09|1589|0|206|2662|143|59%|0|0|29|66.2|86|114|119|154|190|897|2,969|28|04:31:59|Pioneer|https://www.strava.com/activities/1637924622
11.06.2018|56.23|01:56:10|691|0|203|1304|69|58%|0|0|29|59|89|113|113|143|187|654|1,454|25|02:15:34|Pioneer|https://www.strava.com/activities/1631525202
10.06.2018|86.32|03:05:07|1053|0|201|1947|103|57%|0|0|28|74.9|87|116|114|151|175|804|2,171|18|03:10:31|Pioneer|https://www.strava.com/activities/1629052851
18.06.2018|109.61|03:37:23|1533|0|214|2609|146|61%|0|0|30.3|95|87|120|123|161|200|986|2,909|28|03:56:41|Pioneer|https://www.strava.com/activities/1646315329
12.06.2018|132.91|04:30:51|2214|0|218|3209|181|62%|0|0|29.4|70.6|87|117|123|150|197|934|3,578|22|04:58:46|Pioneer|https://www.strava.com/activities/1633708817
29.07.2018|154.82|05:57:50|5223|0|228|4221|261|65%|0|0|26|78.5|83|118|122|153|197|690|4,707|26|06:37:06|Pioneer|https://www.strava.com/activities/1735763170
27.07.2018|99.84|03:19:08|1708|0|199|2231|113|57%|0|0|30.1|63.4|88|118|123|145|187|973|2,488|31|03:35:42|Pioneer|https://www.strava.com/activities/1731191868
25.07.2018|193.09|06:53:43|4934|0|226|5029|306|65%|0|0|28|78.5|85|119|123|154|203|626|5,607|21|07:38:23|Pioneer|https://www.strava.com/activities/1726996065
24.07.2018|133.32|05:07:09|4313|0|235|3729|245|67%|0|0|26|82.1|83|119|129|163|202|847|4,158|20|05:36:36|Pioneer|https://www.strava.com/activities/1724411806
20.07.2018|78.28|03:10:29|2628|0|234|2348|149|67%|0|0|24.7|81.4|85|126|128|159|205|997|2,618|26|03:22:39|Pioneer|https://www.strava.com/activities/1715227215
11.07.2018|158.66|05:51:04|4893|0|232|4201|271|66%|0|0|27.1|120.6|84|120|131|161|199|827|4,684|24|06:14:52|Pioneer|https://www.strava.com/activities/1695546710
09.07.2018|108.85|04:18:26|3261|0|220|2896|177|63%|0|0|25.3|94.3|83|119|123|157|187|640|3,229|23|04:53:39|Pioneer|https://www.strava.com/activities/1691159016
08.07.2018|112.05|04:11:10|3646|0|231|2915|206|66%|0|0|26.8|127.8|83|121|130|161|193|873|3,250|25|05:24:36|Pioneer|https://www.strava.com/activities/1688901839
06.07.2018|107.87|04:01:32|2982|0|235|3048|192|67%|0|0|26.8|77.8|84|126|125|159|210|529|3,398|21|04:37:42|Pioneer|https://www.strava.com/activities/1684474449
05.07.2018|148.32|05:43:17|5458|0|232|4249|265|66%|0|0|25.9|86.4|82|124|127|160|206|848|4,738||06:24:48|Pioneer|https://www.strava.com/activities/1682557060
04.07.2018|101.31|04:00:18|3624|0|0|0|0||0|0|25.3|106.6|81|134|134|163|0|0||26|04:29:17|Pioneer|https://www.strava.com/activities/1680208359
18.07.2018|202.36|06:01:32|4403|0|242|4587|302|69%|0|0|33.6|105.8|90|149|125|152|211|835|5,114|25|07:29:38|Pioneer|https://www.strava.com/activities/1710969400
15.07.2018|176.04|06:10:47|4313|0|225|4434|274|64%|0|0|28.5|88.6|86|129|121|161|199|922|4,944|17|06:52:59|Pioneer|https://www.strava.com/activities/1704457130
14.07.2018|138.16|04:50:01|3316|0|0|0|0||0|0|28.6|95|88|143|125|174|0|0||26|06:09:28|Pioneer|https://www.strava.com/activities/1702024343
01.07.2018|155.07|05:22:50|4539|0|232|3713|249|66%|0|0|28.8|142.6|85|126|0|0|192|783|4,140|23|05:56:24|Pioneer|https://www.strava.com/activities/1673831852
31.08.2018|193.37|04:43:00|2726|0|225|2838|195|64%|0|0|41|97.9|92|152|0|0|167|879|3,165|35|04:44:55|Pioneer|https://www.strava.com/activities/1809859790
30.08.2018|156.34|04:12:59|1412|0|201|2296|140|57%|0|0|37.1|85|88|125|0|0|151|938|2,560|33|04:33:32|Pioneer|https://www.strava.com/activities/1807804977
29.08.2018|200.01|05:07:30|3123|0|240|3536|244|69%|0|0|39|102.2|91|144|0|0|192|846|3,943|34|05:16:31|Pioneer|https://www.strava.com/activities/1805424810
27.08.2018|185.4|05:06:18|3045|0|222|3251|207|63%|0|0|36.3|92.9|90|131|0|0|177|872|3,625|33|05:19:52|Pioneer|https://www.strava.com/activities/1801103104
26.08.2018|169.37|04:32:46|2842|0|233|3004|205|67%|0|0|37.3|87.1|91|130|0|0|184|819|3,349|36|04:38:36|Pioneer|https://www.strava.com/activities/1799174670
19.08.2018|198.33|06:02:06|2771|0|206|4046|216|59%|0|0|32.9|72|87|117|114|145|186|941|4,512|24|06:41:28|Pioneer|https://www.strava.com/activities/1783417247
18.08.2018|173.53|06:58:59|7349|0|0|0|0||0|0|24.9|83.5|81|129|0|0|0|0||16|07:54:42|Pioneer|https://www.strava.com/activities/1780678531
14.08.2018|42.9|01:57:19|1378|0|179|1115|54|51%|0|0|21.9|73.8|77|130|108|137|158|602|1,243|20|02:06:13|Pioneer|https://www.strava.com/activities/1771193179
10.08.2018|141.34|03:59:05|1978|0|267|3120|236|76%|0|0|35.5|95.8|90|137|129|175|218|984|3,479|22|04:09:36|Pioneer|https://www.strava.com/activities/1763044542
09.08.2018|134.97|03:34:14|2724|0|0|0|0||0|0|37.8|94.3|91|136|0|0|0|0||23|03:54:14|Pioneer|https://www.strava.com/activities/1760995267
08.08.2018|153.49|03:47:05|2187|0|233|2531|169|67%|0|0|40.6|93.6|92|136|115|173|186|877|2,823|29|03:47:48|Pioneer|https://www.strava.com/activities/1758515517
07.08.2018|186.36|04:47:01|2384|0|232|3028|212|66%|0|0|39|90|93|134|116|176|176|814|3,376|31|05:01:54|Pioneer|https://www.strava.com/activities/1756151623
05.08.2018|150.63|03:38:15|826|0|203|2223|125|58%|0|0|41.4|74.9|93|121|111|168|170|854|2,479|26|03:44:03|Pioneer|https://www.strava.com/activities/1752071180
04.08.2018|146.8|03:27:53|1289|0|215|2236|135|61%|0|0|42.4|92.2|93|132|121|168|179|841|2,493|30|03:54:00|Pioneer|https://www.strava.com/activities/1749621946
27.09.2018|41.57|01:30:36|366|0|146|708|29|42%|0|0|27.5|54.7|90|132|92|114|130|441|790|19|01:56:56|Pioneer|https://www.strava.com/activities/1868602448
30.09.2018|259.84|06:57:22|4861|0|259|5313|384|74%|0|0|37.4|101.5|92|155|0|0|212|929|5,924|18|07:01:08|Pioneer|https://www.strava.com/activities/1876931289
12.09.2018|167.99|04:52:49|3486|0|261|3712|274|75%|0|0|34.4|107.3|83|137|0|0|211|851|4,139|24|04:54:57|Pioneer|https://www.strava.com/activities/1837004897
09.09.2018|197.62|06:00:42|3971|0|278|4949|382|79%|0|0|32.9|89.3|85|130|0|0|229|930|5,518|20|06:07:14|Pioneer|https://www.strava.com/activities/1830738874
06.09.2018|190.49|05:02:19|2981|0|250|3565|258|71%|0|0|37.8|97.9|90|141|0|0|197|1081|3,975|17|05:06:03|Pioneer|https://www.strava.com/activities/1823436479
05.09.2018|211.64|05:09:11|3597|0|276|4177|321|79%|0|0|41.1|92.2|92|128|0|0|225|947|4,658|20|05:09:36|Pioneer|https://www.strava.com/activities/1821276051
04.09.2018|181.88|04:22:19|1385|0|204|2417|148|58%|0|0|41.6|83.5|91|127|0|0|154|945|2,695|30|04:23:43|Pioneer|https://www.strava.com/activities/1818943349
03.09.2018|24.13|00:47:42|236|0|178|465|22|51%|0|0|30.4|57.6|86|113|0|0|162|782|518|24|01:25:07|Pioneer|https://www.strava.com/activities/1816134479
02.09.2018|206.91|05:57:13|4793|0|246|4297|293|70%|0|0|34.8|92.9|91|131|0|0|200|873|4,791|34|05:57:40|Pioneer|https://www.strava.com/activities/1814964090
01.09.2018|202.81|04:52:06|2179|0|203|2656|164|58%|0|0|41.7|95.8|89|134|0|0|152|826|2,962|38|04:52:58|Pioneer|https://www.strava.com/activities/1812073596
04.10.2018|115.62|03:55:55|1608|0|209|2485|146|60%|0|0|29.4|66.2|84|135|110|153|176|903|2,770|24|04:11:26|Pioneer|https://www.strava.com/activities/1883507395
13.10.2018|236.72|05:54:18|3518|0|267|4701|343|76%|0|0|40.1|92.9|93|148|0|0|221|854|5,242|20|05:55:18|Pioneer|https://www.strava.com/activities/1902183532
10.10.2018|73.37|03:04:17|1968|0|193|1755|101|55%|0|0|23.9|82.1|78|118|99|130|159|550|1,957|17|03:28:00|Pioneer|https://www.strava.com/activities/1895901454
09.10.2018|202.06|04:58:58|2859|0|261|3784|282|75%|0|0|40.6|90|93|125|133|174|211|898|4,219|21|05:02:51|Pioneer|https://www.strava.com/activities/1894142599
30.11.2018|99.53|02:55:11|810|0|0|0|0||0|0|34.1|74.2|81|108|126|164|0|0|2,440|16|03:13:51|Pioneer|https://www.strava.com/activities/1991953410
29.11.2018|29.07|01:23:31|939|0|95|380|10|27%|0|0|20.9|52.9|64|109|0|0|76|335|372|23|01:36:46|Garmin Edge 500|https://www.strava.com/activities/1992027040
11.11.2018|19.78|01:01:49|744|0|0|0|0||168|622|19.2|42.5|0|0|0|0|0|0|694|26|01:34:31|Pioneer|https://www.strava.com/activities/1957745659
01.01.2019|23.33|00:51:21|258|0|167|479|19|48%|0|0|27.3|78.5|87|120|0|0|156|503|534|23|00:52:04|Pioneer|https://www.strava.com/activities/2047459492
31.12.2018|90.6|02:53:49|880|0|209|1939|105|60%|0|0|31.3|76.3|89|118|115|151|186|688|2,162|22|02:56:31|Pioneer|https://www.strava.com/activities/2045398580
24.12.2018|211.41|06:43:10|2159|0|220|5091|285|63%|0|0|31.5|72|85|114|125|167|210|790|5,677|22|07:23:19|Pioneer|https://www.strava.com/activities/2032536450
23.12.2018|43.88|01:27:30|439|0|196|976|45|56%|0|0|30.1|85|84|108|121|138|186|536|1,088|24|01:27:30|Pioneer|https://www.strava.com/activities/2030599747
23.12.2018|121.79|03:29:06|983|0|0|0|0||0|0|34.9|73.4|83|115|0|0|0|0|3,004|18|03:46:50|Pioneer|https://www.strava.com/activities/2030528782
20.12.2018|189.74|05:59:48|1696|0|214|4532|234|61%|0|0|31.6|83.5|85|124|122|142|210|658|5,053|16|06:41:26|Pioneer|https://www.strava.com/activities/2026005806
19.12.2018|117.01|03:21:26|918|0|0|0|0||0|0|34.9|72.7|85|119|0|0|0|0|2,771|17|03:42:43|Pioneer|https://www.strava.com/activities/2024239985
17.12.2018|81.62|02:37:49|758|0|177|1562|70|51%|0|0|31|72|84|133|114|157|165|513|1,741|22|02:45:28|Pioneer|https://www.strava.com/activities/2021001134
10.12.2018|19.61|00:43:33|103|0|106|267|7|30%|0|0|27|64.1|78|103|85|101|102|287|298|23|00:46:33|Pioneer|https://www.strava.com/activities/2009404956
28.12.2018|73.73|02:14:48|472|0|229|1622|103|65%|0|0|32.8|69.1|88|120|127|168|201|883|1,809|27|02:40:18|Pioneer|https://www.strava.com/activities/2039386516
22.12.2018|163.95|05:00:32|1493|0|222|3774|207|63%|0|0|32.7|75.6|88|120|127|168|209|895|4,208|22|05:35:00|Pioneer|https://www.strava.com/activities/2028833894
03.12.2018|20.63|00:49:32|273|0|141|376|14|40%|0|0|25|59|70|97|90|112|127|286|420|22|01:15:34|Pioneer|https://www.strava.com/activities/1997325498
09.01.2019|190.12|05:48:13|1655|0|230|4553|261|66%|0|0|32.8|76.3|84|110|124|144|218|528|5,076|23|06:19:19|Pioneer|https://www.strava.com/activities/2065663666
26.01.2019|32.9|01:12:18|436|0|205|615|45|59%|0|0|27.3|73.4|83|180|102|169|142|858|685|20|02:06:03|Pioneer|https://www.strava.com/activities/2103304986
24.01.2019|197.89|05:12:56|592|0|211|3417|205|60%|0|0|37.9|69.1|90|146|121|179|182|961|3,810|28|11:33:09|Pioneer|https://www.strava.com/activities/2099798912
19.01.2019|161.4|04:08:52|1303|0|224|2518|171|64%|0|0|38.9|82.8|90|183|112|172|169|995|2,808|24|04:11:12|Pioneer|https://www.strava.com/activities/2088130198
18.01.2019|149.63|03:53:24|2064|0|244|2678|197|70%|0|0|38.5|84.2|91|170|0|0|191|935|2,986|19|04:14:21|Pioneer|https://www.strava.com/activities/2086211235
17.01.2019|163.47|04:16:43|2721|0|237|2891|204|68%|0|0|38.2|82.8|90|199|128|178|188|783|3,224|32|04:39:55|Pioneer|https://www.strava.com/activities/2084122621
16.01.2019|132.05|03:42:58|1437|0|186|1794|106|53%|0|0|35.5|94.3|85|125|107|177|134|820|2,000|34|04:01:03|Pioneer|https://www.strava.com/activities/2081861801
15.01.2019|150.09|04:03:14|1433|0|190|2059|122|54%|0|0|37|97.2|88|150|114|174|141|883|2,296|38|04:15:38|Pioneer|https://www.strava.com/activities/2079484931
13.01.2019|56.33|01:18:34|230|0|205|842|48|59%|0|0|43|61.9|88|151|121|153|179|934|939|32|01:30:19|Pioneer|https://www.strava.com/activities/2074864707
06.01.2019|155.03|03:50:13|1715|0|287|3331|258|82%|0|0|40.4|89.3|92|126|145|174|241|937|3,714|27|03:50:13|Pioneer|https://www.strava.com/activities/2058482644
20.02.2019|127.14|03:37:06|1204|0|0|0|0||0|0|35.1|76.3|84|125|0|0|0|0|3,302|24|04:20:12|Pioneer|https://www.strava.com/activities/2161575210
17.02.2019|223.91|06:51:54|1966|0|215|5218|266|61%|0|0|32.6|74.2|85|140|0|0|211|489|5,818|18|07:22:15|Pioneer SGX-CA600|https://www.strava.com/activities/2154464901
16.02.2019|97.26|02:50:20|1195|0|237|2185|136|68%|0|0|34.3|86.4|79|118|0|0|214|867|2,436|22|03:00:43|Pioneer|https://www.strava.com/activities/2151638609
13.02.2019|107.2|03:02:47|1093|0|0|0|0||0|0|35.2|90.7|87|124|0|0|0|0|2,785|24|03:24:49|Pioneer|https://www.strava.com/activities/2142356262
12.02.2019|128.17|03:24:27|925|0|0|0|0||0|0|37.6|89.3|86|122|129|150|0|0|3,114|22|03:45:37|Pioneer|https://www.strava.com/activities/2140073444
10.02.2019|178.93|05:31:00|1483|0|217|4273|221|62%|0|0|32.4|72|85|144|121|141|215|539|4,764|21|05:57:08|Pioneer SGX-CA600|https://www.strava.com/activities/2136319164
07.02.2019|154.22|04:54:34|1429|0|204|3543|171|58%|0|0|31.4|68.4|87|200|116|136|200|486|3,951|18|05:20:03|Pioneer SGX-CA600|https://www.strava.com/activities/2129392907
05.02.2019|121.61|03:22:24|984|0|235|2735|161|67%|0|0|36.1|75.6|87|124|133|157|225|458|3,049|24|03:45:27|Pioneer|https://www.strava.com/activities/2124762137
19.02.2019|56.17|01:30:54|415|0|282|1426|110|81%|0|0|37.1|64.8|89|116|0|0|262|820|1,590|19|02:01:19|Pioneer SGX-CA600|https://www.strava.com/activities/2159450387
12.02.2019|65.22|01:49:31|463|0|283|1712|128|81%|0|0|35.7|67|90|113|135|165|261|873|1,909|21|02:07:35|Pioneer SGX-CA600|https://www.strava.com/activities/2140413310
06.02.2019|152.92|04:51:28|1453|0|216|3655|192|62%|0|0|31.5|70.6|86|114|119|138|209|875|4,075|13|05:15:32|Pioneer SGX-CA600|https://www.strava.com/activities/2127177591
30.03.2019|224.74|07:14:50|3603|0|207|5020|269|59%|0|0|31|68.4|82|114|0|0|192|805|5,598|10|08:12:30|Pioneer SGX-CA600|https://www.strava.com/activities/2252571001
29.03.2019|97.8|03:49:01|3335|0|243|2962|193|69%|0|0|25.6|72.7|76|121|126|157|216|760|3,302|7|04:05:35|Pioneer SGX-CA600|https://www.strava.com/activities/2249452959
28.03.2019|18.63|00:56:58|620|0|161|548|22|46%|0|0|19.6|69.1|69|118|0|0|160|321|611|7|01:19:49|Pioneer SGX-CA600|https://www.strava.com/activities/2246587981
27.03.2019|160.41|05:55:20|5920|0|213|4309|228|61%|0|0|27.1|77.8|80|121|0|0|202|774|4,805|8|06:41:50|Pioneer SGX-CA600|https://www.strava.com/activities/2244595304
26.03.2019|81.22|03:14:02|2740|0|240|2458|160|69%|0|0|25.1|76.3|80|118|126|155|211|623|2,741|7|03:23:17|Pioneer SGX-CA600|https://www.strava.com/activities/2242024426
25.03.2019|18.33|00:57:47|2535|0|153|490|20|44%|0|0|19|59|68|108|0|0|141|276|547|10|01:56:44|Pioneer SGX-CA600|https://www.strava.com/activities/2241095463
23.03.2019|93.11|03:42:06|2918|0|212|2527|140|61%|0|0|25.2|73.4|80|115|0|0|190|431|2,818|13|03:57:04|Pioneer SGX-CA600|https://www.strava.com/activities/2235036306
22.03.2019|116.03|04:55:23|3912|0|202|3200|177|58%|0|0|23.6|72|79|147|121|156|181|788|3,568|10|05:35:09|Pioneer SGX-CA600|https://www.strava.com/activities/2231801963
21.03.2019|71.68|03:06:36|2234|0|184|1928|94|53%|0|0|23.1|71.3|78|124|111|138|172|812|2,149|6|03:26:18|Pioneer SGX-CA600|https://www.strava.com/activities/2229379892
20.03.2019|41.31|01:56:28|1312|0|191|1220|60|55%|0|0|21.3|70.6|77|141|103|129|175|395|1,360|2|03:01:20|Pioneer SGX-CA600|https://www.strava.com/activities/2226829376
19.03.2019|4.54|00:24:05|26|0|129|175|14|37%|0|0|11.3|85.7|81|172|95|122|121|327|195|21|01:09:28|Pioneer|https://www.strava.com/activities/2224185726
18.03.2019|15|00:32:41|28|0|112|201|5|32%|0|0|27.5|45.4|0|0|0|0|102|200|191||00:33:25|Zwift|https://www.strava.com/activities/2222245272
17.03.2019|119.93|03:02:37|2088|0|293|2777|214|84%|0|0|39.4|89.3|89|200|0|0|253|896|3,096|9|03:02:37|Pioneer SGX-CA600|https://www.strava.com/activities/2220321778
16.03.2019|197.99|05:36:38|3957|0|0|0|0||0|0|35.3|75.6|90|173|0|0|0|0|4,831|15|05:52:25|Pioneer SGX-CA600|https://www.strava.com/activities/2217561483
15.03.2019|179.36|04:20:52|1972|0|241|3181|209|69%|0|0|41.3|95|90|152|0|0|203|908|3,547|18|04:37:36|Pioneer SGX-CA600|https://www.strava.com/activities/2215097385
13.03.2019|215.74|05:11:55|2869|0|249|4037|265|71%|0|0|41.5|97.9|89|190|0|0|216|844|4,502|8|05:15:26|Pioneer SGX-CA600|https://www.strava.com/activities/2211070539
12.03.2019|205.85|05:29:59|878|0|187|2998|156|53%|0|0|37.4|70.6|87|200|0|0|151|839|3,343|12|05:31:32|Pioneer SGX-CA600|https://www.strava.com/activities/2208671253
11.03.2019|169.72|03:25:04|755|0|286|3161|229|82%|0|0|49.7|87.8|92|199|0|0|257|886|3,524|7|03:25:04|Pioneer SGX-CA600|https://www.strava.com/activities/2206366552
10.03.2019|140.95|03:26:39|1147|0|252|2596|179|72%|0|0|40.9|86.4|89|192|0|0|209|886|2,895|9|03:37:33|Pioneer SGX-CA600|https://www.strava.com/activities/2204297632
09.03.2019|40.39|01:14:10|384|0|181|730|36|52%|0|0|32.7|70.6|90|165|0|0|164|539|814|5|01:29:17|Pioneer SGX-CA600|https://www.strava.com/activities/2200992880
26.04.2019|31.45|00:50:09|120|0|138|418|16|39%|0|0|37.6|68.4|91|142|97|116|139|508|466|16|01:44:45|Pioneer SGX-CA600|https://www.strava.com/activities/2320856512
25.04.2019|184.34|05:58:33|3738|0|210|4440|230|60%|0|0|30.8|76.3|83|135|122|137|206|850|4,950|11|06:38:59|Pioneer SGX-CA600|https://www.strava.com/activities/2319079167
24.04.2019|139.97|05:02:49|3543|0|221|3743|212|63%|0|0|27.7|84.2|82|137|124|145|206|762|4,174|11|05:35:05|Pioneer SGX-CA600|https://www.strava.com/activities/2316461977
23.04.2019|84.46|02:49:18|1872|0|229|2202|128|65%|0|0|29.9|77|84|132|0|0|217|495|2,455|15|03:06:34|Pioneer SGX-CA600|https://www.strava.com/activities/2313937058
21.04.2019|120.63|04:34:49|3254|0|223|3442|195|64%|0|0|26.3|75.6|79|170|120|145|209|698|3,838|12|05:05:13|Pioneer SGX-CA600|https://www.strava.com/activities/2308388171
19.04.2019|147.72|05:01:05|3041|0|214|3678|196|61%|0|0|29.4|75.6|85|165|130|150|204|895|4,101|13|05:16:57|Pioneer SGX-CA600|https://www.strava.com/activities/2302860253
17.04.2019|22.14|00:53:05|191|0|146|433|16|42%|0|0|25|51.1|85|164|0|0|136|586|483|13|02:26:03|Pioneer SGX-CA600|https://www.strava.com/activities/2297474336
15.04.2019|24.07|00:45:29|228|0|168|450|17|48%|0|0|31.8|61.2|89|112|0|0|165|324|502|19|00:47:47|Pioneer SGX-CA600|https://www.strava.com/activities/2292526323
20.04.2019|200.17|06:43:04|4425|0|217|4893|278|62%|0|0|29.8|91.4|84|144|126|151|202|710|5,455|14|07:39:17|Pioneer SGX-CA600|https://www.strava.com/activities/2305893771
31.05.2019|26.06|01:25:20|1366|0|150|677|28|43%|0|0|18.3|72|77|117|101|140|132|441|755|22|02:19:45|Pioneer SGX-CA600|https://www.strava.com/activities/2411332517
29.05.2019|77.11|03:10:59|2455|0|194|2053|103|55%|0|0|24.2|80.6|83|143|134|140|179|876|2,290|22|03:32:21|Pioneer SGX-CA600|https://www.strava.com/activities/2406344964
25.05.2019|118.38|04:02:42|1650|0|221|2965|168|63%|0|0|29.3|61.2|86|138|0|0|204|862|3,306|19|04:19:16|Pioneer SGX-CA600|https://www.strava.com/activities/2395909027
10.05.2019|45.05|01:23:11|57|0|143|688|23|41%|0|0|32.5|48.2|94|185|0|0|138|846|767|29|01:25:07|Pioneer SGX-CA600|https://www.strava.com/activities/2356941336
09.05.2019|25.6|01:03:48|80|0|110|413|11|31%|0|0|24.1|42.5|87|107|0|0|108|252|460|25|01:11:18|Pioneer SGX-CA600|https://www.strava.com/activities/2354821105
08.05.2019|180.56|06:11:15|2603|0|0|0|0||0|0|29.2|67.7|84|165|111|141|0|0|4,774|15|07:11:27|Pioneer SGX-CA600|https://www.strava.com/activities/2352784501
05.05.2019|51.42|01:48:28|416|0|150|905|36|43%|0|0|28.4|58.3|87|118|94|138|139|550|1,009|22|02:50:11|Pioneer SGX-CA600|https://www.strava.com/activities/2345135661
02.05.2019|93.85|03:03:59|1728|0|218|2307|123|62%|0|0|30.6|88.6|84|199|127|148|209|527|2,572|10|03:21:16|Pioneer SGX-CA600|https://www.strava.com/activities/2337230150
26.05.2019|154.28|04:46:55|2071|0|234|3577|226|67%|0|0|32.3|76.3|86|172|0|0|208|790|3,988|21|05:43:02|Pioneer SGX-CA600|https://www.strava.com/activities/2398782437
23.05.2019|41.1|01:51:16|1170|0|189|1169|58|54%|0|0|22.2|76.3|78|125|0|0|175|501|1,304|20|02:04:23|Pioneer SGX-CA600|https://www.strava.com/activities/2390988025
18.05.2019|129.29|03:02:13|2032|0|271|2450|181|77%|0|0|42.6|82.1|89|200|0|0|224|844|2,732|24|03:02:59|Pioneer SGX-CA600|https://www.strava.com/activities/2378401184
17.05.2019|128.6|03:56:50|3581|0|268|3253|235|77%|0|0|32.6|81.4|89|130|0|0|229|731|3,627|21|04:09:42|Pioneer SGX-CA600|https://www.strava.com/activities/2375865162
16.05.2019|221.85|05:03:51|2749|0|254|3940|269|73%|0|0|43.8|87.1|89|141|0|0|216|880|4,393|21|05:04:55|Pioneer SGX-CA600|https://www.strava.com/activities/2373595048
15.05.2019|221.31|06:07:18|2527|0|205|3763|214|59%|0|0|36.2|77.8|84|154|0|0|171|896|4,195|17|06:19:16|Pioneer SGX-CA600|https://www.strava.com/activities/2371163908
14.05.2019|214.81|06:06:56|3163|0|224|3970|250|64%|0|0|35.1|83.5|87|164|0|0|180|934|4,427|24|06:07:38|Pioneer SGX-CA600|https://www.strava.com/activities/2368388313
13.05.2019|215.9|06:23:22|6955|0|228|4474|271|65%|0|0|33.8|96.5|91|200|0|0|195|854|4,989|26|06:24:30|Pioneer SGX-CA600|https://www.strava.com/activities/2365581337
12.05.2019|154.77|03:43:42|199|0|183|1793|102|52%|0|0|41.5|71.3|89|167|0|0|134|890|1,999|32|03:54:32|Pioneer SGX-CA600|https://www.strava.com/activities/2363287548
11.05.2019|64.83|01:52:43|77|0|197|1077|63|56%|0|0|34.5|57.6|91|182|0|0|159|860|1,201|23|02:42:33|Pioneer SGX-CA600|https://www.strava.com/activities/2360285978
03.05.2019|184.3|06:42:33|4685|0|220|4849|279|63%|0|0|27.5|85.7|79|200|123|147|201|700|5,407|12|07:25:09|Pioneer SGX-CA600|https://www.strava.com/activities/2339507041
01.05.2019|110.33|04:00:56|2742|0|250|3205|218|71%|0|0|27.5|78.5|82|142|131|164|222|881|3,574|1|04:20:34|Pioneer SGX-CA600|https://www.strava.com/activities/2334697000
29.06.2019|88.86|02:53:17|833|0|197|1789|95|56%|0|0|30.8|66.2|88|199|98|144|172|850|1,994|33|03:30:34|Pioneer|https://www.strava.com/activities/2489444643
26.06.2019|195.08|06:44:21|5675|0|0|0|0||0|0|28.9|90|88|148|0|0|0|0|5,682|33|07:37:15|Pioneer SGX-CA600|https://www.strava.com/activities/2482416033
25.06.2019|46.58|01:50:31|1815|0|246|1526|98|70%|0|0|25.3|71.3|86|158|132|153|230|571|1,701|34|02:22:12|Pioneer SGX-CA600|https://www.strava.com/activities/2479126826
24.06.2019|25.97|00:55:37|673|0|174|483|24|50%|0|0|28|153.7|87|113|94|125|145|414|538|26|01:47:16|Pioneer|https://www.strava.com/activities/2476301513
22.06.2019|125.38|04:29:37|3985|0|0|0|0||0|0|27.9|89.3|84|138|0|0|0|0|4,158|20|06:18:58|Pioneer SGX-CA600|https://www.strava.com/activities/2471508718
21.06.2019|27.4|01:06:46|582|0|146|510|20|42%|0|0|24.6|92.2|83|111|0|0|127|547|569|15|01:09:15|Pioneer|https://www.strava.com/activities/2468384109
18.06.2019|104.12|03:49:00|3562|0|254|3051|209|73%|0|0|27.3|84.2|84|176|129|157|222|817|3,402|26|04:05:17|Pioneer SGX-CA600|https://www.strava.com/activities/2460219145
18.06.2019|72.08|02:35:59|2265|0|243|1973|132|69%|0|0|27.7|82.1|76|124|125|158|211|581|2,200|16|02:46:01|Pioneer|https://www.strava.com/activities/2459638410
17.06.2019|25.09|01:13:32|788|0|138|538|20|39%|0|0|20.5|71.3|76|122|91|114|122|345|600|22|01:18:04|Pioneer|https://www.strava.com/activities/2457091814
16.06.2019|190.59|06:29:09|4374|0|219|4726|269|63%|0|0|29.4|77|86|138|118|142|202|630|5,269|22|07:12:38|Pioneer SGX-CA600|https://www.strava.com/activities/2455120424
12.06.2019|126.07|04:57:38|4296|0|242|3861|250|69%|0|0|25.4|68.4|83|125|122|149|216|670|4,305|14|05:26:57|Pioneer SGX-CA600|https://www.strava.com/activities/2444193880
11.06.2019|53.42|01:45:27|1187|0|224|1391|77|64%|0|0|30.4|87.1|0|0|0|0|220|588|1,327||02:23:04|Zwift|https://www.strava.com/activities/2441480977
10.06.2019|23.06|00:53:34|1441|0|106|263|13|30%|0|0|25.8|83.5|81|115|0|0|82|330|293|18|01:48:52|Pioneer|https://www.strava.com/activities/2439241849
09.06.2019|159.02|06:05:02|5132|0|236|4579|286|67%|0|0|26.1|74.2|83|120|123|150|209|695|5,105|20|06:33:45|Pioneer SGX-CA600|https://www.strava.com/activities/2436449555
07.06.2019|127.71|04:59:50|4023|0|231|3881|228|66%|0|0|25.6|72.7|84|128|125|151|216|702|4,328|14|05:22:45|Pioneer SGX-CA600|https://www.strava.com/activities/2430799001
02.06.2019|128.76|04:57:43|4182|0|0|0|0||0|0|26|80.6|83|140|0|0|0|0|4,031|29|06:28:44|Pioneer SGX-CA600|https://www.strava.com/activities/2417658123
28.06.2019|50.75|01:46:58|401|0|149|852|33|43%|0|0|28.5|66.2|84|106|89|122|133|416|950|31|01:49:31|Pioneer|https://www.strava.com/activities/2486830107
25.06.2019|57.39|01:45:58|1095|0|0|0|0||0|0|32.5|85.7|86|129|117|171|0|0|1,199|24|01:57:11|Pioneer|https://www.strava.com/activities/2479119442
23.06.2019|178.65|05:55:53|4440|0|228|4485|265|65%|0|0|30.1|88.6|91|166|0|0|210|779|5,001|26|06:53:24|Pioneer SGX-CA600|https://www.strava.com/activities/2474291819
20.06.2019|101.69|03:56:48|3547|0|0|0|0||0|0|25.8|86.4|85|155|126|164|0|0|3,518|21|04:31:30|Pioneer SGX-CA600|https://www.strava.com/activities/2465443403
15.06.2019|128.01|04:58:08|4305|0|0|0|0||0|0|25.8|79.2|84|124|125|166|0|0|4,111|19|05:42:19|Pioneer SGX-CA600|https://www.strava.com/activities/2451721038
03.06.2019|135.54|05:03:04|4478|0|244|3902|257|70%|0|0|26.8|77.8|79|142|127|180|215|712|4,351|27|05:55:26|Pioneer SGX-CA600|https://www.strava.com/activities/2420144669
01.06.2019|127.66|04:30:15|2995|0|207|3033|163|59%|0|0|28.3|90|87|132|123|168|187|965|3,382|27|05:05:14|Pioneer SGX-CA600|https://www.strava.com/activities/2414306334
02.07.2019|30.39|01:08:50|388|0|151|553|22|43%|0|0|26.5|65.5|81|123|0|0|134|824|617|29|01:29:35|Pioneer|https://www.strava.com/activities/2497292519
20.07.2019|123.7|03:38:53|4461|0|289|3240|250|83%|0|0|33.9|87.1|92|175|0|0|247|812|3,612|27|03:38:53|Pioneer SGX-CA600|https://www.strava.com/activities/2548476322
14.07.2019|179.2|04:45:03|2939|0|227|3124|201|65%|0|0|37.7|106.6|89|200|0|0|183|851|3,483|28|04:49:01|Pioneer SGX-CA600|https://www.strava.com/activities/2532048785
13.07.2019|204.88|05:14:53|3948|0|273|4413|320|78%|0|0|39|92.9|93|146|0|0|234|886|4,920|30|05:16:06|Pioneer SGX-CA600|https://www.strava.com/activities/2528881084
12.07.2019|237.71|06:19:11|2386|0|205|3877|220|59%|0|0|37.6|87.8|86|162|0|0|170|847|4,322|28|06:22:45|Pioneer SGX-CA600|https://www.strava.com/activities/2526107322
11.07.2019|168.15|04:48:58|3868|0|273|3994|297|78%|0|0|34.9|92.2|92|146|0|0|230|897|4,453|19|05:31:31|Pioneer SGX-CA600|https://www.strava.com/activities/2523595332
10.07.2019|177.24|04:12:47|2278|0|259|3296|231|74%|0|0|42.1|89.3|90|166|0|0|217|871|3,675|27|04:16:19|Pioneer SGX-CA600|https://www.strava.com/activities/2520720897
09.07.2019|219.85|05:21:40|1568|0|201|3282|176|57%|0|0|41|85|89|134|0|0|170|880|3,659|27|05:23:13|Pioneer SGX-CA600|https://www.strava.com/activities/2517817862
08.07.2019|217.22|04:49:44|2340|0|248|3678|246|71%|0|0|45|90.7|93|195|0|0|212|828|4,101|25|04:53:27|Pioneer SGX-CA600|https://www.strava.com/activities/2514868843
04.07.2019|56.03|01:45:29|113|0|167|991|43|48%|0|0|31.9|64.8|91|177|0|0|157|615|1,105|22|02:32:31|Pioneer SGX-CA600|https://www.strava.com/activities/2503075914
01.07.2019|114.9|03:37:49|1502|0|203|2440|132|58%|0|0|31.7|69.8|87|129|107|147|187|752|2,721|32|04:27:20|Pioneer SGX-CA600|https://www.strava.com/activities/2494950577
02.07.2019|30.39|01:08:50|388|0|151|553|22|43%|0|0|26.5|65.5|81|123|0|0|134|824|617|29|01:29:35|Pioneer|https://www.strava.com/activities/2497292519
20.07.2019|123.7|03:38:53|4461|0|289|3240|250|83%|0|0|33.9|87.1|92|175|0|0|247|812|3,612|27|03:38:53|Pioneer SGX-CA600|https://www.strava.com/activities/2548476322
14.07.2019|179.2|04:45:03|2939|0|227|3124|201|65%|0|0|37.7|106.6|89|200|0|0|183|851|3,483|28|04:49:01|Pioneer SGX-CA600|https://www.strava.com/activities/2532048785
13.07.2019|204.88|05:14:53|3948|0|273|4413|320|78%|0|0|39|92.9|93|146|0|0|234|886|4,920|30|05:16:06|Pioneer SGX-CA600|https://www.strava.com/activities/2528881084
12.07.2019|237.71|06:19:11|2386|0|205|3877|220|59%|0|0|37.6|87.8|86|162|0|0|170|847|4,322|28|06:22:45|Pioneer SGX-CA600|https://www.strava.com/activities/2526107322
11.07.2019|168.15|04:48:58|3868|0|273|3994|297|78%|0|0|34.9|92.2|92|146|0|0|230|897|4,453|19|05:31:31|Pioneer SGX-CA600|https://www.strava.com/activities/2523595332
10.07.2019|177.24|04:12:47|2278|0|259|3296|231|74%|0|0|42.1|89.3|90|166|0|0|217|871|3,675|27|04:16:19|Pioneer SGX-CA600|https://www.strava.com/activities/2520720897
09.07.2019|219.85|05:21:40|1568|0|201|3282|176|57%|0|0|41|85|89|134|0|0|170|880|3,659|27|05:23:13|Pioneer SGX-CA600|https://www.strava.com/activities/2517817862
08.07.2019|217.22|04:49:44|2340|0|248|3678|246|71%|0|0|45|90.7|93|195|0|0|212|828|4,101|25|04:53:27|Pioneer SGX-CA600|https://www.strava.com/activities/2514868843
04.07.2019|56.03|01:45:29|113|0|167|991|43|48%|0|0|31.9|64.8|91|177|0|0|157|615|1,105|22|02:32:31|Pioneer SGX-CA600|https://www.strava.com/activities/2503075914
01.07.2019|114.9|03:37:49|1502|0|203|2440|132|58%|0|0|31.7|69.8|87|129|107|147|187|752|2,721|32|04:27:20|Pioneer SGX-CA600|https://www.strava.com/activities/2494950577
15.09.2019|104.53|02:48:49|754|0|214|1654|107|61%|0|0|37.2|74.9|79|144|0|0|163|901|1,845|22|1.00:04:56|Pioneer SGX-CA600|https://www.strava.com/activities/2713877759
14.09.2019|196.8|05:51:15|4536|0|278|4993|370|79%|0|0|33.6|84.2|86|150|0|0|237|892|5,567|15|06:02:00|Pioneer SGX-CA600|https://www.strava.com/activities/2708279371
11.09.2019|226.8|05:06:24|2605|0|279|4563|325|80%|0|0|44.4|87.8|87|190|0|0|248|827|5,088|24|05:06:24|Pioneer SGX-CA600|https://www.strava.com/activities/2699390543
10.09.2019|37.45|01:06:17|198|0|153|542|21|44%|0|0|33.9|49|86|111|0|0|136|563|604|10|01:06:17|Pioneer SGX-CA600|https://www.strava.com/activities/2695683336
09.09.2019|171.03|04:58:52|3817|0|269|4074|300|77%|0|0|34.3|90|87|190|0|0|227|875|4,542|19|05:15:58|Pioneer SGX-CA600|https://www.strava.com/activities/2693903473
08.09.2019|174.75|05:25:27|3838|0|0|0|0||0|0|32.2|86.4|81|142|0|0|0|0|4,393|24|05:33:35|Pioneer SGX-CA600|https://www.strava.com/activities/2691526934
07.09.2019|190.46|04:45:47|2472|0|232|3338|209|66%|0|0|40|85.7|84|179|0|0|195|800|3,722|25|04:51:29|Pioneer SGX-CA600|https://www.strava.com/activities/2688375518
06.09.2019|171.61|04:48:44|3999|0|277|4103|308|79%|0|0|35.7|78.5|88|181|0|0|237|782|4,575|20|04:56:37|Pioneer SGX-CA600|https://www.strava.com/activities/2685086934
05.09.2019|180.29|04:14:57|2082|0|272|3407|257|78%|0|0|42.4|90.7|90|192|0|0|223|850|3,798|19|04:14:57|Pioneer SGX-CA600|https://www.strava.com/activities/2682271660
02.09.2019|51.35|01:47:53|546|0|166|948|40|47%|0|0|28.6|62.6|80|189|0|0|147|553|1,058|18|01:49:54|Pioneer SGX-CA600|https://www.strava.com/activities/2673019055
01.09.2019|95.14|03:11:14|3479|0|302|3046|240|86%|0|0|29.9|82.1|87|143|0|0|266|786|3,397|22|03:14:46|Pioneer SGX-CA600|https://www.strava.com/activities/2673026738
15.09.2019|104.53|02:48:49|754|0|214|1654|107|61%|0|0|37.2|74.9|79|144|0|0|163|901|1,845|22|1.00:04:56|Pioneer SGX-CA600|https://www.strava.com/activities/2713877759
14.09.2019|196.8|05:51:15|4536|0|278|4993|370|79%|0|0|33.6|84.2|86|150|0|0|237|892|5,567|15|06:02:00|Pioneer SGX-CA600|https://www.strava.com/activities/2708279371
11.09.2019|226.8|05:06:24|2605|0|279|4563|325|80%|0|0|44.4|87.8|87|190|0|0|248|827|5,088|24|05:06:24|Pioneer SGX-CA600|https://www.strava.com/activities/2699390543
10.09.2019|37.45|01:06:17|198|0|153|542|21|44%|0|0|33.9|49|86|111|0|0|136|563|604|10|01:06:17|Pioneer SGX-CA600|https://www.strava.com/activities/2695683336
09.09.2019|171.03|04:58:52|3817|0|269|4074|300|77%|0|0|34.3|90|87|190|0|0|227|875|4,542|19|05:15:58|Pioneer SGX-CA600|https://www.strava.com/activities/2693903473
08.09.2019|174.75|05:25:27|3838|0|0|0|0||0|0|32.2|86.4|81|142|0|0|0|0|4,393|24|05:33:35|Pioneer SGX-CA600|https://www.strava.com/activities/2691526934
07.09.2019|190.46|04:45:47|2472|0|232|3338|209|66%|0|0|40|85.7|84|179|0|0|195|800|3,722|25|04:51:29|Pioneer SGX-CA600|https://www.strava.com/activities/2688375518
06.09.2019|171.61|04:48:44|3999|0|277|4103|308|79%|0|0|35.7|78.5|88|181|0|0|237|782|4,575|20|04:56:37|Pioneer SGX-CA600|https://www.strava.com/activities/2685086934
05.09.2019|180.29|04:14:57|2082|0|272|3407|257|78%|0|0|42.4|90.7|90|192|0|0|223|850|3,798|19|04:14:57|Pioneer SGX-CA600|https://www.strava.com/activities/2682271660
02.09.2019|51.35|01:47:53|546|0|166|948|40|47%|0|0|28.6|62.6|80|189|0|0|147|553|1,058|18|01:49:54|Pioneer SGX-CA600|https://www.strava.com/activities/2673019055
01.09.2019|95.14|03:11:14|3479|0|302|3046|240|86%|0|0|29.9|82.1|87|143|0|0|266|786|3,397|22|03:14:46|Pioneer SGX-CA600|https://www.strava.com/activities/2673026738
24.11.2019|22.25|01:06:31|936|0|137|399|19|39%|0|0|20.1|52.2|66|115|0|0|100|422|397|25|01:18:06|Garmin Edge 500|https://www.strava.com/activities/2886843060
24.12.2019|181.57|05:59:54|2560|0|232|4647|278|66%|0|0|30.3|67|82|121|123|158|215|849|5,181|20|06:38:28|Pioneer SGX-CA600|https://www.strava.com/activities/2952576382
23.12.2019|166.64|04:26:34|1205|0|0|0|0||0|0|37.5|72|88|112|0|0|0|0|4,113|21|05:03:40|Pioneer SGX-CA600|https://www.strava.com/activities/2950383439
19.12.2019|137.02|03:46:21|1093|0|0|0|0||0|0|36.3|87.1|90|119|0|0|0|0|3,497|18|05:02:32|Pioneer SGX-CA600|https://www.strava.com/activities/2942223396
17.12.2019|150.1|04:53:34|1019|0|0|0|0||0|0|30.7|63.4|85|179|0|0|0|0|4,378|14|05:12:55|Pioneer SGX-CA600|https://www.strava.com/activities/2937963023
16.12.2019|164.12|04:28:08|1217|0|0|0|0||0|0|36.7|76.3|89|119|133|166|0|0|4,186|17|05:12:38|Pioneer SGX-CA600|https://www.strava.com/activities/2935982918
13.12.2019|147.97|04:26:34|1556|0|0|0|0||0|0|33.3|72.7|83|115|0|0|0|0|3,633|20|04:58:43|Pioneer SGX-CA600|https://www.strava.com/activities/2929365943
11.12.2019|24.65|00:56:58|167|0|143|483|17|41%|0|0|26|49|91|115|96|112|141|307|538|23|01:01:51|Pioneer SGX-CA600|https://www.strava.com/activities/2925069186
10.12.2019|155.64|05:00:13|1420|0|207|3681|182|59%|0|0|31.1|67|89|125|122|144|204|773|4,104|20|05:34:46|Pioneer SGX-CA600|https://www.strava.com/activities/2922926881
07.12.2019|157.38|04:56:58|794|0|203|3643|175|58%|0|0|31.8|58.3|90|127|124|137|204|466|4,062|14|05:56:48|Pioneer SGX-CA600|https://www.strava.com/activities/2916041460
06.12.2019|117.38|03:59:43|1965|0|219|2886|168|63%|0|0|29.4|77|82|129|124|158|201|786|3,218|18|04:17:47|Pioneer SGX-CA600|https://www.strava.com/activities/2914300630
05.12.2019|161.57|04:30:38|1054|0|0|0|0||0|0|35.8|76.3|90|120|0|0|0|0|4,000|20|05:05:29|Pioneer SGX-CA600|https://www.strava.com/activities/2912032653
14.12.2019|190.63|05:55:47|1669|0|224|4724|256|64%|0|0|32.1|81.4|88|174|125|149|221|793|5,267|19|06:38:21|Pioneer SGX-CA600|https://www.strava.com/activities/2931160631
01.02.2020|171.74|04:53:16|1870|0|0|0|0||0|0|35.1|69.8|85|122|124|156|0|0|4,216|24|05:39:25|Pioneer SGX-CA600|https://www.strava.com/activities/3060630053
31.01.2020|154.51|04:59:04|1530|0|208|3630|185|59%|0|0|31|68|88|171|117|153|202|913|3,631|24|05:31:18|Garmin Edge 830|https://www.strava.com/activities/3058112453
30.01.2020|92.32|03:09:52|842|0|189|2091|96|54%|0|0|29.2|60.8|87|114|114|138|184|705|2,087|28|03:27:54|Garmin Edge 830|https://www.strava.com/activities/3055314817
29.01.2020|52.67|01:40:26|292|0|159|919|35|45%|0|0|31.5|67|86|106|97|117|153|392|1,025|22|02:08:22|Pioneer SGX-CA600|https://www.strava.com/activities/3052625664
15.01.2020|157.31|05:04:57|1877|0|0|0|0||0|0|31|74.2|88|114|0|0|0|0|4,261|23|05:56:33|Pioneer SGX-CA600|https://www.strava.com/activities/3020560265
14.01.2020|43.39|01:41:22|542|0|164|952|38|47%|0|0|25.7|61.2|84|112|100|122|157|417|1,062|20|01:44:01|Pioneer SGX-CA600|https://www.strava.com/activities/3008922626
13.01.2020|32.28|01:13:40|337|0|167|702|29|48%|0|0|26.3|60.5|84|104|98|116|159|407|782|22|01:20:05|Pioneer SGX-CA600|https://www.strava.com/activities/3006360053
12.01.2020|176.4|04:42:30|1210|0|250|3969|251|71%|0|0|37.5|73.4|90|125|129|163|234|695|4,426|22|05:11:43|Pioneer SGX-CA600|https://www.strava.com/activities/3003197049
10.01.2020|26.92|01:00:15|217|0|157|562|22|45%|0|0|26.8|47.5|90|125|97|116|155|376|626|26|01:06:11|Pioneer SGX-CA600|https://www.strava.com/activities/2997312982
09.01.2020|138.1|04:29:29|1343|0|210|3262|167|60%|0|0|30.7|74.9|88|117|118|148|202|874|3,637|22|05:04:55|Pioneer SGX-CA600|https://www.strava.com/activities/2994681840
07.01.2020|27.73|01:03:51|294|0|155|553|21|44%|0|0|26.1|59|87|113|95|115|144|391|617|23|01:04:46|Pioneer SGX-CA600|https://www.strava.com/activities/2988583805
05.01.2020|166.3|04:53:47|1718|0|252|4085|270|72%|0|0|34|75.6|93|132|129|165|232|670|4,555|17|05:26:54|Pioneer SGX-CA600|https://www.strava.com/activities/2982809672
02.01.2020|119.18|03:55:59|1368|0|0|0|0||0|0|30.3|69.1|88|117|125|167|0|0|3,231|25|04:32:41|Pioneer SGX-CA600|https://www.strava.com/activities/2974404847
25.01.2020|148.59|03:32:08|1667|0|239|2390|165|68%|0|0|42|90|89|137|121|175|188|839|2,394|26|03:33:20|Garmin Edge 830|https://www.strava.com/activities/3040600573
23.01.2020|138.07|03:34:09|2347|0|0|0|0||0|0|38.7|89.6|91|161|123|175|0|0|2,595|19|03:35:17|Garmin Edge 830|https://www.strava.com/activities/3035384157
22.01.2020|134.92|03:28:24|2141|0|240|2371|165|69%|0|0|38.8|84.6|92|139|125|177|190|876|2,387|26|03:29:28|Garmin Edge 830|https://www.strava.com/activities/3032592667
21.01.2020|152.53|03:35:54|1212|0|224|2162|147|64%|0|0|42.4|85|90|162|123|173|167|865|2,185|30|03:36:30|Garmin Edge 830|https://www.strava.com/activities/3029628937
20.01.2020|33.9|01:14:53|604|0|181|724|37|52%|0|0|27.2|74.2|89|121|100|127|161|691|722|18|01:24:30|Garmin Edge 830|https://www.strava.com/activities/3026924873
19.01.2020|50.1|01:12:00|92|0|224|906|58|64%|0|0|41.8|72.4|90|151|121|161|210|824|904|17|01:50:54|Garmin Edge 830|https://www.strava.com/activities/3023968830
19.01.2020|38.83|01:21:01|696|0|192|857|48|55%|0|0|28.8|79.9|89|122|110|150|176|876|857|18|02:02:27|Garmin Edge 830|https://www.strava.com/activities/3023505196
18.01.2020|44.44|01:43:13|276|0|105|599|21|30%|0|0|25.8|55.4|86|130|81|125|97|726|598|21|03:41:06|Garmin Edge 830|https://www.strava.com/activities/3020572005
17.01.2020|87.91|03:03:23|1439|0|191|1953|104|55%|0|0|28.8|79.6|86|200|109|150|177|869|1,941|19|03:47:07|Garmin Edge 830|https://www.strava.com/activities/3018145589
11.01.2020|112.9|03:49:02|1589|0|0|0|0||0|0|29.6|76.3|87|124|0|0|0|0|3,189|21|04:16:11|Pioneer SGX-CA600|https://www.strava.com/activities/2999840223
03.01.2020|192.18|06:14:34|1877|0|209|4547|231|60%|0|0|30.8|71.3|89|112|122|142|202|698|5,070|25|06:48:57|Pioneer SGX-CA600|https://www.strava.com/activities/2977234992
01.02.2020|171.74|04:53:16|1870|0|0|0|0||0|0|35.1|69.8|85|122|124|156|0|0|4,216|24|05:39:25|Pioneer SGX-CA600|https://www.strava.com/activities/3060630053
31.01.2020|154.51|04:59:04|1530|0|208|3630|185|59%|0|0|31|68|88|171|117|153|202|913|3,631|24|05:31:18|Garmin Edge 830|https://www.strava.com/activities/3058112453
30.01.2020|92.32|03:09:52|842|0|189|2091|96|54%|0|0|29.2|60.8|87|114|114|138|184|705|2,087|28|03:27:54|Garmin Edge 830|https://www.strava.com/activities/3055314817
29.01.2020|52.67|01:40:26|292|0|159|919|35|45%|0|0|31.5|67|86|106|97|117|153|392|1,025|22|02:08:22|Pioneer SGX-CA600|https://www.strava.com/activities/3052625664
15.01.2020|157.31|05:04:57|1877|0|0|0|0||0|0|31|74.2|88|114|0|0|0|0|4,261|23|05:56:33|Pioneer SGX-CA600|https://www.strava.com/activities/3020560265
14.01.2020|43.39|01:41:22|542|0|164|952|38|47%|0|0|25.7|61.2|84|112|100|122|157|417|1,062|20|01:44:01|Pioneer SGX-CA600|https://www.strava.com/activities/3008922626
13.01.2020|32.28|01:13:40|337|0|167|702|29|48%|0|0|26.3|60.5|84|104|98|116|159|407|782|22|01:20:05|Pioneer SGX-CA600|https://www.strava.com/activities/3006360053
12.01.2020|176.4|04:42:30|1210|0|250|3969|251|71%|0|0|37.5|73.4|90|125|129|163|234|695|4,426|22|05:11:43|Pioneer SGX-CA600|https://www.strava.com/activities/3003197049
10.01.2020|26.92|01:00:15|217|0|157|562|22|45%|0|0|26.8|47.5|90|125|97|116|155|376|626|26|01:06:11|Pioneer SGX-CA600|https://www.strava.com/activities/2997312982
09.01.2020|138.1|04:29:29|1343|0|210|3262|167|60%|0|0|30.7|74.9|88|117|118|148|202|874|3,637|22|05:04:55|Pioneer SGX-CA600|https://www.strava.com/activities/2994681840
07.01.2020|27.73|01:03:51|294|0|155|553|21|44%|0|0|26.1|59|87|113|95|115|144|391|617|23|01:04:46|Pioneer SGX-CA600|https://www.strava.com/activities/2988583805
05.01.2020|166.3|04:53:47|1718|0|252|4085|270|72%|0|0|34|75.6|93|132|129|165|232|670|4,555|17|05:26:54|Pioneer SGX-CA600|https://www.strava.com/activities/2982809672
02.01.2020|119.18|03:55:59|1368|0|0|0|0||0|0|30.3|69.1|88|117|125|167|0|0|3,231|25|04:32:41|Pioneer SGX-CA600|https://www.strava.com/activities/2974404847
25.01.2020|148.59|03:32:08|1667|0|239|2390|165|68%|0|0|42|90|89|137|121|175|188|839|2,394|26|03:33:20|Garmin Edge 830|https://www.strava.com/activities/3040600573
23.01.2020|138.07|03:34:09|2347|0|0|0|0||0|0|38.7|89.6|91|161|123|175|0|0|2,595|19|03:35:17|Garmin Edge 830|https://www.strava.com/activities/3035384157
22.01.2020|134.92|03:28:24|2141|0|240|2371|165|69%|0|0|38.8|84.6|92|139|125|177|190|876|2,387|26|03:29:28|Garmin Edge 830|https://www.strava.com/activities/3032592667
21.01.2020|152.53|03:35:54|1212|0|224|2162|147|64%|0|0|42.4|85|90|162|123|173|167|865|2,185|30|03:36:30|Garmin Edge 830|https://www.strava.com/activities/3029628937
20.01.2020|33.9|01:14:53|604|0|181|724|37|52%|0|0|27.2|74.2|89|121|100|127|161|691|722|18|01:24:30|Garmin Edge 830|https://www.strava.com/activities/3026924873
19.01.2020|50.1|01:12:00|92|0|224|906|58|64%|0|0|41.8|72.4|90|151|121|161|210|824|904|17|01:50:54|Garmin Edge 830|https://www.strava.com/activities/3023968830
19.01.2020|38.83|01:21:01|696|0|192|857|48|55%|0|0|28.8|79.9|89|122|110|150|176|876|857|18|02:02:27|Garmin Edge 830|https://www.strava.com/activities/3023505196
18.01.2020|44.44|01:43:13|276|0|105|599|21|30%|0|0|25.8|55.4|86|130|81|125|97|726|598|21|03:41:06|Garmin Edge 830|https://www.strava.com/activities/3020572005
17.01.2020|87.91|03:03:23|1439|0|191|1953|104|55%|0|0|28.8|79.6|86|200|109|150|177|869|1,941|19|03:47:07|Garmin Edge 830|https://www.strava.com/activities/3018145589
11.01.2020|112.9|03:49:02|1589|0|0|0|0||0|0|29.6|76.3|87|124|0|0|0|0|3,189|21|04:16:11|Pioneer SGX-CA600|https://www.strava.com/activities/2999840223
03.01.2020|192.18|06:14:34|1877|0|209|4547|231|60%|0|0|30.8|71.3|89|112|122|142|202|698|5,070|25|06:48:57|Pioneer SGX-CA600|https://www.strava.com/activities/2977234992
31.03.2020|19.04|00:29:23|111|0|234|381|25|67%|0|0|38.9|58|0|0|131|155|216|415|410||00:33:57|Zwift|https://www.strava.com/activities/3237802904
28.03.2020|23.92|00:30:51|206|0|295|531|36|84%|0|0|46.5|66.2|0|0|143|160|287|576|545||00:30:51|Zwift|https://www.strava.com/activities/3226639274
27.03.2020|18.04|00:22:59|91|0|287|379|25|82%|0|0|47.1|58.7|0|0|0|0|275|529|391||00:22:59|Zwift|https://www.strava.com/activities/3223481368
27.03.2020|32.53|00:49:04|265|0|259|674|50|74%|0|0|39.8|83.2|0|0|0|0|229|630|653||01:01:34|Zwift|https://www.strava.com/activities/3223402752
26.03.2020|31.65|00:52:56|155|0|214|551|34|61%|0|0|35.9|59.4|0|0|109|149|174|506|570||00:55:41|Zwift|https://www.strava.com/activities/3219902941
25.03.2020|47.8|01:06:05|311|0|270|1011|65|77%|0|0|43.4|62.6|0|0|0|0|255|473|986||01:06:05|Zwift|https://www.strava.com/activities/3216473140
23.03.2020|24.01|00:40:02|218|0|265|587|39|76%|0|0|36|57.6|0|0|138|166|244|618|629||00:40:55|Zwift|https://www.strava.com/activities/3209790183
22.03.2020|10.63|00:30:57|141|0|98|188|6|28%|0|0|20.6|46.1|0|0|0|0|101|331|187||00:48:15|Zwift|https://www.strava.com/activities/3206690663
20.03.2020|18.08|00:26:18|191|0|261|383|25|75%|0|0|41.3|61.2|0|0|142|162|243|447|373||00:27:26|Zwift|https://www.strava.com/activities/3200186033
12.03.2020|148.79|06:00:07|4332|0|226|4384|261|65%|0|0|24.8|73.8|82|161|119|142|203|640|4,389|17|06:23:30|Garmin Edge 830|https://www.strava.com/activities/3177152955
11.03.2020|142.08|05:17:06|4080|0|0|0|0||0|0|26.9|83.5|78|239|0|0|0|0|3,966|17|06:03:14|Garmin Edge 130|https://www.strava.com/activities/3174278335
21.03.2020|49.25|01:19:35|1021|0|278|1233|89|79%|0|0|37.1|88.9|0|0|140|162|258|683|1,216||01:25:48|Zwift|https://www.strava.com/activities/3202735808
13.03.2020|18.78|00:56:51|590|0|172|540|23|49%|0|0|19.8|65.9|76|113|0|0|158|429|539|14|00:58:12|Garmin Edge 830|https://www.strava.com/activities/3179657027
08.03.2020|144.61|05:01:31|2565|0|224|3630|210|64%|0|0|28.8|73.1|85|195|116|148|201|511|3,626|12|05:49:43|Garmin Edge 830|https://www.strava.com/activities/3165863581
26.04.2020|37.22|00:51:01|434|0|280|798|54|80%|0|0|43.8|73.1|86|139|139|170|261|747|815||00:51:01|Zwift|https://www.strava.com/activities/3354531909
16.04.2020|20.68|00:31:10|68|0|184|342|15|53%|0|0|39.8|59|74|95|117|128|183|298|347||00:32:56|Zwift|https://www.strava.com/activities/3306361578
11.04.2020|30.14|00:59:17|269|0|194|683|30|55%|0|0|30.5|65.2|0|0|126|142|192|364|773||00:59:32|Zwift|https://www.strava.com/activities/3283411061
11.04.2020|48.68|01:11:00|364|0|263|1030|69|75%|0|0|41.1|68.8|0|0|133|169|242|818|1,059||01:13:41|Zwift|https://www.strava.com/activities/3283061757
09.04.2020|43.19|01:02:34|355|0|239|875|48|68%|0|0|41.4|66.2|83|103|137|157|233|480|858||01:02:34|Zwift|https://www.strava.com/activities/3274893123
07.04.2020|30.32|00:40:08|351|0|301|679|49|86%|0|0|45.3|66.6|84|124|150|171|282|627|694||00:40:08|Zwift|https://www.strava.com/activities/3265583735
24.05.2020|33.14|01:06:20|1187|0|0|0|0||0|0|30|66.2|82|111|0|0|0|0|1,138||01:08:26|Zwift|https://www.strava.com/activities/3502241045
17.05.2020|42.28|00:54:16|136|0|294|862|63|84%|0|0|46.7|69.1|87|128|131|175|265|695|834||00:54:16|Zwift|https://www.strava.com/activities/3464378850
10.05.2020|37.87|00:54:13|271|0|0|0|0||0|0|41.9|82.4|84|110|139|176|0|0|841||00:55:32|Zwift|https://www.strava.com/activities/3428309053
13.06.2020|32.65|01:01:54|580|0|0|0|0||0|0|31.7|56.2|88|200|0|0|0|0|907|20|01:37:25|Garmin Edge 830|https://www.strava.com/activities/3623702085
10.06.2020|160.29|05:09:26|2947|0|0|0|0||0|0|31.1|65.5|86|158|0|0|0|0|4,128|18|05:44:48|Garmin Edge 830|https://www.strava.com/activities/3592889843
08.07.2020|46.69|02:02:40|1177|0|183|1186|57|52%|0|0|22.8|70.9|80|121|110|169|161|864|1,184|27|02:22:53|Garmin Edge 830|https://www.strava.com/activities/3731180867
03.07.2020|30.39|01:53:01|1944|0|0|0|0||191|1296|16.1|59.8|0|0|89|176|0|0|515|19|01:59:06|Garmin Edge 130|https://www.strava.com/activities/3706804581
29.08.2020|167.47|04:19:36|1343|0|254|3123|233|73%|0|0|38.7|91.8|95|143|120|165|200|815|3,272|21|05:01:42|Garmin Edge 830|https://www.strava.com/activities/3982954588
22.08.2020|20.78|00:57:04|592|0|187|560|28|53%|0|0|21.9|78.5|82|149|96|116|164|435|557|28|01:19:38|Garmin Edge 830|https://www.strava.com/activities/3948820803
19.08.2020|24.62|01:06:10|662|0|158|559|25|45%|0|0|22.3|78.5|76|129|108|178|141|419|583|21|01:50:23|Garmin Edge 130|https://www.strava.com/activities/3934928000
12.08.2020|190.6|04:48:45|2906|0|0|0|0||0|0|39.6|92.2|92|144|0|0|0|0|3,674|35|06:45:05|Garmin Edge 130|https://www.strava.com/activities/3903617082
11.08.2020|43.7|01:43:52|1002|0|195|1068|55|56%|0|0|25.2|72.7|85|155|104|142|171|898|1,067|26|01:47:25|Garmin Edge 830|https://www.strava.com/activities/3896453927
09.08.2020|167.13|04:45:27|3377|0|0|0|0||0|0|35.1|89.3|90|142|0|0|0|0|3,708|33|04:50:19|Garmin Edge 130|https://www.strava.com/activities/3887982180
08.08.2020|144.47|04:12:09|3321|0|0|0|0||0|0|34.4|80.3|91|150|0|0|0|0|3,600|33|04:57:09|Garmin Edge 130|https://www.strava.com/activities/3882968441
07.08.2020|150.84|03:39:14|1313|0|0|0|0||0|0|41.3|85.3|91|146|0|0|0|0|2,691|34|03:55:15|Garmin Edge 830|https://www.strava.com/activities/3878035490
04.09.2020|173.21|03:44:36|1960|0|270|3074|226|77%|0|0|46.3|94.3|93|178|0|0|228|858|3,106|32|03:50:18|Garmin Edge 830|https://www.strava.com/activities/4010681184
27.10.2020|169.5|04:12:50|2487|0|284|3612|277|81%|0|0|40.2|95.4|89|135|130|166|238|911|3,628|12|04:13:45|Garmin Edge 830|https://www.strava.com/activities/4250654572
18.11.2020|12.07|03:26:18|0|0|0|0|0||0|0|0|0|0|0|0|0|0|0|||00:00:00|Garmin Forerunner 945|https://www.strava.com/activities/4355880780
19.12.2020|16.17|00:21:13|133|0|275|341|21|79%|0|0|45.7|61.6|0|0|0|0|268|702|441||00:21:13|Zwift|https://www.strava.com/activities/4488870910
06.12.2020|79.02|04:22:57|1335|0|0|0|0||69|1090|18|56.2|0|0|0|0|0|0|2,040|6|05:00:54|Garmin Edge 830|https://www.strava.com/activities/4437577128
loaded urls in 1.04:12:56.6461072
