date|distance|mov_time|elevation|relativeEffort|avg_power_weig|work_total|training_load|intensity|estAvgPower|energyOutput|avg_speed|max_speed|avg_cadence|max_cadence|avg_heartRate|max_heartRate|avg_power|max_power|avg_calories|avg_temperature|avg_elap_time|bicycle_model|url
1/28/2018|163.07|04:04:08|1532|0|247|2605|0||0|0|40.1|85.7|85|254|0|0|178|1393|2,905|40|04:04:39|Wahoo ELEMNT BOLT|https://www.strava.com/activities/1380781697
1/28/2018|163.07|04:04:08|1532|0|247|2605|0||0|0|40.1|85.7|85|254|0|0|178|1393|2,905|40|04:04:39|Wahoo ELEMNT BOLT|https://www.strava.com/activities/1380780072
1/27/2018|45.21|01:33:37|371|0|211|911|0||0|0|29|76.7|89|174|0|0|162|1369|1,016|30|02:07:18|Wahoo ELEMNT BOLT|https://www.strava.com/activities/1376892430
1/25/2018|116.99|02:33:50|38|0|249|2050|0||0|0|45.6|105.5|92|204|0|0|222|1385|2,286|24|02:35:21|Wahoo ELEMNT BOLT|https://www.strava.com/activities/1375373488
1/25/2018|5.14|00:11:58|0|0|122|78|0||0|0|25.8|34.2|83|130|0|0|108|265|87|26|00:13:14|Wahoo ELEMNT BOLT|https://www.strava.com/activities/1375374006
1/24/2018|157.07|04:52:24|1941|0|227|3200|0||0|0|32.2|83.5|90|173|0|0|182|1185|3,567|23|05:42:33|Wahoo ELEMNT BOLT|https://www.strava.com/activities/1372408676
1/23/2018|55.76|01:49:15|271|0|0|0|0||0|0|30.6|67.3|88|177|107|161|0|0|1,235|25|02:43:55|Wahoo ELEMNT BOLT|https://www.strava.com/activities/1370697778
1/22/2018|30.86|01:10:26|147|0|0|0|0||0|0|26.3|46.8|87|174|95|126|0|0|756|22|01:23:01|Wahoo ELEMNT BOLT|https://www.strava.com/activities/1369318665
1/21/2018|92.3|02:18:34|692|0|0|0|0||0|0|40|72.4|86|178|135|180|0|0|2,177|38|03:03:06|Wahoo ELEMNT BOLT|https://www.strava.com/activities/1370700394
1/20/2018|152.41|03:42:49|1585|0|255|2508|0||0|0|41|100.1|89|173|0|0|188|1290|2,796|32|03:42:49|Wahoo ELEMNT BOLT|https://www.strava.com/activities/1365549286
1/19/2018|140.31|03:37:44|2070|0|267|2613|0||0|0|38.7|100.1|86|178|0|0|200|1286|2,914|42|04:18:25|Wahoo ELEMNT BOLT|https://www.strava.com/activities/1364137994
1/19/2018|8.26|00:20:01|57|0|99|85|0||0|0|24.8|32.8|82|169|0|0|71|520|94|46|00:20:01|Wahoo ELEMNT BOLT|https://www.strava.com/activities/1364138099
1/18/2018|129.24|03:24:23|1203|0|293|2623|0||0|0|37.9|84.6|86|254|0|0|214|1417|2,925|44|03:26:10|Wahoo ELEMNT BOLT|https://www.strava.com/activities/1362637398
1/17/2018|148.96|04:06:45|2564|0|252|2894|0||0|0|36.2|85.7|88|176|0|0|195|1299|3,226|39|04:06:45|Wahoo ELEMNT BOLT|https://www.strava.com/activities/1361117353
1/17/2018|13.67|00:34:25|68|0|109|158|0||0|0|23.8|33.8|83|163|0|0|76|748|176|40|00:34:25|Wahoo ELEMNT BOLT|https://www.strava.com/activities/1361117490
1/16/2018|150.3|04:01:34|1565|0|226|2289|0||0|0|37.3|82.4|86|178|0|0|158|1892|2,553|35|04:02:03|Wahoo ELEMNT BOLT|https://www.strava.com/activities/1359536415
1/15/2018|36.89|01:17:59|63|0|125|548|0||0|0|28.4|42.1|80|169|0|0|117|861|611|30|02:12:01|Wahoo ELEMNT BOLT|https://www.strava.com/activities/1359536978
1/14/2018|58.48|01:54:36|70|0|161|822|0||0|0|30.6|49|81|210|0|0|120|1306|917|26|02:29:51|Wahoo ELEMNT BOLT|https://www.strava.com/activities/1357780801
1/11/2018|127.21|04:20:28|1816|0|218|2670|0||0|0|29.3|87.8|82|173|0|0|171|1066|2,977|33|05:38:29|Wahoo ELEMNT BOLT|https://www.strava.com/activities/1351175353
1/10/2018|99.75|03:28:14|1772|0|222|2159|0||0|0|28.7|87.1|85|163|0|0|173|1051|2,408|20|04:10:17|Wahoo ELEMNT BOLT|https://www.strava.com/activities/1349520006
1/9/2018|62.86|02:13:22|91|0|145|1099|0||0|0|28.3|43.9|82|209|0|0|137|868|1,225|26|03:00:42|Wahoo ELEMNT BOLT|https://www.strava.com/activities/1348329365
1/7/2018|197.8|05:39:21|3451|0|276|4337|0||0|0|35|88.9|92|228|0|0|213|1382|4,836|24|08:04:32|Wahoo ELEMNT BOLT|https://www.strava.com/activities/1344779739
1/6/2018|39.88|01:29:58|455|0|199|848|0||0|0|26.6|67.3|93|167|0|0|157|1341|945|35|01:45:27|Wahoo ELEMNT BOLT|https://www.strava.com/activities/1342719658
1/4/2018|101.99|03:26:52|1458|0|225|2257|0||0|0|29.6|72.7|86|186|0|0|182|906|2,516|23|04:47:35|Wahoo ELEMNT BOLT|https://www.strava.com/activities/1339837039
1/3/2018|75.16|02:20:12|741|0|250|1568|0||0|0|32.2|64.1|88|187|0|0|186|1243|1,748|18|03:29:58|Wahoo ELEMNT BOLT|https://www.strava.com/activities/1338609453
1/3/2018|55.6|02:00:51|485|0|179|1099|0||0|0|27.6|62.3|89|163|0|0|151|662|1,225|18|02:35:50|Wahoo ELEMNT BOLT|https://www.strava.com/activities/1338610873
1/2/2018|64.29|02:03:12|75|0|208|1381|0||0|0|31.3|43.6|87|139|0|0|187|634|1,539|15|02:04:43|Wahoo ELEMNT BOLT|https://www.strava.com/activities/1336552386
1/1/2018|74.82|02:34:27|1068|0|209|1670|0||0|0|29.1|72.4|92|171|0|0|180|563|1,862|23|02:39:33|Wahoo ELEMNT BOLT|https://www.strava.com/activities/1335435146
2/27/2018|102.05|03:23:16|1348|0|0|0|0||0|0|30.1|55.8|80|146|124|178|0|0|2,599|3|04:39:40|Wahoo ELEMNT BOLT|https://www.strava.com/activities/1428544629
2/24/2018|151.76|05:40:40|2971|0|0|0|0||0|0|26.7|70.9|83|160|124|164|0|0|4,102|8|06:45:28|Wahoo ELEMNT BOLT|https://www.strava.com/activities/1423819215
2/22/2018|105.43|04:08:15|3079|0|0|0|0||0|0|25.5|71.6|73|149|133|166|0|0|3,335|10|05:05:53|Wahoo ELEMNT BOLT|https://www.strava.com/activities/1420975668
2/20/2018|110.42|04:27:56|3329|0|0|0|0||0|0|24.7|83.9|75|209|133|175|0|0|3,576|11|05:11:34|Wahoo ELEMNT BOLT|https://www.strava.com/activities/1417181035
2/17/2018|147.35|05:11:52|2895|0|0|0|0||0|0|28.3|68.8|78|175|120|168|0|0|3,519|14|06:07:21|Wahoo ELEMNT BOLT|https://www.strava.com/activities/1412098199
2/16/2018|155.65|04:29:17|1319|0|0|0|0||0|0|34.7|99.4|81|177|124|179|0|0|3,249|17|05:05:34|Wahoo ELEMNT BOLT|https://www.strava.com/activities/1410297841
2/13/2018|125.77|03:52:15|1757|0|0|0|0||0|0|32.5|69.1|84|166|135|184|0|0|2,961|14|04:28:34|Wahoo ELEMNT BOLT|https://www.strava.com/activities/1405613136
2/11/2018|90.9|02:50:16|1403|0|224|1937|0||0|0|32|67.7|81|172|0|0|190|874|2,160|11|03:06:32|Wahoo ELEMNT BOLT|https://www.strava.com/activities/1402484839
2/10/2018|126.66|04:19:53|1834|0|260|3405|0||0|0|29.2|81.4|81|156|0|0|218|918|3,796|15|05:01:39|Wahoo ELEMNT BOLT|https://www.strava.com/activities/1400797173
3/30/2018|92.43|03:11:19|1405|0|218|2169|0||0|0|29|70.6|80|149|0|0|189|1307|2,419|12|03:36:38|Wahoo ELEMNT|https://www.strava.com/activities/1480108723
3/29/2018|78.58|02:30:03|1176|0|0|0|0||0|0|31.4|87.5|87|176|138|173|0|0|1,810||02:37:58|Zwift|https://www.strava.com/activities/1477872681
3/28/2018|24.94|00:45:14|80|0|0|0|0||0|0|33.1|51.5|91|178|117|143|0|0|472||00:53:30|Zwift|https://www.strava.com/activities/1476363730
3/27/2018|52.4|01:33:32|220|0|215|985|0||0|0|33.6|67|92|177|0|0|176|581|1,098||01:33:32|Zwift|https://www.strava.com/activities/1474442565
3/24/2018|117.03|02:39:01|1167|0|0|0|0||0|0|44.2|90.4|87|167|132|171|0|0|2,208|3|02:39:46|Wahoo ELEMNT|https://www.strava.com/activities/1474473092
3/23/2018|210.09|05:36:09|3208|0|0|0|0||0|0|37.5|87.8|78|173|127|166|0|0|3,860|13|05:45:19|Wahoo ELEMNT|https://www.strava.com/activities/1474474526
3/22/2018|174.18|04:57:27|3697|0|0|0|0||0|0|35.1|90.4|82|151|146|176|0|0|4,352|8|05:05:31|Wahoo ELEMNT|https://www.strava.com/activities/1466240202
3/21/2018|162.5|04:37:25|2898|0|227|2926|0||0|0|35.1|79.2|84|155|0|0|176|908|3,262|9|04:38:40|Wahoo ELEMNT|https://www.strava.com/activities/1466271821
3/20/2018|183.45|04:56:46|2461|0|186|679|0||0|0|37.1|83.2|85|160|0|0|38|810|757|12|05:00:37|Wahoo ELEMNT|https://www.strava.com/activities/1466267194
3/19/2018|159.72|03:57:15|1837|0|268|3170|0||0|0|40.4|76|85|193|0|0|223|1148|3,534|13|04:08:28|Wahoo ELEMNT|https://www.strava.com/activities/1461038008
3/18/2018|36.7|01:17:55|540|0|205|783|0||0|0|28.3|58.3|85|160|0|0|167|1134|873|13|01:23:02|Wahoo ELEMNT BOLT|https://www.strava.com/activities/1459779443
3/16/2018|139.03|05:31:45|3143|0|231|3861|0||0|0|25.1|68.8|75|198|0|0|194|635|4,305|20|06:10:08|Wahoo ELEMNT BOLT|https://www.strava.com/activities/1456063611
3/14/2018|93.33|03:43:48|1964|0|210|2193|0||0|0|25|72|71|154|0|0|163|745|2,445|24|05:45:34|Wahoo ELEMNT BOLT|https://www.strava.com/activities/1453032699
3/13/2018|94.6|03:06:22|1406|0|248|2208|0||0|0|30.5|68.8|81|137|0|0|197|945|2,462|24|03:47:06|Wahoo ELEMNT BOLT|https://www.strava.com/activities/1451003676
3/12/2018|125.5|05:08:56|3249|0|249|3722|0||0|0|24.4|79.9|71|157|0|0|201|917|4,150|23|05:50:04|Wahoo ELEMNT BOLT|https://www.strava.com/activities/1449413355
3/10/2018|148.14|06:15:31|3390|0|201|3751|0||0|0|23.7|70.6|72|153|0|0|166|995|4,182|20|07:51:36|Wahoo ELEMNT BOLT|https://www.strava.com/activities/1446170049
3/9/2018|120.99|04:37:01|2622|0|209|2506|0||0|0|26.2|76|74|161|0|0|151|950|2,794|26|06:40:27|Wahoo ELEMNT BOLT|https://www.strava.com/activities/1444132726
3/8/2018|124.85|04:52:10|2371|0|0|0|0||0|0|25.6|104|78|163|129|177|0|0|3,533|22|07:40:10|Wahoo ELEMNT BOLT|https://www.strava.com/activities/1442685536
3/6/2018|39.85|01:28:00|814|0|0|0|0||0|0|27.2|79.2|92|177|134|179|0|0|1,097||01:31:34|Zwift|https://www.strava.com/activities/1438553439
4/29/2018|109.26|04:09:15|2075|0|223|2611|0||0|0|26.3|61.2|79|148|0|0|175|620|2,911|22|05:19:47|Wahoo ELEMNT|https://www.strava.com/activities/1539189780
4/28/2018|123.94|03:41:55|1173|0|228|2592|0||0|0|33.5|57.2|83|142|0|0|195|561|2,890|24|05:18:54|Wahoo ELEMNT|https://www.strava.com/activities/1537791041
4/18/2018|203.55|05:15:00|3295|0|275|4075|0||0|0|38.8|88.9|84|254|0|0|216|1139|4,544|26|05:15:39|Wahoo ELEMNT|https://www.strava.com/activities/1518213328
4/3/2018|167.71|04:24:32|3150|0|301|3962|0||0|0|38|83.9|88|172|0|0|250|1021|4,418|17|04:24:32|Wahoo ELEMNT|https://www.strava.com/activities/1487564542
4/2/2018|171.94|04:49:36|2947|0|263|3588|0||0|0|35.6|87.8|82|198|0|0|206|1139|4,001|21|04:53:33|Wahoo ELEMNT|https://www.strava.com/activities/1486201059
4/1/2018|48.14|01:50:18|925|0|215|936|0||0|0|26.2|77.8|74|155|0|0|141|1110|1,043|16|02:42:35|Wahoo ELEMNT|https://www.strava.com/activities/1483410212
5/29/2018|70.94|01:55:50|198|0|0|0|0||0|0|36.7|56.5|91|126|0|0|0|0|1,637||02:01:20|Zwift|https://www.strava.com/activities/1604400444
5/27/2018|113.69|04:47:05|3264|0|0|0|0||0|0|23.8|70.2|78|154|120|165|0|0|3,745|24|05:25:37|Wahoo ELEMNT BOLT|https://www.strava.com/activities/1599648475
5/26/2018|122.37|04:49:09|2789|0|233|3242|0||0|0|25.4|77.8|77|166|0|0|187|824|3,615|20|06:11:41|Wahoo ELEMNT BOLT|https://www.strava.com/activities/1597330409
5/25/2018|101.3|03:59:47|2318|0|242|2737|0||0|0|25.3|66.2|85|168|0|0|190|687|3,052|16|04:33:08|Wahoo ELEMNT BOLT|https://www.strava.com/activities/1594890985
5/22/2018|105.02|03:28:55|1282|0|0|0|0||0|0|30.2|85.3|89|254|108|145|0|0|2,533|15|04:30:17|Wahoo ELEMNT BOLT|https://www.strava.com/activities/1588649434
5/21/2018|133.78|04:42:57|2588|0|259|3400|0||0|0|28.4|78.1|83|165|0|0|200|955|3,791|18|05:38:49|Wahoo ELEMNT BOLT|https://www.strava.com/activities/1586660132
5/20/2018|121.16|03:56:04|1908|0|267|3155|0||0|0|30.8|72.7|85|161|0|0|223|733|3,518|14|05:15:21|Wahoo ELEMNT BOLT|https://www.strava.com/activities/1584406165
5/18/2018|180.44|05:49:21|2148|0|0|0|0||0|0|31|93.6|87|154|120|170|0|0|4,181|19|06:40:51|Wahoo ELEMNT|https://www.strava.com/activities/1580000679
5/13/2018|115.6|04:51:43|3421|0|228|3414|0||0|0|23.8|76.3|75|165|0|0|195|947|3,806|17|05:28:57|Wahoo ELEMNT|https://www.strava.com/activities/1569631128
6/29/2018|32.9|01:11:16|610|0|248|837|0||0|0|27.7|65.5|93|148|0|0|196|581|563|22|01:15:32|Wahoo ELEMNT BOLT|https://www.strava.com/activities/1676151029
6/23/2018|132.58|05:12:48|3817|0|0|0|0||0|0|25.4|81.7|74|241|133|174|0|0|2,911|33|06:09:25|Wahoo ELEMNT BOLT|https://www.strava.com/activities/1657407690
6/21/2018|102.72|04:42:08|3111|0|0|0|0||0|0|21.8|75.6|75|169|119|168|0|0|2,009|28|06:03:38|Wahoo ELEMNT BOLT|https://www.strava.com/activities/1653048131
6/20/2018|110.49|04:38:51|3583|0|0|0|0||0|0|23.8|78.8|76|152|128|167|0|0|2,353|31|05:50:03|Wahoo ELEMNT BOLT|https://www.strava.com/activities/1650849645
6/19/2018|97.13|03:58:42|3031|0|0|0|0||0|0|24.4|77.4|75|176|131|171|0|0|2,143|28|05:00:55|Wahoo ELEMNT BOLT|https://www.strava.com/activities/1648493178
6/7/2018|191.46|04:55:59|3211|0|0|0|0||0|0|38.8|85|89|168|142|181|0|0|4,656|24|04:57:31|Wahoo ELEMNT BOLT|https://www.strava.com/activities/1623189597
6/4/2018|185.25|04:41:40|2873|0|0|0|0||0|0|39.5|84.6|88|189|134|186|0|0|3,981|19|04:42:07|Wahoo ELEMNT BOLT|https://www.strava.com/activities/1616781942
11/9/2018|14.03|01:04:34|0|0|0|0|0||0|0|0|0|0|0|0|0|0|0|||00:00:00||https://www.strava.com/activities/1954252914
11/4/2018|5.66|00:26:59|0|0|0|0|0||0|0|0|0|0|0|0|0|0|0|||00:00:00||https://www.strava.com/activities/1944638477
12/31/2020|110.71|04:03:34|1723|0|0|0|0||0|0|27.3|74.5|77|190|141|225|0|0|2,909|11|04:17:44|Wahoo ELEMNT ROAM|https://www.strava.com/activities/4544356480
12/29/2020|116.67|03:56:07|1303|0|0|0|0||0|0|29.6|66.6|79|159|128|174|0|0|2,731|10|04:03:06|Wahoo ELEMNT ROAM|https://www.strava.com/activities/4534585260
12/28/2020|132|04:28:57|1302|0|0|0|0||0|0|29.4|70.6|80|158|132|182|0|0|3,089|15|04:43:16|Garmin fēnix 5|https://www.strava.com/activities/4529740761
12/27/2020|120.44|04:08:43|1512|0|225|0|210|70%|0|0|29.1|74.2|79|200|134|181|0|1721|3,002|11|04:36:41|Garmin fēnix 5|https://www.strava.com/activities/4525077600
12/24/2020|67.64|02:23:03|271|0|0|0|0||137|1176|28.4|44.6|0|0|120|140|0|0|1,414|1|02:31:13|Wahoo ELEMNT ROAM|https://www.strava.com/activities/4511618901
12/23/2020|83.71|03:22:32|445|0|0|0|0||109|1325|24.8|50.4|0|0|131|185|0|0|2,328|-1|03:36:13|Wahoo ELEMNT ROAM|https://www.strava.com/activities/4508006502
12/22/2020|109.5|04:07:20|521|0|0|0|0||123|1829|26.6|55.8|0|0|131|185|0|0|2,841|0|04:15:39|Wahoo ELEMNT ROAM|https://www.strava.com/activities/4503890376
12/20/2020|95.48|03:33:26|803|0|0|0|0||137|1754|26.8|61.9|0|0|131|181|0|0|2,474|0|03:42:59|Wahoo ELEMNT ROAM|https://www.strava.com/activities/4495555502
12/19/2020|87.73|03:02:18|319|0|0|0|0||142|1554|28.9|50.8|0|0|136|174|0|0|2,234|3|03:25:52|Wahoo ELEMNT ROAM|https://www.strava.com/activities/4490696839
12/17/2020|84.93|03:03:10|290|0|0|0|0||130|1430|27.8|51.8|0|0|127|178|0|0|2,009|2|03:12:19|Wahoo ELEMNT ROAM|https://www.strava.com/activities/4482832224
12/16/2020|70.17|02:46:01|359|0|0|0|0||115|1148|25.4|50.8|0|0|129|155|0|0|1,867|-1|02:52:33|Wahoo ELEMNT ROAM|https://www.strava.com/activities/4479025431
12/13/2020|39.31|02:51:36|0|0|0|0|0||0|0|0|0|0|0|0|0|0|0|||00:00:00|Garmin fēnix 5|https://www.strava.com/activities/4466731791
12/6/2020|83.27|02:59:48|433|0|0|0|0||140|1506|27.8|55.1|0|0|137|178|0|0|2,228|0|03:12:02|Wahoo ELEMNT BOLT|https://www.strava.com/activities/4437063186
12/4/2020|87.89|03:00:13|511|0|0|0|0||158|1708|29.3|60.5|0|0|129|165|0|0|2,025|-2|03:21:28|Wahoo ELEMNT BOLT|https://www.strava.com/activities/4428231165
12/3/2020|60.15|02:20:08|183|0|0|0|0||114|958|25.8|38.2|0|0|128|155|0|0|1,554|-2|02:43:17|Wahoo ELEMNT BOLT|https://www.strava.com/activities/4437083941
12/1/2020|84.01|02:53:34|397|0|0|0|0||144|1503|29|53.6|0|0|130|157|0|0|1,972|0|03:08:49|Wahoo ELEMNT BOLT|https://www.strava.com/activities/4415484751
4/28/2019|261.09|06:52:01|4330|0|0|0|0||0|0|38|85.3|87|155|0|0|0|0|5,105|5|08:29:45|Wahoo ELEMNT BOLT|https://www.strava.com/activities/2326167894
4/26/2019|91.27|03:07:51|1716|0|0|0|0||0|0|29.2|76.7|83|157|113|172|0|0|965|13|03:15:21|Wahoo ELEMNT BOLT|https://www.strava.com/activities/2320220704
4/25/2019|60.38|02:04:46|232|0|0|0|0||0|0|29|51.1|82|181|0|0|0|0|1,321|17|02:47:02|Wahoo ELEMNT BOLT|https://www.strava.com/activities/2317738879
4/24/2019|202.91|05:15:10|3075|0|273|4157|0||0|0|38.6|90.7|84|183|0|0|220|1060|3,234|23|05:16:27|Wahoo ELEMNT BOLT|https://www.strava.com/activities/2315565902
4/22/2019|42.82|01:27:52|164|0|0|0|0||0|0|29.2|45.7|83|175|0|0|0|0|862|26|02:41:34|Wahoo ELEMNT BOLT|https://www.strava.com/activities/2309834785
4/21/2019|264.32|06:38:02|3652|0|0|0|0||0|0|39.8|85.7|84|194|144|186|0|0|4,648|24|06:38:31|Wahoo ELEMNT BOLT|https://www.strava.com/activities/2307841886
4/19/2019|79.72|02:46:10|1150|0|223|1739|0||0|0|28.8|76.3|83|169|0|0|174|740|833|22|02:54:38|Wahoo ELEMNT BOLT|https://www.strava.com/activities/2301602873
4/17/2019|120.26|04:26:07|3205|0|0|0|0||203|3242|27.1|80.6|0|0|0|0|0|0|2,788|18|04:52:58|Wahoo ELEMNT BOLT|https://www.strava.com/activities/2296907512
4/17/2019|14.82|00:31:16|244|0|105|33|0||0|0|28.5|67.7|84|107|0|0|17|388|206|17|00:36:52|Wahoo ELEMNT BOLT|https://www.strava.com/activities/2296269546
4/13/2019|120.19|03:30:28|2829|0|282|3065|0||0|0|34.3|95.4|89|153|0|0|243|1108|2,510|21|03:59:20|Wahoo ELEMNT BOLT|https://www.strava.com/activities/2287054297
4/12/2019|152.5|04:14:47|3250|0|288|3733|0||0|0|35.9|89.3|87|161|0|0|244|1141|3,056|16|04:16:09|Wahoo ELEMNT BOLT|https://www.strava.com/activities/2284450139
4/11/2019|174.38|04:45:12|2556|0|0|0|0||0|0|36.7|82.4|86|205|131|167|0|0|2,436|7|05:11:38|Wahoo ELEMNT BOLT|https://www.strava.com/activities/2282146031
4/10/2019|207.66|05:23:28|2875|0|0|0|0||0|0|38.5|89.6|85|174|131|178|0|0|2,808|12|05:24:40|Wahoo ELEMNT BOLT|https://www.strava.com/activities/2279686494
4/9/2019|149.21|03:35:46|2106|0|276|3074|0||0|0|41.5|87.5|91|234|0|0|237|1087|2,625|15|03:39:27|Wahoo ELEMNT BOLT|https://www.strava.com/activities/2277178011
4/28/2019|261.09|06:52:01|4330|0|0|0|0||0|0|38|85.3|87|155|0|0|0|0|5,105|5|08:29:45|Wahoo ELEMNT BOLT|https://www.strava.com/activities/2326167894
4/26/2019|91.27|03:07:51|1716|0|0|0|0||0|0|29.2|76.7|83|157|113|172|0|0|965|13|03:15:21|Wahoo ELEMNT BOLT|https://www.strava.com/activities/2320220704
4/25/2019|60.38|02:04:46|232|0|0|0|0||0|0|29|51.1|82|181|0|0|0|0|1,321|17|02:47:02|Wahoo ELEMNT BOLT|https://www.strava.com/activities/2317738879
4/24/2019|202.91|05:15:10|3075|0|273|4157|0||0|0|38.6|90.7|84|183|0|0|220|1060|3,234|23|05:16:27|Wahoo ELEMNT BOLT|https://www.strava.com/activities/2315565902
4/22/2019|42.82|01:27:52|164|0|0|0|0||0|0|29.2|45.7|83|175|0|0|0|0|862|26|02:41:34|Wahoo ELEMNT BOLT|https://www.strava.com/activities/2309834785
4/21/2019|264.32|06:38:02|3652|0|0|0|0||0|0|39.8|85.7|84|194|144|186|0|0|4,648|24|06:38:31|Wahoo ELEMNT BOLT|https://www.strava.com/activities/2307841886
4/19/2019|79.72|02:46:10|1150|0|223|1739|0||0|0|28.8|76.3|83|169|0|0|174|740|833|22|02:54:38|Wahoo ELEMNT BOLT|https://www.strava.com/activities/2301602873
4/17/2019|120.26|04:26:07|3205|0|0|0|0||203|3242|27.1|80.6|0|0|0|0|0|0|2,788|18|04:52:58|Wahoo ELEMNT BOLT|https://www.strava.com/activities/2296907512
4/17/2019|14.82|00:31:16|244|0|105|33|0||0|0|28.5|67.7|84|107|0|0|17|388|206|17|00:36:52|Wahoo ELEMNT BOLT|https://www.strava.com/activities/2296269546
4/13/2019|120.19|03:30:28|2829|0|282|3065|0||0|0|34.3|95.4|89|153|0|0|243|1108|2,510|21|03:59:20|Wahoo ELEMNT BOLT|https://www.strava.com/activities/2287054297
4/12/2019|152.5|04:14:47|3250|0|288|3733|0||0|0|35.9|89.3|87|161|0|0|244|1141|3,056|16|04:16:09|Wahoo ELEMNT BOLT|https://www.strava.com/activities/2284450139
4/11/2019|174.38|04:45:12|2556|0|0|0|0||0|0|36.7|82.4|86|205|131|167|0|0|2,436|7|05:11:38|Wahoo ELEMNT BOLT|https://www.strava.com/activities/2282146031
4/10/2019|207.66|05:23:28|2875|0|0|0|0||0|0|38.5|89.6|85|174|131|178|0|0|2,808|12|05:24:40|Wahoo ELEMNT BOLT|https://www.strava.com/activities/2279686494
4/9/2019|149.21|03:35:46|2106|0|276|3074|0||0|0|41.5|87.5|91|234|0|0|237|1087|2,625|15|03:39:27|Wahoo ELEMNT BOLT|https://www.strava.com/activities/2277178011
6/22/2019|157.13|04:13:58|2689|0|282|3591|0||0|0|37.1|86|85|165|0|0|236|1025|4,004|18|04:14:50|Wahoo ELEMNT BOLT|https://www.strava.com/activities/2470880169
6/13/2019|205.04|05:13:32|2315|0|247|3449|0||0|0|39.2|79.6|88|230|0|0|183|1022|3,846|26|06:24:28|Wahoo ELEMNT BOLT|https://www.strava.com/activities/2447204946
6/2/2019|20.03|00:34:26|250|0|0|0|0||0|0|34.9|75.2|90|151|0|0|0|0|607|31|00:36:43|Wahoo ELEMNT BOLT|https://www.strava.com/activities/2417656357
6/1/2019|211.55|06:36:47|5430|0|0|0|0||0|0|32|89.6|83|194|0|0|0|0|5,957|24|06:40:06|Wahoo ELEMNT BOLT|https://www.strava.com/activities/2414883933
7/28/2019|132.96|05:13:57|4042|0|266|4207|0||0|0|25.4|79.2|84|166|0|0|223|891|3,592|22|06:01:29|Wahoo ELEMNT BOLT|https://www.strava.com/activities/2570570212
8/29/2019|70.43|03:00:59|1947|0|209|1749|0||0|0|23.4|80.3|80|149|0|0|161|587|1,763|26|03:36:44|Wahoo ELEMNT BOLT|https://www.strava.com/activities/2662089829
9/13/2019|200.05|05:13:53|2990|0|289|4602|0||0|0|38.2|81.7|84|213|0|0|244|1036|5,131|17|05:15:03|Wahoo ELEMNT BOLT|https://www.strava.com/activities/2706133895
9/3/2019|119.17|04:31:49|3108|0|249|3129|0||0|0|26.3|65.5|81|161|0|0|192|1066|2,457|21|05:04:04|Wahoo ELEMNT BOLT|https://www.strava.com/activities/2676079693
11/28/2019|116.67|04:30:08|2255|0|0|0|0||0|0|25.9|66.2|84|164|124|155|0|0|1,759|9|04:54:27|Wahoo ELEMNT BOLT|https://www.strava.com/activities/2897359243
11/27/2019|103.36|03:32:00|1656|0|0|0|0||0|0|29.3|101.2|89|144|135|174|0|0|2,184|10|03:47:16|Wahoo ELEMNT BOLT|https://www.strava.com/activities/2895253895
11/27/2019|8.12|01:33:28|0|0|0|0|0||0|0|0|0|0|0|0|0|0|0|||00:00:00|Garmin fēnix 5 Plus|https://www.strava.com/activities/2894636537
11/25/2019|103.56|03:47:59|1946|0|0|0|0||0|0|27.3|85.3|84|153|132|169|0|0|2,036|7|04:03:09|Wahoo ELEMNT BOLT|https://www.strava.com/activities/2890345169
11/24/2019|126.01|04:03:44|1616|0|0|0|0||0|0|31|63.4|90|133|135|172|0|0|2,377|14|04:30:01|Wahoo ELEMNT BOLT|https://www.strava.com/activities/2888225952
11/21/2019|112.6|03:56:24|1364|0|0|0|0||0|0|28.6|63|85|140|117|165|0|0|1,004|11|04:35:16|Wahoo ELEMNT BOLT|https://www.strava.com/activities/2881016376
11/20/2019|116.84|04:19:25|1749|0|0|0|0||0|0|27|59.8|85|132|115|173|0|0|1,369|10|04:54:29|Wahoo ELEMNT BOLT|https://www.strava.com/activities/2878691997
11/16/2019|147.96|05:03:40|1911|0|0|0|0||0|0|29.2|69.8|89|179|119|164|0|0|1,411|10|05:45:20|Wahoo ELEMNT BOLT|https://www.strava.com/activities/2868951315
11/12/2019|133.29|04:31:04|1709|0|0|0|0||0|0|29.5|67.3|87|186|116|170|0|0|1,169|13|05:20:42|Wahoo ELEMNT BOLT|https://www.strava.com/activities/2859774990
11/11/2019|10.8|00:48:03|0|0|0|0|0||0|0|0|0|0|0|0|0|0|0|||00:00:00|Garmin fēnix 5 Plus|https://www.strava.com/activities/2857654332
11/9/2019|80.52|02:56:04|443|0|184|1667|0||0|0|27.4|54|93|175|0|0|158|1295|1,196|14|03:56:00|Wahoo ELEMNT BOLT|https://www.strava.com/activities/2852293896
11/8/2019|97.96|03:15:38|1038|0|189|2001|0||0|0|30|69.8|91|184|0|0|170|1208|2,231|13|03:45:08|Wahoo ELEMNT BOLT|https://www.strava.com/activities/2849863900
12/30/2019|127.26|04:31:14|1868|0|216|3017|0||0|0|28.2|72.4|87|179|0|0|185|644|1,947|31|05:35:33|Wahoo ELEMNT BOLT|https://www.strava.com/activities/2966931165
12/29/2019|114.73|03:43:28|1412|0|251|2742|0||0|0|30.8|70.9|93|200|0|0|204|552|2,448|31|03:58:38|Wahoo ELEMNT BOLT|https://www.strava.com/activities/2964062109
12/28/2019|3.42|00:18:44|0|0|0|0|0||0|0|0|0|0|0|0|0|0|0|||00:00:00|Garmin fēnix 5 Plus|https://www.strava.com/activities/2961204709
12/28/2019|4.91|00:17:54|0|0|0|0|0||0|0|0|0|0|0|0|0|0|0|||00:00:00|Garmin fēnix 5 Plus|https://www.strava.com/activities/2961204450
12/27/2019|99.96|03:11:18|1341|0|0|0|0||0|0|31.4|74.5|93|152|132|166|0|0|1,756|24|03:32:43|Wahoo ELEMNT BOLT|https://www.strava.com/activities/2958950301
12/26/2019|178.86|05:38:27|1434|0|0|0|0||0|0|31.7|60.5|92|147|134|186|0|0|3,120|27|07:17:21|Wahoo ELEMNT BOLT|https://www.strava.com/activities/2956553719
12/24/2019|147.51|04:44:47|1882|0|0|0|0||0|0|31.1|79.6|94|140|137|177|0|0|3,050|22|05:39:11|Wahoo ELEMNT BOLT|https://www.strava.com/activities/2952535246
12/13/2019|109.04|03:28:34|1328|0|0|0|0||0|0|31.4|64.4|97|180|127|154|0|0|1,520|27|04:02:22|Wahoo ELEMNT BOLT|https://www.strava.com/activities/2929287500
12/12/2019|115.34|03:22:43|493|0|229|2524|0||0|0|34.1|57.6|98|177|0|0|207|1224|1,607|26|04:23:43|Wahoo ELEMNT BOLT|https://www.strava.com/activities/2927291846
12/11/2019|40.86|01:18:23|247|0|244|820|0||0|0|31.3|68.4|93|136|0|0|174|1309|276|24|01:27:35|Wahoo ELEMNT BOLT|https://www.strava.com/activities/2924864593
12/10/2019|104.26|03:30:33|1100|0|205|2314|0||0|0|29.7|63.7|94|161|0|0|183|1282|1,162|25|03:50:36|Wahoo ELEMNT BOLT|https://www.strava.com/activities/2922851737
12/7/2019|10|00:44:15|0|0|0|0|0||0|0|0|0|0|0|0|0|0|0|||00:00:00|Garmin fēnix 5 Plus|https://www.strava.com/activities/2915758675
12/3/2019|44.63|01:32:28|39|0|202|1082|0||0|0|29|36.7|89|117|0|0|195|329|386|22|01:33:54|Wahoo ELEMNT BOLT|https://www.strava.com/activities/2908089793
1/5/2020|120.81|04:03:55|1839|0|258|3147|0||0|0|29.7|79.6|93|185|0|0|215|1235|2,824|33|05:29:35|Wahoo ELEMNT BOLT|https://www.strava.com/activities/2982997353
1/3/2020|122.6|04:23:20|2049|0|242|3112|0||0|0|27.9|77.4|87|168|0|0|197|1168|2,192|31|06:09:00|Wahoo ELEMNT BOLT|https://www.strava.com/activities/2977385330
1/2/2020|104.08|03:28:44|1449|0|0|0|0||0|0|29.9|69.1|91|195|138|175|0|0|2,108|31|04:49:55|Wahoo ELEMNT BOLT|https://www.strava.com/activities/2974621553
1/5/2020|120.81|04:03:55|1839|0|258|3147|0||0|0|29.7|79.6|93|185|0|0|215|1235|2,824|33|05:29:35|Wahoo ELEMNT BOLT|https://www.strava.com/activities/2982997353
1/3/2020|122.6|04:23:20|2049|0|242|3112|0||0|0|27.9|77.4|87|168|0|0|197|1168|2,192|31|06:09:00|Wahoo ELEMNT BOLT|https://www.strava.com/activities/2977385330
1/2/2020|104.08|03:28:44|1449|0|0|0|0||0|0|29.9|69.1|91|195|138|175|0|0|2,108|31|04:49:55|Wahoo ELEMNT BOLT|https://www.strava.com/activities/2974621553
3/13/2020|173.06|05:51:14|3220|0|0|0|0||0|0|29.6|92.5|83|166|124|166|0|0|2,363|20|07:01:17|Wahoo ELEMNT BOLT|https://www.strava.com/activities/3179994041
3/12/2020|143.63|05:03:58|3010|0|0|0|0||0|0|28.4|78.8|86|141|130|178|0|0|2,490|26|05:20:51|Wahoo ELEMNT BOLT|https://www.strava.com/activities/3177195802
3/1/2020|147.21|04:40:24|2073|0|217|2948|0||0|0|31.5|76.7|84|166|0|0|175|1268|1,192|12|05:44:39|Wahoo ELEMNT BOLT|https://www.strava.com/activities/3145300694
6/28/2020|200.04|06:07:05|3348|0|0|0|0||0|0|32.7|83.2|85|159|133|174|0|0|4,256|23|06:52:56|Wahoo ELEMNT BOLT|https://www.strava.com/activities/3684027565
6/27/2020|162.12|04:47:33|2584|0|0|0|0||0|0|33.8|96.5|84|172|139|178|0|0|3,628|26|05:30:58|Wahoo ELEMNT BOLT|https://www.strava.com/activities/3678424074
6/25/2020|207.35|05:59:26|2318|0|0|0|0||0|0|34.6|71.6|87|160|124|180|0|0|3,898|23|07:06:51|Wahoo ELEMNT BOLT|https://www.strava.com/activities/3669476751
6/24/2020|173.86|05:10:46|2521|0|233|3461|0||0|0|33.6|77.8|87|161|0|0|186|1278|3,461|26|06:24:37|Wahoo ELEMNT BOLT|https://www.strava.com/activities/3664301285
6/21/2020|160.36|05:08:38|2812|0|235|3752|0||0|0|31.2|78.5|84|180|0|0|203|1177|3,748|12|05:50:09|Wahoo ELEMNT BOLT|https://www.strava.com/activities/3650223465
6/18/2020|168.66|05:35:37|3170|0|231|3951|0||0|0|30.2|93.2|83|156|0|0|196|1350|3,943|19|06:23:21|Wahoo ELEMNT BOLT|https://www.strava.com/activities/3633843128
7/31/2020|138.61|03:26:00|1087|0|0|0|0||0|0|40.4|171.4|85|158|0|0|0|0|2,156|31|04:23:24|Wahoo ELEMNT BOLT|https://www.strava.com/activities/3845126016
7/30/2020|157.43|04:35:07|2762|0|0|0|0||0|0|34.3|80.6|84|200|0|0|0|0|3,575|35|04:36:51|Wahoo ELEMNT BOLT|https://www.strava.com/activities/3838742530
7/29/2020|170.25|04:04:23|1277|0|0|0|0||0|0|41.8|96.5|88|200|0|0|0|0|2,906|35|04:06:30|Wahoo ELEMNT BOLT|https://www.strava.com/activities/3833179552
7/28/2020|168.68|04:07:35|1755|0|0|0|0||0|0|40.9|95|88|200|0|0|0|0|2,972|27|04:10:21|Wahoo ELEMNT BOLT|https://www.strava.com/activities/3827184643
7/25/2020|34.59|01:55:42|1511|0|235|1421|0||0|0|17.9|50|78|177|0|0|205|787|1,414|29|02:25:03|Wahoo ELEMNT BOLT|https://www.strava.com/activities/3811031847
7/24/2020|131.31|04:37:16|2114|0|218|3039|0||0|0|28.4|75.6|84|143|0|0|183|1019|3,034|28|05:22:18|Wahoo ELEMNT BOLT|https://www.strava.com/activities/3808412265
7/21/2020|111.61|04:48:44|3079|0|218|3181|0||0|0|23.2|71.3|78|200|0|0|184|1001|3,181|27|05:37:43|Wahoo ELEMNT BOLT|https://www.strava.com/activities/3795820996
7/19/2020|89.85|04:08:16|2402|0|199|2449|0||0|0|21.7|76.3|78|163|0|0|164|1035|2,448|28|05:02:33|Wahoo ELEMNT BOLT|https://www.strava.com/activities/3785980576
7/16/2020|144.17|04:58:35|2555|0|220|3346|0||0|0|29|71.3|81|155|0|0|187|816|3,342|24|05:24:59|Wahoo ELEMNT BOLT|https://www.strava.com/activities/3770686717
7/15/2020|126.86|04:41:35|2552|0|229|3186|0||0|0|27|68.8|85|182|0|0|189|793|3,229|23|05:43:20|Wahoo ELEMNT BOLT|https://www.strava.com/activities/3766744095
7/14/2020|117.5|04:48:14|3693|0|245|3463|0||0|0|24.5|70.6|75|165|0|0|200|636|3,466|21|05:15:17|Wahoo ELEMNT BOLT|https://www.strava.com/activities/3760793609
7/12/2020|47.64|01:08:18|309|0|293|1178|0||0|0|41.9|68.8|89|114|0|0|287|593|1,387||01:11:25|Zwift|https://www.strava.com/activities/3751776107
7/10/2020|127.93|05:00:13|3018|0|217|3347|0||0|0|25.6|64.4|78|147|0|0|186|1108|3,345|26|05:38:45|Wahoo ELEMNT BOLT|https://www.strava.com/activities/3741094695
7/9/2020|109.28|03:49:42|2006|0|245|2810|0||0|0|28.5|70.2|86|141|0|0|204|1104|2,815|31|04:13:39|Wahoo ELEMNT BOLT|https://www.strava.com/activities/3736973357
7/7/2020|136.3|04:30:02|2179|0|240|3278|0||0|0|30.3|65.5|83|200|0|0|202|662|3,274|27|05:34:10|Wahoo ELEMNT BOLT|https://www.strava.com/activities/3726811886
7/6/2020|91.82|03:03:46|1155|0|214|2140|0||0|0|30|63.4|87|171|0|0|194|569|2,139|30|03:26:29|Wahoo ELEMNT BOLT|https://www.strava.com/activities/3726836461
7/3/2020|136.92|04:33:49|326|0|195|2987|0||0|0|30|54|82|179|0|0|182|957|2,971|17|05:05:52|Wahoo ELEMNT BOLT|https://www.strava.com/activities/3706734261
7/2/2020|97.1|03:10:15|184|0|196|2021|0||0|0|30.6|52.9|82|156|0|0|177|737|2,012|19|03:49:17|Wahoo ELEMNT BOLT|https://www.strava.com/activities/3702312775
7/1/2020|38.01|01:21:08|33|0|0|0|0||0|0|28.1|41.8|83|167|104|129|0|0|707|19|01:25:37|Wahoo ELEMNT BOLT|https://www.strava.com/activities/3698157519
7/1/2020|57.91|01:58:53|76|0|0|0|0||0|0|29.2|44.3|90|164|118|151|0|0|1,278|18|02:06:46|Wahoo ELEMNT BOLT|https://www.strava.com/activities/3696813158
7/31/2020|138.61|03:26:00|1087|0|0|0|0||0|0|40.4|171.4|85|158|0|0|0|0|2,156|31|04:23:24|Wahoo ELEMNT BOLT|https://www.strava.com/activities/3845126016
7/30/2020|157.43|04:35:07|2762|0|0|0|0||0|0|34.3|80.6|84|200|0|0|0|0|3,575|35|04:36:51|Wahoo ELEMNT BOLT|https://www.strava.com/activities/3838742530
7/29/2020|170.25|04:04:23|1277|0|0|0|0||0|0|41.8|96.5|88|200|0|0|0|0|2,906|35|04:06:30|Wahoo ELEMNT BOLT|https://www.strava.com/activities/3833179552
7/28/2020|168.68|04:07:35|1755|0|0|0|0||0|0|40.9|95|88|200|0|0|0|0|2,972|27|04:10:21|Wahoo ELEMNT BOLT|https://www.strava.com/activities/3827184643
7/25/2020|34.59|01:55:42|1511|0|235|1421|0||0|0|17.9|50|78|177|0|0|205|787|1,414|29|02:25:03|Wahoo ELEMNT BOLT|https://www.strava.com/activities/3811031847
7/24/2020|131.31|04:37:16|2114|0|218|3039|0||0|0|28.4|75.6|84|143|0|0|183|1019|3,034|28|05:22:18|Wahoo ELEMNT BOLT|https://www.strava.com/activities/3808412265
7/21/2020|111.61|04:48:44|3079|0|218|3181|0||0|0|23.2|71.3|78|200|0|0|184|1001|3,181|27|05:37:43|Wahoo ELEMNT BOLT|https://www.strava.com/activities/3795820996
7/19/2020|89.85|04:08:16|2402|0|199|2449|0||0|0|21.7|76.3|78|163|0|0|164|1035|2,448|28|05:02:33|Wahoo ELEMNT BOLT|https://www.strava.com/activities/3785980576
7/16/2020|144.17|04:58:35|2555|0|220|3346|0||0|0|29|71.3|81|155|0|0|187|816|3,342|24|05:24:59|Wahoo ELEMNT BOLT|https://www.strava.com/activities/3770686717
7/15/2020|126.86|04:41:35|2552|0|229|3186|0||0|0|27|68.8|85|182|0|0|189|793|3,229|23|05:43:20|Wahoo ELEMNT BOLT|https://www.strava.com/activities/3766744095
7/14/2020|117.5|04:48:14|3693|0|245|3463|0||0|0|24.5|70.6|75|165|0|0|200|636|3,466|21|05:15:17|Wahoo ELEMNT BOLT|https://www.strava.com/activities/3760793609
7/12/2020|47.64|01:08:18|309|0|293|1178|0||0|0|41.9|68.8|89|114|0|0|287|593|1,387||01:11:25|Zwift|https://www.strava.com/activities/3751776107
7/10/2020|127.93|05:00:13|3018|0|217|3347|0||0|0|25.6|64.4|78|147|0|0|186|1108|3,345|26|05:38:45|Wahoo ELEMNT BOLT|https://www.strava.com/activities/3741094695
7/9/2020|109.28|03:49:42|2006|0|245|2810|0||0|0|28.5|70.2|86|141|0|0|204|1104|2,815|31|04:13:39|Wahoo ELEMNT BOLT|https://www.strava.com/activities/3736973357
7/7/2020|136.3|04:30:02|2179|0|240|3278|0||0|0|30.3|65.5|83|200|0|0|202|662|3,274|27|05:34:10|Wahoo ELEMNT BOLT|https://www.strava.com/activities/3726811886
7/6/2020|91.82|03:03:46|1155|0|214|2140|0||0|0|30|63.4|87|171|0|0|194|569|2,139|30|03:26:29|Wahoo ELEMNT BOLT|https://www.strava.com/activities/3726836461
7/3/2020|136.92|04:33:49|326|0|195|2987|0||0|0|30|54|82|179|0|0|182|957|2,971|17|05:05:52|Wahoo ELEMNT BOLT|https://www.strava.com/activities/3706734261
7/2/2020|97.1|03:10:15|184|0|196|2021|0||0|0|30.6|52.9|82|156|0|0|177|737|2,012|19|03:49:17|Wahoo ELEMNT BOLT|https://www.strava.com/activities/3702312775
7/1/2020|38.01|01:21:08|33|0|0|0|0||0|0|28.1|41.8|83|167|104|129|0|0|707|19|01:25:37|Wahoo ELEMNT BOLT|https://www.strava.com/activities/3698157519
7/1/2020|57.91|01:58:53|76|0|0|0|0||0|0|29.2|44.3|90|164|118|151|0|0|1,278|18|02:06:46|Wahoo ELEMNT BOLT|https://www.strava.com/activities/3696813158
9/30/2020|205.84|05:02:08|3029|0|0|0|0||0|0|40.9|89.6|86|189|0|0|0|0|4,208|15|05:04:36|Wahoo ELEMNT BOLT|https://www.strava.com/activities/4133766447
9/23/2020|118.95|03:50:21|1750|0|0|0|0||0|0|31|66.6|85|153|0|0|0|0|2,692|19|04:11:09|Wahoo ELEMNT BOLT|https://www.strava.com/activities/4101403504
9/19/2020|174.28|04:03:34|2028|0|0|0|0||0|0|42.9|92.5|89|164|0|0|0|0|3,609|19|04:29:45|Wahoo ELEMNT BOLT|https://www.strava.com/activities/4081896491
9/18/2020|183.2|04:17:57|2210|0|0|0|0||0|0|42.6|81.7|89|176|0|0|0|0|3,838|19|04:19:47|Wahoo ELEMNT BOLT|https://www.strava.com/activities/4077760043
9/17/2020|214.33|05:18:31|2896|0|0|0|0||0|0|40.4|91.8|87|200|0|0|0|0|4,098|17|05:18:31|Wahoo ELEMNT BOLT|https://www.strava.com/activities/4073211749
9/16/2020|106.6|02:31:01|1357|0|0|0|0||0|0|42.4|95|89|200|0|0|0|0|2,079|23|02:31:01|Wahoo ELEMNT BOLT|https://www.strava.com/activities/4067406288
9/15/2020|32.95|01:11:22|122|0|0|0|0||0|0|27.7|47.5|88|200|0|0|0|0|639|22|02:34:25|Wahoo ELEMNT BOLT|https://www.strava.com/activities/4064015214
9/9/2020|60.9|01:54:21|119|0|0|0|0||0|0|32|52.6|0|0|0|0|0|0|836|14|02:37:45|Wahoo ELEMNT BOLT|https://www.strava.com/activities/4036669074
9/9/2020|34.13|01:17:01|110|0|0|0|0||0|0|26.6|51.1|0|0|0|0|0|0|437|17|02:25:30|Wahoo ELEMNT BOLT|https://www.strava.com/activities/4034187209
9/6/2020|80.76|02:49:42|156|0|0|0|0||0|0|28.6|39.6|78|157|0|0|0|0|1,898|17|03:11:49|Wahoo ELEMNT BOLT|https://www.strava.com/activities/4020252321
9/5/2020|133.01|04:04:52|40|0|0|0|0||0|0|32.6|63.7|84|167|0|0|0|0|3,167|14|04:27:00|Wahoo ELEMNT BOLT|https://www.strava.com/activities/4014098671
9/4/2020|137.5|04:30:47|136|0|0|0|0||0|0|30.5|54.7|80|162|0|0|0|0|3,246|18|05:26:51|Wahoo ELEMNT BOLT|https://www.strava.com/activities/4010344267
9/2/2020|155.16|05:08:55|115|0|0|0|0||0|0|30.1|52.9|85|200|0|0|0|0|1,338|18|07:44:33|Wahoo ELEMNT BOLT|https://www.strava.com/activities/4002065462
9/1/2020|96.45|02:46:05|160|0|0|0|0||0|0|34.8|46.4|86|193|0|0|0|0|2,601|14|02:52:59|Wahoo ELEMNT BOLT|https://www.strava.com/activities/3996178128
10/25/2020|149.89|04:06:16|3003|0|0|0|0||0|0|36.5|90.7|81|148|0|0|0|0||7|04:06:16|Wahoo ELEMNT BOLT|https://www.strava.com/activities/4242765722
10/24/2020|220.55|05:23:50|3571|0|0|0|0||0|0|40.9|102.6|84|178|0|0|0|0||17|05:51:31|Wahoo ELEMNT BOLT|https://www.strava.com/activities/4241175646
10/23/2020|204.01|04:18:45|1507|0|0|0|0||0|0|47.3|96.8|88|200|0|0|0|0||15|04:20:29|Wahoo ELEMNT BOLT|https://www.strava.com/activities/4233384695
10/22/2020|185.64|05:18:54|2980|0|0|0|0||0|0|34.9|79.9|79|174|0|0|0|0||13|05:23:43|Wahoo ELEMNT BOLT|https://www.strava.com/activities/4229735171
10/21/2020|159.62|04:25:35|2714|0|0|0|0||0|0|36.1|79.2|82|192|0|0|0|0||17|04:25:35|Wahoo ELEMNT BOLT|https://www.strava.com/activities/4227628541
10/20/2020|181.86|04:54:01|3120|0|0|0|0||0|0|37.1|92.5|83|173|0|0|0|0||16|04:56:35|Wahoo ELEMNT BOLT|https://www.strava.com/activities/4220801340
10/16/2020|138.06|04:09:07|101|0|0|0|0||0|0|33.3|52.9|81|200|0|0|0|0|3,442|10|04:23:28|Wahoo ELEMNT BOLT|https://www.strava.com/activities/4202400708
10/14/2020|122.77|03:57:26|215|0|0|0|0||0|0|31|60.1|76|200|111|162|0|0|2,838|10|04:22:42|Wahoo ELEMNT BOLT|https://www.strava.com/activities/4193802707
10/10/2020|89.9|02:46:52|232|0|0|0|0||0|0|32.3|52.9|80|200|0|0|0|0|2,215|8|02:51:03|Wahoo ELEMNT BOLT|https://www.strava.com/activities/4176064682
10/8/2020|61.79|01:56:20|353|0|0|0|0||0|0|31.9|58.3|85|149|0|0|0|0|1,335|11|01:57:04|Wahoo ELEMNT BOLT|https://www.strava.com/activities/4169380144
10/7/2020|55.42|01:36:56|100|0|0|0|0||0|0|34.3|56.5|87|200|0|0|0|0|1,486|10|02:11:33|Wahoo ELEMNT BOLT|https://www.strava.com/activities/4162500043
10/4/2020|170.32|04:30:39|2631|0|0|0|0||0|0|37.8|86|84|184|0|0|0|0|3,231|7|04:34:12|Wahoo ELEMNT BOLT|https://www.strava.com/activities/4156088333
10/2/2020|100.29|03:06:29|1818|0|0|0|0||0|0|32.3|78.5|78|167|0|0|0|0|2,423|13|03:10:24|Wahoo ELEMNT BOLT|https://www.strava.com/activities/4141380519
