date|distance|mov_time|elevation|relativeEffort|avg_power_weig|work_total|training_load|intensity|estAvgPower|energyOutput|avg_speed|max_speed|avg_cadence|max_cadence|avg_heartRate|max_heartRate|avg_power|max_power|avg_calories|avg_temperature|avg_elap_time|bicycle_model|url
7/30/2018|66.22|01:57:29|157|0|233|1431|92|68%|0|0|33.8|58.7|88|141|123|184|203|836|949|27|02:01:00|Sigma Rox 11.0|https://www.strava.com/activities/1737627136
7/28/2018|142.99|05:00:45|2434|0|243|3575|261|71%|0|0|28.5|76|79|156|132|193|198|855|2,685|22|05:29:50|Sigma Rox 11.0|https://www.strava.com/activities/1733395683
7/26/2018|81.73|02:27:16|874|0|244|1763|128|71%|0|0|33.3|68|84|113|140|195|200|497|1,466|35|02:37:12|Sigma Rox 11.0|https://www.strava.com/activities/1729464616
7/20/2018|31.02|00:58:35|21|0|165|558|22|48%|0|0|31.8|44.3|84|113|107|129|159|339|368|22|00:58:35|Sigma Rox 11.0|https://www.strava.com/activities/1715922322
7/19/2018|65.07|02:00:54|70|0|189|1326|62|55%|0|0|32.3|44.6|88|110|114|143|183|556|847|23|02:09:33|Sigma Rox 11.0|https://www.strava.com/activities/1713016727
7/18/2018|165.42|05:00:35|556|0|208|3720|189|60%|0|0|33|82.8|86|120|132|156|206|767|2,725|23|06:50:23|Sigma Rox 11.0|https://www.strava.com/activities/1711246555
7/15/2018|157.76|04:57:48|319|0|195|3455|164|57%|0|0|31.8|50|86|117|128|153|193|547|2,558|23|05:22:47|Sigma Rox 11.0|https://www.strava.com/activities/1711285407
7/8/2018|152.15|04:52:14|1543|0|224|3562|215|65%|0|0|31.2|79.9|85|114|138|184|203|962|2,824|25|05:17:54|Sigma Rox 11.0|https://www.strava.com/activities/1711266831
8/26/2018|207.11|04:51:06|2715|0|270|4113|297|78%|0|0|42.7|87.1|88|190|139|197|235|964|2,838|21|04:51:36|Sigma Rox 11.0|https://www.strava.com/activities/1800371435
8/25/2018|175.79|04:13:05|2394|0|284|3598|290|83%|0|0|41.7|92.2|86|149|139|191|237|960|2,491|18|04:14:40|Sigma Rox 11.0|https://www.strava.com/activities/1800374352
8/24/2018|195.15|04:50:59|2507|0|267|3694|294|78%|0|0|40.2|95.8|84|139|134|195|212|943|2,616|22|04:51:48|Sigma Rox 11.0|https://www.strava.com/activities/1794620840
8/20/2018|135.23|04:24:42|1913|0|227|3154|196|66%|0|0|30.7|73.1|80|151|131|175|199|1141|2,325|28|04:56:21|Sigma Rox 11.0|https://www.strava.com/activities/1785330485
8/19/2018|55.19|01:43:14|221|0|177|1042|47|51%|0|0|32.1|78.5|84|108|0|0|168|477|1,278|25|02:28:07|Sigma Rox 11.0|https://www.strava.com/activities/1782792967
8/17/2018|116.61|04:01:06|1926|0|254|3006|228|74%|0|0|29|79.6|80|114|125|181|208|697|1,953|27|04:47:46|Sigma Rox 11.0|https://www.strava.com/activities/1778440929
8/16/2018|160.4|05:36:21|2878|0|213|3659|222|62%|0|0|28.6|82.4|77|127|120|157|181|727|2,430|24|06:37:49|Sigma Rox 11.0|https://www.strava.com/activities/1776349838
8/15/2018|113.68|04:12:40|2850|0|268|3179|263|78%|0|0|27|85.7|77|121|137|197|210|579|2,416|23|04:56:26|Sigma Rox 11.0|https://www.strava.com/activities/1774107377
8/12/2018|147.67|03:49:20|2387|0|302|3779|295|88%|0|0|38.6|82.1|91|136|162|191|275|1032|2,799|25|03:49:20|Sigma Rox 11.0|https://www.strava.com/activities/1767765901
8/10/2018|118.85|04:06:09|2083|0|251|3005|223|73%|0|0|29|74.9|79|119|130|189|203|557|2,167|21|04:58:54|Sigma Rox 11.0|https://www.strava.com/activities/1763238764
12/31/2018|89.58|02:56:39|104|0|173|1790|75|50%|0|0|30.4|43.2|95|199|117|164|169|695|1,333|7|03:03:38|Sigma Rox 11.0|https://www.strava.com/activities/2046706942
12/30/2018|159.87|04:59:35|379|0|207|3577|185|60%|0|0|32|50|90|179|132|165|199|1136|2,765|6|05:17:37|Sigma Rox 11.0|https://www.strava.com/activities/2044846189
12/27/2018|104.27|03:53:15|680|0|160|947|86|47%|0|0|26.8|46.1|87|109|138|192|68|793|2,362|3|04:33:46|Sigma Rox 11.0|https://www.strava.com/activities/2038480301
12/23/2018|57.3|03:03:26|750|0|0|0|0||112|1233|18.7|50.8|0|0|138|181|0|0|1,723|5|03:11:47|Sigma Rox 12.0|https://www.strava.com/activities/2033258386
12/22/2018|86.92|04:07:31|1221|0|0|0|0||127|1880|21.1|59.4|0|0|73|173|0|0|2,437|6|05:02:42|Sigma Rox 12.0|https://www.strava.com/activities/2029997953
12/21/2018|45.52|02:13:41|559|0|0|0|0||125|1001|20.4|60.1|0|0|147|184|0|0|1,387|7|02:34:12|Sigma Rox 12.0|https://www.strava.com/activities/2028210508
12/20/2018|85.94|02:45:50|83|0|209|2081|105|61%|0|0|31.1|50.8|93|135|130|156|209|591|1,450|3|02:50:40|Sigma Rox 12.0|https://www.strava.com/activities/2027178883
12/16/2018|198.18|06:22:41|3777|0|235|4903|304|68%|0|0|31.1|77.4|85|160|134|178|214|861|3,537|16|07:00:58|Sigma Rox 12.0|https://www.strava.com/activities/2020486235
12/15/2018|152.12|05:00:44|2222|0|219|3364|223|64%|0|0|30.4|73.8|84|130|125|178|186|691|2,483|15|05:30:05|Sigma Rox 12.0|https://www.strava.com/activities/2018628116
12/14/2018|138.31|04:37:03|3334|0|235|3019|223|68%|0|0|30|82.8|80|120|137|176|182|795|2,657|20|05:12:17|Sigma Rox 12.0|https://www.strava.com/activities/2016804490
12/12/2018|139.72|04:46:33|2441|0|214|3076|193|62%|0|0|29.3|70.6|78|165|128|181|179|823|2,450|17|05:04:28|Sigma Rox 12.0|https://www.strava.com/activities/2013631612
12/11/2018|138.04|04:07:20|1704|0|220|2849|174|64%|0|0|33.5|69.1|85|140|133|179|192|1242|2,263|15|04:15:44|Sigma Rox 12.0|https://www.strava.com/activities/2011812315
12/8/2018|90.06|03:20:50|1622|0|234|2286|162|68%|0|0|26.9|58|79|112|126|173|190|582|1,635|12|03:30:54|Sigma Rox 11.0|https://www.strava.com/activities/2006578032
12/7/2018|145.62|04:59:55|1784|0|204|3292|185|59%|0|0|29.1|72.7|83|159|128|171|183|1165|2,548|15|05:33:15|Sigma Rox 11.0|https://www.strava.com/activities/2005026587
12/5/2018|134.24|04:36:30|1606|0|207|3103|176|60%|0|0|29.1|72|85|175|128|186|187|1127|2,381|17|05:27:47|Sigma Rox 11.0|https://www.strava.com/activities/2002286134
1/29/2019|192.99|06:03:33|2951|0|251|4645|341|73%|0|0|31.9|70.9|84|122|131|187|213|1130|3,219|11|06:24:24|Sigma Rox 12.0|https://www.strava.com/activities/2111299415
1/28/2019|38.71|01:20:44|343|0|184|702|38|53%|0|0|28.8|74.2|79|131|104|163|145|1203|493|17|01:22:25|Sigma Rox 12.0|https://www.strava.com/activities/2111299560
1/27/2019|195.69|06:15:15|3081|0|223|4420|274|65%|0|0|31.3|84.6|85|134|123|168|196|1191|3,023|15|06:59:44|Sigma Rox 12.0|https://www.strava.com/activities/2107385385
1/26/2019|174.77|05:08:13|2285|0|244|3712|280|71%|0|0|34|69.5|89|124|132|200|201|1046|2,777|16|05:39:12|Sigma Rox 12.0|https://www.strava.com/activities/2104662351
1/25/2019|145.74|04:33:00|1914|0|222|2994|198|65%|0|0|32|73.1|86|155|125|174|183|1241|2,263|17|04:49:12|Sigma Rox 12.0|https://www.strava.com/activities/2102351883
1/20/2019|71.09|02:35:10|541|0|180|1629|77|52%|0|0|27.5|53.3|87|199|109|137|175|552|1,026|10|02:50:19|Sigma Rox 12.0|https://www.strava.com/activities/2091939497
1/19/2019|154.95|05:24:11|2320|0|246|4132|304|72%|0|0|28.7|70.6|86|121|131|185|212|1065|2,886|10|06:01:32|Sigma Rox 12.0|https://www.strava.com/activities/2089675266
1/18/2019|34.86|01:23:07|354|0|176|814|39|51%|0|0|25.2|48.6|80|109|104|132|163|443|501|10|01:47:22|Sigma Rox 12.0|https://www.strava.com/activities/2086733245
1/17/2019|150.78|04:58:15|1489|0|205|3174|182|60%|0|0|30.3|68.8|86|126|115|173|177|1165|2,181|12|05:18:48|Sigma Rox 12.0|https://www.strava.com/activities/2085247171
1/16/2019|146.35|05:00:54|1989|0|224|3866|225|65%|0|0|29.2|65.5|84|134|132|164|214|539|2,708|11|05:42:34|Sigma Rox 12.0|https://www.strava.com/activities/2083705865
1/15/2019|112.71|04:05:06|1802|0|218|2916|173|63%|0|0|27.6|64.4|83|121|134|178|198|1014|2,261|12|04:30:20|Sigma Rox 12.0|https://www.strava.com/activities/2080513872
1/14/2019|27.54|00:52:04|175|0|202|609|30|59%|0|0|31.7|60.5|91|117|118|137|195|529|392|19|00:53:22|Sigma Rox 12.0|https://www.strava.com/activities/2078742992
1/13/2019|30.61|01:05:04|36|0|190|729|32|55%|0|0|28.2|48.2|85|124|116|145|187|470|475|6|01:05:04|Sigma Rox 12.0|https://www.strava.com/activities/2075909246
1/10/2019|189.2|06:06:47|3551|0|241|4702|308|70%|0|0|31|91.1|82|170|130|185|214|1026|3,255|6|06:18:05|Sigma Rox 12.0|https://www.strava.com/activities/2069016231
1/9/2019|144.91|04:17:36|1379|0|234|3095|209|68%|0|0|33.8|64.1|86|122|128|189|200|730|2,211|16|04:32:33|Sigma Rox 12.0|https://www.strava.com/activities/2066891653
1/8/2019|152.85|05:00:53|2453|0|229|3505|232|67%|0|0|30.5|65.5|82|147|130|181|194|1183|2,643|12|05:14:31|Sigma Rox 12.0|https://www.strava.com/activities/2064364867
1/7/2019|36.1|01:16:38|295|0|157|590|26|46%|0|0|28.3|56.9|73|117|100|131|128|561|439|14|01:17:02|Sigma Rox 12.0|https://www.strava.com/activities/2062770558
1/6/2019|153.76|05:00:08|2656|0|232|3543|235|67%|0|0|30.7|61.2|82|148|128|195|197|958|2,566|14|05:12:36|Sigma Rox 12.0|https://www.strava.com/activities/2060084274
1/5/2019|141.45|04:52:57|2342|0|242|3269|250|70%|0|0|29|65.2|85|135|134|195|186|654|2,730|12|05:11:20|Sigma Rox 12.0|https://www.strava.com/activities/2057373368
1/4/2019|132.41|04:04:14|1886|0|229|2939|189|67%|0|0|32.5|67|88|142|142|179|201|1173|2,457|13|04:34:29|Sigma Rox 12.0|https://www.strava.com/activities/2055099597
2/28/2019|185.9|06:00:39|2566|0|222|4512|268|65%|0|0|30.9|80.6|86|128|114|168|208|813|3,548|17|07:07:09|Sigma Rox 12.0|https://www.strava.com/activities/2182260378
2/27/2019|147.06|05:02:13|2232|0|227|3811|231|66%|0|0|29.2|81|85|136|125|165|210|1160|2,816|15|05:49:17|Sigma Rox 12.0|https://www.strava.com/activities/2180141177
2/24/2019|62.4|02:00:18|1173|0|270|1716|123|78%|0|0|31.1|67.7|84|152|107|173|238|781|1,423|9|02:01:21|Sigma Rox 12.0|https://www.strava.com/activities/2180137961
2/11/2019|61.05|01:57:44|173|0|263|1587|115|76%|0|0|31.1|61.6|89|192|135|187|225|1091|1,098|5|01:59:23|Sigma Rox 12.0|https://www.strava.com/activities/2139448861
2/3/2019|81.8|02:32:17|218|0|212|1839|99|62%|0|0|32.2|53.6|93|122|124|171|201|1015|1,252|2|02:36:46|Sigma Rox 12.0|https://www.strava.com/activities/2122031551
2/2/2019|79.45|02:30:09|40|0|214|1918|100|62%|0|0|31.8|44.6|89|118|125|145|213|659|1,249|0|02:35:46|Sigma Rox 12.0|https://www.strava.com/activities/2122030663
3/28/2019|149.44|04:22:32|3513|0|291|4089|314|85%|0|0|34.2|91.4|85|148|0|0|260|925|6,256|17|04:22:32|Sigma Rox 12.0|https://www.strava.com/activities/2250026440
3/18/2019|144.96|04:45:59|383|0|206|3508|184|60%|0|0|30.4|52.2|85|175|0|0|204|684|3,725|5|05:07:36|Sigma Rox 12.0|https://www.strava.com/activities/2226428451
4/10/2019|200.66|04:30:08|505|0|300|4329|341|87%|0|0|44.6|65.9|94|125|0|0|267|1055|4,939|14|04:30:28|Sigma Rox 12.0|https://www.strava.com/activities/2284458488
4/9/2019|38.94|01:18:41|554|0|260|981|76|76%|0|0|29.7|63|84|117|0|0|208|616|1,389|8|01:19:47|Sigma Rox 12.0|https://www.strava.com/activities/2276566444
5/31/2019|175.43|05:40:56|2479|0|234|4388|273|68%|0|0|30.9|69.5|84|176|132|171|215|1091|3,132|24|06:13:58|Sigma Rox 12.0|https://www.strava.com/activities/2412179967
5/30/2019|133.6|04:26:22|2274|0|248|3435|243|72%|0|0|30.1|113|84|116|137|185|215|1043|2,580|21|04:52:13|Sigma Rox 12.0|https://www.strava.com/activities/2409229862
5/29/2019|121.61|04:01:44|1443|0|214|2941|161|62%|0|0|30.2|67.7|84|128|127|168|203|1136|2,086|20|04:37:09|Sigma Rox 12.0|https://www.strava.com/activities/2406633593
5/28/2019|33.74|01:09:35|239|0|179|707|33|52%|0|0|29.1|46.4|84|107|0|0|169|630|1,006|21|01:19:19|Sigma Rox 12.0|https://www.strava.com/activities/2404686447
5/27/2019|84.99|02:57:36|1322|0|214|2106|118|62%|0|0|28.7|63.7|80|163|119|152|198|608|1,395|15|03:07:08|Sigma Rox 12.0|https://www.strava.com/activities/2404685952
5/26/2019|61.24|01:56:15|880|0|258|1463|110|75%|0|0|31.6|63|82|160|132|180|210|787|1,070|18|01:58:14|Sigma Rox 12.0|https://www.strava.com/activities/2399268855
5/24/2019|160.43|04:58:33|345|0|189|3331|156|55%|0|0|32.2|49.7|89|113|117|169|186|1066|2,259|20|05:24:53|Sigma Rox 12.0|https://www.strava.com/activities/2393542233
5/23/2019|132.76|03:57:47|387|0|222|2768|172|65%|0|0|33.5|58.7|89|114|118|179|194|803|1,837|21|04:30:28|Sigma Rox 12.0|https://www.strava.com/activities/2390858438
5/22/2019|165.71|05:01:53|497|0|227|3774|224|66%|0|0|32.9|63|91|132|133|191|208|926|2,814|11|05:48:25|Sigma Rox 12.0|https://www.strava.com/activities/2388129102
5/20/2019|200.04|05:56:26|583|0|216|4539|245|63%|0|0|33.7|50.8|89|149|137|168|212|1021|3,488|19|07:47:50|Sigma Rox 12.0|https://www.strava.com/activities/2383075526
5/19/2019|106.71|03:07:35|567|0|221|2330|136|64%|0|0|34.1|64.4|87|128|127|176|207|602|1,629|22|03:37:55|Sigma Rox 12.0|https://www.strava.com/activities/2383093515
5/17/2019|127.07|04:00:39|212|0|204|2854|146|59%|0|0|31.7|54.4|90|129|0|0|198|1185|3,151|12|04:42:39|Sigma Rox 12.0|https://www.strava.com/activities/2383094363
6/29/2019|41.84|01:23:41|715|0|265|1017|87|77%|0|0|30|70.6|84|122|119|174|203|783|658|31|01:28:17|Sigma Rox 12.0|https://www.strava.com/activities/2489855959
6/23/2019|105.21|03:16:28|2921|0|30|10|2|9%|0|0|32.1|96.8|79|95|1|108|1|310|4,814|25|03:16:28|Sigma Rox 12.0|https://www.strava.com/activities/2482750123
6/22/2019|19.23|00:23:08|85|0|327|481|44|95%|0|0|49.9|68.8|100|122|168|184|347|762|328|17|00:29:30|Sigma Rox 12.0|https://www.strava.com/activities/2471539748
6/21/2019|215.56|05:38:41|3681|0|294|5339|410|85%|0|0|38.2|94.3|89|197|139|184|263|1082|3,373|19|05:39:11|Sigma Rox 12.0|https://www.strava.com/activities/2468939979
6/20/2019|112.9|02:44:04|1413|0|306|2580|217|89%|0|0|41.3|87.5|91|141|129|183|262|952|1,787|19|02:44:36|Sigma Rox 12.0|https://www.strava.com/activities/2466224395
6/19/2019|173.43|04:18:41|2645|0|279|3750|283|81%|0|0|40.2|86.8|90|135|138|183|242|1078|2,831|29|04:19:19|Sigma Rox 12.0|https://www.strava.com/activities/2463540404
6/18/2019|161.63|03:48:15|1851|0|270|3105|233|78%|0|0|42.5|94.7|91|134|140|188|227|918|2,298|29|03:49:02|Sigma Rox 12.0|https://www.strava.com/activities/2463532646
6/17/2019|159.17|03:39:34|1677|0|247|2828|189|72%|0|0|43.5|84.6|92|137|134|189|215|915|2,079|28|03:40:00|Sigma Rox 12.0|https://www.strava.com/activities/2457938690
6/16/2019|156.91|04:02:12|2528|0|282|3447|271|82%|0|0|38.9|94|90|147|151|190|237|976|2,708|22|04:02:30|Sigma Rox 12.0|https://www.strava.com/activities/2455717388
6/14/2019|33.85|01:02:32|374|0|230|751|51|67%|0|0|32.5|72.7|84|114|127|177|200|758|541|22|01:21:39|Sigma Rox 12.0|https://www.strava.com/activities/2450112369
6/13/2019|84.35|02:32:58|228|0|202|1748|92|59%|0|0|33.1|62.6|86|177|115|164|191|961|1,117|22|02:42:52|Sigma Rox 12.0|https://www.strava.com/activities/2450111162
6/12/2019|62.98|01:53:49|138|0|194|1245|62|56%|0|0|33.2|55.4|88|122|114|143|182|616|821|20|01:57:57|Sigma Rox 12.0|https://www.strava.com/activities/2450113684
6/10/2019|27.19|01:06:22|322|0|148|530|21|43%|0|0|24.6|58.7|80|114|99|131|133|472|371|23|01:08:37|Sigma Rox 12.0|https://www.strava.com/activities/2439326489
6/9/2019|49.33|00:59:58|93|0|319|1053|91|93%|0|0|49.4|69.5|99|119|167|191|293|974|770|19|01:03:56|Sigma Rox 12.0|https://www.strava.com/activities/2439325523
6/9/2019|24.75|00:38:26|43|0|0|0|0||302|696|38.6|55.1|0|0|124|157|0|0|315|24|00:42:15|Sigma Rox 12.0|https://www.strava.com/activities/2439326064
6/8/2019|74.22|01:35:38|338|0|337|1799|153|98%|0|0|46.6|68.4|97|127|166|195|314|1083|1,231|15|01:35:38|Sigma Rox 12.0|https://www.strava.com/activities/2433691263
6/8/2019|18.86|00:38:58|172|0|199|437|21|58%|0|0|29.1|70.9|81|110|0|0|187|615|596|15|00:38:58|Sigma Rox 12.0|https://www.strava.com/activities/2433693327
6/7/2019|29.16|01:01:22|296|0|198|679|35|58%|0|0|28.5|50|78|112|110|138|184|512|422|24|01:03:08|Sigma Rox 12.0|https://www.strava.com/activities/2433694837
6/6/2019|148.93|04:43:12|1196|0|207|3389|176|60%|0|0|31.6|67.3|85|117|123|163|199|1141|2,330|26|05:17:27|Sigma Rox 12.0|https://www.strava.com/activities/2428543457
6/5/2019|116.88|04:01:35|1763|0|253|2967|227|74%|0|0|29|68.4|82|119|129|188|205|876|2,133|27|04:18:00|Sigma Rox 12.0|https://www.strava.com/activities/2425730218
6/4/2019|33.34|01:09:44|329|0|181|703|33|53%|0|0|28.7|57.6|83|112|0|0|168|601|1,083|29|01:23:27|Sigma Rox 12.0|https://www.strava.com/activities/2424949616
6/3/2019|152.25|05:31:12|3000|0|225|3846|245|65%|0|0|27.6|96.8|76|110|125|165|194|505|2,797|26|05:59:17|Sigma Rox 12.0|https://www.strava.com/activities/2420445675
6/2/2019|162.14|05:21:59|2655|0|251|4220|300|73%|0|0|30.2|99.4|82|194|138|184|218|719|3,162|26|06:04:00|Sigma Rox 12.0|https://www.strava.com/activities/2418064034
6/1/2019|32.55|01:06:53|311|0|192|716|35|56%|0|0|29.2|54.4|86|128|111|134|178|441|457|26|01:08:15|Sigma Rox 12.0|https://www.strava.com/activities/2414806753
7/21/2019|183.47|04:48:28|3807|0|319|4879|414|93%|0|0|38.2|86|93|134|0|0|282|1093|7,775|24|04:48:28|Sigma Rox 12.0|https://www.strava.com/activities/2554338680
7/1/2019|95.24|02:58:26|168|0|185|1955|89|54%|0|0|32|45.4|85|108|108|126|183|659|1,190|22|03:13:06|Sigma Rox 12.0|https://www.strava.com/activities/2495412013
12/10/2019|124|04:15:40|1738|0|205|2544|159|60%|0|0|29.1|62.3|84|180|127|177|166|752|1,821|13|04:50:31|Wahoo ELEMNT BOLT|https://www.strava.com/activities/2923969551
12/8/2019|154.57|04:54:07|1526|0|200|2922|170|58%|0|0|31.5|70.6|82|170|129|186|166|1172|2,223|13|05:42:04|Wahoo ELEMNT BOLT|https://www.strava.com/activities/2919847999
12/3/2019|0.65|00:01:30|11|0|143|15|0|42%|0|0|26.2|96.1|95|101|111|127|165|235|5|18|00:01:47|Wahoo ELEMNT BOLT|https://www.strava.com/activities/2913124954
1/31/2020|158.44|03:58:56|2597|0|286|3525|276|83%|0|0|39.8|81.4|91|132|0|0|246|862|3,930|16|04:00:01|Wahoo ELEMNT BOLT|https://www.strava.com/activities/3059262902
1/30/2020|54.94|01:57:54|527|0|214|1230|85|62%|0|0|28|68.4|84|187|0|0|174|1164|1,372|14|02:46:02|Wahoo ELEMNT BOLT|https://www.strava.com/activities/3056493612
1/29/2020|42.42|01:22:02|341|0|182|758|40|53%|0|0|31|68.8|92|182|0|0|154|1062|846|18|02:04:22|Wahoo ELEMNT BOLT|https://www.strava.com/activities/3053465856
1/28/2020|99.31|03:32:14|1666|0|232|2332|168|67%|0|0|28.1|65.2|81|168|0|0|183|837|2,600|16|04:06:03|Wahoo ELEMNT BOLT|https://www.strava.com/activities/3050569250
1/27/2020|109.47|03:44:51|1313|0|209|2681|146|61%|0|0|29.2|74.2|80|146|0|0|199|620|2,989|13|04:04:15|Wahoo ELEMNT BOLT|https://www.strava.com/activities/3048054460
1/26/2020|33.63|01:03:44|330|0|207|769|40|60%|0|0|31.7|56.5|81|112|0|0|201|447|858|13|01:07:03|Wahoo ELEMNT BOLT|https://www.strava.com/activities/3045195732
1/25/2020|140.24|04:27:40|1833|0|234|3510|219|68%|0|0|31.4|68.8|82|118|0|0|219|607|3,914|12|05:09:48|Wahoo ELEMNT BOLT|https://www.strava.com/activities/3042244241
1/24/2020|154.32|04:56:36|2369|0|251|3960|276|73%|0|0|31.2|75.6|82|144|0|0|223|712|4,415|12|05:15:33|Wahoo ELEMNT BOLT|https://www.strava.com/activities/3039076573
1/23/2020|36.26|01:07:44|323|0|203|803|46|59%|0|0|32.1|60.1|87|165|0|0|198|618|896|15|01:43:20|Wahoo ELEMNT BOLT|https://www.strava.com/activities/3036211164
1/22/2020|169.49|05:30:11|2305|0|242|4484|282|70%|0|0|30.8|66.6|82|140|0|0|226|630|5,000|12|06:40:19|Wahoo ELEMNT BOLT|https://www.strava.com/activities/3033902822
1/21/2020|107.33|04:05:12|1331|0|0|0|0||149|2191|26.3|60.1|0|0|0|0|0|0|2,443|9|04:18:45|Wahoo ELEMNT BOLT|https://www.strava.com/activities/3030802252
1/20/2020|29.99|01:03:59|267|0|188|688|34|55%|0|0|28.1|59.4|76|115|0|0|179|490|767|11|01:09:39|Wahoo ELEMNT BOLT|https://www.strava.com/activities/3027906050
1/18/2020|202.76|06:29:31|2535|0|224|5003|287|65%|0|0|31.2|72|82|123|0|0|214|829|2,261|11|07:30:19|Wahoo ELEMNT BOLT|https://www.strava.com/activities/3024309583
1/17/2020|172.36|06:01:32|3173|0|241|4738|309|70%|0|0|28.6|64.8|77|192|0|0|218|740|5,283|13|06:59:51|Wahoo ELEMNT BOLT|https://www.strava.com/activities/3025388425
1/31/2020|158.44|03:58:56|2597|0|286|3525|276|83%|0|0|39.8|81.4|91|132|0|0|246|862|3,930|16|04:00:01|Wahoo ELEMNT BOLT|https://www.strava.com/activities/3059262902
1/30/2020|54.94|01:57:54|527|0|214|1230|85|62%|0|0|28|68.4|84|187|0|0|174|1164|1,372|14|02:46:02|Wahoo ELEMNT BOLT|https://www.strava.com/activities/3056493612
1/29/2020|42.42|01:22:02|341|0|182|758|40|53%|0|0|31|68.8|92|182|0|0|154|1062|846|18|02:04:22|Wahoo ELEMNT BOLT|https://www.strava.com/activities/3053465856
1/28/2020|99.31|03:32:14|1666|0|232|2332|168|67%|0|0|28.1|65.2|81|168|0|0|183|837|2,600|16|04:06:03|Wahoo ELEMNT BOLT|https://www.strava.com/activities/3050569250
1/27/2020|109.47|03:44:51|1313|0|209|2681|146|61%|0|0|29.2|74.2|80|146|0|0|199|620|2,989|13|04:04:15|Wahoo ELEMNT BOLT|https://www.strava.com/activities/3048054460
1/27/2020|109.47|03:44:51|1313|0|209|2681|146|61%|0|0|29.2|74.2|80|146|0|0|199|620|2,989|13|04:04:15|Wahoo ELEMNT BOLT|https://www.strava.com/activities/3045195732
1/25/2020|140.24|04:27:40|1833|0|234|3510|219|68%|0|0|31.4|68.8|82|118|0|0|219|607|3,914|12|05:09:48|Wahoo ELEMNT BOLT|https://www.strava.com/activities/3042244241
1/24/2020|154.32|04:56:36|2369|0|251|3960|276|73%|0|0|31.2|75.6|82|144|0|0|223|712|4,415|12|05:15:33|Wahoo ELEMNT BOLT|https://www.strava.com/activities/3039076573
1/23/2020|36.26|01:07:44|323|0|203|803|46|59%|0|0|32.1|60.1|87|165|0|0|198|618|896|15|01:43:20|Wahoo ELEMNT BOLT|https://www.strava.com/activities/3036211164
1/22/2020|169.49|05:30:11|2305|0|242|4484|282|70%|0|0|30.8|66.6|82|140|0|0|226|630|5,000|12|06:40:19|Wahoo ELEMNT BOLT|https://www.strava.com/activities/3033902822
1/21/2020|107.33|04:05:12|1331|0|0|0|0||149|2191|26.3|60.1|0|0|0|0|0|0|2,443|9|04:18:45|Wahoo ELEMNT BOLT|https://www.strava.com/activities/3030802252
1/20/2020|29.99|01:03:59|267|0|188|688|34|55%|0|0|28.1|59.4|76|115|0|0|179|490|767|11|01:09:39|Wahoo ELEMNT BOLT|https://www.strava.com/activities/3027906050
1/18/2020|202.76|06:29:31|2535|0|224|5003|287|65%|0|0|31.2|72|82|123|0|0|214|829|2,261|11|07:30:19|Wahoo ELEMNT BOLT|https://www.strava.com/activities/3024309583
1/17/2020|172.36|06:01:32|3173|0|241|4738|309|70%|0|0|28.6|64.8|77|192|0|0|218|740|5,283|13|06:59:51|Wahoo ELEMNT BOLT|https://www.strava.com/activities/3025388425
3/31/2020|61.95|02:54:18|1334|0|221|2106|128|64%|0|0|21.3|59.4|75|126|0|0|201|735|2,349|8|03:12:14|Wahoo ELEMNT BOLT|https://www.strava.com/activities/3238170432
3/28/2020|4.96|00:15:40|106|0|172|157|10|50%|0|0|19|54.4|71|118|0|0|167|700|175|15|00:30:36|Wahoo ELEMNT BOLT|https://www.strava.com/activities/3230800194
3/27/2020|85.64|03:12:50|1774|0|231|2459|151|67%|0|0|26.6|70.9|82|177|0|0|212|670|2,741|15|03:23:17|Wahoo ELEMNT BOLT|https://www.strava.com/activities/3223733452
3/26/2020|71.04|02:27:01|1169|0|226|1893|107|66%|0|0|29|63.4|87|162|0|0|215|977|2,110|10|02:29:09|Wahoo ELEMNT BOLT|https://www.strava.com/activities/3220250164
3/18/2020|174.2|05:46:21|2690|0|232|4517|269|67%|0|0|30.2|86.4|86|191|0|0|217|898|5,037|14|06:07:16|Wahoo ELEMNT BOLT|https://www.strava.com/activities/3194676139
3/17/2020|88.62|04:02:13|2024|0|231|3069|185|67%|0|0|22|64.4|72|130|0|0|211|807|3,422|14|04:07:33|Wahoo ELEMNT BOLT|https://www.strava.com/activities/3191332471
3/16/2020|64.56|03:09:30|1497|0|226|2245|144|66%|0|0|20.4|55.4|70|119|0|0|197|709|2,503|16|03:21:46|Wahoo ELEMNT BOLT|https://www.strava.com/activities/3188605086
3/14/2020|15.35|00:30:19|2|0|159|255|10|46%|0|0|30.4|49.3|102|200|0|0|140|745|284|13|00:30:19|Wahoo ELEMNT BOLT|https://www.strava.com/activities/3188604867
3/12/2020|143.99|05:00:05|2994|0|252|4069|276|73%|0|0|28.8|77.4|81|200|0|0|226|739|4,536|26|05:17:05|Wahoo ELEMNT BOLT|https://www.strava.com/activities/3177188723
3/11/2020|131.1|04:00:19|1982|0|243|3286|215|71%|0|0|32.7|73.1|87|124|0|0|228|655|3,664|27|04:27:50|Wahoo ELEMNT BOLT|https://www.strava.com/activities/3174230685
3/8/2020|123.61|04:12:51|2881|0|242|3536|219|70%|0|0|29.3|77|83|133|0|0|233|641|3,943|17|04:40:48|Wahoo ELEMNT BOLT|https://www.strava.com/activities/3165633784
3/7/2020|16.61|00:30:05|110|0|193|351|15|56%|0|0|33.1|44.3|103|154|0|0|194|444|391|6|00:30:26|Wahoo ELEMNT BOLT|https://www.strava.com/activities/3163314153
3/6/2020|132.75|04:32:16|3142|0|239|3876|229|69%|0|0|29.3|76.7|87|123|0|0|237|586|4,322|11|04:51:15|Wahoo ELEMNT BOLT|https://www.strava.com/activities/3159710628
3/5/2020|103.72|03:00:11|1519|0|234|2493|143|68%|0|0|34.5|78.1|92|149|0|0|231|933|2,779|15|03:12:46|Wahoo ELEMNT BOLT|https://www.strava.com/activities/3156088120
3/4/2020|63.77|02:21:02|1712|0|232|1871|112|67%|0|0|27.1|73.4|84|119|0|0|221|628|2,086|17|02:37:46|Wahoo ELEMNT BOLT|https://www.strava.com/activities/3153112516
3/2/2020|64.89|03:24:28|1500|0|215|2381|139|63%|0|0|19|59.8|70|111|0|0|194|778|2,655|8|03:32:56|Wahoo ELEMNT BOLT|https://www.strava.com/activities/3151579549
3/1/2020|89.52|04:05:05|2092|0|259|3322|245|75%|0|0|21.9|66.6|71|140|0|0|226|912|3,704|7|04:21:05|Wahoo ELEMNT BOLT|https://www.strava.com/activities/3145162352
4/30/2020|41.04|01:58:01|764|0|203|1262|70|59%|0|0|20.9|47.5|67|111|0|0|178|737|1,407|15|02:03:41|Wahoo ELEMNT BOLT|https://www.strava.com/activities/3375170105
4/22/2020|21.18|01:09:46|396|0|187|636|34|54%|0|0|18.2|50.8|63|108|0|0|152|721|709|19|01:11:08|Wahoo ELEMNT BOLT|https://www.strava.com/activities/3375172933
4/21/2020|65.38|03:23:52|1586|0|220|2073|147|64%|0|0|19.2|60.1|63|121|0|0|169|934|2,311|19|03:36:17|Wahoo ELEMNT BOLT|https://www.strava.com/activities/3331415310
4/19/2020|74.15|03:21:45|1737|0|262|2477|207|76%|0|0|22.1|63.4|69|140|0|0|205|753|2,762|17|03:38:48|Wahoo ELEMNT BOLT|https://www.strava.com/activities/3322373203
4/18/2020|96.53|03:34:41|2327|0|261|2894|214|76%|0|0|27|70.6|75|126|0|0|225|914|3,226|19|03:44:36|Wahoo ELEMNT BOLT|https://www.strava.com/activities/3316820146
4/16/2020|118.13|03:41:22|1796|0|264|3172|222|77%|0|0|32|72.4|82|200|0|0|239|769|3,537|22|03:48:33|Wahoo ELEMNT BOLT|https://www.strava.com/activities/3307191731
4/15/2020|77.98|03:00:30|1771|0|250|2286|170|73%|0|0|25.9|64.8|74|159|0|0|211|631|2,549|16|03:37:16|Wahoo ELEMNT BOLT|https://www.strava.com/activities/3302153412
4/14/2020|60.82|02:12:21|1029|0|216|1587|90|63%|0|0|27.6|64.4|78|200|0|0|200|678|1,769|5|02:17:18|Wahoo ELEMNT BOLT|https://www.strava.com/activities/3302155093
4/10/2020|179.65|05:52:05|1413|0|197|3985|204|57%|0|0|30.6|74.5|80|199|0|0|189|811|4,443|18|06:43:22|Wahoo ELEMNT BOLT|https://www.strava.com/activities/3280343839
4/9/2020|173.08|06:06:47|2817|0|212|4315|246|62%|0|0|28.3|80.3|83|143|0|0|196|896|4,811|19|06:49:34|Wahoo ELEMNT BOLT|https://www.strava.com/activities/3275919036
4/9/2020|173.08|06:06:47|2817|0|212|4315|246|62%|0|0|28.3|80.3|83|143|0|0|196|896|4,811|19|06:49:34|Wahoo ELEMNT BOLT|https://www.strava.com/activities/3271227227
4/6/2020|136.03|04:59:17|2608|0|220|3644|215|64%|0|0|27.3|80.3|82|132|0|0|203|1948|4,063|22|05:35:27|Wahoo ELEMNT BOLT|https://www.strava.com/activities/3262533350
4/5/2020|151.86|04:48:02|1061|0|210|3505|184|61%|0|0|31.6|75.2|90|157|0|0|203|740|3,908|18|05:17:55|Wahoo ELEMNT BOLT|https://www.strava.com/activities/3258597521
4/4/2020|103.5|03:28:10|1795|0|257|2854|204|75%|0|0|29.8|74.5|81|153|0|0|229|844|3,183|12|03:41:27|Wahoo ELEMNT BOLT|https://www.strava.com/activities/3253531570
4/3/2020|18.54|00:57:39|509|0|239|716|51|69%|0|0|19.3|56.2|78|114|0|0|207|770|798|6|01:06:21|Wahoo ELEMNT BOLT|https://www.strava.com/activities/3253523088
4/1/2020|85.43|04:26:40|2349|0|228|3251|214|66%|0|0|19.2|58.3|71|127|0|0|203|898|3,624|9|04:54:47|Wahoo ELEMNT BOLT|https://www.strava.com/activities/3242659285
5/31/2020|35.51|01:10:59|116|0|180|759|34|52%|0|0|30|44.3|84|165|0|0|178|612|846|19|01:45:26|Wahoo ELEMNT BOLT|https://www.strava.com/activities/3541675559
5/30/2020|174.1|06:02:44|2752|0|213|4297|249|62%|0|0|28.8|70.9|81|192|0|0|197|754|4,791|22|07:16:55|Wahoo ELEMNT BOLT|https://www.strava.com/activities/3537262850
5/29/2020|150.09|05:01:04|2733|0|252|3991|280|73%|0|0|29.9|78.8|80|137|0|0|221|814|4,450|21|06:16:40|Wahoo ELEMNT BOLT|https://www.strava.com/activities/3530847677
5/28/2020|29.03|01:09:18|245|0|154|588|24|45%|0|0|25.1|52.2|79|159|0|0|141|612|656|20|01:34:27|Wahoo ELEMNT BOLT|https://www.strava.com/activities/3524723068
5/27/2020|180.11|06:11:18|2989|0|225|4668|275|65%|0|0|29.1|74.2|83|161|0|0|210|943|5,205|22|06:50:25|Wahoo ELEMNT BOLT|https://www.strava.com/activities/3520234319
5/26/2020|149.21|05:01:16|2502|0|239|4019|253|69%|0|0|29.7|70.6|83|187|0|0|222|707|4,481|19|05:38:09|Wahoo ELEMNT BOLT|https://www.strava.com/activities/3514548443
5/25/2020|108.03|04:00:20|2384|0|255|3104|229|74%|0|0|27|69.1|80|121|0|0|215|806|3,461|15|04:25:23|Wahoo ELEMNT BOLT|https://www.strava.com/activities/3508815532
5/24/2020|29.45|01:06:32|281|0|182|682|31|53%|0|0|26.6|53.3|80|138|0|0|171|795|761|13|01:06:32|Wahoo ELEMNT BOLT|https://www.strava.com/activities/3502922001
5/23/2020|185.98|06:02:59|1093|0|196|4134|209|57%|0|0|30.7|59.8|84|200|0|0|190|897|4,610|17|07:11:03|Wahoo ELEMNT BOLT|https://www.strava.com/activities/3499262273
5/22/2020|145.45|04:59:03|2523|0|241|3758|260|70%|0|0|29.2|88.2|80|200|0|0|209|802|4,190|22|05:56:26|Wahoo ELEMNT BOLT|https://www.strava.com/activities/3493526659
5/20/2020|141.85|04:56:19|2367|0|226|3753|223|66%|0|0|28.7|75.2|80|140|0|0|211|1524|4,184|17|05:29:42|Wahoo ELEMNT BOLT|https://www.strava.com/activities/3483348166
5/19/2020|73.94|02:35:45|1229|0|228|1908|114|66%|0|0|28.5|65.9|79|181|0|0|204|630|2,127|20|02:37:26|Wahoo ELEMNT BOLT|https://www.strava.com/activities/3481100375
5/19/2020|73.94|02:35:45|1229|0|228|1908|114|66%|0|0|28.5|65.9|79|181|0|0|204|630|2,127|20|02:37:26|Wahoo ELEMNT BOLT|https://www.strava.com/activities/3481100227
5/8/2020|76.37|02:52:57|1583|0|236|1974|142|69%|0|0|26.5|67.7|74|166|0|0|190|780|2,201|21|03:52:30|Wahoo ELEMNT BOLT|https://www.strava.com/activities/3419274452
5/6/2020|135.92|04:40:54|2226|0|224|3499|207|65%|0|0|29|90.7|76|114|0|0|208|857|3,901|16|05:15:19|Wahoo ELEMNT BOLT|https://www.strava.com/activities/3409088069
5/5/2020|91.3|03:24:53|1654|0|207|2319|132|60%|0|0|26.7|65.5|75|148|0|0|189|679|2,586|12|03:40:29|Wahoo ELEMNT BOLT|https://www.strava.com/activities/3402575791
5/4/2020|56.47|03:08:24|1340|0|205|2033|117|60%|0|0|18|52.6|66|119|0|0|180|790|2,266|11|03:19:07|Wahoo ELEMNT BOLT|https://www.strava.com/activities/3397473681
5/2/2020|42.38|02:28:25|1111|0|214|1617|97|62%|0|0|17.1|51.8|64|116|0|0|182|827|1,803|8|02:31:59|Wahoo ELEMNT BOLT|https://www.strava.com/activities/3385982068
5/1/2020|46.41|02:26:39|1087|0|213|1587|99|62%|0|0|19|64.4|65|107|0|0|180|843|1,769|12|02:35:42|Wahoo ELEMNT BOLT|https://www.strava.com/activities/3380227448
6/29/2020|64.65|02:33:53|1565|0|219|1834|111|64%|0|0|25.2|97.6|80|128|0|0|199|511|2,045|13|02:49:08|Wahoo ELEMNT BOLT|https://www.strava.com/activities/3717356315
6/28/2020|161.47|06:17:15|4635|0|234|4635|316|68%|0|0|25.7|90|74|149|0|0|205|767|5,168|20|07:18:59|Wahoo ELEMNT BOLT|https://www.strava.com/activities/3717363034
6/27/2020|132.71|04:08:12|2513|0|245|3266|224|71%|0|0|32.1|137.2|84|159|0|0|219|774|3,642|25|04:40:52|Wahoo ELEMNT BOLT|https://www.strava.com/activities/3717358576
6/26/2020|0.09|00:02:15|0|0|206|28|38|60%|0|0|2.6|7.2|107|150|0|0|210|304|32|19|01:04:11|Wahoo ELEMNT BOLT|https://www.strava.com/activities/3717360689
6/25/2020|171.22|06:27:07|5021|0|248|5053|356|72%|0|0|26.5|94|76|140|0|0|218|923|5,634|21|07:17:52|Wahoo ELEMNT BOLT|https://www.strava.com/activities/3717355150
6/25/2020|171.22|06:27:07|5021|0|248|5053|356|72%|0|0|26.5|94|76|140|0|0|218|923|5,634|21|07:17:52|Wahoo ELEMNT BOLT|https://www.strava.com/activities/3706995181
6/22/2020|167.73|06:08:36|4014|0|220|4416|262|64%|0|0|27.3|103.3|77|189|0|0|200|798|4,924|14|06:55:40|Wahoo ELEMNT BOLT|https://www.strava.com/activities/3654123564
6/21/2020|165.73|05:08:19|2606|0|233|3942|252|68%|0|0|32.3|86|83|182|0|0|213|851|4,395|12|05:39:44|Wahoo ELEMNT BOLT|https://www.strava.com/activities/3650853421
6/20/2020|122.42|04:18:33|2953|0|241|3190|222|70%|0|0|28.4|82.1|78|134|0|0|206|799|3,557|16|04:36:47|Wahoo ELEMNT BOLT|https://www.strava.com/activities/3643134830
6/18/2020|187.9|06:23:39|4015|0|221|4520|273|64%|0|0|29.4|90|83|140|0|0|196|727|5,039|20|06:58:39|Wahoo ELEMNT BOLT|https://www.strava.com/activities/3634090099
6/16/2020|0.41|00:08:02|0|0|203|101|37|59%|0|0|3.1|7.2|95|152|0|0|209|529|112|19|01:04:16|Wahoo ELEMNT BOLT|https://www.strava.com/activities/3622489323
6/15/2020|110.81|03:56:04|2337|0|213|2783|154|62%|0|0|28.2|77.4|83|165|0|0|196|811|3,103|13|04:01:14|Wahoo ELEMNT BOLT|https://www.strava.com/activities/3618305170
6/13/2020|133.13|04:10:39|1793|0|202|2671|151|59%|0|0|31.9|81.4|87|147|0|0|178|764|2,979|27|04:42:40|Wahoo ELEMNT BOLT|https://www.strava.com/activities/3607561543
6/12/2020|14.12|00:51:22|720|0|217|621|37|63%|0|0|16.5|85.3|60|178|0|0|202|709|693|11|00:56:43|Wahoo ELEMNT BOLT|https://www.strava.com/activities/3606019905
6/10/2020|127.78|03:58:48|888|0|198|2816|142|58%|0|0|32.1|64.1|87|177|0|0|197|778|3,140|13|04:20:59|Wahoo ELEMNT BOLT|https://www.strava.com/activities/3593094609
6/9/2020|42.18|01:19:37|277|0|193|900|42|56%|0|0|31.8|49.7|92|200|0|0|188|574|1,003|12|01:20:42|Wahoo ELEMNT BOLT|https://www.strava.com/activities/3589330088
6/8/2020|122.93|03:56:27|835|0|189|2601|123|55%|0|0|31.2|55.8|89|186|0|0|183|730|2,900|16|04:09:52|Wahoo ELEMNT BOLT|https://www.strava.com/activities/3582573583
6/7/2020|87.32|03:12:31|1318|0|202|2198|120|59%|0|0|27.2|73.1|81|159|0|0|190|624|2,451|14|04:03:10|Wahoo ELEMNT BOLT|https://www.strava.com/activities/3577560176
6/6/2020|28.42|01:02:42|241|0|165|578|24|48%|0|0|27.2|62.3|85|130|0|0|154|538|644|10|01:03:15|Wahoo ELEMNT BOLT|https://www.strava.com/activities/3570722889
6/5/2020|80.25|03:00:40|1834|0|255|2396|166|74%|0|0|26.7|73.8|79|167|0|0|221|742|2,671|9|03:02:33|Wahoo ELEMNT BOLT|https://www.strava.com/activities/3566838791
6/4/2020|90.86|03:15:45|1724|0|227|2345|143|66%|0|0|27.9|66.2|82|177|0|0|200|569|2,615|11|03:17:23|Wahoo ELEMNT BOLT|https://www.strava.com/activities/3562583017
6/2/2020|191.19|06:00:28|1159|0|221|4406|270|64%|0|0|31.8|60.5|84|148|0|0|204|639|4,912|27|07:49:02|Wahoo ELEMNT BOLT|https://www.strava.com/activities/3553075195
6/2/2020|191.19|06:00:28|1159|0|221|4406|270|64%|0|0|31.8|60.5|84|148|0|0|204|639|4,912|27|07:49:02|Wahoo ELEMNT BOLT|https://www.strava.com/activities/3547492504
7/31/2020|162.99|03:52:34|1226|0|210|2358|145|61%|0|0|42.1|78.8|88|200|0|0|169|898|2,629|38|03:53:41|Wahoo ELEMNT BOLT|https://www.strava.com/activities/3849269543
7/30/2020|149.27|04:04:40|2630|0|255|3181|224|74%|0|0|36.6|85.7|88|188|0|0|217|872|3,547|37|04:05:00|Wahoo ELEMNT BOLT|https://www.strava.com/activities/3840309680
7/29/2020|168.39|03:55:06|1207|0|208|2535|143|60%|0|0|43|90.4|93|169|0|0|180|971|2,826|34|03:56:33|Wahoo ELEMNT BOLT|https://www.strava.com/activities/3835213409
7/28/2020|11.26|00:27:35|65|0|159|238|10|46%|0|0|24.5|37.8|79|114|0|0|144|378|265|24|00:28:29|Wahoo ELEMNT BOLT|https://www.strava.com/activities/3835213171
7/28/2020|165.86|03:57:46|1623|0|246|2746|204|72%|0|0|41.9|91.1|90|162|0|0|193|1011|3,062|27|03:58:44|Wahoo ELEMNT BOLT|https://www.strava.com/activities/3835220224
7/27/2020|32.28|01:04:59|224|0|171|608|29|50%|0|0|29.8|56.9|90|143|0|0|156|547|678|34|01:20:31|Wahoo ELEMNT BOLT|https://www.strava.com/activities/3835221364
7/26/2020|94.62|02:56:44|1127|0|236|2262|144|69%|0|0|32.1|65.9|85|141|0|0|213|645|2,523|32|03:21:08|Wahoo ELEMNT BOLT|https://www.strava.com/activities/3814308058
7/25/2020|35.35|01:13:10|313|0|183|755|35|53%|0|0|29|56.2|90|148|0|0|172|347|842|25|01:14:46|Wahoo ELEMNT BOLT|https://www.strava.com/activities/3810097115
7/24/2020|131.97|04:16:57|2368|0|270|3727|272|78%|0|0|30.8|70.9|84|150|0|0|242|861|4,155|29|04:33:21|Wahoo ELEMNT BOLT|https://www.strava.com/activities/3807758126
7/23/2020|118.08|04:00:05|2288|0|260|3203|238|76%|0|0|29.5|69.8|83|197|0|0|222|911|3,571|29|04:37:18|Wahoo ELEMNT BOLT|https://www.strava.com/activities/3804620994
7/22/2020|33.74|01:13:52|347|0|174|709|33|51%|0|0|27.4|55.1|87|155|0|0|160|415|791|27|02:25:42|Wahoo ELEMNT BOLT|https://www.strava.com/activities/3799733081
7/21/2020|207.12|06:59:49|3282|0|224|5470|315|65%|0|0|29.6|73.8|82|141|0|0|217|784|6,099|31|08:01:45|Wahoo ELEMNT BOLT|https://www.strava.com/activities/3795862873
7/20/2020|125.37|04:14:43|2200|0|254|3435|242|74%|0|0|29.5|70.9|85|148|0|0|225|638|3,830|30|04:45:06|Wahoo ELEMNT BOLT|https://www.strava.com/activities/3790573977
7/19/2020|41.19|01:21:36|380|0|178|834|39|52%|0|0|30.3|54.4|95|161|0|0|170|458|930|21|01:38:18|Wahoo ELEMNT BOLT|https://www.strava.com/activities/3783708244
7/18/2020|178.36|06:00:01|2530|0|225|4663|264|65%|0|0|29.7|76.3|83|154|0|0|216|531|5,200|26|06:42:56|Wahoo ELEMNT BOLT|https://www.strava.com/activities/3780751135
7/17/2020|138.96|04:48:12|2458|0|258|3964|286|75%|0|0|28.9|66.6|83|174|0|0|229|769|4,420|22|05:21:25|Wahoo ELEMNT BOLT|https://www.strava.com/activities/3775421712
7/16/2020|133.91|04:49:53|2849|0|252|3915|271|73%|0|0|27.7|66.2|81|148|0|0|225|798|4,365|22|05:17:16|Wahoo ELEMNT BOLT|https://www.strava.com/activities/3770672131
7/15/2020|29.25|01:01:27|256|0|174|614|26|51%|0|0|28.6|48.2|93|159|0|0|166|591|684|20|01:01:27|Wahoo ELEMNT BOLT|https://www.strava.com/activities/3770672877
7/14/2020|143.43|04:45:03|1922|0|212|3512|189|62%|0|0|30.2|68|83|160|0|0|205|687|3,915|29|05:16:32|Wahoo ELEMNT BOLT|https://www.strava.com/activities/3760993991
7/13/2020|120.3|04:05:34|1812|0|217|3072|167|63%|0|0|29.4|68|82|148|0|0|208|730|3,425|30|04:46:38|Wahoo ELEMNT BOLT|https://www.strava.com/activities/3755889460
7/12/2020|113.89|03:35:10|1183|0|202|2509|129|59%|0|0|31.8|74.2|89|182|0|0|194|762|2,798|31|04:05:09|Wahoo ELEMNT BOLT|https://www.strava.com/activities/3751307756
7/10/2020|28.34|00:55:42|184|0|206|671|33|60%|0|0|30.5|51.8|92|157|0|0|201|498|748|14|00:55:42|Wahoo ELEMNT BOLT|https://www.strava.com/activities/3741028490
7/9/2020|67.48|02:23:15|1066|0|214|1741|94|62%|0|0|28.3|65.2|82|133|0|0|203|608|1,941|17|02:28:21|Wahoo ELEMNT BOLT|https://www.strava.com/activities/3737019814
7/8/2020|81.94|02:58:53|1479|0|220|2254|124|64%|0|0|27.5|69.5|80|136|0|0|210|1027|2,513|12|03:03:19|Wahoo ELEMNT BOLT|https://www.strava.com/activities/3732547030
7/6/2020|63.94|02:30:46|1188|0|195|1667|87|57%|0|0|25.4|66.6|78|129|0|0|184|598|1,859|15|02:47:24|Wahoo ELEMNT BOLT|https://www.strava.com/activities/3722417080
7/5/2020|38.94|01:32:14|623|0|194|985|51|56%|0|0|25.3|61.6|78|122|0|0|178|545|1,099|17|01:41:25|Wahoo ELEMNT BOLT|https://www.strava.com/activities/3717349855
7/3/2020|67.65|02:20:50|1144|0|224|1827|100|65%|0|0|28.8|72.7|83|163|0|0|216|654|2,037|15|02:22:27|Wahoo ELEMNT BOLT|https://www.strava.com/activities/3717348764
7/2/2020|93.07|03:04:25|1638|0|267|2498|188|78%|0|0|30.3|68|82|154|0|0|226|829|2,786|17|03:07:01|Wahoo ELEMNT BOLT|https://www.strava.com/activities/3707004055
7/1/2020|35.27|01:07:40|323|0|207|822|41|60%|0|0|31.3|66.6|88|122|0|0|203|511|917|21|01:08:24|Wahoo ELEMNT BOLT|https://www.strava.com/activities/3717350519
8/31/2020|202.04|05:25:27|2625|0|214|3460|210|62%|0|0|37.2|79.9|84|200|0|0|177|860|3,858|20|05:27:10|Wahoo ELEMNT BOLT|https://www.strava.com/activities/3991801912
8/30/2020|195.71|05:31:28|3602|0|261|4372|319|76%|0|0|35.4|86|86|200|0|0|220|954|4,369|27|05:32:18|Wahoo ELEMNT BOLT|https://www.strava.com/activities/3987891922
8/29/2020|162.91|04:06:53|1874|0|253|3066|226|74%|0|0|39.6|71.6|89|142|0|0|207|898|3,062|19|04:09:22|Wahoo ELEMNT BOLT|https://www.strava.com/activities/3982736782
8/28/2020|43.91|01:24:22|689|0|238|911|68|69%|0|0|31.2|72.4|87|148|0|0|180|538|1,016|26|01:26:39|Wahoo ELEMNT BOLT|https://www.strava.com/activities/3976799253
8/27/2020|46.44|01:30:09|772|0|215|1077|59|63%|0|0|30.9|76.3|87|136|0|0|199|495|1,200|23|01:30:24|Wahoo ELEMNT BOLT|https://www.strava.com/activities/3971938257
8/26/2020|36.52|01:27:23|455|0|174|738|41|51%|0|0|25.1|61.6|79|172|0|0|141|491|823|27|01:36:13|Wahoo ELEMNT BOLT|https://www.strava.com/activities/3969133225
8/25/2020|70.18|02:24:26|1221|0|218|1772|97|63%|0|0|29.2|73.4|84|142|0|0|204|507|1,770|18|02:26:02|Wahoo ELEMNT BOLT|https://www.strava.com/activities/3962790465
8/24/2020|152.96|05:00:15|2408|0|221|3832|214|64%|0|0|30.6|81.4|83|132|0|0|213|663|4,272|15|05:17:38|Wahoo ELEMNT BOLT|https://www.strava.com/activities/3958940984
8/23/2020|173.75|04:15:05|3685|0|273|3488|266|79%|0|0|40.9|87.1|90|161|0|0|228|878|3,889|20|04:15:34|Wahoo ELEMNT BOLT|https://www.strava.com/activities/3954553371
8/21/2020|84.51|02:51:49|1548|0|236|2189|140|69%|0|0|29.5|74.9|82|197|0|0|212|725|2,441|26|02:59:00|Wahoo ELEMNT BOLT|https://www.strava.com/activities/3944887381
8/20/2020|33.81|00:59:54|55|0|201|721|34|58%|0|0|33.9|46.1|91|133|0|0|201|372|804|19|01:01:30|Wahoo ELEMNT BOLT|https://www.strava.com/activities/3939486758
8/19/2020|133.15|03:49:01|320|0|215|2926|159|63%|0|0|34.9|54|89|178|0|0|213|709|3,263|23|05:01:10|Wahoo ELEMNT BOLT|https://www.strava.com/activities/3936060906
8/18/2020|59.74|02:03:21|1061|0|233|1632|95|68%|0|0|29.1|74.2|81|142|0|0|220|620|1,819|23|02:04:53|Wahoo ELEMNT BOLT|https://www.strava.com/activities/3930522914
8/17/2020|28.43|01:05:07|221|0|151|552|21|44%|0|0|26.2|62.3|81|123|0|0|141|504|616|18|01:05:51|Wahoo ELEMNT BOLT|https://www.strava.com/activities/3926904190
8/16/2020|156.58|04:24:42|3861|0|314|4064|367|91%|0|0|35.5|85.3|86|155|0|0|256|853|4,532|25|04:25:46|Wahoo ELEMNT BOLT|https://www.strava.com/activities/3922366947
8/15/2020|150.83|04:34:07|4267|0|308|4533|368|90%|0|0|33|90|87|200|0|0|276|833|5,055|28|04:34:07|Wahoo ELEMNT BOLT|https://www.strava.com/activities/3918268969
8/14/2020|0|00:00:00|0|0|151|6|3|44%|0|0|0.9|2.5|92|107|0|0|153|205|6|33|00:10:09|Wahoo ELEMNT BOLT|https://www.strava.com/activities/3912284231
8/14/2020|159.7|04:16:03|3344|0|292|3946|308|85%|0|0|37.4|92.9|88|166|0|0|257|1044|4,400|29|04:16:27|Wahoo ELEMNT BOLT|https://www.strava.com/activities/3912293346
8/12/2020|0.01|00:00:00|0|0|0|0|0||20|1|1.8|5|0|0|0|0|0|0|1|25|00:07:01|Wahoo ELEMNT BOLT|https://www.strava.com/activities/3902580719
8/11/2020|44.36|01:39:27|1014|0|237|1055|86|69%|0|0|26.8|66.6|77|198|0|0|177|688|1,176|26|01:48:39|Wahoo ELEMNT BOLT|https://www.strava.com/activities/3896654175
8/10/2020|34.88|01:05:50|148|0|154|563|23|45%|0|0|31.8|50.8|93|155|0|0|142|671|628|30|01:09:08|Wahoo ELEMNT BOLT|https://www.strava.com/activities/3896653936
8/9/2020|67.54|02:59:02|2473|0|233|2297|144|68%|0|0|22.6|78.5|72|140|0|0|214|616|2,561|28|03:11:11|Wahoo ELEMNT BOLT|https://www.strava.com/activities/3896654472
8/8/2020|141.92|05:28:51|3934|0|260|4329|314|76%|0|0|25.9|75.6|78|171|0|0|219|613|4,827|29|06:03:51|Wahoo ELEMNT BOLT|https://www.strava.com/activities/3883890531
8/7/2020|119.1|04:55:13|3841|0|231|3845|234|67%|0|0|24.2|82.8|76|160|0|0|217|849|4,287|28|05:24:51|Wahoo ELEMNT BOLT|https://www.strava.com/activities/3878473263
8/6/2020|31.47|01:12:42|441|0|183|666|37|53%|0|0|26|65.2|82|139|0|0|153|503|696|28|01:32:59|Wahoo ELEMNT BOLT|https://www.strava.com/activities/3876840427
8/5/2020|83.96|03:00:15|1405|0|207|2085|112|60%|0|0|28|67.3|79|133|0|0|193|476|2,325|25|03:07:11|Wahoo ELEMNT BOLT|https://www.strava.com/activities/3867540162
8/4/2020|120.36|03:58:13|1883|0|223|3063|175|65%|0|0|30.3|79.6|81|133|0|0|214|621|3,415|19|04:13:23|Wahoo ELEMNT BOLT|https://www.strava.com/activities/3862765202
8/3/2020|65.44|02:18:02|1243|0|230|1828|109|67%|0|0|28.4|71.3|80|130|0|0|221|627|2,038|22|02:40:13|Wahoo ELEMNT BOLT|https://www.strava.com/activities/3857841240
8/1/2020|158.56|03:50:52|2297|0|261|3024|222|76%|0|0|41.2|93.2|90|200|0|0|218|1110|3,371|34|03:51:40|Wahoo ELEMNT BOLT|https://www.strava.com/activities/3849263388
9/30/2020|203.66|04:58:13|2986|0|278|4023|326|81%|0|0|41|89.3|91|153|0|0|225|1011|4,485|15|04:58:59|Wahoo ELEMNT BOLT|https://www.strava.com/activities/4132862601
9/29/2020|36.48|01:15:55|439|0|235|768|61|68%|0|0|28.8|63|85|166|0|0|169|587|856|13|01:18:48|Wahoo ELEMNT BOLT|https://www.strava.com/activities/4127233721
9/28/2020|0.01|00:00:00|0|0|227|0|33|66%|0|0|37.4|0.7|69|144|0|0|264|433|0|11|00:46:35|Wahoo ELEMNT BOLT|https://www.strava.com/activities/4124375062
9/27/2020|142.78|04:31:02|133|0|196|3139|151|57%|0|0|31.6|46.1|87|149|0|0|193|695|3,499|10|05:00:57|Wahoo ELEMNT BOLT|https://www.strava.com/activities/4119884736
9/26/2020|97.56|02:57:30|114|0|213|2234|115|62%|0|0|33|48.2|90|145|0|0|210|1002|2,491|11|02:59:52|Wahoo ELEMNT BOLT|https://www.strava.com/activities/4113988919
9/24/2020|97.59|03:00:21|246|0|193|2054|99|56%|0|0|32.5|80.6|86|132|0|0|190|901|2,290|16|03:10:06|Wahoo ELEMNT BOLT|https://www.strava.com/activities/4105856309
9/23/2020|28.58|00:59:12|223|0|0|0|0||149|530|29|56.9|0|0|0|0|0|0|590|23|01:00:36|Wahoo ELEMNT BOLT|https://www.strava.com/activities/4101127902
9/20/2020|127.93|03:19:49|875|0|222|1983|140|65%|0|0|38.4|77|84|147|0|0|165|766|2,211|26|03:21:00|Wahoo ELEMNT BOLT|https://www.strava.com/activities/4101141416
9/19/2020|35.92|01:00:15|949|0|370|1327|118|108%|0|0|35.8|74.5|91|124|0|0|367|563|1,328|20|01:01:00|Wahoo ELEMNT BOLT|https://www.strava.com/activities/4083282468
9/19/2020|0.55|00:02:20|0|0|230|10|30|67%|0|0|14.3|26.3|55|170|0|0|71|479|11|24|00:45:30|Wahoo ELEMNT BOLT|https://www.strava.com/activities/4100856403
9/18/2020|172.15|03:56:20|2089|0|246|2883|203|72%|0|0|43.7|81|92|184|0|0|203|871|3,215|29|03:56:50|Wahoo ELEMNT BOLT|https://www.strava.com/activities/4078018249
9/17/2020|193.53|05:32:04|4439|0|222|1418|232|65%|0|0|35|89.6|88|172|0|0|71|796|1,581|24|05:32:31|Wahoo ELEMNT BOLT|https://www.strava.com/activities/4076718421
9/16/2020|174.62|05:24:58|4243|0|280|5030|357|81%|0|0|32.2|93.2|85|150|0|0|258|952|5,608|25|05:24:58|Wahoo ELEMNT BOLT|https://www.strava.com/activities/4068835663
9/15/2020|168.8|04:26:54|3590|0|306|4356|352|89%|0|0|37.9|88.6|91|151|0|0|272|995|4,856|27|04:26:54|Wahoo ELEMNT BOLT|https://www.strava.com/activities/4067317693
9/15/2020|0.01|00:00:00|0|0|170|3|2|49%|0|0|2.1|5.8|95|109|0|0|135|244|3|23|00:06:15|Wahoo ELEMNT BOLT|https://www.strava.com/activities/4062499923
9/14/2020|33.13|01:10:06|341|0|155|451|25|45%|0|0|28.4|60.8|84|139|0|0|107|544|445|28|01:17:31|Wahoo ELEMNT BOLT|https://www.strava.com/activities/4057831839
9/13/2020|17.22|00:21:54|6|0|87|50|2|25%|0|0|47.2|83.2|75|157|0|0|38|398|56|19|00:21:54|Wahoo ELEMNT BOLT|https://www.strava.com/activities/4054978796
9/13/2020|186.95|05:35:16|3608|0|249|4340|291|72%|0|0|33.5|86|81|156|0|0|216|980|4,839|27|05:35:45|Wahoo ELEMNT BOLT|https://www.strava.com/activities/4054983489
9/12/2020|200.32|04:40:47|2564|0|278|4097|307|81%|0|0|42.8|86|93|182|0|0|243|918|4,568|26|04:41:25|Wahoo ELEMNT BOLT|https://www.strava.com/activities/4049570315
9/11/2020|11|00:15:24|29|0|125|107|4|36%|0|0|42.9|60.8|86|107|0|0|115|299|119|18|00:24:38|Wahoo ELEMNT BOLT|https://www.strava.com/activities/4049544573
9/11/2020|197.29|05:13:53|4390|0|300|4848|396|87%|0|0|37.7|87.1|92|166|0|0|257|933|5,406|25|05:13:53|Wahoo ELEMNT BOLT|https://www.strava.com/activities/4049547353
9/10/2020|0|00:00:00|0|0|95|0|0|28%|0|0|0|0|0|111|0|0|0|160|0|0|00:03:02|Wahoo ELEMNT BOLT|https://www.strava.com/activities/4062295812
9/10/2020|220.78|05:19:47|3533|0|270|4529|327|78%|0|0|41.4|91.4|93|200|0|0|236|1039|5,050|27|05:20:41|Wahoo ELEMNT BOLT|https://www.strava.com/activities/4039913405
9/9/2020|174.11|04:17:28|1132|0|203|2498|150|59%|0|0|40.6|74.9|87|200|0|0|162|922|2,785|30|04:18:42|Wahoo ELEMNT BOLT|https://www.strava.com/activities/4038192628
9/8/2020|174.06|03:54:31|732|0|227|2638|170|66%|0|0|44.5|74.9|92|161|0|0|187|980|2,941|28|03:55:21|Wahoo ELEMNT BOLT|https://www.strava.com/activities/4033644167
9/7/2020|30.36|01:06:32|155|0|150|481|22|44%|0|0|27.4|48.6|81|168|0|0|121|425|479|22|01:10:04|Wahoo ELEMNT BOLT|https://www.strava.com/activities/4033645050
9/6/2020|161.41|04:34:27|3434|0|293|4200|339|85%|0|0|35.3|89.3|86|142|0|0|255|1000|4,683|16|04:42:25|Wahoo ELEMNT BOLT|https://www.strava.com/activities/4033646301
9/5/2020|142.48|04:27:24|3599|0|275|3723|289|80%|0|0|32|86.4|83|153|0|0|232|774|4,151|26|04:34:17|Wahoo ELEMNT BOLT|https://www.strava.com/activities/4016547127
9/5/2020|142.48|04:27:24|3599|0|275|3723|289|80%|0|0|32|86.4|83|153|0|0|232|774|4,151|26|04:34:17|Wahoo ELEMNT BOLT|https://www.strava.com/activities/4011559849
9/3/2020|194.01|05:00:28|3110|0|257|3940|281|75%|0|0|38.7|89.6|88|184|0|0|219|1112|4,394|29|05:01:21|Wahoo ELEMNT BOLT|https://www.strava.com/activities/4005881789
9/2/2020|185.58|04:34:12|1445|0|219|2690|187|64%|0|0|40.6|82.8|87|200|0|0|164|927|2,999|29|04:35:28|Wahoo ELEMNT BOLT|https://www.strava.com/activities/4001431313
9/1/2020|0|00:00:00|0|0|163|0|1|47%|0|0|0|0|0|109|0|0|0|214|0|0|00:05:00|Wahoo ELEMNT BOLT|https://www.strava.com/activities/3996750221
9/1/2020|160.78|04:13:41|3141|0|271|3671|264|79%|0|0|38|89.6|91|158|0|0|241|848|4,093|21|04:14:49|Wahoo ELEMNT BOLT|https://www.strava.com/activities/3996762860
10/7/2020|199.13|04:46:08|2190|0|266|3723|285|77%|0|0|41.8|84.6|90|200|0|0|217|1788|4,151|14|04:47:20|Wahoo ELEMNT BOLT|https://www.strava.com/activities/4163624982
10/6/2020|31.71|00:59:34|47|0|241|712|48|70%|0|0|31.9|49.7|86|128|0|0|199|626|794|12|00:59:34|Wahoo ELEMNT BOLT|https://www.strava.com/activities/4157814101
10/5/2020|40.2|01:26:10|345|0|186|817|45|54%|0|0|28|61.9|80|153|0|0|158|507|911|11|01:45:38|Wahoo ELEMNT BOLT|https://www.strava.com/activities/4153764709
10/4/2020|260.96|06:44:04|4449|0|277|5638|440|81%|0|0|38.8|86.8|87|200|0|0|233|1054|6,286|8|06:44:50|Wahoo ELEMNT BOLT|https://www.strava.com/activities/4150686940
10/3/2020|0.02|00:00:00|0|0|263|8|58|76%|0|0|2.9|9.7|102|110|0|0|239|499|9|12|01:00:01|Wahoo ELEMNT BOLT|https://www.strava.com/activities/4148382949
10/2/2020|88.35|02:59:24|1639|0|219|1917|125|64%|0|0|29.5|74.9|79|150|0|0|178|688|2,138|13|03:05:18|Wahoo ELEMNT BOLT|https://www.strava.com/activities/4144498352
10/1/2020|29.91|01:00:54|33|0|177|609|26|51%|0|0|29.5|41.8|89|125|0|0|167|671|606|10|01:00:54|Wahoo ELEMNT BOLT|https://www.strava.com/activities/4144491777
11/20/2020|67.96|02:11:28|20|0|197|1514|76|57%|0|0|31|42.8|85|133|0|0|192|524|1,513|4|03:31:30|Wahoo ELEMNT BOLT|https://www.strava.com/activities/4364471181
11/19/2020|34.6|01:08:20|12|0|205|809|48|60%|0|0|30.4|50|86|116|0|0|197|923|799|7|02:09:16|Wahoo ELEMNT BOLT|https://www.strava.com/activities/4359725885
11/15/2020|61.2|02:19:21|1054|0|202|1507|81|59%|0|0|26.4|60.8|79|151|0|0|180|1236|1,505|13|02:21:08|Wahoo ELEMNT BOLT|https://www.strava.com/activities/4341362302
11/14/2020|47.73|02:43:35|1311|0|221|1878|134|64%|0|0|17.5|60.1|67|197|0|0|191|1088|1,808|13|03:16:11|Wahoo ELEMNT BOLT|https://www.strava.com/activities/4336536099
11/8/2020|83.46|02:51:34|881|0|195|1845|92|57%|0|0|29.2|60.8|84|162|0|0|179|622|1,836|14|02:52:13|Wahoo ELEMNT BOLT|https://www.strava.com/activities/4312626194
11/7/2020|53.19|02:42:09|1099|0|211|1792|108|61%|0|0|19.7|61.9|70|216|0|0|184|752|1,742|14|02:53:41|Wahoo ELEMNT BOLT|https://www.strava.com/activities/4301760999
11/6/2020|47.87|02:29:39|1104|0|227|1793|118|66%|0|0|19.2|64.1|71|131|0|0|200|765|1,725|9|02:44:35|Wahoo ELEMNT BOLT|https://www.strava.com/activities/4297429605
11/4/2020|40.38|02:04:49|938|0|221|1454|89|64%|0|0|19.4|55.4|69|145|0|0|194|989|1,407|7|02:11:08|Wahoo ELEMNT BOLT|https://www.strava.com/activities/4285252044
11/3/2020|39.31|01:58:11|908|0|215|1330|80|63%|0|0|20|53.6|70|121|0|0|187|727|1,302|10|02:08:54|Wahoo ELEMNT BOLT|https://www.strava.com/activities/4280542959
