date|distance|mov_time|elevation|relativeEffort|avg_power_weig|work_total|training_load|intensity|estAvgPower|energyOutput|avg_speed|max_speed|avg_cadence|max_cadence|avg_heartRate|max_heartRate|avg_power|max_power|avg_calories|avg_temperature|avg_elap_time|bicycle_model|url
31.03.2018|163.38|04:15:40|2370|0|286|3784|0||0|0|38.3|79.9|83|127|0|0|247|1126|4,219|9|04:18:37|Garmin Edge 520|https://www.strava.com/activities/1642982353
30.03.2018|31.07|00:59:54|463|0|218|712|0||0|0|31.1|69.5|78|109|0|0|198|1337|794|10|01:00:46|Garmin Edge 520|https://www.strava.com/activities/1642980344
29.03.2018|75.07|02:27:54|883|0|251|1911|0||0|0|30.5|65.2|78|111|0|0|215|628|2,131|7|02:29:58|Garmin Edge 1030|https://www.strava.com/activities/1642980780
28.03.2018|46.65|01:41:36|791|0|254|1215|0||0|0|27.6|67|74|123|0|0|199|522|1,355|8|01:42:05|Garmin Edge 520|https://www.strava.com/activities/1642981071
25.03.2018|12.93|00:22:28|335|0|319|487|0||0|0|34.5|61.2|85|118|0|0|361|794|543|8|00:53:34|Garmin Edge 520|https://www.strava.com/activities/1642980013
24.03.2018|227.22|05:33:19|536|0|256|4443|0||0|0|40.9|64.8|81|125|0|0|222|1248|4,954|10|06:00:03|Garmin Edge 520|https://www.strava.com/activities/1642982736
23.03.2018|167.62|05:04:29|3262|0|278|4446|0||0|0|33|77|80|200|0|0|243|1091|4,957|7|05:27:53|Garmin Edge 520|https://www.strava.com/activities/1642982832
22.03.2018|34.96|01:06:29|96|0|275|616|0||0|0|31.6|61.2|54|146|0|0|154|953|687|13|01:23:41|Garmin Edge 520|https://www.strava.com/activities/1642980044
22.03.2018|99.85|02:22:57|773|0|286|2017|0||0|0|41.9|75.2|84|200|0|0|235|1191|2,248|6|02:23:15|Garmin Edge 520|https://www.strava.com/activities/1642980915
21.03.2018|45.83|01:20:19|140|0|231|880|0||0|0|34.2|57.6|71|104|0|0|183|965|981|7|01:25:53|Garmin Edge 520|https://www.strava.com/activities/1642980481
19.03.2018|130.4|04:26:21|2180|0|255|3322|0||0|0|29.4|87.1|74|120|0|0|208|905|3,704|12|05:09:45|Garmin Edge 1030|https://www.strava.com/activities/1642981798
18.03.2018|130.4|04:31:38|1270|0|189|2774|0||0|0|28.8|73.1|73|122|0|0|170|1109|3,093|11|04:32:41|Garmin Edge 1030|https://www.strava.com/activities/1642981752
27.04.2018|22.81|00:55:00|883|0|299|764|0||0|0|24.9|69.8|80|119|0|0|231|842|852|17|01:29:54|Garmin Edge 520|https://www.strava.com/activities/1642980221
27.04.2018|31|01:01:22|361|0|182|527|0||0|0|30.3|56.9|72|93|0|0|143|427|588|13|01:02:33|Garmin Edge 520|https://www.strava.com/activities/1642980340
24.04.2018|16.85|00:55:01|385|0|279|774|0||0|0|18.4|81|78|159|0|0|234|1041|863|23|03:10:38|Garmin Edge 520|https://www.strava.com/activities/1642980454
23.04.2018|28.68|00:57:06|276|0|198|529|0||0|0|30.1|54.7|75|122|0|0|154|442|590|11|00:57:38|Garmin Edge 520|https://www.strava.com/activities/1642980122
21.04.2018|29.69|01:06:57|477|0|208|687|0||0|0|26.6|56.9|76|99|0|0|171|1275|766|16|01:52:51|Garmin Edge 520|https://www.strava.com/activities/1642980561
20.04.2018|91.92|03:12:57|1775|0|251|2211|0||0|0|28.6|69.8|75|200|0|0|191|716|2,466|22|03:16:43|Garmin Edge 520|https://www.strava.com/activities/1642981165
19.04.2018|0.57|00:01:39|11|0|145|16|0||0|0|21|49|71|101|0|0|164|331|18|27|00:01:39|Garmin Edge 520|https://www.strava.com/activities/1642979874
19.04.2018|28.5|01:09:42|529|0|189|669|0||0|0|24.5|58.3|69|98|0|0|160|545|746|23|01:46:28|Garmin Edge 520|https://www.strava.com/activities/1642980283
18.04.2018|168.88|04:32:54|2600|0|265|3534|0||0|0|37.1|91.4|80|200|0|0|216|1128|3,940|23|04:35:49|Garmin Edge 520|https://www.strava.com/activities/1642983034
17.04.2018|51.8|01:51:14|564|0|225|1102|0||0|0|27.9|68.8|74|200|0|0|165|1334|1,228|17|02:27:55|Garmin Edge 520|https://www.strava.com/activities/1642980736
16.04.2018|30.65|01:16:13|543|0|173|655|0||0|0|24.1|52.2|66|113|0|0|143|449|731|12|02:04:21|Garmin Edge 520|https://www.strava.com/activities/1642980416
14.04.2018|26.58|01:03:27|498|0|237|707|0||0|0|25.1|56.2|74|124|0|0|186|1298|788|14|01:41:26|Garmin Edge 520|https://www.strava.com/activities/1642980323
09.04.2018|76.87|02:31:41|908|0|216|1722|0||0|0|30.4|67.7|79|106|0|0|189|949|1,920|12|04:32:21|Garmin Edge 1030|https://www.strava.com/activities/1642981026
08.04.2018|24.6|00:57:09|392|0|203|543|0||0|0|25.8|55.8|71|106|0|0|158|465|542|21|00:57:25|Garmin Edge 1030|https://www.strava.com/activities/1642979920
07.04.2018|31.32|00:57:30|288|0|304|861|0||0|0|32.7|114.8|80|134|0|0|250|833|960|8|00:57:30|Garmin Edge 520|https://www.strava.com/activities/1642980204
06.04.2018|170.52|04:36:01|2501|0|285|4074|0||0|0|37.1|88.6|82|200|0|0|246|1029|4,543|20|04:39:57|Garmin Edge 520|https://www.strava.com/activities/1642983121
05.04.2018|20.26|00:27:35|69|0|292|530|0||0|0|44.1|67.3|86|141|0|0|320|734|590|17|00:58:44|Garmin Edge 520|https://www.strava.com/activities/1642980143
04.04.2018|189.1|04:59:14|2894|0|270|3922|0||0|0|37.9|85.3|82|173|0|0|218|1251|4,373|16|04:59:35|Garmin Edge 520|https://www.strava.com/activities/1642981910
03.04.2018|0|00:00:00|0|0|0|0|0||55|0|2|2.5|0|0|0|0|0|0|0|13|00:00:02|Garmin Edge 520|https://www.strava.com/activities/1642979795
03.04.2018|167.68|04:28:02|2669|0|282|2418|0||0|0|37.5|84.6|83|136|0|0|150|1027|2,696|17|04:28:02|Garmin Edge 520|https://www.strava.com/activities/1642981467
02.04.2018|163.35|04:35:13|2695|0|268|3496|0||0|0|35.6|83.9|81|200|0|0|212|950|3,898|20|04:35:33|Garmin Edge 520|https://www.strava.com/activities/1642982391
01.04.2018|0.05|00:02:09|0|0|0|0|0||25|3|1.6|6.8|0|0|0|0|0|0|4|18|00:02:09|Garmin Edge 520|https://www.strava.com/activities/1642979836
01.04.2018|44.8|01:45:15|775|0|218|1043|0||0|0|25.5|63|73|128|0|0|165|495|1,163|16|01:46:52|Garmin Edge 520|https://www.strava.com/activities/1642980597
29.04.2018|183.47|04:17:17|2171|0|257|3161|0||0|0|42.8|83.9|85|133|0|0|205|1385|3,524|18|04:17:17|Garmin Edge 520|https://www.strava.com/activities/1642981941
28.04.2018|155.34|05:04:15|3563|0|272|4354|0||0|0|30.6|87.1|78|200|0|0|239|1007|4,855|21|05:40:08|Garmin Edge 520|https://www.strava.com/activities/1642982702
26.04.2018|175.93|04:13:04|2286|0|288|3661|0||0|0|41.7|94|84|200|0|0|241|1192|4,082|13|04:13:34|Garmin Edge 520|https://www.strava.com/activities/1642982010
25.04.2018|171.52|04:23:59|2454|0|246|1854|0||0|0|39|92.5|83|140|0|0|117|896|2,067|20|04:27:28|Garmin Edge 520|https://www.strava.com/activities/1642981182
22.04.2018|187.55|04:46:23|2855|0|282|4039|0||0|0|39.3|78.5|84|128|0|0|235|1300|4,504|23|04:46:48|Garmin Edge 520|https://www.strava.com/activities/1642982268
15.04.2018|244.19|06:26:23|3268|0|269|5088|0||0|0|37.9|85.3|82|200|0|0|219|1178|5,674|17|06:31:38|Garmin Edge 520|https://www.strava.com/activities/1642983525
13.04.2018|83.39|02:51:14|1245|0|235|1888|0||0|0|29.2|73.4|76|144|0|0|184|736|2,106|10|02:54:04|Garmin Edge 520|https://www.strava.com/activities/1642981299
31.05.2018|170.49|06:06:03|3516|0|247|4559|0||0|0|27.9|85|73|120|0|0|208|913|5,083|20|06:18:01|Garmin Edge 520|https://www.strava.com/activities/1642982961
30.05.2018|160.54|05:35:35|2535|0|238|4208|0||0|0|28.7|84.2|76|117|0|0|209|985|4,692|24|05:49:04|Garmin Edge 520|https://www.strava.com/activities/1642982807
29.05.2018|129.96|04:43:20|2715|0|239|3356|0||0|0|27.5|78.8|74|122|0|0|197|782|3,742|16|05:02:50|Garmin Edge 520|https://www.strava.com/activities/1642982788
28.05.2018|79.96|02:45:36|1066|0|212|1823|0||0|0|29|67.3|76|113|0|0|183|477|2,032|25|02:55:25|Garmin Edge 520|https://www.strava.com/activities/1642980850
29.06.2018|26.55|01:03:29|417|0|193|563|0||0|0|25.1|55.4|74|113|0|0|148|432|628|23|01:04:09|Garmin Edge 520|https://www.strava.com/activities/1669350634
28.06.2018|84.68|02:24:21|1010|0|278|1977|0||0|0|35.2|78.1|87|136|0|0|228|1220|2,205|16|02:31:11|Garmin Edge 520|https://www.strava.com/activities/1669270006
27.06.2018|95.32|03:25:39|878|0|177|1558|0||0|0|27.8|77.4|73|101|0|0|126|913|1,737|25|04:11:33|Garmin Edge 520|https://www.strava.com/activities/1665789517
26.06.2018|35.02|01:24:20|724|0|221|903|0||0|0|24.9|61.9|70|130|0|0|178|1323|1,007|21|01:28:07|Garmin Edge 520|https://www.strava.com/activities/1663310950
26.06.2018|0.78|00:03:39|7|0|72|15|0||0|0|13|24.1|60|76|0|0|68|225|17|22|00:03:58|Garmin Edge 520|https://www.strava.com/activities/1663267738
24.06.2018|26.35|00:56:50|345|0|190|552|0||0|0|27.8|70.6|76|113|0|0|162|783|616|22|00:57:29|Garmin Edge 520|https://www.strava.com/activities/1662805806
23.06.2018|217.84|07:35:13|3995|0|239|5639|0||0|0|28.7|105.1|75|126|0|0|206|650|6,288|21|08:10:52|Garmin Edge 520|https://www.strava.com/activities/1657002376
22.06.2018|0.04|00:00:00|0|0|0|0|0||13|0|4.9|5.4|0|0|0|0|0|0|0|28|00:00:32|Garmin Edge 520|https://www.strava.com/activities/1655451675
21.06.2018|65.45|02:33:40|1366|0|217|1661|0||0|0|25.6|91.4|71|98|0|0|180|624|1,852|26|02:37:58|Garmin Edge 520|https://www.strava.com/activities/1652887085
20.06.2018|54.17|02:05:52|752|0|196|1138|0||0|0|25.8|63.7|75|108|0|0|151|448|1,269|28|02:23:30|Garmin Edge 520|https://www.strava.com/activities/1650722016
17.06.2018|36.82|01:08:47|275|0|316|1110|0||0|0|32.1|68.8|84|123|0|0|269|972|1,238|27|01:26:08|Garmin Edge 520|https://www.strava.com/activities/1650488286
09.06.2018|19.36|00:30:04|175|0|301|552|0||0|0|38.6|89.3|88|170|0|0|306|974|616|23|01:11:31|Garmin Edge 520|https://www.strava.com/activities/1642980125
09.06.2018|37.19|00:58:06|355|0|254|745|0||0|0|38.4|82.4|77|130|0|0|214|861|831|23|01:05:07|Garmin Edge 520|https://www.strava.com/activities/1642980047
07.06.2018|0|00:00:00|0|0|0|0|0||0|0|0.7|0.7|0|0|0|0|0|0|0|0|00:00:01|Garmin Edge 520|https://www.strava.com/activities/1642979834
06.06.2018|26.61|00:57:48|449|0|211|626|0||0|0|27.6|58.3|74|131|0|0|180|1276|698|21|01:11:04|Garmin Edge 520|https://www.strava.com/activities/1642980002
05.06.2018|88.66|02:29:43|980|0|262|1929|0||0|0|35.5|78.5|88|144|0|0|215|1259|1,927|23|02:35:53|Garmin Edge 520|https://www.strava.com/activities/1642980040
04.06.2018|57.79|02:00:36|1231|0|265|1504|0||0|0|28.8|75.2|74|118|0|0|208|682|1,677|23|02:21:33|Garmin Edge 520|https://www.strava.com/activities/1642980667
03.06.2018|54.9|02:08:58|1349|0|242|1468|0||0|0|25.5|71.3|71|115|0|0|190|625|1,637|23|02:09:14|Garmin Edge 520|https://www.strava.com/activities/1642980885
02.06.2018|112.7|04:05:15|1865|0|258|2852|0||0|0|27.6|73.1|74|112|0|0|194|1042|3,180|24|04:11:00|Garmin Edge 520|https://www.strava.com/activities/1642982255
16.06.2018|128.32|03:00:07|988|0|254|2291|0||0|0|42.7|71.3|83|124|0|0|212|1156|2,554|29|03:01:44|Garmin Edge 520|https://www.strava.com/activities/1642266017
15.06.2018|176.42|04:34:25|2856|0|290|4277|0||0|0|38.6|82.1|83|200|0|0|260|1030|4,769|20|04:35:59|Garmin Edge 520|https://www.strava.com/activities/1642977814
14.06.2018|190.18|05:30:59|3607|0|255|4415|0||0|0|34.5|110.2|78|164|0|0|222|938|4,923|19|05:31:31|Garmin Edge 520|https://www.strava.com/activities/1642982942
12.06.2018|191.37|04:40:59|1700|0|258|3686|0||0|0|40.9|97.2|80|138|0|0|219|1092|4,110|14|04:42:32|Garmin Edge 520|https://www.strava.com/activities/1642981630
11.06.2018|185.12|04:50:13|1081|0|256|3311|0||0|0|38.3|74.5|81|130|0|0|190|1129|3,692|16|04:51:09|Garmin Edge 520|https://www.strava.com/activities/1642982771
10.06.2018|156.1|04:03:18|1776|0|264|3006|0||0|0|38.5|90.7|82|132|0|0|206|993|3,352|26|04:04:31|Garmin Edge 520|https://www.strava.com/activities/1642982665
07.06.2018|185.46|04:19:21|2118|0|275|3299|0||0|0|42.9|78.5|87|133|0|0|212|1172|3,679|23|04:21:06|Garmin Edge 520|https://www.strava.com/activities/1642982282
31.07.2018|65.75|02:29:02|1627|0|285|1845|0||0|0|26.5|66.6|75|109|0|0|206|845|2,058|30|02:33:09|Garmin Edge 520|https://www.strava.com/activities/1740060297
29.07.2018|186.96|04:44:53|566|0|277|3980|0||0|0|39.4|99.7|81|124|0|0|233|1036|4,437|15|04:45:30|Garmin Edge 520|https://www.strava.com/activities/1736215953
24.07.2018|114.01|03:58:01|1850|0|229|2675|0||0|0|28.7|79.6|74|129|0|0|187|783|2,982|21|04:03:21|Garmin Edge 520|https://www.strava.com/activities/1724421628
23.07.2018|32.57|01:04:38|167|0|171|600|0||0|0|30.2|49.3|79|108|0|0|155|532|669|15|01:05:38|Garmin Edge 520|https://www.strava.com/activities/1722098895
17.07.2018|85.57|02:56:31|1521|0|253|2057|0||0|0|29.1|68|75|112|0|0|194|583|2,294|23|03:00:00|Garmin Edge 520|https://www.strava.com/activities/1717427811
26.07.2018|149.77|05:02:59|1985|0|233|3497|0||0|0|29.7|69.8|75|123|0|0|192|1330|3,899|23|05:55:19|Garmin Edge 520|https://www.strava.com/activities/1729065286
22.07.2018|126.47|04:17:06|2529|0|253|3373|0||0|0|29.5|100.8|77|137|0|0|219|1305|3,761|11|05:00:53|Garmin Edge 520|https://www.strava.com/activities/1720094933
31.08.2018|193.37|04:55:36|2583|0|248|3578|0||0|0|39.2|94.3|79|152|0|0|202|1111|3,990|32|04:56:43|Garmin Edge 520|https://www.strava.com/activities/1809813994
30.08.2018|156.41|04:15:37|1444|0|239|2934|0||0|0|36.7|86.4|77|138|0|0|191|1132|3,271|30|04:17:48|Garmin Edge 520|https://www.strava.com/activities/1809148462
29.08.2018|200.36|05:04:23|3025|0|271|4040|0||0|0|39.5|94.3|82|152|0|0|221|1056|4,505|30|05:05:04|Garmin Edge 520|https://www.strava.com/activities/1805511281
28.08.2018|177.69|05:25:05|3163|0|239|3857|0||0|0|32.8|88.9|77|143|0|0|198|1182|4,301|33|05:26:16|Garmin Edge 520|https://www.strava.com/activities/1805511349
27.08.2018|177.59|04:51:01|2989|0|257|3755|0||0|0|36.6|92.2|80|173|0|0|215|1070|4,187|30|04:51:57|Garmin Edge 520|https://www.strava.com/activities/1805513381
27.08.2018|8.28|00:14:41|28|0|106|78|0||0|0|33.9|42.8|80|101|0|0|88|697|87|33|00:14:41|Garmin Edge 520|https://www.strava.com/activities/1805511320
26.08.2018|169.58|04:37:39|2773|0|254|3377|0||0|0|36.6|91.4|82|200|0|0|203|1036|3,765|33|04:38:08|Garmin Edge 520|https://www.strava.com/activities/1805512371
25.08.2018|9.63|00:18:32|66|0|283|277|0||0|0|31.2|73.8|82|171|0|0|249|996|309|26|01:16:07|Garmin Edge 520|https://www.strava.com/activities/1805510934
25.08.2018|27.45|00:53:43|183|0|252|598|0||0|0|30.7|70.6|68|109|0|0|186|716|593|29|00:59:59|Garmin Edge 520|https://www.strava.com/activities/1805510720
24.08.2018|26.03|01:13:06|523|0|197|522|0||0|0|21.4|61.6|66|112|0|0|119|421|517|26|02:04:00|Garmin Edge 520|https://www.strava.com/activities/1805510714
23.08.2018|69.71|02:13:03|974|0|0|0|0||210|1680|31.4|73.8|0|0|0|0|0|0|2,672|28|02:16:26|Garmin Edge 520|https://www.strava.com/activities/1805510578
22.08.2018|19.93|00:51:47|50|0|0|0|0||99|308|23.1|42.5|76|106|0|0|0|0|343|28|01:20:10|Garmin Edge 520|https://www.strava.com/activities/1805510367
20.08.2018|45.86|01:31:35|611|0|0|0|0||182|1001|30|70.2|0|0|0|0|0|0|1,684|25|01:56:24|Garmin Edge 520|https://www.strava.com/activities/1805510288
17.08.2018|68.24|02:05:03|388|0|0|0|0||195|1466|32.7|57.6|0|0|0|0|0|0|2,730|13|02:53:51|Garmin Edge 1030|https://www.strava.com/activities/1942654930
16.08.2018|47.27|01:51:37|1009|0|203|1179|0||0|0|25.4|61.2|72|119|0|0|176|454|1,315|24|01:53:35|Garmin Edge 520|https://www.strava.com/activities/1776307284
08.08.2018|85.54|02:05:06|1076|0|258|1463|0||0|0|41|85.7|83|141|0|0|195|1153|1,631|27|02:05:32|Garmin Edge 520|https://www.strava.com/activities/1762896352
07.08.2018|178.85|04:45:11|2242|0|237|3342|0||0|0|37.6|89.6|79|149|0|0|195|1068|3,726|27|04:46:10|Garmin Edge 520|https://www.strava.com/activities/1756122374
06.08.2018|148.42|03:33:33|945|0|224|2314|0||0|0|41.7|72.7|81|130|0|0|181|1156|2,581|24|03:35:06|Garmin Edge 520|https://www.strava.com/activities/1754194528
05.08.2018|152.62|03:45:10|960|0|230|2493|0||0|0|40.7|73.1|80|199|0|0|184|1200|2,779|24|03:46:41|Garmin Edge 520|https://www.strava.com/activities/1752312188
04.08.2018|145.15|03:24:15|1409|0|0|0|0||429|5258|42.6|90.7|0|0|0|0|0|0|5,863|28|03:25:37|Garmin Edge 520|https://www.strava.com/activities/1749696994
02.08.2018|59.59|02:15:41|1105|0|207|1389|0||0|0|26.4|68.4|71|128|0|0|171|563|1,549|24|02:43:04|Garmin Edge 520|https://www.strava.com/activities/1744734664
24.09.2018|42.82|01:32:28|799|0|274|1090|0||0|0|27.8|66.2|80|117|0|0|196|642|1,215|11|01:34:54|Garmin Edge 520|https://www.strava.com/activities/1862779948
23.09.2018|84.67|03:06:52|1534|0|219|1959|0||0|0|27.2|68.8|77|115|0|0|175|1260|2,184|20|03:09:59|Garmin Edge 520|https://www.strava.com/activities/1860438338
20.09.2018|28.21|01:07:16|491|0|203|628|0||0|0|25.2|61.2|72|136|0|0|155|810|700|24|01:09:25|Garmin Edge 520|https://www.strava.com/activities/1854199768
19.09.2018|51.37|01:52:59|766|0|198|1105|0||0|0|27.3|63.4|75|174|0|0|163|947|1,232|23|02:07:39|Garmin Edge 520|https://www.strava.com/activities/1851884490
16.09.2018|110.09|02:49:53|696|0|234|1695|0||0|0|38.9|77.4|75|128|0|0|166|1107|1,890|28|02:51:23|Garmin Edge 520|https://www.strava.com/activities/1851666476
15.09.2018|96.15|03:35:10|3230|0|285|3134|0||0|0|26.8|86.8|73|146|0|0|243|903|3,494|19|03:37:34|Garmin Edge 520|https://www.strava.com/activities/1843561495
15.09.2018|0.01|00:00:00|0|0|227|1|0||0|0|5.2|3.2|81|122|0|0|84|368|1|20|00:11:24|Garmin Edge 520|https://www.strava.com/activities/1843556162
14.09.2018|157.4|04:13:27|2677|0|272|3546|0||0|0|37.3|89.3|78|162|0|0|233|1159|3,954|24|04:17:41|Garmin Edge 520|https://www.strava.com/activities/1841149232
14.09.2018|8.5|00:19:42|51|0|119|95|0||0|0|25.9|48.2|69|105|0|0|81|379|106|27|00:20:07|Garmin Edge 520|https://www.strava.com/activities/1841142586
13.09.2018|188.11|04:05:16|1097|0|233|2888|0||0|0|46|77.8|81|124|0|0|196|1038|3,220|29|04:08:10|Garmin Edge 520|https://www.strava.com/activities/1839021585
13.09.2018|6.23|00:13:44|36|0|89|66|0||0|0|27.3|40.7|72|92|0|0|80|383|74|29|00:13:44|Garmin Edge 520|https://www.strava.com/activities/1838985199
12.09.2018|164.75|04:48:44|3542|0|278|4048|0||0|0|34.2|94.7|81|152|0|0|234|984|4,514|21|04:51:20|Garmin Edge 520|https://www.strava.com/activities/1836932337
12.09.2018|12.55|00:27:43|35|0|125|138|0||0|0|27.2|49.3|73|133|0|0|83|676|154|30|00:27:43|Garmin Edge 520|https://www.strava.com/activities/1836929946
11.09.2018|7.63|00:23:11|190|0|191|202|0||0|0|19.8|59.8|60|93|0|0|145|336|225|27|00:23:11|Garmin Edge 520|https://www.strava.com/activities/1834369020
11.09.2018|31.78|00:44:05|449|0|334|856|0||0|0|43.3|80.3|88|125|0|0|324|826|954|22|00:44:37|Garmin Edge 520|https://www.strava.com/activities/1834368361
10.09.2018|13.99|00:42:12|177|0|123|239|0||0|0|19.9|43.9|67|102|0|0|95|514|267|22|00:45:27|Garmin Edge 520|https://www.strava.com/activities/1834207099
09.09.2018|187.15|06:00:45|4520|0|272|4924|0||0|0|31.1|93.6|76|138|0|0|227|1093|5,490|19|06:05:41|Garmin Edge 520|https://www.strava.com/activities/1830697149
08.09.2018|178.56|05:14:34|3223|0|254|3703|0||0|0|34.1|90|76|140|0|0|196|820|4,129|23|05:15:58|Garmin Edge 520|https://www.strava.com/activities/1827854693
07.09.2018|184.35|04:57:55|3137|0|267|3998|0||0|0|37.1|94.3|79|129|0|0|224|1067|4,458|20|04:59:47|Garmin Edge 520|https://www.strava.com/activities/1825511885
06.09.2018|191.63|05:17:34|3279|0|267|4141|0||0|0|36.2|85|79|200|0|0|217|962|4,617|15|05:20:33|Garmin Edge 520|https://www.strava.com/activities/1823802455
05.09.2018|212.31|05:30:41|3471|0|281|4708|0||0|0|38.5|86|82|163|0|0|237|1097|5,250|18|05:31:06|Garmin Edge 520|https://www.strava.com/activities/1821254739
04.09.2018|183.95|04:29:23|1436|0|229|2771|0||0|0|41|154.8|79|200|0|0|171|934|3,090|27|04:53:48|Garmin Edge 520|https://www.strava.com/activities/1818978659
03.09.2018|39.25|01:18:44|186|0|172|757|0||0|0|29.9|47.9|77|100|0|0|160|911|845|22|01:53:38|Garmin Edge 520|https://www.strava.com/activities/1816189632
02.09.2018|215.7|06:32:03|4450|0|247|4932|0||0|0|33|84.6|77|133|0|0|210|1161|5,499|31|06:35:16|Garmin Edge 520|https://www.strava.com/activities/1814873929
01.09.2018|203.83|04:56:34|2182|0|242|3338|0||0|0|41.2|84.6|79|138|0|0|188|1059|3,722|36|04:57:29|Garmin Edge 520|https://www.strava.com/activities/1812006433
13.10.2018|209.99|05:21:28|2607|0|266|4301|0||0|0|39.2|77.4|80|143|0|0|223|1079|4,796|18|05:21:56|Garmin Edge 520|https://www.strava.com/activities/2080351171
12.10.2018|33.25|01:06:46|313|0|199|708|0||0|0|29.9|65.2|78|142|0|0|177|886|789|18|02:17:13|Garmin Edge 520|https://www.strava.com/activities/1899677315
11.10.2018|0.04|00:00:00|0|0|209|3|0||0|0|3.5|4|59|125|0|0|58|408|3|20|00:38:17|Garmin Edge 520|https://www.strava.com/activities/1898194555
10.10.2018|179.25|04:12:14|1425|0|267|3468|0||0|0|42.6|76.7|80|174|0|0|229|967|3,867|19|04:13:10|Garmin Edge 520|https://www.strava.com/activities/1896185343
05.10.2018|36.51|01:22:23|517|0|165|705|0||0|0|26.6|60.8|74|136|0|0|143|408|786|14|02:25:05|Garmin Edge 520|https://www.strava.com/activities/1885211440
30.11.2018|117.35|03:56:32|691|0|191|2521|0||0|0|29.8|64.8|82|115|0|0|178|1271|2,811|2|04:02:33|Garmin Edge 1030|https://www.strava.com/activities/1994009779
29.11.2018|146.29|05:18:44|1627|0|205|3562|0||0|0|27.5|68.8|79|115|0|0|186|1280|3,972|5|05:31:19|Garmin Edge 1030|https://www.strava.com/activities/1991122289
27.11.2018|68.77|04:19:48|2426|0|0|0|0||136|2128|15.9|48.6|0|0|0|0|0|0|2,372|0|04:20:53|Garmin Edge 1030|https://www.strava.com/activities/1991121343
26.11.2018|51.35|03:07:17|1699|0|0|0|0||134|1510|16.5|55.8|0|0|0|0|0|0|1,683|0|03:12:48|Garmin Edge 1030|https://www.strava.com/activities/1985830479
23.11.2018|130.88|05:00:47|2148|0|219|3445|0||0|0|26.1|66.2|76|127|0|0|191|548|3,842|2|05:16:15|Garmin Edge 1030|https://www.strava.com/activities/1981821845
22.11.2018|64.12|02:31:26|1121|0|198|1554|0||0|0|25.4|55.4|76|117|0|0|171|1285|1,733|6|03:07:47|Garmin Edge 1030|https://www.strava.com/activities/1981820418
26.12.2018|142.29|04:59:03|1350|0|221|3635|0||0|0|28.5|69.1|81|117|0|0|203|1214|4,053|1|05:00:04|Garmin Edge 1030|https://www.strava.com/activities/2036578703
25.12.2018|67.36|02:18:47|809|0|203|1536|0||0|0|29.1|60.8|82|132|0|0|184|609|1,713|0|02:24:17|Garmin Edge 1030|https://www.strava.com/activities/2034826290
21.12.2018|31.53|02:14:41|1096|0|0|0|0||117|949|14|56.5|0|0|0|0|0|0|1,058|2|03:00:33|Garmin Edge 1030|https://www.strava.com/activities/2027901904
17.12.2018|61.66|03:03:34|1531|0|0|0|0||137|1506|20.2|52.6|0|0|0|0|0|0|1,679|0|03:14:28|Garmin Edge 1030|https://www.strava.com/activities/2021839698
15.12.2018|72.09|02:24:41|887|0|241|1925|0||0|0|29.9|63|83|146|0|0|222|785|2,146|0|02:25:08|Garmin Edge 1030|https://www.strava.com/activities/2018155918
13.12.2018|105.52|03:47:15|946|0|197|2340|0||0|0|27.9|57.2|78|119|0|0|172|1230|2,609|1|04:59:13|Garmin Edge 1030|https://www.strava.com/activities/2015166124
12.12.2018|183.31|05:50:04|994|0|205|4137|0||0|0|31.4|54.7|84|124|0|0|197|905|4,613|2|06:10:11|Garmin Edge 1030|https://www.strava.com/activities/2013614503
11.12.2018|156.37|05:15:54|1418|0|207|3648|0||0|0|29.7|58.7|81|136|0|0|192|633|4,067|5|05:20:14|Garmin Edge 1030|https://www.strava.com/activities/2013613941
10.12.2018|45.38|02:23:58|1153|0|0|0|0||129|1119|18.9|45|0|0|0|0|0|0|1,247|0|02:43:42|Garmin Edge 1030|https://www.strava.com/activities/2010163558
06.12.2018|39.11|02:16:58|1090|0|0|0|0||120|988|17.1|51.5|0|0|0|0|0|0|1,102|4|02:25:59|Garmin Edge 1030|https://www.strava.com/activities/2010163505
04.12.2018|16.19|01:48:07|585|0|0|0|0||77|500|9|41.8|0|0|0|0|0|0|558|14|02:01:10|Garmin Edge 1030|https://www.strava.com/activities/2001111896
03.12.2018|108.26|03:51:41|1305|0|201|2450|0||0|0|28|61.6|81|132|0|0|176|1197|2,732|9|04:17:08|Garmin Edge 1030|https://www.strava.com/activities/1998079796
02.12.2018|68.37|04:15:59|2401|0|0|0|0||133|2043|16|57.2|0|0|0|0|0|0|2,278|4|04:19:20|Garmin Edge 1030|https://www.strava.com/activities/1996561253
27.01.2019|229.69|07:33:58|5108|0|271|5934|0||0|0|30.4|79.2|74|120|0|0|218|854|6,617|13|08:56:24|Garmin Edge 520|https://www.strava.com/activities/2107367693
26.01.2019|202.13|06:29:03|4064|0|259|4885|0||0|0|31.2|70.9|75|153|0|0|209|824|5,447|13|07:42:56|Garmin Edge 520|https://www.strava.com/activities/2104823093
23.01.2019|174.47|06:17:18|4533|0|261|4706|0||0|0|27.7|76.7|74|122|0|0|208|963|5,247|6|07:21:37|Garmin Edge 520|https://www.strava.com/activities/2098405424
22.01.2019|228.78|07:47:20|4904|0|250|5661|0||0|0|29.4|75.2|73|139|0|0|202|1030|6,312|6|08:55:41|Garmin Edge 520|https://www.strava.com/activities/2096259618
21.01.2019|35.34|01:23:01|291|0|128|526|0||0|0|25.5|51.5|64|107|0|0|106|528|586|12|02:17:08|Garmin Edge 520|https://www.strava.com/activities/2093655438
20.01.2019|229.38|07:25:42|3886|0|239|5157|0||0|0|30.9|67|73|114|0|0|193|834|5,750|7|08:26:21|Garmin Edge 520|https://www.strava.com/activities/2092275881
18.01.2019|243.83|07:27:22|3453|0|221|4729|0||0|0|32.7|78.5|79|145|0|0|176|1075|5,272|9|08:44:46|Garmin Edge 520|https://www.strava.com/activities/2087261276
17.01.2019|0|00:00:00|0|0|0|0|0||0|0|0.4|0.4|0|0|0|0|0|0|0|0|00:00:02|Garmin Edge 520|https://www.strava.com/activities/2084804892
17.01.2019|117.62|03:58:58|2263|0|232|2718|0||0|0|29.5|65.5|75|173|0|0|190|713|3,030|8|03:59:58|Garmin Edge 520|https://www.strava.com/activities/2084805398
08.01.2019|9.68|00:53:43|302|0|0|0|0||84|272|10.8|37.1|0|0|0|0|0|0|304|11|00:56:54|Garmin Edge 1030|https://www.strava.com/activities/2064380755
28.02.2019|181.64|04:49:05|994|0|196|2570|0||0|0|37.7|79.2|69|127|0|0|148|1251|2,865|25|04:51:44|Garmin Edge 520|https://www.strava.com/activities/2183060381
27.02.2019|93.51|04:07:22|1016|0|0|0|0||105|1563|22.7|65.9|0|0|0|0|0|0|2,986|13|04:15:11|Garmin Edge 1030|https://www.strava.com/activities/2237520597
27.02.2019|194.2|04:24:05|1376|0|238|2927|0||0|0|44.1|98.3|78|162|0|0|185|1164|3,264|29|04:26:51|Garmin Edge 520|https://www.strava.com/activities/2179337607
26.02.2019|183.12|05:09:33|1320|0|225|3237|0||0|0|35.5|70.2|70|123|0|0|174|997|3,240|25|05:13:22|Garmin Edge 520|https://www.strava.com/activities/2178383305
25.02.2019|186.84|04:43:11|628|0|183|1047|0||0|0|39.6|71.3|88|126|0|0|62|1000|1,167|25|04:46:43|Garmin Edge 520|https://www.strava.com/activities/2174667274
24.02.2019|50.13|01:56:11|181|0|0|0|0||100|695|25.9|49|0|0|0|0|0|0|1,397|6|02:05:37|Garmin Edge 1030|https://www.strava.com/activities/2237520259
24.02.2019|33.81|00:49:50|71|0|0|0|0||435|1302|40.7|66.2|0|0|0|0|0|0|1,452|27|02:15:58|Garmin Edge 520|https://www.strava.com/activities/2173010211
24.02.2019|21.86|00:39:53|64|0|226|467|0||0|0|32.9|46.8|78|116|0|0|195|574|521|23|00:40:12|Garmin Edge 520|https://www.strava.com/activities/2170889324
23.02.2019|83.66|03:26:23|681|0|0|0|0||110|1362|24.3|54.4|0|0|0|0|0|0|2,812|8|03:41:26|Garmin Edge 1030|https://www.strava.com/activities/2237520278
23.02.2019|51.13|01:24:13|80|0|236|825|0||0|0|36.4|62.6|71|171|0|0|163|782|920|23|01:34:55|Garmin Edge 520|https://www.strava.com/activities/2168643854
22.02.2019|49.01|01:32:11|158|0|188|809|0||0|0|31.9|52.6|77|110|0|0|146|1223|901|23|02:34:08|Garmin Edge 520|https://www.strava.com/activities/2167560622
18.02.2019|54.1|02:02:23|1092|0|259|1394|0||0|0|26.5|72|76|200|0|0|190|989|1,555|18|02:40:38|Garmin Edge 520|https://www.strava.com/activities/2162379210
17.02.2019|78.23|03:36:48|836|0|0|0|0||105|1367|21.7|48.6|0|0|0|0|0|0|2,548|12|03:42:19|Garmin Edge 1030|https://www.strava.com/activities/2237520208
17.02.2019|35.34|01:18:38|450|0|0|0|0||140|659|27|53.3|0|0|0|0|0|0|735|16|02:10:02|Garmin Edge 520|https://www.strava.com/activities/2157604739
16.02.2019|184.32|04:45:00|2363|0|13|2|0||0|0|38.8|79.6|77|91|0|0|0|379|2|14|04:45:18|Garmin Edge 520|https://www.strava.com/activities/2153066993
16.02.2019|72.5|02:30:08|123|0|0|0|0||123|1105|29|45|0|0|0|0|0|0|2,295|14|02:31:26|Garmin Edge 1030|https://www.strava.com/activities/2237519998
15.02.2019|190.16|04:24:42|1444|0|281|3551|0||0|0|43.1|78.8|80|127|0|0|224|1043|3,959|15|04:26:57|Garmin Edge 520|https://www.strava.com/activities/2150792999
14.02.2019|0|00:00:00|0|0|0|0|0||0|0|0|0.7|0|0|0|0|0|0|0|0|00:01:05|Garmin Edge 520|https://www.strava.com/activities/2150090993
12.02.2019|137.81|04:38:16|2736|0|262|3494|0||0|0|29.7|71.6|72|138|0|0|209|1082|3,896|14|04:48:43|Garmin Edge 520|https://www.strava.com/activities/2141977546
11.02.2019|0|00:00:00|0|0|0|0|0||0|0|0|0|0|0|0|0|0|0|0|0|00:00:49|Garmin Edge 520|https://www.strava.com/activities/2139048919
10.02.2019|26|00:54:15|91|0|190|573|0||0|0|28.8|50.4|77|99|0|0|176|408|639|16|00:54:55|Garmin Edge 520|https://www.strava.com/activities/2137231602
06.02.2019|32.62|01:20:09|687|0|189|805|0||0|0|24.4|56.9|75|152|0|0|167|1102|897|2|01:44:49|Garmin Edge 520|https://www.strava.com/activities/2128055099
04.02.2019|0.7|00:33:52|0|0|266|476|0||0|0|1.2|7.2|97|128|0|0|234|516|531|12|00:35:01|Garmin Edge 520|https://www.strava.com/activities/2123920248
04.02.2019|0.02|00:00:00|0|0|91|6|0||0|0|2|4|78|89|0|0|159|177|6|16|00:00:35|Garmin Edge 520|https://www.strava.com/activities/2123919931
04.02.2019|7.38|00:38:21|252|0|0|0|0||94|217|11.6|28.4|0|0|0|0|0|0|241|12|00:39:42|Garmin Edge 520|https://www.strava.com/activities/2123710747
02.02.2019|84.6|02:46:57|897|0|233|2044|0||0|0|30.4|61.2|80|199|0|0|204|1094|2,279|3|03:12:49|Garmin Edge 520|https://www.strava.com/activities/2123571651
01.02.2019|0.3|00:12:01|6|0|292|186|0||0|0|1.5|4.3|89|138|0|0|258|487|207|10|00:12:28|Garmin Edge 520|https://www.strava.com/activities/2117420982
31.03.2019|92.85|02:17:26|1120|0|330|2435|0||0|0|40.5|81|85|130|0|0|295|967|2,715|11|02:17:48|Garmin Edge 520|https://www.strava.com/activities/2254307846
30.03.2019|168.86|03:58:29|2173|0|287|3506|0||0|0|42.5|79.9|82|200|0|0|245|1256|3,910|16|04:01:08|Garmin Edge 520|https://www.strava.com/activities/2252244669
29.03.2019|192.33|04:32:50|2735|0|287|3899|0||0|0|42.3|91.4|82|130|0|0|238|1154|4,348|11|04:33:55|Garmin Edge 520|https://www.strava.com/activities/2249569361
28.03.2019|152.93|04:32:14|3540|0|285|3890|0||0|0|33.7|94.3|78|143|0|0|238|1092|4,337|15|04:33:24|Garmin Edge 520|https://www.strava.com/activities/2247180690
27.03.2019|184.21|05:38:45|4093|0|274|4784|0||0|0|32.6|87.5|77|144|0|0|235|1047|5,334|16|05:41:06|Garmin Edge 520|https://www.strava.com/activities/2245321904
26.03.2019|174.69|04:34:46|2143|0|269|3701|0||0|0|38.1|78.8|78|200|0|0|225|1133|4,127|16|04:35:38|Garmin Edge 520|https://www.strava.com/activities/2243904215
25.03.2019|167.24|04:36:32|3132|0|271|3793|0||0|0|36.3|83.9|82|124|0|0|229|1003|4,229|18|04:36:59|Garmin Edge 520|https://www.strava.com/activities/2239900447
24.03.2019|39.74|01:10:41|240|0|188|690|0||0|0|33.7|51.8|77|97|0|0|163|453|769|16|01:12:46|Garmin Edge 520|https://www.strava.com/activities/2239202192
24.03.2019|111.84|04:40:21|1378|0|0|0|0||122|2058|23.9|65.2|0|0|0|0|0|0|3,862|16|05:41:46|Garmin Edge 1030|https://www.strava.com/activities/2237508312
23.03.2019|135.16|05:31:07|1151|0|0|0|0||111|2209|24.5|68.4|0|0|0|0|0|0|4,229|17|06:59:36|Garmin Edge 1030|https://www.strava.com/activities/2237503129
23.03.2019|22.86|00:56:34|413|0|0|0|0||137|464|24.3|55.1|0|0|0|0|0|0|517|15|01:00:03|Garmin Edge 520|https://www.strava.com/activities/2234164864
21.03.2019|119.48|04:03:15|1464|0|0|0|0||167|2439|29.5|65.5|0|0|0|0|0|0|2,719|9|05:04:50|Garmin Edge 520|https://www.strava.com/activities/2229507339
17.03.2019|90.5|03:09:58|1829|0|267|2357|0||0|0|28.6|73.1|74|121|0|0|207|650|2,628|14|03:11:56|Garmin Edge 520|https://www.strava.com/activities/2219609551
17.03.2019|62.07|02:36:46|983|0|0|0|0||133|1247|23.8|76.7|0|0|0|0|0|0|2,210|16|02:38:40|Garmin Edge 1030|https://www.strava.com/activities/2237521382
16.03.2019|37.38|01:20:51|154|0|0|0|0||112|544|27.7|66.2|0|0|0|0|0|0|1,118|14|01:33:40|Garmin Edge 1030|https://www.strava.com/activities/2237521151
16.03.2019|58.98|02:21:05|738|0|0|0|0||136|1149|25.1|64.1|0|0|0|0|0|0|1,985|15|02:23:47|Garmin Edge 1030|https://www.strava.com/activities/2237520943
16.03.2019|28.46|01:04:38|525|0|199|684|0||0|0|26.4|58.7|75|159|0|0|176|826|763|12|01:37:16|Garmin Edge 520|https://www.strava.com/activities/2216689259
15.03.2019|0|00:00:00|0|0|0|0|0||0|0|0|0|0|0|0|0|0|0|0|0|00:00:11|Garmin Edge 520|https://www.strava.com/activities/2215320695
12.03.2019|103.84|03:02:37|1245|0|253|2346|0||0|0|34.1|74.9|88|148|0|0|214|805|2,616|7|03:06:48|Garmin Edge 520|https://www.strava.com/activities/2208512370
11.03.2019|2.03|00:37:11|5|0|236|493|0||0|0|3.3|21.2|91|127|0|0|221|545|550|9|00:45:17|Garmin Edge 520|https://www.strava.com/activities/2207754661
10.03.2019|170.97|04:06:03|1375|0|280|3543|0||0|0|41.7|86|86|141|0|0|240|1220|3,951|9|04:07:11|Garmin Edge 520|https://www.strava.com/activities/2204169916
09.03.2019|33.12|01:15:44|659|0|248|830|0||0|0|26.2|60.1|75|200|0|0|183|1196|925|7|01:16:18|Garmin Edge 520|https://www.strava.com/activities/2200978938
05.03.2019|0.42|00:16:09|0|0|271|238|0||0|0|1.6|10.4|97|130|0|0|246|462|266|11|00:30:19|Garmin Edge 520|https://www.strava.com/activities/2192773943
03.03.2019|108.07|04:25:35|889|0|0|0|0||110|1760|24.4|62.6|0|0|0|0|0|0|3,367|12|05:40:08|Garmin Edge 1030|https://www.strava.com/activities/2237520864
02.03.2019|144.64|03:22:25|505|0|154|629|0||0|0|42.9|66.6|88|129|0|0|52|985|702|20|03:22:25|Garmin Edge 520|https://www.strava.com/activities/2186053288
01.03.2019|182.06|04:41:37|2093|0|278|4351|0||0|0|38.8|70.2|82|119|0|0|258|1129|4,852|22|04:42:02|Garmin Edge 520|https://www.strava.com/activities/2184134166
30.04.2019|4.3|00:08:08|128|0|332|182|0||0|0|31.8|63|92|194|0|0|373|1138|203|16|00:45:14|Garmin Edge 520|https://www.strava.com/activities/2330696991
25.04.2019|12|00:38:37|111|0|121|220|0||0|0|18.7|50.4|62|91|0|0|95|450|223|16|02:03:03|Garmin Edge 520|https://www.strava.com/activities/2317608292
20.04.2019|116.47|04:15:02|862|0|0|0|0||132|2022|27.4|51.8|0|0|0|0|0|0|4,287|19|04:30:49|Garmin Edge 1030|https://www.strava.com/activities/2339219154
19.04.2019|38.47|01:34:53|601|0|0|0|0||136|772|24.3|60.5|0|0|0|0|0|0|1,507|19|01:38:17|Garmin Edge 1030|https://www.strava.com/activities/2339218977
18.04.2019|20.58|00:51:45|417|0|185|434|0||0|0|23.9|55.4|73|106|0|0|140|490|484|18|00:52:19|Garmin Edge 520|https://www.strava.com/activities/2299566447
18.04.2019|105.08|03:48:57|895|0|0|0|0||135|1850|27.5|64.8|0|0|0|0|0|0|3,867|17|03:54:19|Garmin Edge 1030|https://www.strava.com/activities/2339219020
17.04.2019|134.7|04:05:19|1792|0|265|3044|0||0|0|32.9|75.2|85|135|0|0|207|1173|3,394|14|04:40:51|Garmin Edge 520|https://www.strava.com/activities/2296709089
16.04.2019|64.82|02:37:23|959|0|204|1542|0||0|0|24.7|71.3|72|190|0|0|163|1323|1,720|13|02:50:13|Garmin Edge 520|https://www.strava.com/activities/2296134981
16.04.2019|110.33|03:59:29|952|0|0|0|0||139|1993|27.6|61.6|0|0|0|0|0|0|4,131|15|04:11:00|Garmin Edge 1030|https://www.strava.com/activities/2339218938
15.04.2019|61.34|02:23:55|633|0|0|0|0||123|1058|25.6|54|0|0|0|0|0|0|2,266|15|02:49:47|Garmin Edge 1030|https://www.strava.com/activities/2339218765
15.04.2019|56.03|02:05:58|1075|0|222|1438|0||0|0|26.7|64.1|78|154|0|0|190|893|1,603|6|02:08:10|Garmin Edge 520|https://www.strava.com/activities/2291534434
14.04.2019|101.8|03:41:20|856|0|0|0|0||131|1743|27.6|55.8|0|0|0|0|0|0|3,665|11|03:53:52|Garmin Edge 1030|https://www.strava.com/activities/2339218800
13.04.2019|72.1|02:12:45|1695|0|289|1867|0||0|0|32.6|79.6|78|128|0|0|234|1135|2,082|18|02:17:16|Garmin Edge 520|https://www.strava.com/activities/2287649944
12.04.2019|152.7|04:19:01|3300|0|294|3696|0||0|0|35.4|87.1|79|155|0|0|238|1055|4,121|14|04:20:09|Garmin Edge 520|https://www.strava.com/activities/2284470314
11.04.2019|163.29|04:13:35|718|0|297|3774|0||0|0|38.6|87.5|84|200|0|0|248|1050|4,209|6|04:14:32|Garmin Edge 520|https://www.strava.com/activities/2282080769
11.04.2019|9.65|00:19:15|32|0|192|152|0||0|0|30.1|48.2|74|109|0|0|131|766|169|8|00:22:57|Garmin Edge 520|https://www.strava.com/activities/2282066111
10.04.2019|190.84|04:52:30|2775|0|270|3959|0||0|0|39.1|89.6|81|144|0|0|226|1134|4,414|10|04:52:58|Garmin Edge 520|https://www.strava.com/activities/2279710226
10.04.2019|16.94|00:31:38|189|0|210|303|0||0|0|32.1|57.6|72|119|0|0|160|611|338|10|00:32:37|Garmin Edge 520|https://www.strava.com/activities/2279682129
09.04.2019|150.34|03:52:22|2070|0|283|3099|0||0|0|38.8|81|82|136|0|0|222|1042|3,456|13|03:53:05|Garmin Edge 520|https://www.strava.com/activities/2277153466
08.04.2019|32.18|01:10:48|264|0|325|1088|0||0|0|27.3|80.3|72|167|0|0|256|1003|1,213|7|01:54:52|Garmin Edge 520|https://www.strava.com/activities/2274461516
07.04.2019|62.12|02:17:16|922|0|192|1255|0||0|0|27.2|59|71|177|0|0|152|493|1,399|5|02:18:38|Garmin Edge 520|https://www.strava.com/activities/2271828708
06.04.2019|193.7|05:04:16|3173|0|289|4241|0||0|0|38.2|78.1|80|127|0|0|232|1133|4,729|10|05:06:50|Garmin Edge 520|https://www.strava.com/activities/2269476202
05.04.2019|27.47|00:56:41|463|0|255|698|0||0|0|29.1|61.9|78|156|0|0|205|1288|778|9|00:57:41|Garmin Edge 520|https://www.strava.com/activities/2267003956
02.04.2019|56.13|01:59:48|975|0|235|1373|0||0|0|28.1|74.9|74|110|0|0|191|708|1,530|14|02:02:05|Garmin Edge 520|https://www.strava.com/activities/2259844910
01.04.2019|48.03|01:57:23|969|0|0|0|0||167|1175|24.6|65.9|0|0|0|0|0|0|1,938|12|02:05:10|Garmin Edge 1030|https://www.strava.com/activities/2339218758
30.04.2019|14.35|00:25:38|187|0|294|381|0||0|0|33.6|60.1|72|184|0|0|248|929|425|12|00:30:12|Garmin Edge 520|https://www.strava.com/activities/2330258533
28.04.2019|253.83|06:48:51|1424|0|299|5923|0||0|0|37.3|83.5|82|146|0|0|241|1123|5,941|4|06:50:08|Garmin Edge 520|https://www.strava.com/activities/2325880085
27.04.2019|27.73|01:02:06|239|0|253|804|0||0|0|26.8|55.4|84|132|0|0|216|555|800|4|01:02:06|Garmin Edge 520|https://www.strava.com/activities/2322101850
26.04.2019|89.86|03:13:43|1913|0|270|2278|0||0|0|27.8|66.6|74|159|0|0|196|736|2,539|11|03:17:56|Garmin Edge 520|https://www.strava.com/activities/2320206669
23.04.2019|37.88|01:25:48|739|0|230|873|0||0|0|26.5|69.5|73|122|0|0|170|1243|974|14|01:52:59|Garmin Edge 520|https://www.strava.com/activities/2312096211
22.04.2019|42.95|01:41:45|493|0|157|801|0||0|0|25.3|54.7|67|117|0|0|131|482|795|21|02:38:54|Garmin Edge 520|https://www.strava.com/activities/2311924562
21.04.2019|262.3|06:37:56|3344|0|283|5574|0||0|0|39.5|85.7|83|152|0|0|233|1195|5,622|22|06:39:54|Garmin Edge 520|https://www.strava.com/activities/2307716563
20.04.2019|29.65|01:09:44|584|0|215|708|0||0|0|25.5|52.6|74|126|0|0|169|1149|789|19|01:40:58|Garmin Edge 520|https://www.strava.com/activities/2304055569
19.04.2019|83.3|02:50:11|1248|0|206|1145|0||0|0|29.4|75.6|78|110|0|0|112|971|1,277|19|02:53:29|Garmin Edge 520|https://www.strava.com/activities/2301476510
28.05.2019|134.72|04:31:14|289|0|228|3323|0||0|0|29.8|60.5|79|118|0|0|204|620|3,705|9|04:32:27|Garmin Edge 530|https://www.strava.com/activities/2403857786
25.05.2019|87.71|01:58:42|591|0|335|2175|0||0|0|44.3|72.7|84|173|0|0|305|1311|2,425|10|02:20:18|Garmin Edge 530|https://www.strava.com/activities/2396458946
25.05.2019|28.84|01:00:39|236|0|161|493|0||0|0|28.5|59|71|111|0|0|135|478|550|12|01:03:36|Garmin Edge 530|https://www.strava.com/activities/2396457732
24.05.2019|88.43|02:12:44|1351|0|351|2355|0||0|0|40|80.6|83|225|0|0|296|1184|2,626|8|02:13:10|Garmin Edge 530|https://www.strava.com/activities/2394069362
24.05.2019|37.9|01:19:34|445|0|230|805|0||0|0|28.6|60.5|74|183|0|0|169|859|898|13|01:19:55|Garmin Edge 530|https://www.strava.com/activities/2394068648
16.05.2019|45.58|00:49:13|469|0|282|674|0||0|0|55.6|71.3|82|137|0|0|228|472|752|5|03:52:01|Garmin Edge 520|https://www.strava.com/activities/2372209258
13.05.2019|60.99|02:06:03|903|0|243|1598|0||0|0|29|62.6|81|115|0|0|211|546|1,782|9|02:06:46|Garmin Edge 520|https://www.strava.com/activities/2363942625
10.05.2019|53.19|02:05:36|1239|0|235|1470|0||0|0|25.4|67|77|109|0|0|195|714|1,639|10|02:05:52|Garmin Edge 520|https://www.strava.com/activities/2356272618
09.05.2019|44.52|01:43:11|967|0|240|1286|0||0|0|25.9|73.1|78|109|0|0|208|755|1,433|9|01:45:48|Garmin Edge 520|https://www.strava.com/activities/2353507114
05.05.2019|16.9|00:22:54|181|0|366|487|0||0|0|44.3|72.4|91|148|0|0|355|871|544|5|00:22:54|Garmin Edge 520|https://www.strava.com/activities/2343511967
05.05.2019|0.04|00:00:00|2|0|235|5|0||0|0|7.1|9.4|71|121|0|0|214|516|5|14|00:25:11|Garmin Edge 520|https://www.strava.com/activities/2343511743
05.05.2019|16.75|00:30:40|180|0|254|421|0||0|0|32.8|65.5|72|136|0|0|229|599|469|4|00:30:40|Garmin Edge 520|https://www.strava.com/activities/2343015451
01.05.2019|47.8|01:42:04|504|0|0|0|0||150|916|28.1|58.3|0|0|0|0|0|0|1,771|12|02:32:48|Garmin Edge 1030|https://www.strava.com/activities/2339219107
04.05.2019|107.12|02:58:26|1506|0|300|2900|0||0|0|36|80.6|80|134|0|0|271|1083|3,234|7|02:58:26|Garmin Edge 520|https://www.strava.com/activities/2341510418
03.05.2019|159.57|04:02:05|2789|0|303|3647|0||0|0|39.6|90.4|82|145|0|0|251|1095|4,066|10|04:02:05|Garmin Edge 520|https://www.strava.com/activities/2338813990
02.05.2019|174.22|04:13:22|1187|0|273|3451|0||0|0|41.3|87.8|83|144|0|0|227|1110|3,848|8|04:13:22|Garmin Edge 520|https://www.strava.com/activities/2336401804
01.05.2019|167.94|04:20:34|3052|0|289|3808|0||0|0|38.7|101.2|84|200|0|0|244|1098|3,824|16|04:20:58|Garmin Edge 520|https://www.strava.com/activities/2333790986
29.06.2019|27.49|01:00:57|483|0|0|0|0||165|604|27.1|61.2|0|0|0|0|0|0|673|32|01:00:57|Garmin Edge 530|https://www.strava.com/activities/2490865783
28.06.2019|72.52|02:42:29|1377|0|0|0|0||177|1728|26.8|61.2|0|0|0|0|0|0|1,926|31|02:45:15|Garmin Edge 530|https://www.strava.com/activities/2490865772
26.06.2019|30.19|00:39:10|185|0|342|777|0||0|0|46.3|72.4|95|218|0|0|331|895|866|32|00:39:10|Garmin Edge 530|https://www.strava.com/activities/2490865562
26.06.2019|2.31|00:11:22|10|0|212|63|0||0|0|12.2|31|62|118|0|0|92|488|70|30|00:37:25|Garmin Edge 530|https://www.strava.com/activities/2490865367
25.06.2019|48.41|01:40:25|956|0|259|1295|0||0|0|28.9|74.9|77|209|0|0|215|1193|1,444|33|01:42:44|Garmin Edge 530|https://www.strava.com/activities/2490865260
15.06.2019|9.75|00:12:09|58|0|401|291|0||0|0|48.2|63.7|93|152|0|0|399|906|324|16|00:12:09|Garmin Edge 530|https://www.strava.com/activities/2452952697
15.06.2019|0.32|00:01:30|0|0|245|4|0||0|0|13|22.7|38|185|0|0|48|906|5|19|00:32:24|Garmin Edge 530|https://www.strava.com/activities/2452952640
14.06.2019|31.2|00:59:32|486|0|233|729|0||0|0|31.5|64.4|81|119|0|0|204|1160|813|26|01:00:40|Garmin Edge 530|https://www.strava.com/activities/2449320120
11.06.2019|16.32|00:40:46|331|0|0|0|0||153|375|24|59.4|0|0|0|0|0|0|418|15|1.01:21:41|Garmin Edge 530|https://www.strava.com/activities/2448763389
08.06.2019|34.18|01:22:05|441|0|226|897|0||0|0|25|54.7|76|132|0|0|182|1214|1,001|27|01:27:36|Garmin Edge 530|https://www.strava.com/activities/2438475046
07.06.2019|33.04|00:58:09|794|0|350|1016|0||0|0|34.1|90|83|215|0|0|291|1044|1,132|21|00:58:26|Garmin Edge 530|https://www.strava.com/activities/2433285026
07.06.2019|19.42|00:44:40|81|0|162|406|0||0|0|26.1|42.5|72|157|0|0|151|571|452|20|01:18:35|Garmin Edge 530|https://www.strava.com/activities/2433284534
06.06.2019|21.76|00:50:53|89|0|159|447|0||0|0|25.7|43.6|73|148|0|0|146|574|499|19|00:52:41|Garmin Edge 530|https://www.strava.com/activities/2433284149
05.06.2019|15|00:39:38|104|0|0|0|0||84|199|22.7|46.4|0|0|0|0|0|0|430|28|01:00:14|Garmin Edge 530|https://www.strava.com/activities/2427633740
30.06.2019|160.87|04:07:09|2018|0|281|3521|0||0|0|39.1|78.8|87|139|0|0|237|1234|3,527|36|04:08:14|Garmin Edge 530|https://www.strava.com/activities/2495077264
21.06.2019|215.25|05:57:40|4084|0|304|5964|0||0|0|36.1|89.6|84|157|0|0|278|1125|6,650|18|05:58:07|Garmin Edge 530|https://www.strava.com/activities/2468524050
20.06.2019|132.03|03:20:59|1485|0|272|2699|0||0|0|39.4|89.3|77|210|0|0|224|1135|3,009|20|03:28:33|Garmin Edge 530|https://www.strava.com/activities/2466043358
19.06.2019|174.3|04:22:34|2658|0|275|3567|0||0|0|39.8|87.5|78|165|0|0|226|1266|3,565|30|04:22:34|Garmin Edge 530|https://www.strava.com/activities/2463283125
18.06.2019|161.08|03:49:13|1865|0|267|2959|0||0|0|42.2|95.8|83|200|0|0|215|1267|3,299|29|03:50:00|Garmin Edge 530|https://www.strava.com/activities/2463282304
17.06.2019|160.17|03:43:25|1711|0|254|2886|0||0|0|43|86|82|126|0|0|215|1222|3,218|28|03:43:53|Garmin Edge 530|https://www.strava.com/activities/2457691629
16.06.2019|159.76|04:09:03|2537|0|297|3590|0||0|0|38.5|88.2|84|200|0|0|240|1203|4,003|21|04:10:46|Garmin Edge 530|https://www.strava.com/activities/2455328720
15.06.2019|33.06|00:56:25|211|0|241|487|0||0|0|35.2|55.8|73|240|0|0|144|575|543|21|00:56:25|Garmin Edge 530|https://www.strava.com/activities/2452952587
13.06.2019|184.72|04:27:30|2161|0|0|0|0||399|6406|41.4|79.2|0|0|0|0|0|0|7,143|26|04:33:27|Garmin Edge 530|https://www.strava.com/activities/2448763705
09.06.2019|179.27|04:51:09|3063|0|220|730|0||0|0|36.9|80.6|86|189|0|0|42|1167|814|22|04:51:09|Garmin Edge 530|https://www.strava.com/activities/2438475672
26.07.2019|163.07|05:35:24|2612|0|255|4476|0||0|0|29.2|75.2|79|114|0|0|222|544|4,991|32|05:45:54|Garmin Edge 530|https://www.strava.com/activities/2564656103
23.07.2019|178.02|05:29:53|2549|0|248|4234|0||0|0|32.4|86.8|86|142|0|0|214|903|4,721|31|05:38:42|Garmin Edge 530|https://www.strava.com/activities/2556291723
15.07.2019|143.24|04:48:14|1733|0|219|3429|0||0|0|29.8|81.7|82|134|0|0|198|1155|3,824|22|05:00:29|Garmin Edge 530|https://www.strava.com/activities/2534078886
07.07.2019|30.25|01:39:05|247|0|0|0|0||62|369|18.3|52.2|0|0|0|0|0|0|1,024|29|01:49:11|Garmin Edge 530|https://www.strava.com/activities/2511311670
05.07.2019|53.79|01:58:01|863|0|0|0|0||166|1174|27.4|81.4|0|0|0|0|0|0|2,210|28|02:01:40|Garmin Edge 530|https://www.strava.com/activities/2508742747
02.07.2019|16.29|00:50:39|572|0|0|0|0||188|573|19.3|42.5|0|0|0|0|0|0|823|22|00:50:39|Garmin Edge 530|https://www.strava.com/activities/2498640090
01.07.2019|31.27|01:07:58|428|0|166|545|0||0|0|27.6|61.6|69|102|0|0|134|444|543|30|01:15:00|Garmin Edge 530|https://www.strava.com/activities/2498442491
31.08.2019|39.38|01:13:59|276|0|233|843|0||0|0|31.9|69.8|76|116|0|0|190|1333|940|23|01:46:12|Garmin Edge 530|https://www.strava.com/activities/2667039410
30.08.2019|45.83|01:48:23|926|0|263|1279|0||0|0|25.4|76.7|73|173|0|0|197|1179|1,426|25|01:52:50|Garmin Edge 530|https://www.strava.com/activities/2667039038
27.08.2019|121.66|04:19:03|1902|0|251|2788|0||0|0|28.2|72|75|149|0|0|179|1084|3,108|28|04:21:53|Garmin Edge 530|https://www.strava.com/activities/2655902053
26.08.2019|27.3|01:02:29|540|0|221|684|0||0|0|26.2|67|73|108|0|0|182|1057|762|28|01:03:24|Garmin Edge 530|https://www.strava.com/activities/2655901004
24.08.2019|28.19|00:55:35|43|0|219|602|0||0|0|30.4|48.2|85|154|0|0|180|1369|671|29|01:02:50|Garmin Edge 530|https://www.strava.com/activities/2647268976
21.08.2019|166.38|05:30:22|1955|0|240|3912|0||0|0|30.2|72.4|79|119|0|0|197|1068|4,362|18|05:38:45|Garmin Edge 530|https://www.strava.com/activities/2638474126
17.08.2019|8.25|00:10:18|6|0|400|250|0||0|0|48.1|58.3|90|138|0|0|404|962|278|19|00:10:18|Garmin Edge 530|https://www.strava.com/activities/2630064444
17.08.2019|0.7|00:03:37|0|0|230|5|0||0|0|11.7|19.4|38|183|0|0|25|938|6|19|00:35:49|Garmin Edge 530|https://www.strava.com/activities/2630064348
18.08.2019|179.24|04:19:25|1985|0|301|4019|0||0|0|41.5|87.5|81|149|0|0|258|1158|4,481|18|04:19:25|Garmin Edge 530|https://www.strava.com/activities/2630067718
16.08.2019|196.44|04:09:00|419|0|264|3260|0||0|0|47.3|80.3|79|129|0|0|218|1140|3,635|21|04:10:10|Garmin Edge 530|https://www.strava.com/activities/2630072423
15.08.2019|97.54|02:35:50|1842|0|324|2519|0||0|0|37.6|76.3|81|135|0|0|269|1141|2,808|16|02:35:50|Garmin Edge 530|https://www.strava.com/activities/2621588211
14.08.2019|168.5|03:47:58|470|0|271|3261|0||0|0|44.4|66.2|81|148|0|0|238|1211|3,636|19|03:48:16|Garmin Edge 530|https://www.strava.com/activities/2618547512
13.08.2019|169.36|03:46:51|421|0|264|3115|0||0|0|44.8|73.1|80|141|0|0|229|1176|3,473|19|03:46:51|Garmin Edge 530|https://www.strava.com/activities/2615550000
24.09.2019|56.08|02:03:11|972|0|207|1323|0||0|0|27.3|65.5|78|122|0|0|179|1123|1,475|13|02:14:03|Garmin Edge 530|https://www.strava.com/activities/2750085486
23.09.2019|88.53|03:15:48|1239|0|233|2063|0||0|0|27.1|59.4|79|124|0|0|176|743|2,300|15|03:19:30|Garmin Edge 530|https://www.strava.com/activities/2733878789
22.09.2019|34.65|01:19:35|643|0|239|851|0||0|0|26.1|63.4|76|170|0|0|178|1098|949|21|01:21:03|Garmin Edge 530|https://www.strava.com/activities/2732870125
21.09.2019|88.98|03:27:46|1824|0|220|2259|0||0|0|25.7|69.8|74|118|0|0|181|542|2,519|20|03:33:58|Garmin Edge 530|https://www.strava.com/activities/2727809729
17.09.2019|23.82|00:54:41|489|0|238|599|0||0|0|26.1|53.3|78|131|0|0|183|976|668|25|01:06:30|Garmin Edge 530|https://www.strava.com/activities/2727803838
16.09.2019|53.84|01:58:37|867|0|220|1244|0||0|0|27.2|61.9|76|140|0|0|175|636|1,387|28|02:12:32|Garmin Edge 530|https://www.strava.com/activities/2727803756
13.09.2019|231.98|06:51:30|3053|0|257|5209|0||0|0|33.8|81.4|86|139|0|0|211|1179|5,808|21|07:29:35|Garmin Edge 530|https://www.strava.com/activities/2704835795
12.09.2019|28.18|01:10:12|487|0|182|620|0||0|0|24.1|58.7|73|118|0|0|147|557|691|23|01:14:12|Garmin Edge 530|https://www.strava.com/activities/2704834690
11.09.2019|233.5|06:49:49|2792|0|238|4929|0||0|0|34.2|70.9|84|182|0|0|200|1179|5,496|19|07:09:01|Garmin Edge 530|https://www.strava.com/activities/2699717364
10.09.2019|89.36|03:44:35|2170|0|256|2497|0||0|0|23.9|71.3|73|108|0|0|185|1125|2,784|19|03:53:41|Garmin Edge 530|https://www.strava.com/activities/2696089835
06.09.2019|37.13|01:13:28|406|0|208|803|0||0|0|30.3|50.4|76|156|0|0|182|1325|896|17|01:31:36|Garmin Edge 530|https://www.strava.com/activities/2687568889
04.09.2019|196.49|06:31:57|3504|0|248|4942|0||0|0|30.1|80.6|80|142|0|0|210|1215|5,511|23|07:31:19|Garmin Edge 530|https://www.strava.com/activities/2679415747
03.09.2019|48.29|01:47:54|709|0|201|1147|0||0|0|26.9|64.8|72|100|0|0|177|673|1,279|21|02:03:34|Garmin Edge 530|https://www.strava.com/activities/2678447311
29.09.2019|261.84|06:36:06|722|0|284|5758|0||0|0|39.7|88.6|87|168|0|0|242|1113|5,797|9|06:37:39|Garmin Edge 530|https://www.strava.com/activities/2750091247
28.09.2019|28.46|01:02:18|496|0|0|0|0||187|699|27.4|58.3|0|0|0|0|0|0|780|14|01:06:59|Garmin Edge 530|https://www.strava.com/activities/2750087208
27.09.2019|41.09|01:21:51|219|0|0|0|0||178|872|30.1|62.6|0|0|0|0|0|0|973|12|01:24:52|Garmin Edge 530|https://www.strava.com/activities/2750086982
26.09.2019|126.76|03:52:28|1262|0|246|2909|0||0|0|32.7|78.8|82|146|0|0|209|854|3,243|14|04:02:54|Garmin Edge 530|https://www.strava.com/activities/2750087999
19.09.2019|197.5|04:32:04|2182|0|281|3806|0||0|0|43.6|98.6|86|148|0|0|233|1064|4,243|28|04:33:33|Garmin Edge 530|https://www.strava.com/activities/2727808309
18.09.2019|191.06|05:09:47|1991|0|248|3480|0||0|0|37|82.4|82|161|0|0|187|1081|3,880|29|05:11:38|Garmin Edge 530|https://www.strava.com/activities/2727807012
08.09.2019|186.61|04:32:51|471|0|206|940|0||0|0|41|72.4|85|124|0|0|57|1153|1,048|18|04:33:25|Garmin Edge 530|https://www.strava.com/activities/2690990291
07.09.2019|188.56|04:25:24|1524|0|272|3637|0||0|0|42.6|78.1|82|131|0|0|228|1093|4,056|15|04:27:12|Garmin Edge 530|https://www.strava.com/activities/2687571781
01.09.2019|249.16|06:17:19|3970|0|282|5136|0||0|0|39.6|91.4|81|200|0|0|227|1170|5,727|18|06:18:23|Garmin Edge 530|https://www.strava.com/activities/2672565033
06.10.2019|84.21|03:17:09|599|0|199|2052|0||0|0|25.6|55.1|77|113|0|0|173|505|2,288|11|03:19:02|Garmin Edge 530|https://www.strava.com/activities/2767399977
27.11.2019|15.78|01:00:07|427|0|0|0|0||119|428|15.7|52.9|0|0|0|0|0|0|478|21|01:01:35|Garmin Edge 530|https://www.strava.com/activities/2908428811
24.11.2019|48.18|01:53:49|975|0|225|1272|0||0|0|25.4|70.2|79|186|0|0|186|1319|1,418|20|01:54:56|Garmin Edge 530|https://www.strava.com/activities/2888719053
21.11.2019|47.24|02:40:24|1276|0|0|0|0||132|1274|17.7|59|0|0|0|0|0|0|1,421|9|03:10:55|Garmin Edge 530|https://www.strava.com/activities/2881209939
19.11.2019|27.07|01:52:25|1135|0|0|0|0||139|936|14.5|54.7|0|0|0|0|0|0|1,044|0|01:53:28|Garmin Edge 530|https://www.strava.com/activities/2876855274
16.11.2019|78.09|03:03:51|1420|0|216|2108|0||0|0|25.5|65.2|78|186|0|0|191|586|2,350|19|03:07:26|Garmin Edge 530|https://www.strava.com/activities/2868856764
15.11.2019|22.23|01:31:05|851|0|0|0|0||129|704|14.6|48.2|0|0|0|0|0|0|785|2|01:31:41|Garmin Edge 530|https://www.strava.com/activities/2868222972
30.12.2019|148.38|05:19:03|1517|0|220|3932|0||0|0|27.9|66.2|78|172|0|0|205|1277|4,384|3|05:41:01|Garmin Edge 530|https://www.strava.com/activities/2968217241
29.12.2019|140.43|05:06:53|1523|0|217|3647|0||0|0|27.5|70.2|82|186|0|0|198|452|4,067|2|05:08:31|Garmin Edge 530|https://www.strava.com/activities/2966391838
28.12.2019|124.31|04:32:21|1189|0|217|3318|0||0|0|27.4|70.2|79|160|0|0|203|809|3,699|2|04:36:59|Garmin Edge 530|https://www.strava.com/activities/2962836641
26.12.2019|77.61|03:00:46|1668|0|278|2143|0||0|0|25.8|63|79|160|0|0|198|551|2,389|2|03:17:41|Garmin Edge 530|https://www.strava.com/activities/2957821814
25.12.2019|66.77|02:30:47|887|0|235|1624|0||0|0|26.6|60.5|77|150|0|0|180|478|1,811|5|02:35:49|Garmin Edge 530|https://www.strava.com/activities/2956791679
22.12.2019|50.56|02:10:58|806|0|264|1522|0||0|0|23.2|64.8|78|163|0|0|194|557|1,697|5|02:18:50|Garmin Edge 530|https://www.strava.com/activities/2949243504
13.12.2019|51.25|02:51:57|1202|0|0|0|0||129|1331|17.9|67.3|0|0|0|0|0|0|1,484|3|02:54:31|Garmin Edge 530|https://www.strava.com/activities/2930501693
08.12.2019|82.69|03:31:43|1265|0|184|1958|0||0|0|23.4|61.2|78|200|0|0|154|785|2,183|7|03:39:09|Garmin Edge 530|https://www.strava.com/activities/2919980079
06.12.2019|147.29|05:44:47|2516|0|214|3858|0||0|0|25.6|68.8|78|158|0|0|187|603|4,302|5|05:51:40|Garmin Edge 530|https://www.strava.com/activities/2915161580
21.12.2019|67.65|02:38:33|850|0|0|0|0||149|1420|25.6|55.4|0|0|0|0|0|0|1,583|5|05:27:17|Garmin Edge 530|https://www.strava.com/activities/2948372712
27.01.2020|32.01|01:19:47|576|0|191|780|0||0|0|24.1|59.8|75|191|0|0|163|382|870|5|01:22:33|Garmin Edge 530|https://www.strava.com/activities/3053777260
25.01.2020|110.96|04:07:10|2437|0|281|3192|0||0|0|26.9|61.9|78|166|0|0|215|490|3,560|6|04:10:52|Garmin Edge 530|https://www.strava.com/activities/3042032159
24.01.2020|41.16|01:39:30|972|0|286|979|0||0|0|24.8|58.3|76|125|0|0|164|553|1,091|3|01:41:21|Garmin Edge 530|https://www.strava.com/activities/3038750421
17.01.2020|28.21|01:09:49|522|0|195|669|0||0|0|24.2|60.8|80|149|0|0|160|1376|746|6|01:13:47|Garmin Edge 530|https://www.strava.com/activities/3019008867
14.01.2020|239.77|07:42:47|3258|0|228|5499|0||0|0|31.1|67|77|200|0|0|198|886|6,131|9|08:38:58|Garmin Edge 530|https://www.strava.com/activities/3010677236
13.01.2020|91.52|03:10:04|473|0|190|1997|0||0|0|28.9|54|77|134|0|0|175|514|2,226|9|03:22:27|Garmin Edge 530|https://www.strava.com/activities/3007346190
12.01.2020|144.44|05:33:13|4026|0|253|4343|0||0|0|26|67|77|144|0|0|217|634|4,842|7|05:43:42|Garmin Edge 530|https://www.strava.com/activities/3004700448
09.01.2020|216.14|07:00:56|3412|0|234|4760|0||0|0|30.8|68.4|79|200|0|0|188|787|5,308|10|07:36:48|Garmin Edge 530|https://www.strava.com/activities/2996020406
08.01.2020|41.3|01:52:53|680|0|169|841|0||0|0|22|53.6|75|200|0|0|124|401|938|12|01:56:41|Garmin Edge 530|https://www.strava.com/activities/2992523106
07.01.2020|195.5|06:38:17|4240|0|245|4574|0||0|0|29.5|68.8|79|156|0|0|191|678|5,100|9|07:42:25|Garmin Edge 530|https://www.strava.com/activities/2990311257
06.01.2020|204.48|07:30:19|4445|0|237|5344|0||0|0|27.2|68.4|78|200|0|0|198|741|5,959|6|09:00:41|Garmin Edge 530|https://www.strava.com/activities/2987511533
05.01.2020|209.24|06:54:29|4007|0|242|4819|0||0|0|30.3|69.5|79|200|0|0|194|1009|5,373|10|08:12:22|Garmin Edge 530|https://www.strava.com/activities/2985122003
03.01.2020|37.02|01:28:13|553|0|181|873|0||0|0|25.2|55.1|78|134|0|0|165|1293|973|6|01:54:50|Garmin Edge 530|https://www.strava.com/activities/2985118607
01.01.2020|29.38|01:25:13|730|0|204|873|0||0|0|20.7|63|71|126|0|0|171|471|974|2|01:36:14|Garmin Edge 530|https://www.strava.com/activities/2975741725
11.01.2020|104.45|03:32:02|1994|0|247|2696|0||0|0|29.6|70.9|80|175|0|0|212|1168|3,006|7|03:37:44|Garmin Edge 530|https://www.strava.com/activities/3002051712
27.01.2020|32.01|01:19:47|576|0|191|780|0||0|0|24.1|59.8|75|191|0|0|163|382|870|5|01:22:33|Garmin Edge 530|https://www.strava.com/activities/3053777260
25.01.2020|110.96|04:07:10|2437|0|281|3192|0||0|0|26.9|61.9|78|166|0|0|215|490|3,560|6|04:10:52|Garmin Edge 530|https://www.strava.com/activities/3042032159
24.01.2020|41.16|01:39:30|972|0|286|979|0||0|0|24.8|58.3|76|125|0|0|164|553|1,091|3|01:41:21|Garmin Edge 530|https://www.strava.com/activities/3038750421
17.01.2020|28.21|01:09:49|522|0|195|669|0||0|0|24.2|60.8|80|149|0|0|160|1376|746|6|01:13:47|Garmin Edge 530|https://www.strava.com/activities/3019008867
14.01.2020|239.77|07:42:47|3258|0|228|5499|0||0|0|31.1|67|77|200|0|0|198|886|6,131|9|08:38:58|Garmin Edge 530|https://www.strava.com/activities/3010677236
13.01.2020|91.52|03:10:04|473|0|190|1997|0||0|0|28.9|54|77|134|0|0|175|514|2,226|9|03:22:27|Garmin Edge 530|https://www.strava.com/activities/3007346190
12.01.2020|144.44|05:33:13|4026|0|253|4343|0||0|0|26|67|77|144|0|0|217|634|4,842|7|05:43:42|Garmin Edge 530|https://www.strava.com/activities/3004700448
09.01.2020|216.14|07:00:56|3412|0|234|4760|0||0|0|30.8|68.4|79|200|0|0|188|787|5,308|10|07:36:48|Garmin Edge 530|https://www.strava.com/activities/2996020406
08.01.2020|41.3|01:52:53|680|0|169|841|0||0|0|22|53.6|75|200|0|0|124|401|938|12|01:56:41|Garmin Edge 530|https://www.strava.com/activities/2992523106
07.01.2020|195.5|06:38:17|4240|0|245|4574|0||0|0|29.5|68.8|79|156|0|0|191|678|5,100|9|07:42:25|Garmin Edge 530|https://www.strava.com/activities/2990311257
06.01.2020|204.48|07:30:19|4445|0|237|5344|0||0|0|27.2|68.4|78|200|0|0|198|741|5,959|6|09:00:41|Garmin Edge 530|https://www.strava.com/activities/2987511533
05.01.2020|209.24|06:54:29|4007|0|242|4819|0||0|0|30.3|69.5|79|200|0|0|194|1009|5,373|10|08:12:22|Garmin Edge 530|https://www.strava.com/activities/2985122003
03.01.2020|37.02|01:28:13|553|0|181|873|0||0|0|25.2|55.1|78|134|0|0|165|1293|973|6|01:54:50|Garmin Edge 530|https://www.strava.com/activities/2985118607
01.01.2020|29.38|01:25:13|730|0|204|873|0||0|0|20.7|63|71|126|0|0|171|471|974|2|01:36:14|Garmin Edge 530|https://www.strava.com/activities/2975741725
11.01.2020|104.45|03:32:02|1994|0|247|2696|0||0|0|29.6|70.9|80|175|0|0|212|1168|3,006|7|03:37:44|Garmin Edge 530|https://www.strava.com/activities/3002051712
23.03.2020|38|01:23:11|705|0|297|1086|0||0|0|27.4|64.8|79|182|0|0|218|620|1,211|8|01:30:28|Garmin Edge 530|https://www.strava.com/activities/3210143801
12.03.2020|95.02|03:31:19|1503|0|214|2227|0||0|0|27|68.4|74|160|0|0|176|860|2,483|14|04:14:17|Garmin Edge 530|https://www.strava.com/activities/3177119453
10.03.2020|109.69|04:42:07|2583|0|255|3691|0||0|0|23.3|62.6|75|167|0|0|218|596|4,115|11|05:06:40|Garmin Edge 530|https://www.strava.com/activities/3171270315
09.03.2020|105.47|04:04:36|516|0|251|3053|0||0|0|25.9|69.1|76|185|0|0|208|521|3,405|8|04:18:15|Garmin Edge 530|https://www.strava.com/activities/3168507303
08.03.2020|0.48|00:14:02|4|0|282|213|0||0|0|2.1|30.2|81|127|0|0|253|779|237|22|00:55:13|Garmin Edge 530|https://www.strava.com/activities/3167924909
06.03.2020|57.16|02:16:39|1454|0|307|1805|0||0|0|25.1|77.8|77|143|0|0|220|858|2,013|6|02:19:22|Garmin Edge 530|https://www.strava.com/activities/3159122745
04.03.2020|114.44|03:35:12|1311|0|240|2560|0||0|0|31.9|74.9|84|162|0|0|198|1219|2,854|7|03:45:01|Garmin Edge 530|https://www.strava.com/activities/3153587552
03.03.2020|0.39|00:12:03|0|0|327|213|0||0|0|2|27|93|118|0|0|295|532|238|19|00:21:14|Garmin Edge 530|https://www.strava.com/activities/3152976896
02.03.2020|8.06|00:21:20|112|0|160|160|0||0|0|22.7|48.2|72|185|0|0|125|373|179|10|00:21:20|Garmin Edge 530|https://www.strava.com/activities/3152976764
01.03.2020|8.24|00:20:20|108|0|0|0|0||109|133|24.3|41.8|0|0|0|0|0|0|148||00:30:37|Garmin Forerunner 45|https://www.strava.com/activities/3190203945
