date|distance|mov_time|elevation|relativeEffort|avg_power_weig|work_total|training_load|intensity|estAvgPower|energyOutput|avg_speed|max_speed|avg_cadence|max_cadence|avg_heartRate|max_heartRate|avg_power|max_power|avg_calories|avg_temperature|avg_elap_time|bicycle_model|url
26.01.2018|79.6|02:39:40|567|0|0|0|0||0|0|29.9|73.4|89|128|0|0|0|0||6|02:39:40|Garmin Edge 1000|https://www.strava.com/activities/1378188855
19.01.2018|27.36|01:02:54|301|0|0|0|0||0|0|26.1|51.8|84|114|0|0|0|0||13|02:04:04|Garmin Edge 1000|https://www.strava.com/activities/1365631953
14.01.2018|59.48|01:58:28|362|0|0|0|0||0|0|30.1|55.8|89|165|0|0|0|0||3|01:58:28|Garmin Edge 1000|https://www.strava.com/activities/1356598474
13.01.2018|68.99|02:20:26|519|0|0|0|0||0|0|29.5|59.4|90|128|0|0|0|0||3|02:23:10|Garmin Edge 1000|https://www.strava.com/activities/1356078051
12.01.2018|80.49|02:41:10|565|0|0|0|0||0|0|30|56.5|92|120|0|0|0|0||4|02:41:10|Garmin Edge 1000|https://www.strava.com/activities/1353344330
11.01.2018|138.93|04:26:33|1012|0|0|0|0||0|0|31.3|63|90|137|0|0|0|0||7|04:36:32|Garmin Edge 1000|https://www.strava.com/activities/1351651688
08.01.2018|57.6|02:08:08|420|0|0|0|0||0|0|27|57.2|88|133|0|0|0|0||5|02:14:05|Garmin Edge 1000|https://www.strava.com/activities/1349891445
06.01.2018|130.18|04:28:27|1537|0|0|0|0||0|0|29.1|62.3|87|120|0|0|0|0||12|04:36:36|Garmin Edge 1000|https://www.strava.com/activities/1346084484
05.01.2018|177.97|06:28:09|2969|0|0|0|0||0|0|27.5|70.2|84|117|0|0|0|0||13|06:44:57|Garmin Edge 1000|https://www.strava.com/activities/1342242220
31.01.2018|159.59|03:45:24|599|0|0|0|0||0|0|42.5|75.2|90|129|0|0|0|0||10|03:46:35|Garmin Edge 1000|https://www.strava.com/activities/1386397459
29.01.2018|49.41|01:36:30|285|0|0|0|0||0|0|30.7|49|0|0|0|0|0|0||22|01:44:15|Garmin Edge 1000|https://www.strava.com/activities/1386398855
28.01.2018|143.65|03:54:44|2563|0|0|0|0||0|0|36.7|83.5|94|136|0|0|0|0||13|03:55:12|Garmin Edge 1000|https://www.strava.com/activities/1386399038
27.01.2018|39.17|01:17:46|590|0|0|0|0||0|0|30.2|65.9|90|116|0|0|0|0||10|03:42:34|Garmin Edge 1000|https://www.strava.com/activities/1378188864
21.01.2018|200.32|06:13:40|2570|0|0|0|0||0|0|32.2|70.2|90|125|0|0|0|0||19|06:43:27|Garmin Edge 1000|https://www.strava.com/activities/1368386258
20.01.2018|143.08|04:30:06|1786|0|0|0|0||0|0|31.8|66.6|90|126|0|0|0|0||16|04:53:29|Garmin Edge 1000|https://www.strava.com/activities/1366201115
18.01.2018|116.67|03:52:43|1467|0|0|0|0||0|0|30.1|69.5|85|123|0|0|0|0||14|04:00:55|Garmin Edge 1000|https://www.strava.com/activities/1363034655
17.01.2018|192.43|06:05:32|2357|0|0|0|0||0|0|31.6|76.3|87|136|0|0|0|0||17|06:33:10|Garmin Edge 1000|https://www.strava.com/activities/1361668381
16.01.2018|154.78|05:05:52|2739|0|0|0|0||0|0|30.4|71.3|83|133|0|0|0|0||14|05:26:54|Garmin Edge 1000|https://www.strava.com/activities/1360217083
04.01.2018|143.79|05:13:48|1810|0|0|0|0||0|0|27.5|68.8|84|112|0|0|0|0||16|05:24:52|Garmin Edge 1000|https://www.strava.com/activities/1342242126
24.02.2018|39.81|01:25:29|135|0|0|0|0||0|0|27.9|49.7|88|125|0|0|0|0||1|01:27:16|Garmin Edge 1000|https://www.strava.com/activities/1426782506
20.02.2018|62.04|02:13:02|316|0|0|0|0||0|0|28|51.5|87|114|0|0|0|0||5|02:15:29|Garmin Edge 1000|https://www.strava.com/activities/1420489655
19.02.2018|221.77|06:15:19|1434|0|0|0|0||0|0|35.5|63.7|94|119|0|0|0|0||5|06:24:02|Garmin Edge 1000|https://www.strava.com/activities/1415642632
18.02.2018|125.08|04:06:16|855|0|0|0|0||0|0|30.5|54.7|89|120|0|0|0|0||5|04:10:46|Garmin Edge 1000|https://www.strava.com/activities/1415642132
08.02.2018|0|00:00:00|0|0|0|0|0||0|0|0|0|0|85|0|0|0|0||0|00:00:01|Garmin Edge 1000|https://www.strava.com/activities/1397864227
08.02.2018|6.48|00:10:59|37|0|0|0|0||0|0|35.4|61.6|87|146|0|0|0|0||2|00:10:59|Garmin Edge 1000|https://www.strava.com/activities/1397864204
08.02.2018|0.36|00:10:49|0|0|0|0|0||0|0|2|13|91|184|0|0|0|0||12|00:31:41|Garmin Edge 1000|https://www.strava.com/activities/1397864175
06.02.2018|0.29|00:01:45|0|0|0|0|0||0|0|10|2.5|0|0|0|0|0|0||15|00:53:53|Garmin Edge 1000|https://www.strava.com/activities/1397864113
04.02.2018|10.55|00:16:34|178|0|0|0|0||0|0|38.2|55.8|101|148|0|0|0|0||10|00:16:34|Garmin Edge 1000|https://www.strava.com/activities/1392854459
25.02.2018|199.52|04:52:53|1541|0|0|0|0||0|0|40.9|78.1|77|128|0|0|0|0||2|04:53:23|Garmin Edge 1000|https://www.strava.com/activities/1426782643
23.02.2018|63.08|02:08:08|398|0|0|0|0||0|0|29.5|56.9|90|109|0|0|0|0||0|02:08:08|Garmin Edge 1000|https://www.strava.com/activities/1426782328
11.02.2018|165.73|04:15:32|2297|0|0|0|0||0|0|38.9|79.9|90|126|0|0|0|0||9|04:16:01|Garmin Edge 1000|https://www.strava.com/activities/1408733782
10.02.2018|171.79|04:25:29|2871|0|0|0|0||0|0|38.8|99.4|90|125|0|0|0|0||8|04:55:37|Garmin Edge 1000|https://www.strava.com/activities/1401096607
09.02.2018|164.73|04:04:32|1425|0|0|0|0||0|0|40.4|84.2|91|140|0|0|0|0||6|04:08:15|Garmin Edge 1000|https://www.strava.com/activities/1401096434
08.02.2018|40.24|01:14:42|271|0|0|0|0||0|0|32.3|58.7|92|150|0|0|0|0||4|01:26:10|Garmin Edge 1000|https://www.strava.com/activities/1397864217
03.02.2018|151.48|03:42:58|1258|0|0|0|0||0|0|40.8|74.2|91|124|0|0|0|0||7|03:43:22|Garmin Edge 1000|https://www.strava.com/activities/1390597573
02.02.2018|150.13|03:55:41|2017|0|0|0|0||0|0|38.2|73.4|90|121|0|0|0|0||7|03:56:03|Garmin Edge 1000|https://www.strava.com/activities/1388371959
01.02.2018|149.63|03:23:42|960|0|0|0|0||0|0|44.1|67.3|95|127|0|0|0|0||7|03:24:51|Garmin Edge 1000|https://www.strava.com/activities/1386397557
21.03.2018|76.43|02:28:03|590|0|0|0|0||0|0|31|86|88|141|0|0|0|0||6|02:29:56|Garmin Edge 1000|https://www.strava.com/activities/1474268899
19.03.2018|56.56|01:54:44|385|0|0|0|0||0|0|29.6|60.5|89|107|0|0|0|0||5|01:59:14|Garmin Edge 1000|https://www.strava.com/activities/1474268705
16.03.2018|63.06|02:00:38|434|0|0|0|0||0|0|31.4|56.2|89|156|0|0|0|0||8|02:00:38|Garmin Edge 1000|https://www.strava.com/activities/1456112675
14.03.2018|48.77|01:43:21|341|0|0|0|0||0|0|28.3|58.3|83|140|0|0|0|0||12|02:18:03|Garmin Edge 1000|https://www.strava.com/activities/1454471910
13.03.2018|10.16|00:12:42|9|0|0|0|0||0|0|48|55.8|102|122|0|0|0|0||17|00:12:42|Garmin Edge 1000|https://www.strava.com/activities/1454472017
13.03.2018|36.85|01:10:50|72|0|0|0|0||0|0|31.2|48.2|89|137|0|0|0|0||17|01:14:33|Garmin Edge 1000|https://www.strava.com/activities/1454471972
11.03.2018|178.5|04:36:21|2026|0|0|0|0||0|0|38.8|77.4|86|123|0|0|0|0||11|04:39:29|Garmin Edge 1000|https://www.strava.com/activities/1454471915
07.03.2018|21.02|00:26:04|20|0|0|0|0||0|0|48.4|61.6|101|177|0|0|0|0||12|00:30:14|Garmin Edge 1000|https://www.strava.com/activities/1444395057
02.03.2018|76.68|02:32:42|481|0|0|0|0||0|0|30.1|55.1|91|128|0|0|0|0||7|02:37:49|Garmin Edge 1000|https://www.strava.com/activities/1434317641
31.03.2018|36.24|01:09:33|213|0|0|0|0||0|0|31.3|49.7|89|108|0|0|0|0||5|01:09:33|Garmin Edge 1000|https://www.strava.com/activities/1485398356
30.03.2018|192.22|04:39:18|2353|0|0|0|0||0|0|41.3|77.8|92|134|0|0|0|0||8|04:39:18|Garmin Edge 1000|https://www.strava.com/activities/1485398420
29.03.2018|34.19|01:04:47|340|0|0|0|0||0|0|31.7|57.6|0|0|0|0|0|0||10|01:06:04|Garmin Edge 1000|https://www.strava.com/activities/1485397754
23.03.2018|106.98|02:40:42|817|0|0|0|0||0|0|39.9|82.1|90|120|0|0|0|0||6|02:51:59|Garmin Edge 1000|https://www.strava.com/activities/1474269024
18.03.2018|194.07|04:29:16|912|0|0|0|0||0|0|43.2|69.5|95|126|0|0|0|0||0|04:31:19|Garmin Edge 1000|https://www.strava.com/activities/1460588210
12.03.2018|151.89|03:49:06|1836|0|0|0|0||0|0|39.8|89.3|90|122|0|0|0|0||11|03:49:29|Garmin Edge 1000|https://www.strava.com/activities/1454472039
10.03.2018|217.02|06:43:18|4566|0|0|0|0||0|0|32.3|102.6|86|129|0|0|0|0||14|06:45:05|Garmin Edge 1000|https://www.strava.com/activities/1454471564
09.03.2018|236.99|06:27:31|3157|0|0|0|0||0|0|36.7|85.7|86|138|0|0|0|0||16|06:28:31|Garmin Edge 1000|https://www.strava.com/activities/1444395213
08.03.2018|172.08|04:12:55|725|0|0|0|0||0|0|40.8|70.6|90|130|0|0|0|0||15|04:14:52|Garmin Edge 1000|https://www.strava.com/activities/1444394909
07.03.2018|26.64|00:40:08|25|0|0|0|0||0|0|39.8|58|93|173|0|0|0|0||12|00:42:55|Garmin Edge 1000|https://www.strava.com/activities/1444395019
06.03.2018|68.95|02:07:56|175|0|0|0|0||0|0|32.3|58.3|88|200|0|0|0|0||9|02:19:22|Garmin Edge 1000|https://www.strava.com/activities/1444395059
01.03.2018|128.1|04:04:15|724|0|0|0|0||0|0|31.5|63.4|89|132|0|0|0|0||9|04:08:45|Garmin Edge 1000|https://www.strava.com/activities/1431699712
30.04.2018|64.3|01:58:41|353|0|0|0|0||0|0|32.5|62.3|96|124|0|0|0|0||6|01:58:41|Garmin Edge 1000|https://www.strava.com/activities/1540988224
26.04.2018|55.51|01:51:44|331|0|0|0|0||0|0|29.8|58.3|87|126|0|0|0|0||16|02:05:44|Garmin Edge 1000|https://www.strava.com/activities/1533193996
25.04.2018|235.84|06:41:47|1418|0|0|0|0||0|0|35.2|68|92|135|0|0|0|0||12|06:53:59|Garmin Edge 1000|https://www.strava.com/activities/1533193967
24.04.2018|47.75|01:30:09|302|0|0|0|0||0|0|31.8|53.6|93|117|0|0|0|0||16|01:30:09|Garmin Edge 1000|https://www.strava.com/activities/1533192920
22.04.2018|69.37|03:01:13|412|0|0|0|0||0|0|23|42.5|0|0|0|0|0|0||15|03:21:13|Garmin Edge 1000|https://www.strava.com/activities/1525381568
21.04.2018|123.7|03:49:45|907|0|0|0|0||0|0|32.3|70.9|80|116|0|0|0|0||28|04:26:42|Garmin Edge 1000|https://www.strava.com/activities/1525381787
20.04.2018|82.53|02:43:24|521|0|0|0|0||0|0|30.3|60.1|87|137|0|0|0|0||19|02:54:29|Garmin Edge 1000|https://www.strava.com/activities/1525408590
17.04.2018|122.24|03:48:36|818|0|0|0|0||0|0|32.1|61.6|87|135|0|0|0|0||20|04:08:23|Garmin Edge 1000|https://www.strava.com/activities/1518065621
16.04.2018|96.55|03:06:01|629|0|0|0|0||0|0|31.1|51.1|91|113|0|0|0|0||10|03:07:56|Garmin Edge 1000|https://www.strava.com/activities/1518065137
12.04.2018|63.06|02:05:11|502|0|0|0|0||0|0|30.2|54|84|137|0|0|0|0||8|1.12:28:53|Garmin Edge 1000|https://www.strava.com/activities/1518065225
12.04.2018|61.69|02:05:52|390|0|0|0|0||0|0|29.4|63.4|82|146|0|0|0|0||13|02:10:07|Garmin Edge 1000|https://www.strava.com/activities/1518064756
08.04.2018|252.14|05:52:47|1362|0|0|0|0||0|0|42.9|86.8|91|128|0|0|0|0||20|05:57:59|Garmin Edge 1000|https://www.strava.com/activities/1498188246
07.04.2018|44.97|01:24:32|245|0|0|0|0||0|0|31.9|59.4|86|114|0|0|0|0||16|01:32:21|Garmin Edge 1000|https://www.strava.com/activities/1498187726
06.04.2018|184.32|04:29:59|858|0|0|0|0||0|0|41|72|87|130|0|0|0|0||18|04:30:55|Garmin Edge 1000|https://www.strava.com/activities/1498187710
05.04.2018|198.53|05:41:51|2947|0|0|0|0||0|0|34.8|80.3|86|127|0|0|0|0||12|05:43:08|Garmin Edge 1000|https://www.strava.com/activities/1498187533
04.04.2018|181.83|04:38:58|1300|0|0|0|0||0|0|39.1|71.3|86|133|0|0|0|0||11|04:40:14|Garmin Edge 1000|https://www.strava.com/activities/1489431355
03.04.2018|194.43|04:48:08|894|0|0|0|0||0|0|40.5|63.4|89|123|0|0|0|0||7|08:07:00|Garmin Edge 1000|https://www.strava.com/activities/1489430343
02.04.2018|34.3|01:06:08|113|0|0|0|0||0|0|31.1|55.1|89|113|0|0|0|0||10|01:06:08|Garmin Edge 1000|https://www.strava.com/activities/1485398904
01.04.2018|199|04:43:53|1280|0|0|0|0||0|0|42.1|73.8|89|143|0|0|0|0||13|04:44:54|Garmin Edge 1000|https://www.strava.com/activities/1485399069
07.05.2018|32.1|01:01:44|55|0|0|0|0||0|0|31.2|51.1|95|166|0|0|0|0||23|01:02:56|Garmin Edge 1000|https://www.strava.com/activities/1571380960
06.05.2018|84.57|02:39:51|511|0|0|0|0||0|0|31.7|65.9|92|123|0|0|0|0||20|02:40:55|Garmin Edge 1000|https://www.strava.com/activities/1553732225
05.05.2018|111.34|03:36:56|748|0|0|0|0||0|0|30.8|71.6|87|130|0|0|0|0||17|05:13:40|Garmin Edge 1000|https://www.strava.com/activities/1553731923
04.05.2018|74.82|02:24:20|529|0|0|0|0||0|0|31.1|56.2|94|118|0|0|0|0||15|02:41:22|Garmin Edge 1000|https://www.strava.com/activities/1553733417
02.05.2018|144.25|04:47:15|1168|0|0|0|0||0|0|30.1|62.3|86|114|0|0|0|0||10|05:01:05|Garmin Edge 1000|https://www.strava.com/activities/1553733382
01.05.2018|102.83|03:19:25|723|0|0|0|0||0|0|30.9|61.2|91|121|0|0|0|0||11|03:21:56|Garmin Edge 1000|https://www.strava.com/activities/1553732869
13.05.2018|180.38|03:56:15|453|0|0|0|0||0|0|45.8|69.1|90|168|0|0|0|0||13|03:57:15|Garmin Edge 1000|https://www.strava.com/activities/1571381409
12.05.2018|120.45|03:06:40|1522|0|0|0|0||0|0|38.7|76|90|127|0|0|0|0||18|05:08:18|Garmin Edge 1000|https://www.strava.com/activities/1571382322
11.05.2018|175.21|04:08:41|1513|0|0|0|0||0|0|42.3|84.2|89|149|0|0|0|0||21|04:09:05|Garmin Edge 1000|https://www.strava.com/activities/1571382265
10.05.2018|174.32|04:10:37|1589|0|0|0|0||0|0|41.7|83.2|90|141|0|0|0|0||14|04:10:58|Garmin Edge 1000|https://www.strava.com/activities/1571382149
09.05.2018|175.37|04:18:26|1289|0|0|0|0||0|0|40.7|74.2|98|124|0|0|0|0||24|04:29:51|Garmin Edge 1000|https://www.strava.com/activities/1571381555
08.05.2018|167.9|03:56:51|717|0|0|0|0||0|0|42.5|77|93|123|0|0|0|0||27|03:57:16|Garmin Edge 1000|https://www.strava.com/activities/1571381570
30.07.2018|1.73|00:03:26|61|0|0|0|0||0|0|30.4|43.6|0|0|0|0|0|0|||00:03:26||https://www.strava.com/activities/1737372342
30.09.2018|32|01:04:59|367|0|0|0|0||0|0|29.5|52.2|85|131|0|0|0|0|710|14|01:05:29|Garmin Edge 1000|https://www.strava.com/activities/2528053995
29.09.2018|9.18|00:31:16|102|0|0|0|0||0|0|17.6|37.1|0|0|0|0|0|0|245|23|01:37:22|Garmin Edge 1000|https://www.strava.com/activities/2528053626
28.09.2018|203.06|07:00:21|3333|0|0|0|0||0|0|29|76.3|85|151|0|0|0|0||20|07:29:00|Garmin Edge 1000|https://www.strava.com/activities/2528055042
27.09.2018|91.98|02:58:15|922|0|0|0|0||0|0|31|59.8|86|152|0|0|0|0||18|02:59:59|Garmin Edge 1000|https://www.strava.com/activities/2528053283
26.09.2018|114.01|03:57:27|1267|0|0|0|0||0|0|28.8|59|86|155|0|0|0|0||17|04:00:49|Garmin Edge 1000|https://www.strava.com/activities/2528053023
25.09.2018|39.93|01:19:41|236|0|0|0|0||0|0|30.1|45.4|88|146|0|0|0|0|797|19|01:35:09|Garmin Edge 1000|https://www.strava.com/activities/2528051699
20.09.2018|48.67|01:40:47|481|0|0|0|0||0|0|29|62.3|86|146|0|0|0|0||25|01:44:29|Garmin Edge 1000|https://www.strava.com/activities/2528050630
23.09.2018|60.17|01:37:10|341|0|0|0|0||0|0|37.2|67|86|200|0|0|0|0|1,527|9|01:38:15|Garmin Edge 1000|https://www.strava.com/activities/2528051452
22.09.2018|175.2|04:24:35|1498|0|0|0|0||0|0|39.7|82.4|88|200|0|0|0|0|4,329|10|04:25:47|Garmin Edge 1000|https://www.strava.com/activities/2528051583
26.10.2018|32.05|01:17:58|161|0|0|0|0||0|0|24.7|46.4|0|0|0|0|0|0|1,014|13|01:24:53|Garmin Edge 1000|https://www.strava.com/activities/2528055346
25.10.2018|35.72|01:17:27|288|0|0|0|0||0|0|27.7|59|83|144|0|0|0|0|720|16|01:21:41|Garmin Edge 1000|https://www.strava.com/activities/2528055455
07.10.2018|39.55|01:26:28|386|0|0|0|0||0|0|27.4|56.5|83|144|0|0|0|0|777|18|01:27:43|Garmin Edge 1000|https://www.strava.com/activities/2528055172
05.10.2018|58.26|02:00:59|424|0|0|0|0||0|0|28.9|58|87|166|0|0|0|0|1,145|18|02:09:47|Garmin Edge 1000|https://www.strava.com/activities/2528055040
02.10.2018|130.43|03:07:45|696|0|0|0|0||0|0|41.7|78.1|83|200|0|0|0|0|2,762|9|03:08:30|Garmin Edge 1000|https://www.strava.com/activities/2528054901
30.11.2018|38.34|01:13:36|235|0|0|0|0||0|0|31.3|46.4|86|148|0|0|0|0|911|1|01:18:03|Garmin Edge 1000|https://www.strava.com/activities/2528160159
28.11.2018|100.7|03:25:24|1299|0|0|0|0||0|0|29.4|60.8|82|200|0|0|0|0||8|03:31:59|Garmin Edge 1000|https://www.strava.com/activities/2528160452
27.11.2018|87.72|03:05:05|1059|0|0|0|0||0|0|28.4|53.6|87|200|0|0|0|0|2,103|9|03:10:50|Garmin Edge 1000|https://www.strava.com/activities/2528159993
22.11.2018|93.23|03:16:31|988|0|0|0|0||0|0|28.5|55.8|82|165|0|0|0|0|2,214|7|03:17:16|Garmin Edge 1000|https://www.strava.com/activities/2528058191
20.11.2018|56.97|01:58:28|690|0|0|0|0||0|0|28.9|53.6|83|159|0|0|0|0|1,434|1|02:01:52|Garmin Edge 1000|https://www.strava.com/activities/2528057551
19.11.2018|47.31|01:35:36|268|0|0|0|0||0|0|29.7|43.6|84|156|0|0|0|0|1,023|4|01:38:51|Garmin Edge 1000|https://www.strava.com/activities/2528057123
16.11.2018|74|02:34:11|668|0|0|0|0||0|0|28.8|59.4|83|175|0|0|0|0|1,711|9|02:36:07|Garmin Edge 1000|https://www.strava.com/activities/2528056925
15.11.2018|55.69|02:02:13|811|0|0|0|0||0|0|27.3|61.9|79|148|0|0|0|0|1,347|11|02:06:57|Garmin Edge 1000|https://www.strava.com/activities/2528056501
13.11.2018|50.8|01:47:42|375|0|0|0|0||0|0|28.3|49.3|88|143|0|0|0|0|1,042|15|01:54:08|Garmin Edge 1000|https://www.strava.com/activities/2528055998
09.11.2018|23.22|00:57:12|328|0|0|0|0||0|0|24.4|64.1|0|0|0|0|0|0|873|13|00:57:12|Garmin Edge 1000|https://www.strava.com/activities/2528055669
08.11.2018|22.58|00:57:16|293|0|0|0|0||0|0|23.7|60.1|0|0|0|0|0|0|816|15|00:57:48|Garmin Edge 1000|https://www.strava.com/activities/2528055581
05.11.2018|37.26|01:29:35|352|0|0|0|0||0|0|25|63|0|0|0|0|0|0|1,274|15|01:35:16|Garmin Edge 1000|https://www.strava.com/activities/2528055541
24.11.2018|37.01|01:12:42|117|0|0|0|0||0|0|30.5|61.9|84|162|0|0|0|0|637|10|01:12:42|Garmin Edge 1000|https://www.strava.com/activities/2528058122
11.11.2018|37.44|01:49:51|444|0|0|0|0||0|0|20.5|45.4|0|0|0|0|0|0|||02:06:48||https://www.strava.com/activities/1961176488
10.12.2018|44.44|01:36:14|482|0|0|0|0||0|0|27.7|50.8|85|173|0|0|0|0||11|01:36:48|Garmin Edge 1000|https://www.strava.com/activities/2528164156
09.12.2018|96.51|03:09:19|709|0|0|0|0||0|0|30.6|61.9|86|149|0|0|0|0||6|03:16:41|Garmin Edge 1000|https://www.strava.com/activities/2528164157
07.12.2018|119.18|04:14:17|1522|0|0|0|0||0|0|28.1|67.3|83|200|0|0|0|0|3,060|7|04:20:18|Garmin Edge 1000|https://www.strava.com/activities/2528164085
06.12.2018|69.35|02:26:09|952|0|0|0|0||0|0|28.5|55.8|80|200|0|0|0|0||4|02:31:20|Garmin Edge 1000|https://www.strava.com/activities/2528163627
05.12.2018|28.33|00:57:30|222|0|0|0|0||0|0|29.6|43.2|86|157|0|0|0|0|604|6|00:57:49|Garmin Edge 1000|https://www.strava.com/activities/2528163111
04.12.2018|89.06|02:54:46|812|0|0|0|0||0|0|30.6|63.4|85|200|0|0|0|0||7|02:59:41|Garmin Edge 1000|https://www.strava.com/activities/2528163269
03.12.2018|112.12|03:32:53|472|0|0|0|0||0|0|31.6|47.2|85|185|0|0|0|0||7|03:35:28|Garmin Edge 1000|https://www.strava.com/activities/2528163172
02.12.2018|31.97|01:08:08|382|0|0|0|0||0|0|28.2|50.8|82|130|0|0|0|0|773|3|01:10:00|Garmin Edge 1000|https://www.strava.com/activities/2528162354
01.12.2018|109.58|03:51:18|1425|0|0|0|0||0|0|28.4|54|79|200|0|0|0|0||4|03:56:57|Garmin Edge 1000|https://www.strava.com/activities/2528162811
24.12.2018|96|03:08:49|691|0|0|0|0||0|0|30.5|56.9|0|0|0|0|0|0|||03:28:48|Polar V800|https://www.strava.com/activities/2033145362
20.12.2018|91.31|03:06:20|1525|0|0|0|0||0|0|29.4|69.5|80|162|0|0|0|0||11|03:13:00|Garmin Edge 1000|https://www.strava.com/activities/2528228893
19.12.2018|158.54|05:00:03|2420|0|0|0|0||0|0|31.7|65.9|84|200|0|0|0|0||15|05:16:18|Garmin Edge 1000|https://www.strava.com/activities/2528228863
18.12.2018|166.2|05:16:05|2992|0|0|0|0||0|0|31.5|71.3|83|170|0|0|0|0||13|05:40:50|Garmin Edge 1000|https://www.strava.com/activities/2528228191
16.12.2018|102.58|03:29:11|2105|0|0|0|0||0|0|29.4|79.9|78|142|0|0|0|0||16|03:36:37|Garmin Edge 1000|https://www.strava.com/activities/2528227130
15.12.2018|140.71|04:17:25|1639|0|0|0|0||0|0|32.8|61.6|84|159|0|0|0|0||16|04:43:36|Garmin Edge 1000|https://www.strava.com/activities/2528225351
14.12.2018|57.05|01:57:53|901|0|0|0|0||0|0|29|70.9|79|137|0|0|0|0||12|04:05:57|Garmin Edge 1000|https://www.strava.com/activities/2528222889
13.12.2018|138.63|04:22:58|951|0|0|0|0||0|0|31.6|61.6|84|200|0|0|0|0||10|05:02:41|Garmin Edge 1000|https://www.strava.com/activities/2528222124
25.01.2019|127.68|04:08:59|1497|0|0|0|0||0|0|30.8|74.5|81|200|0|0|0|0|2,614|14|04:15:39|Garmin Edge 1030|https://www.strava.com/activities/2150485314
24.01.2019|141.23|04:14:14|1506|0|0|0|0||0|0|33.3|79.2|81|200|0|0|0|0|3,352|10|04:50:41|Garmin Edge 1030|https://www.strava.com/activities/2150484254
26.02.2019|82.8|02:14:09|1143|0|0|0|0||0|0|37|68.8|86|125|0|0|0|0|2,014|17|02:19:10|Garmin Edge 1000|https://www.strava.com/activities/2528243285
24.02.2019|0.02|00:00:00|0|0|0|0|0||0|0|41.4|0.4|95|152|0|0|0|0|328|28|00:22:12|Garmin Edge 1030|https://www.strava.com/activities/2206430233
20.02.2019|51.65|01:46:59|376|0|0|0|0||0|0|29|54.7|87|134|0|0|0|0|1,209|8|02:21:50|Garmin Edge 1030|https://www.strava.com/activities/2167451349
18.02.2019|95.12|03:09:23|771|0|0|0|0||0|0|30.1|64.8|87|120|0|0|0|0|2,294|8|03:12:03|Garmin Edge 1030|https://www.strava.com/activities/2157604344
17.02.2019|113.52|03:32:01|795|0|0|0|0||0|0|32.1|64.4|90|119|0|0|0|0|2,652|6|03:44:36|Garmin Edge 1030|https://www.strava.com/activities/2155272017
15.02.2019|86.16|02:47:25|675|0|0|0|0||0|0|30.9|54.4|0|0|0|0|0|0|3,412|5|02:47:49|Garmin Edge 1030|https://www.strava.com/activities/2150493326
14.02.2019|74.67|02:30:14|479|0|0|0|0||0|0|29.8|67.3|0|0|0|0|0|0|2,852|10|03:08:22|Garmin Edge 1030|https://www.strava.com/activities/2150492792
12.02.2019|70.72|02:22:27|471|0|0|0|0||0|0|29.8|54.7|0|0|0|0|0|0|2,610|5|02:23:23|Garmin Edge 1030|https://www.strava.com/activities/2150492362
10.02.2019|10.6|00:16:37|183|0|0|0|0||0|0|38.3|56.2|99|155|0|0|0|0|414|8|00:16:37|Garmin Edge 1030|https://www.strava.com/activities/2150491964
10.02.2019|0.03|00:00:00|0|0|0|0|0||0|0|4.1|0.7|105|161|0|0|0|0|278|15|00:18:00|Garmin Edge 1030|https://www.strava.com/activities/2150491778
10.02.2019|16.18|00:33:48|192|0|0|0|0||0|0|28.7|52.6|87|129|0|0|0|0|418|7|00:33:48|Garmin Edge 1030|https://www.strava.com/activities/2150491801
07.02.2019|142.51|03:18:30|464|0|0|0|0||0|0|43.1|73.1|89|195|0|0|0|0|2,383|8|03:19:17|Garmin Edge 1030|https://www.strava.com/activities/2150489744
06.02.2019|69.95|02:06:33|397|0|0|0|0||0|0|33.2|73.8|90|141|0|0|0|0|1,537|9|02:09:52|Garmin Edge 1030|https://www.strava.com/activities/2150488972
05.02.2019|79.32|02:25:09|607|0|0|0|0||0|0|32.8|62.6|90|200|0|0|0|0|1,739|8|02:28:43|Garmin Edge 1030|https://www.strava.com/activities/2150488475
04.02.2019|61.17|01:54:16|260|0|0|0|0||0|0|32.1|50|90|155|0|0|0|0|1,352|5|01:55:48|Garmin Edge 1030|https://www.strava.com/activities/2150488021
03.02.2019|137.94|03:42:12|2433|0|0|0|0||0|0|37.2|79.2|93|200|0|0|0|0|3,503|4|03:48:17|Garmin Edge 1030|https://www.strava.com/activities/2150487594
02.02.2019|40.59|01:16:44|379|0|0|0|0||0|0|31.7|56.9|89|130|0|0|0|0|797|7|01:16:44|Garmin Edge 1030|https://www.strava.com/activities/2150486340
01.02.2019|102.63|03:19:26|783|0|0|0|0||0|0|30.9|60.1|96|116|0|0|0|0|3,289|4|03:30:27|Garmin Edge 1030|https://www.strava.com/activities/2150486131
28.02.2019|182.61|04:54:41|940|0|0|0|0||0|0|37.2|79.2|81|176|0|0|0|0|2,468|26|04:58:18|Garmin Edge 1030|https://www.strava.com/activities/2206435389
27.02.2019|196.38|04:31:26|1303|0|0|0|0||0|0|43.4|90.7|87|196|0|0|0|0|3,379|29|04:31:59|Garmin Edge 1030|https://www.strava.com/activities/2206434509
26.02.2019|178.58|04:57:34|1341|0|0|0|0||0|0|36|76|82|153|0|0|0|0|3,162|26|04:58:10|Garmin Edge 1030|https://www.strava.com/activities/2206433685
25.02.2019|183.13|04:35:08|474|0|0|0|0||0|0|39.9|72.4|86|171|0|0|0|0|3,123|26|04:36:02|Garmin Edge 1030|https://www.strava.com/activities/2206432587
24.02.2019|16.07|00:17:23|52|0|0|0|0||0|0|55.5|79.6|102|121|0|0|0|0|412|26|00:17:23|Garmin Edge 1030|https://www.strava.com/activities/2206430391
24.02.2019|32.45|01:00:23|105|0|0|0|0||0|0|32.2|47.5|87|140|0|0|0|0|646|27|01:00:23|Garmin Edge 1030|https://www.strava.com/activities/2206430171
23.02.2019|82.58|01:57:42|202|0|0|0|0||0|0|42.1|68.4|90|113|0|0|0|0|1,593|22|02:27:39|Garmin Edge 1030|https://www.strava.com/activities/2206429599
22.02.2019|86.6|02:31:22|243|0|0|0|0||0|0|34.3|56.5|89|200|0|0|0|0|1,893|24|02:42:39|Garmin Edge 1030|https://www.strava.com/activities/2167452404
21.02.2019|185.92|05:20:41|3525|0|0|0|0||0|0|34.8|85.7|82|130|0|0|0|0||16|05:21:15|Garmin Edge 1000|https://www.strava.com/activities/2528243980
20.02.2019|197.98|04:50:47|2332|0|0|0|0||0|0|40.9|94|87|159|0|0|0|0||16|04:52:00|Garmin Edge 1000|https://www.strava.com/activities/2528242612
19.02.2019|132.03|03:40:51|806|0|0|0|0||0|0|35.9|61.9|94|137|0|0|0|0|3,082|10|03:49:27|Garmin Edge 1030|https://www.strava.com/activities/2160402933
19.02.2019|66.49|01:57:34|467|0|0|0|0||0|0|33.9|64.8|84|122|0|0|0|0|1,383|16|02:19:54|Garmin Edge 1000|https://www.strava.com/activities/2528240319
16.02.2019|168.23|05:11:05|1289|0|0|0|0||0|0|32.4|63.4|89|124|0|0|0|0|4,005|15|05:23:44|Garmin Edge 1030|https://www.strava.com/activities/2155268554
11.02.2019|125.75|03:49:49|1717|0|0|0|0||0|0|32.8|68.4|82|121|0|0|0|0||12|03:58:33|Garmin Edge 1000|https://www.strava.com/activities/2528241152
10.02.2019|152.42|04:39:12|2160|0|0|0|0||0|0|32.8|69.1|82|134|0|0|0|0||15|04:53:36|Garmin Edge 1000|https://www.strava.com/activities/2528239320
09.02.2019|158.66|03:29:00|1711|0|0|0|0||0|0|45.6|83.5|91|200|0|0|0|0|3,217|10|03:29:00|Garmin Edge 1030|https://www.strava.com/activities/2150491895
09.02.2019|179.2|05:55:37|3567|0|0|0|0||0|0|30.2|74.2|78|117|0|0|0|0||15|06:21:12|Garmin Edge 1000|https://www.strava.com/activities/2528239325
08.02.2019|156.94|03:30:19|1100|0|0|0|0||0|0|44.8|71.3|89|200|0|0|0|0|2,882|12|03:31:09|Garmin Edge 1030|https://www.strava.com/activities/2150490702
07.02.2019|192.71|06:26:26|3788|0|0|0|0||0|0|29.9|70.2|78|169|0|0|0|0||15|06:48:46|Garmin Edge 1000|https://www.strava.com/activities/2528233391
06.02.2019|171.65|05:02:59|1765|0|0|0|0||0|0|34|72|83|172|0|0|0|0||16|05:21:52|Garmin Edge 1000|https://www.strava.com/activities/2528231990
05.02.2019|152.61|04:55:02|2984|0|0|0|0||0|0|31|73.1|77|200|0|0|0|0||15|05:15:00|Garmin Edge 1000|https://www.strava.com/activities/2528232342
28.03.2019|96.27|02:44:34|650|0|0|0|0||0|0|35.1|67.3|92|144|0|0|0|0|2,167|15|02:56:22|Garmin Edge 1030|https://www.strava.com/activities/2249390575
27.03.2019|92.31|03:00:37|667|0|0|0|0||0|0|30.7|67.3|89|200|0|0|0|0|2,206|9|03:04:42|Garmin Edge 1030|https://www.strava.com/activities/2249390024
25.03.2019|37.24|01:19:16|198|0|0|0|0||0|0|28.2|47.9|88|200|0|0|0|0|821|9|01:26:10|Garmin Edge 1030|https://www.strava.com/activities/2240100078
22.03.2019|72.64|02:27:01|515|0|0|0|0||0|0|29.6|51.1|89|200|0|0|0|0|1,679|12|02:54:26|Garmin Edge 1030|https://www.strava.com/activities/2240098342
20.03.2019|117.49|03:50:30|1037|0|0|0|0||0|0|30.6|63.7|86|200|0|0|0|0|2,749|10|04:05:19|Garmin Edge 1030|https://www.strava.com/activities/2226781626
19.03.2019|178.85|05:04:46|1335|0|0|0|0||0|0|35.2|73.8|91|191|0|0|0|0|4,034|9|05:14:21|Garmin Edge 1030|https://www.strava.com/activities/2224502576
18.03.2019|94.99|03:03:31|726|0|0|0|0||0|0|31.1|65.2|91|179|0|0|0|0|2,343|6|03:03:31|Garmin Edge 1030|https://www.strava.com/activities/2221878851
17.03.2019|40.59|01:22:44|269|0|0|0|0||0|0|29.4|61.9|86|200|0|0|0|0|949|6|01:31:11|Garmin Edge 1030|https://www.strava.com/activities/2221596859
13.03.2019|111.16|03:06:51|731|0|0|0|0||0|0|35.7|74.9|94|165|0|0|0|0|2,749|7|03:08:24|Garmin Edge 1030|https://www.strava.com/activities/2210462355
12.03.2019|119.88|03:59:43|966|0|0|0|0||0|0|30|56.2|81|114|0|0|0|0|3,097|9|04:27:18|Garmin Edge 1030|https://www.strava.com/activities/2210460954
09.03.2019|90.77|02:59:36|666|0|0|0|0||0|0|30.3|55.8|89|119|0|0|0|0|2,145|11|03:00:58|Garmin Edge 1030|https://www.strava.com/activities/2206517343
08.03.2019|61.82|02:01:53|413|0|0|0|0||0|0|30.4|50|89|118|0|0|0|0|1,347|7|02:03:14|Garmin Edge 1030|https://www.strava.com/activities/2206516113
07.03.2019|51.5|01:47:53|359|0|0|0|0||0|0|28.6|58.3|89|113|0|0|0|0|1,235|9|01:48:40|Garmin Edge 1030|https://www.strava.com/activities/2206515353
31.03.2019|203.52|04:42:16|1837|0|0|0|0||0|0|43.3|73.1|86|180|0|0|0|0|3,821|20|04:42:16|Garmin Edge 1030|https://www.strava.com/activities/2261765079
30.03.2019|182.54|04:28:22|2333|0|0|0|0||0|0|40.8|73.4|92|157|0|0|0|0|3,929|19|04:28:22|Garmin Edge 1030|https://www.strava.com/activities/2256787189
24.03.2019|195.21|04:22:50|977|0|0|0|0||0|0|44.6|66.6|0|0|0|0|0|0||11|04:23:10|Garmin Edge 1030|https://www.strava.com/activities/2240099638
23.03.2019|30.03|00:54:25|186|0|0|0|0||0|0|33.1|51.8|0|0|0|0|0|0|1,159|9|00:55:54|Garmin Edge 1030|https://www.strava.com/activities/2240098213
11.03.2019|215.3|06:42:06|1716|0|0|0|0||0|0|32.1|59.4|90|122|0|0|0|0|5,307|7|06:47:05|Garmin Edge 1030|https://www.strava.com/activities/2206520649
02.03.2019|143.69|03:16:37|362|0|0|0|0||0|0|43.8|69.8|86|158|0|0|0|0|2,402|21|03:17:01|Garmin Edge 1030|https://www.strava.com/activities/2206514694
01.03.2019|172.69|04:34:51|1654|0|0|0|0||0|0|37.7|68|83|164|0|0|0|0|3,404|23|04:35:26|Garmin Edge 1030|https://www.strava.com/activities/2206513626
30.04.2019|90.24|02:48:28|651|0|0|0|0||0|0|32.1|60.5|94|200|0|0|0|0|2,361|12|02:48:51|Garmin Edge 1030|https://www.strava.com/activities/2333081822
21.04.2019|28.46|00:54:38|266|0|0|0|0||0|0|31.3|57.2|89|144|0|0|0|0|757|18|00:54:38|Garmin Edge 1030|https://www.strava.com/activities/2333081189
18.04.2019|87.26|02:44:52|920|0|0|0|0||0|0|31.8|59.8|90|135|0|0|0|0|2,129|16|02:45:28|Garmin Edge 1030|https://www.strava.com/activities/2333079047
17.04.2019|67.9|02:12:06|877|0|0|0|0||0|0|30.8|65.9|90|149|0|0|0|0|1,724|13|02:12:58|Garmin Edge 1030|https://www.strava.com/activities/2333076283
12.04.2019|44.59|01:30:35|238|0|0|0|0||0|0|29.5|66.2|91|135|0|0|0|0|1,066|10|01:35:17|Garmin Edge 1030|https://www.strava.com/activities/2301509746
03.04.2019|51.76|01:37:28|343|0|0|0|0||0|0|31.9|57.2|93|193|0|0|0|0|1,188|5|01:38:24|Garmin Edge 1030|https://www.strava.com/activities/2274153338
01.04.2019|43.39|01:32:52|255|0|0|0|0||0|0|28|59.4|87|200|0|0|0|0|968|11|01:36:19|Garmin Edge 1030|https://www.strava.com/activities/2268383034
22.04.2019|203.8|04:59:58|1890|0|0|0|0||0|0|40.8|73.1|90|200|0|0|0|0|4,476|16|05:00:20|Garmin Edge 1030|https://www.strava.com/activities/2333084405
20.04.2019|186.44|04:48:03|2671|0|0|0|0||0|0|38.8|84.6|86|200|0|0|0|0|4,166|25|04:48:37|Garmin Edge 1030|https://www.strava.com/activities/2333081021
19.04.2019|39.33|01:11:48|353|0|0|0|0||0|0|32.9|54.7|87|130|0|0|0|0|836|24|01:37:22|Garmin Edge 1030|https://www.strava.com/activities/2333079465
14.04.2019|255.74|06:06:58|1601|0|0|0|0||0|0|41.8|80.3|90|127|0|0|0|0|6,126|5|06:07:14|Garmin Edge 1030|https://www.strava.com/activities/2327680783
13.04.2019|44.41|01:25:38|264|0|0|0|0||0|0|31.1|57.2|89|137|0|0|0|0|877|6|01:30:33|Garmin Edge 1030|https://www.strava.com/activities/2301510603
11.04.2019|183.68|04:52:08|2831|0|0|0|0||0|0|37.7|85.3|86|200|0|0|0|0|4,401|12|04:52:30|Garmin Edge 1030|https://www.strava.com/activities/2296211434
10.04.2019|171.35|04:05:33|1094|0|0|0|0||0|0|41.9|70.9|86|200|0|0|0|0|2,823|9|04:06:23|Garmin Edge 1030|https://www.strava.com/activities/2296210188
09.04.2019|176.23|04:17:16|2104|0|0|0|0||0|0|41.1|80.6|87|160|0|0|0|0|3,390|15|04:18:08|Garmin Edge 1030|https://www.strava.com/activities/2296209202
08.04.2019|24.92|00:49:06|157|0|0|0|0||0|0|30.5|49.3|92|129|0|0|0|0|486|13|01:11:30|Garmin Edge 1030|https://www.strava.com/activities/2274153472
07.04.2019|185.14|04:22:54|1454|0|0|0|0||0|0|42.3|76.7|91|178|0|0|0|0|3,791|14|04:23:45|Garmin Edge 1030|https://www.strava.com/activities/2274153496
06.04.2019|25.07|00:50:50|160|0|0|0|0||0|0|29.6|53.6|92|177|0|0|0|0|547|5|00:50:50|Garmin Edge 1030|https://www.strava.com/activities/2274155070
05.04.2019|192.51|04:47:50|2523|0|0|0|0||0|0|40.1|79.2|90|200|0|0|0|0|4,050|8|04:48:14|Garmin Edge 1030|https://www.strava.com/activities/2274154786
31.05.2019|111|03:32:47|665|0|0|0|0||0|0|31.3|54.4|89|173|0|0|0|0|2,420|21|03:58:56|Garmin Edge 1000|https://www.strava.com/activities/2528246610
30.05.2019|74.47|02:24:28|456|0|0|0|0||0|0|30.9|52.6|91|147|0|0|0|0|1,625|19|02:25:04|Garmin Edge 1000|https://www.strava.com/activities/2528244104
12.05.2019|67.93|02:10:30|458|0|0|0|0||0|0|31.2|52.2|92|149|0|0|0|0|1,722|11|02:14:25|Garmin Edge 1030|https://www.strava.com/activities/2360938871
11.05.2019|109.98|02:54:58|645|0|0|0|0||0|0|37.7|70.9|94|200|0|0|0|0|2,427|10|03:03:22|Garmin Edge 1030|https://www.strava.com/activities/2358127959
07.05.2019|163.5|05:10:39|1204|0|0|0|0||0|0|31.6|67.7|87|200|0|0|0|0|4,022|16|05:33:53|Garmin Edge 1030|https://www.strava.com/activities/2353524101
06.05.2019|4.03|00:13:45|11|0|0|0|0||0|0|17.6|24.5|69|129|0|0|0|0|52|13|00:13:45|Garmin Edge 1030|https://www.strava.com/activities/2346838048
06.05.2019|96.88|03:08:24|721|0|0|0|0||0|0|30.9|72|89|177|0|0|0|0|2,246|13|03:08:24|Garmin Edge 1030|https://www.strava.com/activities/2346798750
05.05.2019|18.62|00:35:29|39|0|0|0|0||0|0|31.5|43.9|89|148|0|0|0|0|451|7|00:39:39|Garmin Edge 1030|https://www.strava.com/activities/2346797379
03.05.2019|164.31|05:10:50|1137|0|0|0|0||0|0|31.7|54.7|86|200|0|0|0|0|4,391|11|05:20:06|Garmin Edge 1030|https://www.strava.com/activities/2343996731
02.05.2019|0|00:00:00|0|0|0|0|0||0|0|0|0|0|159|0|0|0|0|750|0|01:06:46|Garmin Edge 1030|https://www.strava.com/activities/2343292704
14.05.2019|177.57|04:17:59|923|0|0|0|0||0|0|41.3|78.1|88|200|0|0|0|0|3,310|19|04:18:44|Garmin Edge 1030|https://www.strava.com/activities/2405788904
13.05.2019|35.9|01:05:28|78|0|0|0|0||0|0|32.9|56.5|91|200|0|0|0|0|720|15|01:06:41|Garmin Edge 1030|https://www.strava.com/activities/2392794264
05.05.2019|40.67|00:48:05|108|0|0|0|0||0|0|50.8|61.9|96|132|0|0|0|0|857|5|00:48:05|Garmin Edge 1030|https://www.strava.com/activities/2346797756
05.05.2019|28.81|00:56:34|168|0|0|0|0||0|0|30.6|59|87|182|0|0|0|0|753|6|01:01:01|Garmin Edge 1030|https://www.strava.com/activities/2343980809
05.05.2019|54.35|01:23:10|143|0|0|0|0||0|0|39.2|64.1|93|200|0|0|0|0|1,204|3|01:36:39|Garmin Edge 1030|https://www.strava.com/activities/2343980395
01.05.2019|120.5|03:57:28|884|0|0|0|0||0|0|30.4|61.6|88|200|0|0|0|0|2,827|13|03:57:28|Garmin Edge 1030|https://www.strava.com/activities/2333083396
27.06.2019|123.44|03:08:59|656|0|0|0|0||0|0|39.2|80.3|0|0|0|0|0|0|4,756|26|03:18:24|Garmin Edge 1000|https://www.strava.com/activities/2528260165
26.06.2019|96.01|02:58:13|495|0|0|0|0||0|0|32.3|58|0|0|0|0|0|0|4,000|25|03:14:36|Garmin Edge 1000|https://www.strava.com/activities/2528259825
25.06.2019|54.81|01:53:07|338|0|0|0|0||0|0|29.1|59.8|0|0|0|0|0|0|2,064|27|02:39:39|Garmin Edge 1000|https://www.strava.com/activities/2528259527
23.06.2019|176.79|04:11:05|1259|0|0|0|0||0|0|42.2|70.9|88|200|0|0|0|0|3,493|24|04:11:05|Garmin Edge 1000|https://www.strava.com/activities/2528259940
22.06.2019|58.31|01:39:02|399|0|0|0|0||0|0|35.3|70.9|86|137|0|0|0|0|1,672|19|01:44:04|Garmin Edge 1000|https://www.strava.com/activities/2528256996
19.06.2019|184.11|05:12:03|1362|0|0|0|0||0|0|35.4|69.8|90|191|0|0|0|0|3,980|23|05:21:49|Garmin Edge 1000|https://www.strava.com/activities/2528257201
18.06.2019|0|00:00:00|0|0|0|0|0||0|0|0|0|0|0|0|0|0|0||0|00:00:00|Garmin Edge 1000|https://www.strava.com/activities/2528255613
17.06.2019|110.05|03:32:33|674|0|0|0|0||0|0|31.1|65.2|86|167|0|0|0|0|2,480|22|20:48:49|Garmin Edge 1000|https://www.strava.com/activities/2528255142
17.06.2019|87.34|02:56:32|631|0|0|0|0||0|0|29.7|60.1|89|151|0|0|0|0|1,953|22|02:57:13|Garmin Edge 1000|https://www.strava.com/activities/2528253915
16.06.2019|42.76|01:28:45|284|0|0|0|0||0|0|28.9|55.1|86|129|0|0|0|0|925|16|01:29:13|Garmin Edge 1000|https://www.strava.com/activities/2528253230
14.06.2019|204.08|06:22:25|1893|0|0|0|0||0|0|32|58.7|89|200|0|0|0|0|5,202|17|06:34:19|Garmin Edge 1000|https://www.strava.com/activities/2528253645
13.06.2019|119.7|03:54:05|710|0|0|0|0||0|0|30.7|56.5|90|165|0|0|0|0|2,720|14|03:54:59|Garmin Edge 1000|https://www.strava.com/activities/2528252508
12.06.2019|62.72|02:04:45|277|0|0|0|0||0|0|30.2|58.7|91|164|0|0|0|0|1,481|12|02:07:21|Garmin Edge 1000|https://www.strava.com/activities/2528251693
11.06.2019|53.04|01:44:30|358|0|0|0|0||0|0|30.5|111.2|91|163|0|0|0|0|1,135|13|01:45:33|Garmin Edge 1000|https://www.strava.com/activities/2528251368
05.06.2019|37.65|01:08:01|321|0|0|0|0||0|0|33.2|68|87|132|0|0|0|0|889|13|01:08:18|Garmin Edge 1000|https://www.strava.com/activities/2528248868
04.06.2019|83.29|02:42:41|569|0|0|0|0||0|0|30.7|64.1|88|200|0|0|0|0|1,883|21|02:59:14|Garmin Edge 1000|https://www.strava.com/activities/2528248820
03.06.2019|75.75|02:21:41|523|0|0|0|0||0|0|32.1|54.7|86|152|0|0|0|0|1,732|22|03:22:25|Garmin Edge 1000|https://www.strava.com/activities/2528248045
01.06.2019|83.16|02:33:56|348|0|0|0|0||0|0|32.4|54|89|200|0|0|0|0|1,678|29|02:43:37|Garmin Edge 1000|https://www.strava.com/activities/2528247357
09.06.2019|175.8|03:56:07|1373|0|0|0|0||0|0|44.7|76|87|200|0|0|0|0|3,341|17|03:56:30|Garmin Edge 1000|https://www.strava.com/activities/2528251256
08.06.2019|180.28|04:19:36|1988|0|0|0|0||0|0|41.7|80.6|85|200|0|0|0|0|3,462|19|04:20:06|Garmin Edge 1000|https://www.strava.com/activities/2528250716
07.06.2019|185.35|04:52:58|1609|0|0|0|0||0|0|38|78.1|89|200|0|0|0|0|4,727|10|04:57:13|Garmin Edge 1000|https://www.strava.com/activities/2528249834
31.07.2019|21.72|01:09:24|172|0|0|0|0||0|0|18.8|40|76|149|0|0|0|0|331|19|01:11:46|Garmin Edge 1030|https://www.strava.com/activities/2623962913
30.07.2019|44.89|01:33:40|297|0|0|0|0||0|0|28.8|59.4|86|134|0|0|0|0|913|21|01:33:56|Garmin Edge 1030|https://www.strava.com/activities/2623962647
29.07.2019|62.15|02:38:34|1976|0|0|0|0||0|0|23.5|83.9|78|152|0|0|0|0|2,163|16|03:04:04|Garmin Edge 1030|https://www.strava.com/activities/2623962703
28.07.2019|105.08|04:26:03|3287|0|0|0|0||0|0|23.7|79.6|79|200|0|0|0|0|3,835|12|04:34:41|Garmin Edge 1030|https://www.strava.com/activities/2623962787
27.07.2019|82.39|03:28:04|1503|0|0|0|0||0|0|23.8|77.4|76|141|0|0|0|0|3,200|16|03:34:02|Garmin Edge 1030|https://www.strava.com/activities/2623961708
26.07.2019|90.7|03:48:20|2714|0|0|0|0||0|0|23.8|71.3|76|200|0|0|0|0|3,235|25|03:59:48|Garmin Edge 1030|https://www.strava.com/activities/2623961467
24.07.2019|49.3|01:42:00|295|0|0|0|0||0|0|29|59.4|88|200|0|0|0|0|945|35|02:00:55|Garmin Edge 1030|https://www.strava.com/activities/2623960316
20.07.2019|15.68|00:35:12|133|0|0|0|0||0|0|26.7|53.3|77|200|0|0|0|0|240|24|01:46:29|Garmin Edge 1030|https://www.strava.com/activities/2623957896
15.07.2019|88.18|02:31:48|473|0|0|0|0||0|0|34.9|63.7|91|113|0|0|0|0|2,116|18|02:34:52|Garmin Edge 1000|https://www.strava.com/activities/2538073596
13.07.2019|96.45|02:59:59|545|0|0|0|0||0|0|32.2|66.6|87|148|0|0|0|0|2,109|23|03:08:17|Garmin Edge 1000|https://www.strava.com/activities/2528065588
12.07.2019|132.52|04:11:53|1185|0|0|0|0||0|0|31.6|67.3|85|200|0|0|0|0|3,040|21|04:33:57|Garmin Edge 1000|https://www.strava.com/activities/2528249094
10.07.2019|79.8|02:30:03|428|0|0|0|0||0|0|31.9|50.4|90|162|0|0|0|0|1,811|22|05:34:27|Garmin Edge 1000|https://www.strava.com/activities/2528261728
09.07.2019|0.95|00:00:00|531|0|0|0|0||0|0|122.8|8.6|91|200|0|0|0|0|2,778|20|03:15:55|Garmin Edge 1000|https://www.strava.com/activities/2528261314
08.07.2019|72.42|02:27:23|376|0|0|0|0||0|0|29.5|55.4|0|0|0|0|0|0|2,916|20|02:29:47|Garmin Edge 1000|https://www.strava.com/activities/2528260327
23.07.2019|132.99|03:58:37|1292|0|0|0|0||0|0|33.4|71.3|82|177|0|0|0|0|2,379|26|04:08:22|Garmin Edge 1030|https://www.strava.com/activities/2623960326
22.07.2019|176.35|06:22:43|3712|0|0|0|0||0|0|27.6|84.2|79|200|0|0|0|0|4,673|27|06:39:55|Garmin Edge 1030|https://www.strava.com/activities/2623960267
21.07.2019|120.09|03:36:25|1694|0|0|0|0||0|0|33.3|84.6|87|200|0|0|0|0|2,981|26|04:20:41|Garmin Edge 1030|https://www.strava.com/activities/2623958810
19.07.2019|188.64|06:15:10|3533|0|0|0|0||0|0|30.2|85|82|148|0|0|0|0|4,769|25|06:35:28|Garmin Edge 1030|https://www.strava.com/activities/2623958576
18.07.2019|143.8|05:01:42|3182|0|0|0|0||0|0|28.6|84.2|75|153|0|0|0|0|3,933|23|05:19:51|Garmin Edge 1030|https://www.strava.com/activities/2623957616
17.07.2019|118.62|04:12:25|2879|0|0|0|0||0|0|28.2|86.8|84|133|0|0|0|0|3,697|24|04:24:06|Garmin Edge 1030|https://www.strava.com/activities/2623956751
14.07.2019|94.57|03:06:32|653|0|0|0|0||0|0|30.4|57.2|86|149|0|0|0|0|1,977|20|03:11:46|Garmin Edge 1000|https://www.strava.com/activities/2533415049
31.08.2019|165.71|04:01:41|2005|0|0|0|0||0|0|41.1|86.8|89|161|0|0|0|0|3,533|29|04:01:41|Garmin Edge 1030|https://www.strava.com/activities/2727540709
30.08.2019|182.62|04:59:22|2755|0|0|0|0||0|0|36.6|88.9|84|152|0|0|0|0|4,472|32|05:20:17|Garmin Edge 1030|https://www.strava.com/activities/2727539025
29.08.2019|196.6|05:05:40|3216|0|0|0|0||0|0|38.6|85.3|0|0|0|0|0|0|8,478|28|05:24:29|Garmin Edge 1030|https://www.strava.com/activities/2727536768
20.08.2019|71.54|02:15:36|404|0|0|0|0||0|0|31.7|67.3|88|136|0|0|0|0|1,624|14|02:30:33|Garmin Edge 1030|https://www.strava.com/activities/2634804645
19.08.2019|136.28|03:57:53|853|0|0|0|0||0|0|34.4|66.6|92|163|0|0|0|0|2,948|19|04:29:32|Garmin Edge 1030|https://www.strava.com/activities/2632502732
17.08.2019|97.99|03:15:44|620|0|0|0|0||0|0|30|70.9|87|176|0|0|0|0|2,044|21|03:27:40|Garmin Edge 1030|https://www.strava.com/activities/2626257072
16.08.2019|68.29|02:24:08|541|0|0|0|0||0|0|28.4|54.7|86|180|0|0|0|0|1,373|21|02:26:15|Garmin Edge 1030|https://www.strava.com/activities/2624672653
14.08.2019|80.84|02:39:41|533|0|0|0|0||0|0|30.4|69.8|88|200|0|0|0|0|1,665|23|02:41:12|Garmin Edge 1030|https://www.strava.com/activities/2624671567
12.08.2019|203.96|00:01:34|0|0|0|0|0||0|0|7811.3|0|67|79|0|0|0|0|4|18|00:01:34|Garmin Edge 1030|https://www.strava.com/activities/2624669899
04.08.2019|151.86|03:32:11|922|0|0|0|0||0|0|42.9|79.2|0|0|0|0|0|0|5,956|22|03:33:16|Garmin Edge 1030|https://www.strava.com/activities/2623963776
03.08.2019|128.48|02:57:41|1294|0|0|0|0||0|0|43.4|81|89|200|0|0|0|0|4,155|15|02:58:10|Garmin Edge 1030|https://www.strava.com/activities/2623963887
02.08.2019|43.83|01:27:30|644|0|0|0|0||0|0|30.1|68.8|84|200|0|0|0|0|938|24|01:28:50|Garmin Edge 1030|https://www.strava.com/activities/2623963195
28.08.2019|168.97|05:17:54|3564|0|0|0|0||0|0|31.9|79.6|84|149|0|0|0|0|4,457|30|05:18:17|Garmin Edge 1030|https://www.strava.com/activities/2727535713
27.08.2019|171.53|04:04:26|1194|0|0|0|0||0|0|42.1|83.2|87|195|0|0|0|0|3,049|29|04:04:26|Garmin Edge 1030|https://www.strava.com/activities/2727534312
26.08.2019|187.21|04:26:40|1694|0|0|0|0||0|0|42.1|100.1|87|200|0|0|0|0|3,330|28|04:26:40|Garmin Edge 1030|https://www.strava.com/activities/2727532189
25.08.2019|208.23|05:47:23|3287|0|0|0|0||0|0|36|79.6|86|200|0|0|0|0|4,635|32|05:49:59|Garmin Edge 1030|https://www.strava.com/activities/2727531171
22.08.2019|96.73|03:03:39|1281|0|0|0|0||0|0|31.6|91.1|86|185|0|0|0|0|2,129|30|03:11:10|Garmin Edge 1030|https://www.strava.com/activities/2641010381
09.08.2019|153.05|04:23:20|3233|0|0|0|0||0|0|34.9|90.7|0|0|0|0|0|0|7,333|27|04:23:20|Garmin Edge 1030|https://www.strava.com/activities/2624670097
08.08.2019|159.69|04:22:10|3362|0|0|0|0||0|0|36.5|82.8|0|0|0|0|0|0|7,418|20|04:22:35|Garmin Edge 1030|https://www.strava.com/activities/2623965837
07.08.2019|153.4|03:50:03|2083|0|0|0|0||0|0|40|99.4|0|0|0|0|0|0|6,634|28|03:50:03|Garmin Edge 1030|https://www.strava.com/activities/2623964704
06.08.2019|136.22|04:11:15|1513|0|0|0|0||0|0|32.5|74.5|0|0|0|0|0|0|6,195|29|04:22:47|Garmin Edge 1030|https://www.strava.com/activities/2623964544
05.08.2019|150.07|03:29:45|923|0|0|0|0||0|0|42.9|73.4|0|0|0|0|0|0|5,786|22|03:30:13|Garmin Edge 1030|https://www.strava.com/activities/2623964223
29.09.2019|199.71|04:44:50|1842|0|0|0|0||0|0|42.1|95.8|93|200|0|0|0|0|4,839|16|04:45:11|Garmin Edge 1030|https://www.strava.com/activities/2749857067
21.09.2019|31.2|00:56:55|189|0|0|0|0||0|0|32.9|49.7|90|170|0|0|0|0|695|26|00:57:34|Garmin Edge 1030|https://www.strava.com/activities/2735532802
19.09.2019|86.01|02:47:37|573|0|0|0|0||0|0|30.8|60.1|87|200|0|0|0|0|2,034|12|02:55:13|Garmin Edge 1030|https://www.strava.com/activities/2735532038
05.09.2019|168.22|04:04:59|2038|0|0|0|0||0|0|41.2|88.6|85|150|0|0|0|0|3,507|17|04:05:50|Garmin Edge 1030|https://www.strava.com/activities/2729963600
04.09.2019|178.33|04:55:39|2941|0|0|0|0||0|0|36.2|84.6|85|150|0|0|0|0|4,071|26|04:56:09|Garmin Edge 1030|https://www.strava.com/activities/2727544488
03.09.2019|35.73|00:52:45|549|0|0|0|0||0|0|40.6|71.6|97|120|0|0|0|0|1,117|21|00:52:45|Garmin Edge 1030|https://www.strava.com/activities/2727542002
03.09.2019|38.42|01:09:13|574|0|0|0|0||0|0|33.3|69.8|89|127|0|0|0|0|966|20|01:09:13|Garmin Edge 1030|https://www.strava.com/activities/2727541627
01.09.2019|92.78|03:34:49|3153|0|0|0|0||0|0|25.9|83.5|85|153|0|0|0|0|3,822|19|03:36:09|Garmin Edge 1030|https://www.strava.com/activities/2727541882
27.09.2019|70.37|02:12:12|435|0|0|0|0||0|0|31.9|72|89|200|0|0|0|0|1,638|14|02:12:47|Garmin Edge 1030|https://www.strava.com/activities/2749854797
25.09.2019|77.09|02:37:57|452|0|0|0|0||0|0|29.3|67|85|170|0|0|0|0|1,650|14|02:54:57|Garmin Edge 1030|https://www.strava.com/activities/2748804265
22.09.2019|160.74|03:52:19|1107|0|0|0|0||0|0|41.5|108|89|200|0|0|0|0|3,564|21|03:55:51|Garmin Edge 1030|https://www.strava.com/activities/2735533826
20.09.2019|73.54|02:27:51|508|0|0|0|0||0|0|29.8|67.7|83|149|0|0|0|0|1,640|14|02:46:18|Garmin Edge 1030|https://www.strava.com/activities/2735532595
18.09.2019|41.05|01:25:48|241|0|0|0|0||0|0|28.7|54|84|152|0|0|0|0|910|20|01:59:23|Garmin Edge 1030|https://www.strava.com/activities/2735531208
15.09.2019|103.72|02:42:59|751|0|0|0|0||0|0|38.2|79.9|85|200|0|0|0|0|1,851|20|02:43:54|Garmin Edge 1030|https://www.strava.com/activities/2735530789
13.09.2019|163.96|03:48:45|1689|0|0|0|0||0|0|43|82.1|88|189|0|0|0|0|3,412|16|03:49:18|Garmin Edge 1030|https://www.strava.com/activities/2731496489
12.09.2019|176.58|05:00:43|3539|0|0|0|0||0|0|35.2|94.7|84|190|0|0|0|0|4,581|24|05:00:43|Garmin Edge 1030|https://www.strava.com/activities/2729978302
11.09.2019|227.5|05:06:49|2516|0|0|0|0||0|0|44.5|90|89|174|0|0|0|0|4,646|22|05:14:23|Garmin Edge 1030|https://www.strava.com/activities/2729973919
10.09.2019|22.89|00:40:15|73|0|0|0|0||0|0|34.1|54.4|84|121|0|0|0|0|508|11|00:43:17|Garmin Edge 1030|https://www.strava.com/activities/2729971209
09.09.2019|143.6|04:29:38|3699|0|0|0|0||0|0|32|95|85|157|0|0|0|0|4,394|19|04:29:38|Garmin Edge 1030|https://www.strava.com/activities/2729972292
08.09.2019|153.52|04:51:35|3598|0|0|0|0||0|0|31.6|93.6|83|200|0|0|0|0|4,503|23|04:51:35|Garmin Edge 1030|https://www.strava.com/activities/2729969339
07.09.2019|187.19|04:35:32|2425|0|0|0|0||0|0|40.8|85.3|87|200|0|0|0|0|3,840|23|04:38:05|Garmin Edge 1030|https://www.strava.com/activities/2729967449
06.09.2019|165.32|04:55:52|3899|0|0|0|0||0|0|33.5|83.9|84|149|0|0|0|0|4,745|19|04:56:44|Garmin Edge 1030|https://www.strava.com/activities/2729965729
08.10.2019|59.4|02:30:44|401|0|0|0|0||0|0|23.6|54.7|67|200|0|0|0|0|1,491|16|05:49:07|Garmin Edge 1030|https://www.strava.com/activities/2778096420
13.10.2019|215.08|05:38:42|1413|0|0|0|0||0|0|38.1|71.6|88|200|0|0|0|0|4,570|22|05:39:33|Garmin Edge 1030|https://www.strava.com/activities/2919304322
11.10.2019|70.87|02:23:40|620|0|0|0|0||0|0|29.6|58|83|200|0|0|0|0|1,455|13|02:26:01|Garmin Edge 1030|https://www.strava.com/activities/2779788188
10.10.2019|193.54|04:46:26|2130|0|0|0|0||0|0|40.5|85|88|200|0|0|0|0|3,457|15|04:47:14|Garmin Edge 1030|https://www.strava.com/activities/2778098754
06.10.2019|198.18|04:28:50|1259|0|0|0|0||0|0|44.2|71.6|91|200|0|0|0|0|2,515|16|04:29:15|Garmin Edge 1030|https://www.strava.com/activities/2778095780
05.10.2019|46.48|01:25:22|294|0|0|0|0||0|0|32.7|62.3|93|176|0|0|0|0|1,061|12|01:25:50|Garmin Edge 1030|https://www.strava.com/activities/2763718825
02.10.2019|87.71|02:47:09|408|0|0|0|0||0|0|31.5|55.1|89|149|0|0|0|0|2,028|12|02:54:55|Garmin Edge 1030|https://www.strava.com/activities/2756751021
01.10.2019|50.44|01:46:24|272|0|0|0|0||0|0|28.4|57.6|87|159|0|0|0|0|1,073|15|01:55:43|Garmin Edge 1030|https://www.strava.com/activities/2754442506
30.11.2019|37.4|01:17:23|107|0|0|0|0||0|0|29|41.4|91|163|0|0|0|0|856|5|01:22:22|Garmin Edge 1030|https://www.strava.com/activities/2919319604
29.11.2019|90.55|02:46:05|604|0|0|0|0||0|0|32.7|73.1|90|194|0|0|0|0|2,167|7|02:46:41|Garmin Edge 1030|https://www.strava.com/activities/2919319102
28.11.2019|140.26|04:32:03|1178|0|0|0|0||0|0|30.9|58.3|89|200|0|0|0|0|3,349|9|04:41:19|Garmin Edge 1030|https://www.strava.com/activities/2919318070
27.11.2019|97.86|03:17:02|841|0|0|0|0||0|0|29.8|63|89|200|0|0|0|0|2,245|9|03:17:25|Garmin Edge 1030|https://www.strava.com/activities/2919315785
25.11.2019|90.51|02:54:31|649|0|0|0|0||0|0|31.1|58|94|200|0|0|0|0|2,140|6|02:55:04|Garmin Edge 1030|https://www.strava.com/activities/2919312476
24.11.2019|53.44|02:37:46|654|0|0|0|0||0|0|20.3|59.8|0|0|0|0|0|0|1,610|13|03:04:49|Garmin Edge 1030|https://www.strava.com/activities/2919311226
22.11.2019|89.11|02:56:29|712|0|0|0|0||0|0|30.3|58.7|94|200|0|0|0|0|2,106|6|03:05:17|Garmin Edge 1030|https://www.strava.com/activities/2919310573
21.11.2019|40.16|01:59:30|233|0|0|0|0||0|0|20.2|45.4|0|0|0|0|0|0|1,009|10|02:25:53|Garmin Edge 1030|https://www.strava.com/activities/2919309156
20.11.2019|66.98|02:18:24|520|0|0|0|0||0|0|29|60.5|91|200|0|0|0|0|1,544|4|02:18:24|Garmin Edge 1030|https://www.strava.com/activities/2919308632
19.11.2019|47.19|02:12:39|237|0|0|0|0||0|0|21.3|48.6|0|0|0|0|0|0|1,224|10|02:32:29|Garmin Edge 1030|https://www.strava.com/activities/2919307371
18.11.2019|62.39|02:00:18|387|0|0|0|0||0|0|31.1|49.3|97|173|0|0|0|0|1,425|4|02:02:46|Garmin Edge 1030|https://www.strava.com/activities/2919306650
14.11.2019|43.86|01:59:30|252|0|0|0|0||0|0|22|45.4|0|0|0|0|0|0|1,178|11|02:24:10|Garmin Edge 1030|https://www.strava.com/activities/2919305837
13.11.2019|26.14|01:25:50|188|0|0|0|0||0|0|18.3|43.6|0|0|0|0|0|0|793|6|01:38:51|Garmin Edge 1030|https://www.strava.com/activities/2919305006
26.11.2019|67.38|02:10:28|344|0|0|0|0||0|0|31|55.4|92|177|0|0|0|0|1,451|7|02:12:52|Garmin Edge 1030|https://www.strava.com/activities/2919313289
31.12.2019|183.64|06:04:36|2996|0|0|0|0||0|0|30.2|74.9|87|200|0|0|0|0|5,201|8|06:32:31|Garmin Edge 1030|https://www.strava.com/activities/2970737984
29.12.2019|169.14|05:56:57|3176|0|0|0|0||0|0|28.4|69.1|79|182|0|0|0|0|4,856|9|06:14:29|Garmin Edge 1030|https://www.strava.com/activities/2969466863
28.12.2019|142.4|04:59:35|2560|0|0|0|0||0|0|28.5|69.8|86|200|0|0|0|0|4,185|9|05:04:06|Garmin Edge 1030|https://www.strava.com/activities/2969466012
12.12.2019|135.43|04:16:41|2222|0|0|0|0||0|0|31.7|79.2|85|150|0|0|0|0|3,507|10|04:32:22|Garmin Edge 1030|https://www.strava.com/activities/2961585369
11.12.2019|19.98|00:41:20|272|0|0|0|0||0|0|29|61.6|82|155|0|0|0|0|490|13|00:46:07|Garmin Edge 1030|https://www.strava.com/activities/2938869301
27.12.2019|121.58|04:02:36|1698|0|0|0|0||0|0|30.1|73.4|86|143|0|0|0|0|3,082|13|04:20:18|Garmin Edge 1030|https://www.strava.com/activities/2961639903
18.12.2019|105.37|03:25:35|1773|0|0|0|0||0|0|30.8|93.6|85|140|0|0|0|0|2,856|11|03:35:08|Garmin Edge 1030|https://www.strava.com/activities/2961637533
17.12.2019|158.39|05:06:22|2641|0|0|0|0||0|0|31|70.2|79|170|0|0|0|0|3,919|11|05:23:14|Garmin Edge 1030|https://www.strava.com/activities/2961635647
16.12.2019|142.64|03:50:46|1381|0|0|0|0||0|0|37.1|78.1|90|140|0|0|0|0|3,432|11|04:21:54|Garmin Edge 1030|https://www.strava.com/activities/2961588917
14.12.2019|159.61|04:52:17|2056|0|0|0|0||0|0|32.8|79.9|88|195|0|0|0|0|4,326|15|05:18:18|Garmin Edge 1030|https://www.strava.com/activities/2961588036
13.12.2019|123.2|04:10:23|2110|0|0|0|0||0|0|29.5|86.4|84|148|0|0|0|0|3,204|14|04:28:21|Garmin Edge 1030|https://www.strava.com/activities/2961586652
10.12.2019|136.23|04:09:46|1436|0|0|0|0||0|0|32.7|84.6|91|200|0|0|0|0|2,917|14|04:35:51|Garmin Edge 1030|https://www.strava.com/activities/2923834129
09.12.2019|118.7|03:47:10|2279|0|0|0|0||0|0|31.4|79.9|90|200|0|0|0|0|3,094|14|03:58:12|Garmin Edge 1030|https://www.strava.com/activities/2923354939
08.12.2019|103.74|03:11:30|1425|0|0|0|0||0|0|32.5|75.2|89|144|0|0|0|0|2,301|13|03:18:17|Garmin Edge 1030|https://www.strava.com/activities/2920613397
10.01.2020|98.78|03:16:51|497|0|0|0|0||0|0|30.1|61.6|90|185|0|0|0|0|2,269|4|03:20:39|Garmin Edge 1030|https://www.strava.com/activities/3018204738
03.01.2020|69.87|02:20:29|777|0|0|0|0||0|0|29.8|76|83|166|0|0|0|0|1,745|5|02:21:59|Garmin Edge 1030|https://www.strava.com/activities/2995462434
29.01.2020|73.96|02:15:29|345|0|0|0|0||0|0|32.8|65.2|87|195|0|0|0|0|1,674|26|02:33:48|Garmin Edge 1030|https://www.strava.com/activities/3052445791
26.01.2020|153.08|03:39:43|1610|0|0|0|0||0|0|41.8|88.9|87|194|0|0|0|0|3,573|25|03:40:07|Garmin Edge 1030|https://www.strava.com/activities/3052445552
25.01.2020|148.57|03:34:30|1617|0|0|0|0||0|0|41.6|83.5|87|199|0|0|0|0|3,248|25|03:34:56|Garmin Edge 1030|https://www.strava.com/activities/3040719603
24.01.2020|152.88|03:29:30|1448|0|0|0|0||0|0|43.8|96.1|87|153|0|0|0|0|2,763|22|03:29:53|Garmin Edge 1030|https://www.strava.com/activities/3038380698
23.01.2020|130.41|03:20:28|2096|0|0|0|0||0|0|39|83.5|87|146|0|0|0|0|2,872|16|03:20:54|Garmin Edge 1030|https://www.strava.com/activities/3038344006
22.01.2020|134.87|03:26:45|2040|0|0|0|0||0|0|39.1|85|88|173|0|0|0|0|2,930|25|03:27:30|Garmin Edge 1030|https://www.strava.com/activities/3032633370
21.01.2020|149.92|03:28:13|1136|0|0|0|0||0|0|43.2|76.3|88|176|0|0|0|0|2,675|29|03:28:39|Garmin Edge 1030|https://www.strava.com/activities/3029642360
20.01.2020|42.49|01:18:50|83|0|0|0|0||0|0|32.3|47.2|81|200|0|0|0|0|679|18|02:15:57|Garmin Edge 1030|https://www.strava.com/activities/3029642080
19.01.2020|44.01|00:58:43|74|0|0|0|0||0|0|45|65.2|94|129|0|0|0|0|1,109|15|00:59:16|Garmin Edge 1030|https://www.strava.com/activities/3026811780
19.01.2020|48.81|01:31:52|94|0|0|0|0||0|0|31.9|58.7|85|183|0|0|0|0|871|19|02:23:03|Garmin Edge 1030|https://www.strava.com/activities/3023514302
17.01.2020|117.81|03:51:25|1943|0|0|0|0||0|0|30.5|72.4|84|200|0|0|0|0|2,909|18|04:12:43|Garmin Edge 1030|https://www.strava.com/activities/3018205910
16.01.2020|140.95|04:14:30|2114|0|0|0|0||0|0|33.2|82.8|85|200|0|0|0|0|3,576|18|04:40:25|Garmin Edge 1030|https://www.strava.com/activities/3018205585
15.01.2020|90.49|03:01:50|1489|0|0|0|0||0|0|29.9|74.2|85|200|0|0|0|0|2,333|28|03:19:51|Garmin Edge 1030|https://www.strava.com/activities/3018205208
14.01.2020|67.85|02:16:49|771|0|0|0|0||0|0|29.8|69.5|86|200|0|0|0|0|1,511|34|02:29:02|Garmin Edge 1030|https://www.strava.com/activities/3018204959
13.01.2020|56.43|01:51:03|113|0|0|0|0||0|0|30.5|43.6|0|0|0|0|0|0|1,969|30|02:40:21|Garmin Edge 1030|https://www.strava.com/activities/3018204789
02.01.2020|109.69|03:26:21|1136|0|0|0|0||0|0|31.9|75.2|84|200|0|0|0|0|2,234|10|03:34:35|Garmin Edge 1030|https://www.strava.com/activities/2995461763
10.01.2020|98.78|03:16:51|497|0|0|0|0||0|0|30.1|61.6|90|185|0|0|0|0|2,269|4|03:20:39|Garmin Edge 1030|https://www.strava.com/activities/3018204738
03.01.2020|69.87|02:20:29|777|0|0|0|0||0|0|29.8|76|83|166|0|0|0|0|1,745|5|02:21:59|Garmin Edge 1030|https://www.strava.com/activities/2995462434
29.01.2020|73.96|02:15:29|345|0|0|0|0||0|0|32.8|65.2|87|195|0|0|0|0|1,674|26|02:33:48|Garmin Edge 1030|https://www.strava.com/activities/3052445791
26.01.2020|153.08|03:39:43|1610|0|0|0|0||0|0|41.8|88.9|87|194|0|0|0|0|3,573|25|03:40:07|Garmin Edge 1030|https://www.strava.com/activities/3052445552
25.01.2020|148.57|03:34:30|1617|0|0|0|0||0|0|41.6|83.5|87|199|0|0|0|0|3,248|25|03:34:56|Garmin Edge 1030|https://www.strava.com/activities/3040719603
24.01.2020|152.88|03:29:30|1448|0|0|0|0||0|0|43.8|96.1|87|153|0|0|0|0|2,763|22|03:29:53|Garmin Edge 1030|https://www.strava.com/activities/3038380698
23.01.2020|130.41|03:20:28|2096|0|0|0|0||0|0|39|83.5|87|146|0|0|0|0|2,872|16|03:20:54|Garmin Edge 1030|https://www.strava.com/activities/3038344006
22.01.2020|134.87|03:26:45|2040|0|0|0|0||0|0|39.1|85|88|173|0|0|0|0|2,930|25|03:27:30|Garmin Edge 1030|https://www.strava.com/activities/3032633370
21.01.2020|149.92|03:28:13|1136|0|0|0|0||0|0|43.2|76.3|88|176|0|0|0|0|2,675|29|03:28:39|Garmin Edge 1030|https://www.strava.com/activities/3029642360
20.01.2020|42.49|01:18:50|83|0|0|0|0||0|0|32.3|47.2|81|200|0|0|0|0|679|18|02:15:57|Garmin Edge 1030|https://www.strava.com/activities/3029642080
19.01.2020|44.01|00:58:43|74|0|0|0|0||0|0|45|65.2|94|129|0|0|0|0|1,109|15|00:59:16|Garmin Edge 1030|https://www.strava.com/activities/3026811780
19.01.2020|48.81|01:31:52|94|0|0|0|0||0|0|31.9|58.7|85|183|0|0|0|0|871|19|02:23:03|Garmin Edge 1030|https://www.strava.com/activities/3023514302
17.01.2020|117.81|03:51:25|1943|0|0|0|0||0|0|30.5|72.4|84|200|0|0|0|0|2,909|18|04:12:43|Garmin Edge 1030|https://www.strava.com/activities/3018205910
16.01.2020|140.95|04:14:30|2114|0|0|0|0||0|0|33.2|82.8|85|200|0|0|0|0|3,576|18|04:40:25|Garmin Edge 1030|https://www.strava.com/activities/3018205585
15.01.2020|90.49|03:01:50|1489|0|0|0|0||0|0|29.9|74.2|85|200|0|0|0|0|2,333|28|03:19:51|Garmin Edge 1030|https://www.strava.com/activities/3018205208
14.01.2020|67.85|02:16:49|771|0|0|0|0||0|0|29.8|69.5|86|200|0|0|0|0|1,511|34|02:29:02|Garmin Edge 1030|https://www.strava.com/activities/3018204959
13.01.2020|56.43|01:51:03|113|0|0|0|0||0|0|30.5|43.6|0|0|0|0|0|0|1,969|30|02:40:21|Garmin Edge 1030|https://www.strava.com/activities/3018204789
02.01.2020|109.69|03:26:21|1136|0|0|0|0||0|0|31.9|75.2|84|200|0|0|0|0|2,234|10|03:34:35|Garmin Edge 1030|https://www.strava.com/activities/2995461763
loaded urls in 1.05:23:31.4169768
