date|distance|mov_time|elevation|relativeEffort|avg_power_weig|work_total|training_load|intensity|estAvgPower|energyOutput|avg_speed|max_speed|avg_cadence|max_cadence|avg_heartRate|max_heartRate|avg_power|max_power|avg_calories|avg_temperature|avg_elap_time|bicycle_model|url
31.12.2018|27.42|00:55:58|34|0|189|627|0||0|0|29.4|38.9|83|97|0|0|187|329|699|2|00:56:51|Garmin Edge 1030|https://www.strava.com/activities/2049244025
30.12.2018|182.35|06:01:08|1912|0|251|0|0||0|0|30.3|64.4|84|119|0|0|0|681||7|06:14:07|Garmin Edge 1030|https://www.strava.com/activities/2045076131
29.12.2018|142.65|05:16:58|2984|0|273|0|0||0|0|27|67.7|73|112|0|0|0|465||6|05:23:58|Garmin Edge 1030|https://www.strava.com/activities/2042847907
28.12.2018|138.66|03:57:39|486|0|267|0|0||0|0|35|55.1|90|115|0|0|0|605||7|04:03:57|Garmin Edge 1030|https://www.strava.com/activities/2040110246
27.12.2018|33.59|01:00:41|44|0|214|0|0||0|0|33.2|40|91|106|0|0|0|436||6|01:04:16|Garmin Edge 1030|https://www.strava.com/activities/2040108437
11.12.2018|88.17|03:00:20|1212|0|0|0|0||0|0|29.3|63.7|83|129|0|0|0|0||2|03:03:26|Garmin Edge 1030|https://www.strava.com/activities/2012297710
10.12.2018|112.8|03:40:58|1857|0|0|0|0||0|0|30.6|61.6|86|122|0|0|0|0||6|03:42:28|Garmin Edge 1030|https://www.strava.com/activities/2010681029
06.12.2018|118.21|03:58:02|1404|0|246|0|0||0|0|29.8|66.6|89|123|0|0|0|607||6|03:59:53|Garmin Edge 1030|https://www.strava.com/activities/2003497535
04.12.2018|87.93|03:01:15|1401|0|0|0|0||0|0|29.1|70.2|84|127|0|0|0|0||7|03:01:57|Garmin Edge 1030|https://www.strava.com/activities/1999696326
20.12.2018|126.78|04:00:11|2062|0|0|0|0||0|0|31.7|72.4|81|118|0|0|0|0||10|04:07:01|Garmin Edge 1030|https://www.strava.com/activities/2026439040
19.12.2018|162.07|04:33:25|1443|0|0|0|0||0|0|35.6|67|80|112|0|0|0|0||15|05:00:40|Garmin Edge 1030|https://www.strava.com/activities/2025126279
18.12.2018|174.59|05:15:40|3105|0|0|0|0||0|0|33.2|68|82|120|0|0|0|0||10|05:33:21|Garmin Edge 1030|https://www.strava.com/activities/2024030284
16.12.2018|158.98|04:46:52|2822|0|267|0|0||0|0|33.3|77|79|127|0|0|0|1010||14|04:57:36|Garmin Edge 1030|https://www.strava.com/activities/2020276527
15.12.2018|163|05:05:15|1913|0|0|0|0||0|0|32|70.6|86|125|0|0|0|0||13|05:28:48|Garmin Edge 1030|https://www.strava.com/activities/2018440134
14.12.2018|141.51|04:32:55|2179|0|0|0|0||0|0|31.1|70.9|83|124|0|0|0|0||11|05:48:16|Garmin Edge 1030|https://www.strava.com/activities/2016855501
13.12.2018|124.14|04:00:13|1048|0|0|0|0||0|0|31|58|85|116|0|0|0|0||9|04:09:55|Garmin Edge 1030|https://www.strava.com/activities/2015450164
12.12.2018|30.57|01:00:14|426|0|229|0|0||0|0|30.5|60.5|85|114|0|0|0|536||13|01:02:08|Garmin Edge 1030|https://www.strava.com/activities/2013828169
31.12.2018|27.42|00:55:58|34|0|189|627|0||0|0|29.4|38.9|83|97|0|0|187|329|699|2|00:56:51|Garmin Edge 1030|https://www.strava.com/activities/2049244025
30.12.2018|182.35|06:01:08|1912|0|251|0|0||0|0|30.3|64.4|84|119|0|0|0|681||7|06:14:07|Garmin Edge 1030|https://www.strava.com/activities/2045076131
29.12.2018|142.65|05:16:58|2984|0|273|0|0||0|0|27|67.7|73|112|0|0|0|465||6|05:23:58|Garmin Edge 1030|https://www.strava.com/activities/2042847907
28.12.2018|138.66|03:57:39|486|0|267|0|0||0|0|35|55.1|90|115|0|0|0|605||7|04:03:57|Garmin Edge 1030|https://www.strava.com/activities/2040110246
27.12.2018|33.59|01:00:41|44|0|214|0|0||0|0|33.2|40|91|106|0|0|0|436||6|01:04:16|Garmin Edge 1030|https://www.strava.com/activities/2040108437
11.12.2018|88.17|03:00:20|1212|0|0|0|0||0|0|29.3|63.7|83|129|0|0|0|0||2|03:03:26|Garmin Edge 1030|https://www.strava.com/activities/2012297710
10.12.2018|112.8|03:40:58|1857|0|0|0|0||0|0|30.6|61.6|86|122|0|0|0|0||6|03:42:28|Garmin Edge 1030|https://www.strava.com/activities/2010681029
06.12.2018|118.21|03:58:02|1404|0|246|0|0||0|0|29.8|66.6|89|123|0|0|0|607||6|03:59:53|Garmin Edge 1030|https://www.strava.com/activities/2003497535
04.12.2018|87.93|03:01:15|1401|0|0|0|0||0|0|29.1|70.2|84|127|0|0|0|0||7|03:01:57|Garmin Edge 1030|https://www.strava.com/activities/1999696326
20.12.2018|126.78|04:00:11|2062|0|0|0|0||0|0|31.7|72.4|81|118|0|0|0|0||10|04:07:01|Garmin Edge 1030|https://www.strava.com/activities/2026439040
19.12.2018|162.07|04:33:25|1443|0|0|0|0||0|0|35.6|67|80|112|0|0|0|0||15|05:00:40|Garmin Edge 1030|https://www.strava.com/activities/2025126279
18.12.2018|174.59|05:15:40|3105|0|0|0|0||0|0|33.2|68|82|120|0|0|0|0||10|05:33:21|Garmin Edge 1030|https://www.strava.com/activities/2024030284
16.12.2018|158.98|04:46:52|2822|0|267|0|0||0|0|33.3|77|79|127|0|0|0|1010||14|04:57:36|Garmin Edge 1030|https://www.strava.com/activities/2020276527
15.12.2018|163|05:05:15|1913|0|0|0|0||0|0|32|70.6|86|125|0|0|0|0||13|05:28:48|Garmin Edge 1030|https://www.strava.com/activities/2018440134
14.12.2018|141.51|04:32:55|2179|0|0|0|0||0|0|31.1|70.9|83|124|0|0|0|0||11|05:48:16|Garmin Edge 1030|https://www.strava.com/activities/2016855501
13.12.2018|124.14|04:00:13|1048|0|0|0|0||0|0|31|58|85|116|0|0|0|0||9|04:09:55|Garmin Edge 1030|https://www.strava.com/activities/2015450164
12.12.2018|30.57|01:00:14|426|0|229|0|0||0|0|30.5|60.5|85|114|0|0|0|536||13|01:02:08|Garmin Edge 1030|https://www.strava.com/activities/2013828169
30.03.2018|44.75|01:28:03|551|0|0|0|0||0|0|30.5|47.9|87|115|0|0|0|0||3|01:48:24|Garmin Edge 1000|https://www.strava.com/activities/1520636329
16.03.2018|97.57|03:03:34|1215|0|0|0|0||0|0|31.9|56.9|89|122|0|0|0|0||6|03:03:34|Garmin Edge 1000|https://www.strava.com/activities/1520632005
15.03.2018|94.42|03:00:08|1394|0|0|0|0||0|0|31.5|59.8|89|146|0|0|0|0||7|03:01:41|Garmin Edge 1000|https://www.strava.com/activities/1520631238
14.03.2018|63.65|01:56:23|576|0|0|0|0||0|0|32.8|61.6|91|123|0|0|0|0||6|01:59:50|Garmin Edge 1000|https://www.strava.com/activities/1520630846
13.03.2018|35.45|01:07:51|343|0|0|0|0||0|0|31.4|54.7|90|116|0|0|0|0||5|01:08:39|Garmin Edge 1000|https://www.strava.com/activities/1520630604
12.03.2018|0|00:00:00|0|0|0|0|0||0|0|0.7|0.7|0|0|0|0|0|0||0|00:00:01|Garmin Edge 1000|https://www.strava.com/activities/1520630367
12.03.2018|44.85|01:30:35|549|0|0|0|0||0|0|29.7|49.3|89|122|0|0|0|0||7|01:30:35|Garmin Edge 1000|https://www.strava.com/activities/1520630475
05.03.2018|47.77|01:24:25|547|0|0|0|0||0|0|34|62.6|89|138|0|0|0|0||3|01:24:48|Garmin Edge 1000|https://www.strava.com/activities/1437235400
03.03.2018|98.4|02:56:10|940|0|0|0|0||0|0|33.5|70.6|91|142|0|0|0|0||3|02:56:10|Garmin Edge 1000|https://www.strava.com/activities/1433778470
31.03.2018|89.56|02:55:52|1213|0|0|0|0||0|0|30.6|62.3|83|129|0|0|0|0||1|03:00:28|Garmin Edge 1000|https://www.strava.com/activities/1520636685
25.03.2018|153.81|03:33:49|1981|0|0|0|0||0|0|43.2|77.4|86|135|0|0|0|0||10|03:42:58|Garmin Edge 1000|https://www.strava.com/activities/1520636495
24.03.2018|116.08|02:35:57|814|0|0|0|0||0|0|44.7|88.6|88|141|0|0|0|0||3|02:38:02|Garmin Edge 1000|https://www.strava.com/activities/1520635908
23.03.2018|199.78|05:11:07|3095|0|0|0|0||0|0|38.5|88.9|83|183|0|0|0|0||13|05:21:27|Garmin Edge 1000|https://www.strava.com/activities/1520635740
22.03.2018|166.38|04:26:25|3547|0|0|0|0||0|0|37.5|83.2|81|137|0|0|0|0||9|04:27:10|Garmin Edge 1000|https://www.strava.com/activities/1520634780
21.03.2018|148.57|04:10:36|2653|0|0|0|0||0|0|35.6|76.3|84|134|0|0|0|0||8|04:14:15|Garmin Edge 1000|https://www.strava.com/activities/1520634413
20.03.2018|174.38|04:39:30|2120|0|0|0|0||0|0|37.4|81.7|82|136|0|0|0|0||12|04:42:04|Garmin Edge 1000|https://www.strava.com/activities/1520633541
19.03.2018|151.59|03:39:07|1655|0|0|0|0||0|0|41.5|75.6|87|147|0|0|0|0||13|03:39:33|Garmin Edge 1000|https://www.strava.com/activities/1520633123
18.03.2018|52.44|01:43:34|792|0|0|0|0||0|0|30.4|55.8|82|130|0|0|0|0||12|01:44:02|Garmin Edge 1000|https://www.strava.com/activities/1520632368
10.03.2018|69.22|02:15:21|970|0|0|0|0||0|0|30.7|63.4|82|119|0|0|0|0||7|02:18:24|Garmin Edge 1000|https://www.strava.com/activities/1445190180
09.03.2018|168.45|06:06:10|3691|0|0|0|0||0|0|27.6|69.8|80|136|0|0|0|0||12|06:54:49|Garmin Edge 1000|https://www.strava.com/activities/1444279963
08.03.2018|102.69|03:35:38|2168|0|0|0|0||0|0|28.6|67|80|138|0|0|0|0||13|03:56:10|Garmin Edge 1000|https://www.strava.com/activities/1442919194
07.03.2018|157.5|05:23:12|3256|0|0|0|0||0|0|29.2|61.9|77|130|0|0|0|0||12|05:49:52|Garmin Edge 1000|https://www.strava.com/activities/1441187984
06.03.2018|137.22|04:18:31|1915|0|0|0|0||0|0|31.8|65.5|86|147|0|0|0|0||8|04:29:33|Garmin Edge 1000|https://www.strava.com/activities/1439019707
19.04.2018|32.56|01:10:38|182|0|0|0|0||0|0|27.7|63.7|0|0|0|0|0|0||26|01:41:27|Garmin Edge 1000|https://www.strava.com/activities/1520638995
15.04.2018|43.34|01:18:45|474|0|0|0|0||0|0|33|52.9|93|117|0|0|0|0||9|01:19:06|Garmin Edge 1000|https://www.strava.com/activities/1509867743
12.04.2018|55.27|01:43:36|544|0|0|0|0||0|0|32|52.6|90|123|0|0|0|0||9|01:43:36|Garmin Edge 1000|https://www.strava.com/activities/1520640305
09.04.2018|33.32|01:05:20|157|0|0|0|0||0|0|30.6|46.1|91|132|0|0|0|0||11|01:05:20|Garmin Edge 1000|https://www.strava.com/activities/1520639454
06.04.2018|40.53|01:15:22|453|0|0|0|0||0|0|32.3|64.8|92|144|0|0|0|0||9|01:31:52|Garmin Edge 1000|https://www.strava.com/activities/1520639033
05.04.2018|147.61|04:43:40|2359|0|0|0|0||0|0|31.2|69.1|89|139|0|0|0|0||7|04:45:58|Garmin Edge 1000|https://www.strava.com/activities/1490633423
03.04.2018|159.49|04:47:51|2221|0|0|0|0||0|0|33.2|80.6|90|131|0|0|0|0||7|05:06:46|Garmin Edge 1000|https://www.strava.com/activities/1487734735
02.04.2018|130.25|03:35:43|1774|0|0|0|0||0|0|36.2|76.7|90|126|0|0|0|0||8|03:39:18|Garmin Edge 1000|https://www.strava.com/activities/1485534252
01.04.2018|65.8|02:02:53|558|0|0|0|0||0|0|32.1|52.6|91|116|0|0|0|0||5|02:02:53|Garmin Edge 1000|https://www.strava.com/activities/1520636889
28.04.2018|147.62|04:21:09|3409|0|0|0|0||0|0|33.9|90|83|145|0|0|0|0||23|04:21:09|Garmin Edge 1000|https://www.strava.com/activities/1537089493
22.04.2018|256.39|06:35:42|3971|0|0|0|0||0|0|38.9|84.2|83|150|0|0|0|0||25|06:36:27|Garmin Edge 1000|https://www.strava.com/activities/1526496410
20.04.2018|79.59|02:45:28|1374|0|0|0|0||0|0|28.9|71.6|77|127|0|0|0|0||23|02:51:05|Garmin Edge 1000|https://www.strava.com/activities/1520639545
18.04.2018|170.45|04:18:08|2565|0|0|0|0||0|0|39.6|85|87|164|0|0|0|0||25|04:19:30|Garmin Edge 1000|https://www.strava.com/activities/1520642581
17.04.2018|54.67|01:49:32|829|0|0|0|0||0|0|30|69.5|82|137|0|0|0|0||16|01:53:51|Garmin Edge 1000|https://www.strava.com/activities/1520641482
14.04.2018|189.38|04:43:27|2513|0|0|0|0||0|0|40.1|84.2|86|141|0|0|0|0||17|04:43:49|Garmin Edge 1000|https://www.strava.com/activities/1520641101
10.04.2018|197.58|04:57:08|1252|0|0|0|0||0|0|39.9|76.7|87|137|0|0|0|0||10|04:57:08|Garmin Edge 1000|https://www.strava.com/activities/1520640356
31.05.2018|44.32|01:24:32|495|0|0|0|0||0|0|31.5|64.4|0|0|0|0|0|0|1,375|15|01:24:32|Garmin Edge 1000|https://www.strava.com/activities/1645900317
30.05.2018|115.08|02:42:31|1035|0|0|0|0||0|0|42.5|70.6|94|135|0|0|0|0||16|03:01:17|Garmin Edge 1000|https://www.strava.com/activities/1606313465
28.05.2018|39.84|01:21:51|462|0|0|0|0||0|0|29.2|50.4|91|126|0|0|0|0|865|16|01:23:56|Garmin Edge 1000|https://www.strava.com/activities/1645900059
26.05.2018|183.8|06:33:15|4525|0|0|0|0||0|0|28|74.5|81|152|0|0|0|0||18|07:51:46|Garmin Edge 1000|https://www.strava.com/activities/1599796574
21.05.2018|15.09|00:36:16|324|0|0|0|0||0|0|25|50.4|80|116|0|0|0|0|351|24|00:37:58|Garmin Edge 1000|https://www.strava.com/activities/1645898501
15.05.2018|5.09|00:27:11|90|0|0|0|0||0|0|11.2|26.3|0|0|0|0|0|0|||00:27:16||https://www.strava.com/activities/1573844543
14.05.2018|156.6|05:00:07|2085|0|0|0|0||0|0|31.3|64.4|81|188|0|0|0|0||12|05:05:41|Garmin Edge 1000|https://www.strava.com/activities/1571268412
12.05.2018|95.59|02:58:10|904|0|0|0|0||0|0|32.2|64.4|93|147|0|0|0|0||7|02:58:10|Garmin Edge 1000|https://www.strava.com/activities/1566589005
10.05.2018|80|02:30:18|962|0|0|0|0||0|0|31.9|56.9|93|127|0|0|0|0||10|02:36:50|Garmin Edge 1000|https://www.strava.com/activities/1562873871
25.05.2018|154.29|05:12:01|6548|0|0|0|0||0|0|29.7|75.6|80|160|0|0|0|0||18|05:25:09|Garmin Edge 1000|https://www.strava.com/activities/1599796895
24.05.2018|162.92|05:57:04|4004|0|0|0|0||0|0|27.4|71.6|83|160|0|0|0|0||16|06:23:41|Garmin Edge 1000|https://www.strava.com/activities/1599796776
23.05.2018|100.78|03:29:52|2078|0|0|0|0||0|0|28.8|69.8|76|142|0|0|0|0||18|03:47:18|Garmin Edge 1000|https://www.strava.com/activities/1599796726
22.05.2018|103.92|03:18:45|2012|0|0|0|0||0|0|31.4|79.6|85|138|0|0|0|0||20|03:33:55|Garmin Edge 1000|https://www.strava.com/activities/1599797352
11.05.2018|123.23|04:03:32|1779|0|0|0|0||0|0|30.4|63|87|119|0|0|0|0||13|04:07:15|Garmin Edge 1000|https://www.strava.com/activities/1564207466
28.06.2018|66.95|02:00:21|299|0|0|0|0||0|0|33.4|64.1|0|0|0|0|0|0|2,297|30|02:05:31|Garmin Edge 1000|https://www.strava.com/activities/1667777727
23.06.2018|110.48|03:59:27|2695|0|0|0|0||0|0|27.7|79.6|86|125|0|0|0|0|3,001|17|04:06:14|Garmin Edge 1000|https://www.strava.com/activities/1656471956
21.06.2018|184.43|06:43:42|5034|0|0|0|0||0|0|27.4|77|85|124|0|0|0|0|5,149|22|07:21:39|Garmin Edge 1000|https://www.strava.com/activities/1652833327
19.06.2018|127.58|04:51:11|3501|0|0|0|0||0|0|26.3|70.9|84|123|0|0|0|0|3,537|20|04:58:28|Garmin Edge 1000|https://www.strava.com/activities/1648239704
18.06.2018|98.87|03:43:45|3012|0|0|0|0||0|0|26.5|72.7|83|119|0|0|0|0|2,954|18|03:49:52|Garmin Edge 1000|https://www.strava.com/activities/1646218349
06.06.2018|0|00:00:00|0|0|0|0|0||0|0|2.2|0.4|85|220|0|0|0|0|241|22|00:41:31|Garmin Edge 1000|https://www.strava.com/activities/1645902418
22.06.2018|69.16|02:36:42|1582|0|0|0|0||0|0|26.5|74.5|82|120|0|0|0|0|1,807|20|02:41:46|Garmin Edge 1000|https://www.strava.com/activities/1656471260
20.06.2018|32.85|01:24:25|875|0|0|0|0||0|0|23.3|68.4|78|139|0|0|0|0|852|22|01:45:01|Garmin Edge 1000|https://www.strava.com/activities/1650249536
10.06.2018|132.56|03:52:32|3681|0|0|0|0||0|0|34.2|84.6|87|135|0|0|0|0|3,769|21|03:54:26|Garmin Edge 1000|https://www.strava.com/activities/1645904004
09.06.2018|107.86|03:48:45|3767|0|0|0|0||0|0|28.3|84.6|84|132|0|0|0|0|3,313|23|03:48:45|Garmin Edge 1000|https://www.strava.com/activities/1645903912
08.06.2018|129.59|03:21:55|2395|0|0|0|0||0|0|38.5|86|86|131|0|0|0|0|2,744|22|03:21:55|Garmin Edge 1000|https://www.strava.com/activities/1645903583
07.06.2018|179.06|04:41:05|3012|0|0|0|0||0|0|38.2|78.1|87|138|0|0|0|0|3,780|22|04:41:37|Garmin Edge 1000|https://www.strava.com/activities/1645903246
06.06.2018|34.61|00:40:00|173|0|0|0|0||0|0|51.9|76.3|101|130|0|0|0|0|687|22|00:40:00|Garmin Edge 1000|https://www.strava.com/activities/1645902502
05.06.2018|179.5|04:25:02|2211|0|0|0|0||0|0|40.6|86.8|90|132|0|0|0|0|3,003|22|04:25:18|Garmin Edge 1000|https://www.strava.com/activities/1645902570
04.06.2018|177.41|04:32:19|2612|0|0|0|0||0|0|39.1|83.2|87|152|0|0|0|0|3,072|17|04:33:19|Garmin Edge 1000|https://www.strava.com/activities/1645902300
02.06.2018|63.36|01:37:47|341|0|0|0|0||0|0|38.9|66.6|95|128|0|0|0|0|984|22|01:58:15|Garmin Edge 1000|https://www.strava.com/activities/1645900502
28.07.2018|30.83|00:44:11|577|0|0|0|0||0|0|41.9|83.5|100|131|0|0|0|0|866|20|00:44:11|Garmin Edge 1030|https://www.strava.com/activities/1769070106
28.07.2018|0.74|00:04:00|1|0|0|0|0||0|0|11.2|24.8|67|213|0|0|0|0|152|23|00:27:57|Garmin Edge 1030|https://www.strava.com/activities/1769070071
23.07.2018|30.22|01:11:29|286|0|0|0|0||0|0|25.4|52.2|83|120|0|0|0|0|554|29|01:12:32|Garmin Edge 1030|https://www.strava.com/activities/1769070360
22.07.2018|47.86|01:07:32|704|0|0|0|0||0|0|42.5|85|89|136|0|0|0|0|910|30|01:08:55|Garmin Edge 1030|https://www.strava.com/activities/1769070376
29.07.2018|115.44|02:53:37|817|0|0|0|0||0|0|39.9|85.7|86|187|0|0|0|0|1,899|27|02:54:05|Garmin Edge 1030|https://www.strava.com/activities/1769070370
27.07.2018|198.57|05:41:12|4658|0|0|0|0||0|0|34.9|91.1|88|200|0|0|0|0|4,950|28|05:41:30|Garmin Edge 1030|https://www.strava.com/activities/1769071150
26.07.2018|169.94|03:50:51|1299|0|0|0|0||0|0|44.2|88.6|89|159|0|0|0|0|2,768|34|03:52:36|Garmin Edge 1030|https://www.strava.com/activities/1769070383
25.07.2018|64.6|02:25:11|2935|0|0|0|0||0|0|26.7|93.6|86|158|0|0|0|0|2,415|27|02:25:11|Garmin Edge 1030|https://www.strava.com/activities/1769070678
24.07.2018|216.61|05:43:54|3316|0|0|0|0||0|0|37.8|92.9|87|148|0|0|0|0|4,540|28|05:54:28|Garmin Edge 1030|https://www.strava.com/activities/1769070939
21.07.2018|187.87|05:04:55|3020|0|0|0|0||0|0|37|92.2|86|160|0|0|0|0|3,530|28|05:05:11|Garmin Edge 1030|https://www.strava.com/activities/1769070846
20.07.2018|170.44|03:50:41|1115|0|0|0|0||0|0|44.3|95|89|191|0|0|0|0|2,604|31|03:51:02|Garmin Edge 1030|https://www.strava.com/activities/1769070817
19.07.2018|172.52|05:25:23|4895|0|0|0|0||0|0|31.8|90.4|86|168|0|0|0|0|4,721|32|05:25:45|Garmin Edge 1030|https://www.strava.com/activities/1769072828
18.07.2018|106.95|03:51:13|3708|0|0|0|0||0|0|27.8|87.8|82|141|0|0|0|0|3,287|32|03:51:34|Garmin Edge 1030|https://www.strava.com/activities/1769071354
17.07.2018|157.95|04:30:32|3710|0|0|0|0||0|0|35|94|88|170|0|0|0|0|4,022|26|04:30:32|Garmin Edge 1030|https://www.strava.com/activities/1769071517
14.07.2018|180.25|04:26:27|1350|0|0|0|0||0|0|40.6|75.6|89|160|0|0|0|0|2,842|30|04:26:45|Garmin Edge 1030|https://www.strava.com/activities/1769071027
13.07.2018|230.19|05:43:27|2413|0|0|0|0||0|0|40.2|81.4|87|163|0|0|0|0|3,620|27|05:44:03|Garmin Edge 1030|https://www.strava.com/activities/1769071204
12.07.2018|183.2|04:20:12|2035|0|0|0|0||0|0|42.2|92.2|90|154|0|0|0|0|2,977|27|04:20:30|Garmin Edge 1030|https://www.strava.com/activities/1769071175
11.07.2018|197.34|04:43:29|2779|0|0|0|0||0|0|41.8|88.2|90|148|0|0|0|0|3,405|27|04:47:30|Garmin Edge 1030|https://www.strava.com/activities/1769071191
31.08.2018|39.56|01:24:48|402|0|0|0|0||0|0|28|49|87|121|0|0|0|0|752|13|01:24:48|Garmin Edge 1030|https://www.strava.com/activities/1816721396
30.08.2018|202.41|05:56:33|2909|0|0|0|0||0|0|34.1|75.6|88|122|0|0|0|0|4,389|13|05:58:31|Garmin Edge 1030|https://www.strava.com/activities/1807663075
29.08.2018|80.1|02:34:44|834|0|0|0|0||0|0|31.1|53.3|89|120|0|0|0|0|1,692|13|02:35:00|Garmin Edge 1030|https://www.strava.com/activities/1805478755
25.08.2018|33.65|01:04:30|266|0|0|0|0||0|0|31.3|54.4|95|121|0|0|0|0|689|12|01:07:25|Garmin Edge 1030|https://www.strava.com/activities/1805478800
24.08.2018|74.67|02:21:51|665|0|0|0|0||0|0|31.6|55.8|95|137|0|0|0|0|1,670|14|02:22:30|Garmin Edge 1030|https://www.strava.com/activities/1805478891
23.08.2018|45.79|01:20:11|248|0|0|0|0||0|0|34.3|57.6|96|121|0|0|0|0|971|15|01:20:32|Garmin Edge 1030|https://www.strava.com/activities/2242458766
22.08.2018|89.77|02:55:02|965|0|0|0|0||0|0|30.8|67|90|117|0|0|0|0|1,880|14|02:56:20|Garmin Edge 1030|https://www.strava.com/activities/1789722791
21.08.2018|134.31|04:14:44|2037|0|0|0|0||0|0|31.6|64.8|92|146|0|0|0|0|3,085|17|04:17:01|Garmin Edge 1030|https://www.strava.com/activities/1787219860
20.08.2018|92.82|02:54:07|1210|0|0|0|0||0|0|32|61.6|94|122|0|0|0|0|2,257|16|02:58:29|Garmin Edge 1030|https://www.strava.com/activities/1785105266
19.08.2018|11.02|01:49:17|0|0|0|0|0||0|0|0|0|0|0|0|0|0|0|||00:00:00||https://www.strava.com/activities/1782922783
16.08.2018|84.54|02:53:55|1356|0|0|0|0||0|0|29.2|60.5|82|118|0|0|0|0|2,031|14|02:53:55|Garmin Edge 1030|https://www.strava.com/activities/1778169329
15.08.2018|120.5|03:56:26|1539|0|0|0|0||0|0|30.6|67|89|145|0|0|0|0|2,643|15|04:00:25|Garmin Edge 1030|https://www.strava.com/activities/1773833946
14.08.2018|94.23|02:56:42|1504|0|0|0|0||0|0|32|68.4|91|126|0|0|0|0|2,314|14|02:57:59|Garmin Edge 1030|https://www.strava.com/activities/1771057850
01.08.2018|25.37|00:52:46|183|0|0|0|0||0|0|28.8|49.7|90|115|0|0|0|0|547|19|00:52:46|Garmin Edge 1030|https://www.strava.com/activities/1769070067
26.08.2018|255.67|06:19:19|2267|0|0|0|0||0|0|40.4|74.9|89|161|0|0|0|0|4,359|16|06:20:26|Garmin Edge 1030|https://www.strava.com/activities/1805479094
17.08.2018|155.79|04:59:40|2030|0|0|0|0||0|0|31.2|81.7|88|128|0|0|0|0|3,660|14|05:03:51|Garmin Edge 1030|https://www.strava.com/activities/1778169377
13.08.2018|72|02:10:15|571|0|0|0|0||0|0|33.2|60.5|91|118|0|0|0|0|1,644|16|02:16:19|Garmin Edge 1030|https://www.strava.com/activities/1769063451
04.08.2018|179.17|05:02:55|2885|0|0|0|0||0|0|35.5|92.9|83|159|0|0|0|0|3,295|31|05:03:45|Garmin Edge 1030|https://www.strava.com/activities/1769070512
03.08.2018|27.06|01:13:39|393|0|0|0|0||0|0|22.1|65.9|72|144|0|0|0|0|504|29|01:18:14|Garmin Edge 1030|https://www.strava.com/activities/1769070056
01.08.2018|89.51|02:12:56|1145|0|0|0|0||0|0|40.4|65.9|83|141|0|0|0|0|1,613|19|02:12:56|Garmin Edge 1030|https://www.strava.com/activities/1769070088
29.09.2018|121.57|03:47:06|1804|0|0|0|0||0|0|32.1|64.1|87|120|0|0|0|0|2,766|10|03:48:10|Garmin Edge 1030|https://www.strava.com/activities/1872973766
03.09.2018|27.65|01:02:37|179|0|0|0|0||0|0|26.5|43.9|0|0|0|0|0|0|1,249|27|01:34:40|Garmin Edge 1030|https://www.strava.com/activities/1816721327
28.09.2018|111.56|03:29:19|1153|0|0|0|0||0|0|32|74.2|84|132|0|0|0|0|2,436|14|03:44:33|Garmin Edge 1030|https://www.strava.com/activities/1870869108
06.09.2018|35.81|01:23:25|246|0|0|0|0||0|0|25.8|51.8|82|132|0|0|0|0|600|19|02:14:03|Garmin Edge 1030|https://www.strava.com/activities/2242474844
05.09.2018|100.74|03:01:06|641|0|0|0|0||0|0|33.4|74.5|87|149|0|0|0|0|1,629|18|03:14:20|Garmin Edge 1030|https://www.strava.com/activities/2242473991
02.09.2018|205.06|04:53:41|2290|0|0|0|0||0|0|41.9|78.5|89|186|0|0|0|0|6,166|23|04:58:12|Garmin Edge 1030|https://www.strava.com/activities/1816721635
01.10.2018|185.88|05:18:57|1586|0|0|0|0||0|0|35|64.4|90|135|0|0|0|0|3,890|12|05:38:10|Garmin Edge 1030|https://www.strava.com/activities/1877727763
30.11.2018|7.12|00:59:39|0|0|0|0|0||0|0|0|0|0|0|0|0|0|0|||00:00:00||https://www.strava.com/activities/1992350557
29.11.2018|72.75|02:29:33|1007|0|0|0|0||0|0|29.2|55.4|0|0|0|0|0|0|3,933|7|02:30:25|Garmin Edge 1030|https://www.strava.com/activities/1991452847
28.11.2018|11.85|01:00:44|0|0|0|0|0||0|0|0|0|0|0|0|0|0|0|||00:00:00||https://www.strava.com/activities/1989123550
22.11.2018|16.72|01:31:39|0|0|0|0|0||0|0|0|0|0|0|0|0|0|0|||00:00:00||https://www.strava.com/activities/1978450140
20.11.2018|10.31|00:57:06|0|0|0|0|0||0|0|0|0|0|0|0|0|0|0|||00:00:00||https://www.strava.com/activities/1975241406
16.11.2018|6.55|00:59:32|0|0|0|0|0||0|0|0|0|0|0|0|0|0|0|||00:00:00||https://www.strava.com/activities/1967961751
30.12.2018|158.79|05:00:00|2107|0|0|0|0||0|0|31.8|60.5|94|129|0|0|0|0|3,896|5|05:01:55|Garmin Edge 1030|https://www.strava.com/activities/2044763202
28.12.2018|121.32|03:59:22|1957|0|0|0|0||0|0|30.4|68|82|136|0|0|0|0|3,224|3|04:18:40|Garmin Edge 1030|https://www.strava.com/activities/2040172666
26.12.2018|97.18|03:07:30|1183|0|0|0|0||0|0|31.1|74.5|0|0|0|0|0|0|5,023|1|03:10:35|Garmin Edge 1030|https://www.strava.com/activities/2040180465
10.12.2018|90.62|02:58:05|713|0|0|0|0||0|0|30.5|51.5|0|0|0|0|0|0|4,566|5|03:00:23|Garmin Edge 1030|https://www.strava.com/activities/2012178886
09.12.2018|103.3|03:37:48|1523|0|0|0|0||0|0|28.5|56.2|0|0|0|0|0|0|5,643|7|03:39:38|Garmin Edge 1030|https://www.strava.com/activities/2012178896
07.12.2018|57.52|01:43:01|515|0|0|0|0||0|0|33.5|56.9|0|0|0|0|0|0|2,963|7|01:43:01|Garmin Edge 1030|https://www.strava.com/activities/2004625421
06.12.2018|12.38|00:59:59|0|0|0|0|0||0|0|0|0|0|0|0|0|0|0|||00:00:00||https://www.strava.com/activities/2002996477
05.12.2018|93.3|03:05:20|1052|0|0|0|0||0|0|30.2|69.5|0|0|0|0|0|0|4,741|10|03:06:17|Garmin Edge 1030|https://www.strava.com/activities/2001626386
31.12.2018|121.78|03:59:58|1552|0|0|0|0||0|0|30.4|82.8|82|123|0|0|0|0|2,937|6|04:03:35|Garmin Edge 1030|https://www.strava.com/activities/2049981688
27.12.2018|125.67|04:00:12|1116|0|0|0|0||0|0|31.4|60.1|0|0|0|0|0|0|6,394|3|04:08:10|Garmin Edge 1030|https://www.strava.com/activities/2040180487
24.12.2018|120.8|03:56:24|1642|0|0|0|0||0|0|30.7|70.6|0|0|0|0|0|0|6,376|7|04:00:59|Garmin Edge 1030|https://www.strava.com/activities/2040180553
20.12.2018|111.06|03:26:39|1767|0|0|0|0||0|0|32.2|75.2|87|152|0|0|0|0|2,289|11|03:36:34|Garmin Edge 1030|https://www.strava.com/activities/2040180784
19.12.2018|141.29|03:54:35|1148|0|0|0|0||0|0|36.1|74.5|90|148|0|0|0|0|4,046|16|04:24:16|Garmin Edge 1030|https://www.strava.com/activities/2040180897
18.12.2018|143.29|04:42:36|3104|0|0|0|0||0|0|30.4|76.3|87|151|0|0|0|0|3,311|10|04:59:02|Garmin Edge 1030|https://www.strava.com/activities/2040181687
17.12.2018|22.02|00:49:10|301|0|0|0|0||0|0|26.9|61.6|86|159|0|0|0|0|431|17|01:21:13|Garmin Edge 1030|https://www.strava.com/activities/2040180736
16.12.2018|158.9|04:45:33|2819|0|0|0|0||0|0|33.4|77|89|171|0|0|0|0|3,199|14|04:58:44|Garmin Edge 1030|https://www.strava.com/activities/2040181517
15.12.2018|130.93|04:01:37|1395|0|0|0|0||0|0|32.5|67.3|86|200|0|0|0|0|2,456|15|04:16:26|Garmin Edge 1030|https://www.strava.com/activities/2040181313
14.12.2018|94.04|03:04:03|1421|0|0|0|0||0|0|30.7|65.2|87|167|0|0|0|0|2,046|9|04:48:04|Garmin Edge 1030|https://www.strava.com/activities/2040181438
13.12.2018|118.61|03:46:52|1258|0|0|0|0||0|0|31.4|61.9|89|200|0|0|0|0|2,352|9|03:57:59|Garmin Edge 1030|https://www.strava.com/activities/2040181409
01.12.2018|16.62|01:03:28|0|0|0|0|0||0|0|0|0|0|0|0|0|0|0|||00:00:00|Garmin Edge 1030|https://www.strava.com/activities/1994375174
31.01.2019|56|01:57:08|1179|0|0|0|0||0|0|28.7|81|88|135|0|0|0|0|1,134|16|02:01:26|Garmin Edge 1030|https://www.strava.com/activities/2126044177
30.01.2019|50.44|02:00:01|1320|0|0|0|0||0|0|25.2|69.5|84|120|0|0|0|0|1,143|14|02:00:46|Garmin Edge 1030|https://www.strava.com/activities/2126044321
09.01.2019|152.51|04:59:24|2211|0|0|0|0||0|0|30.6|64.4|88|125|0|0|0|0|3,871|3|05:00:03|Garmin Edge 1030|https://www.strava.com/activities/2066543986
08.01.2019|0.28|00:14:33|0|0|0|0|0||0|0|1.2|3.6|100|155|0|0|0|0|488|11|00:58:45|Garmin Edge 1030|https://www.strava.com/activities/2242507828
06.01.2019|90.24|03:00:02|1398|0|0|0|0||0|0|30.1|59.4|82|127|0|0|0|0|2,180|1|03:01:01|Garmin Edge 1030|https://www.strava.com/activities/2059459450
04.01.2019|92.06|02:59:58|891|0|0|0|0||0|0|30.7|54.4|92|125|0|0|0|0|2,188|1|03:03:17|Garmin Edge 1030|https://www.strava.com/activities/2055355019
03.01.2019|61.32|02:01:21|910|0|0|0|0||0|0|30.3|52.2|93|125|0|0|0|0|1,484|1|02:01:21|Garmin Edge 1030|https://www.strava.com/activities/2055355001
26.01.2019|182.23|06:15:29|4274|0|0|0|0||0|0|29.1|80.3|86|176|0|0|0|0|4,463|11|06:27:47|Garmin Edge 1030|https://www.strava.com/activities/2105013166
25.01.2019|85.01|03:01:15|2286|0|0|0|0||0|0|28.1|76.3|78|178|0|0|0|0|2,216|11|03:16:09|Garmin Edge 1030|https://www.strava.com/activities/2105012368
24.01.2019|146.2|05:05:59|3709|0|0|0|0||0|0|28.7|80.6|86|159|0|0|0|0|3,628|10|05:25:53|Garmin Edge 1030|https://www.strava.com/activities/2105012270
23.01.2019|61.18|01:40:40|575|0|0|0|0||0|0|36.5|74.9|85|145|0|0|0|0|777|14|02:43:17|Garmin Edge 1030|https://www.strava.com/activities/2105011619
22.01.2019|112.96|03:51:23|2555|0|0|0|0||0|0|29.3|71.3|83|189|0|0|0|0|2,848|12|04:02:37|Garmin Edge 1030|https://www.strava.com/activities/2105012119
21.01.2019|107.1|03:38:09|2739|0|0|0|0||0|0|29.5|73.1|88|200|0|0|0|0|2,660|11|03:44:00|Garmin Edge 1030|https://www.strava.com/activities/2105011893
20.01.2019|78.5|02:45:55|1981|0|0|0|0||0|0|28.4|73.1|87|171|0|0|0|0|1,928|11|02:59:24|Garmin Edge 1030|https://www.strava.com/activities/2105011997
19.01.2019|53.31|01:53:41|1082|0|0|0|0||0|0|28.1|84.2|86|153|0|0|0|0|1,069|11|01:58:34|Garmin Edge 1030|https://www.strava.com/activities/2105011494
18.01.2019|52.45|02:30:25|2371|0|0|0|0||0|0|20.9|62.6|80|167|0|0|0|0|1,928|11|02:31:37|Garmin Edge 1030|https://www.strava.com/activities/2105011898
05.01.2019|155.69|04:59:58|1746|0|0|0|0||0|0|31.1|56.9|92|137|0|0|0|0|3,743|1|05:03:32|Garmin Edge 1030|https://www.strava.com/activities/2057206195
20.02.2019|95.07|02:57:32|841|0|0|0|0||0|0|32.1|61.9|91|123|0|0|0|0|3,631|6|03:06:29|Garmin Edge 1030|https://www.strava.com/activities/2242534611
19.02.2019|35.47|01:13:37|280|0|0|0|0||0|0|28.9|53.6|86|125|0|0|0|0|732|8|01:13:37|Garmin Edge 1030|https://www.strava.com/activities/2242533329
18.02.2019|0.15|00:08:56|0|0|0|0|0||0|0|1|3.6|99|120|0|0|0|0|294|10|00:20:01|Garmin Edge 1030|https://www.strava.com/activities/2242532718
14.02.2019|8.88|00:10:48|7|0|0|0|0||0|0|49.4|56.5|104|122|0|0|0|0|233|13|00:10:48|Garmin Edge 1030|https://www.strava.com/activities/2242525404
14.02.2019|0|00:00:00|0|0|0|0|0||0|0|0.2|0.4|0|0|0|0|0|0||0|00:00:09|Garmin Edge 1030|https://www.strava.com/activities/2242525262
14.02.2019|0.02|00:00:00|0|0|0|0|0||0|0|5.3|0.7|96|200|0|0|0|0|300|16|00:21:09|Garmin Edge 1030|https://www.strava.com/activities/2242525166
11.02.2019|162.17|04:59:59|1747|0|0|0|0||0|0|32.4|60.1|93|140|0|0|0|0|3,690|6|05:06:59|Garmin Edge 1030|https://www.strava.com/activities/2138971610
10.02.2019|84.37|02:41:04|1322|0|0|0|0||0|0|31.4|70.6|92|130|0|0|0|0|2,411|5|02:43:28|Garmin Edge 1030|https://www.strava.com/activities/2137376454
09.02.2019|133.57|04:02:19|1527|0|0|0|0||0|0|33.1|57.2|93|132|0|0|0|0|3,101|5|04:02:54|Garmin Edge 1030|https://www.strava.com/activities/2137376569
08.02.2019|79.4|02:30:03|866|0|0|0|0||0|0|31.7|62.6|93|122|0|0|0|0|1,876|8|02:30:03|Garmin Edge 1030|https://www.strava.com/activities/2132026061
07.02.2019|66.06|02:00:04|986|0|0|0|0||0|0|33|70.6|93|124|0|0|0|0|1,764|5|02:00:04|Garmin Edge 1030|https://www.strava.com/activities/2130016520
05.02.2019|61.43|02:00:09|682|0|0|0|0||0|0|30.7|51.5|94|123|0|0|0|0|1,432|9|02:01:56|Garmin Edge 1030|https://www.strava.com/activities/2126043837
03.02.2019|55.39|01:24:41|336|0|0|0|0||0|0|39.3|77.8|84|149|0|0|0|0|594|12|01:25:40|Garmin Edge 1030|https://www.strava.com/activities/2126043987
02.02.2019|88.58|03:04:37|1955|0|0|0|0||0|0|28.8|79.6|87|150|0|0|0|0|1,919|10|03:10:57|Garmin Edge 1030|https://www.strava.com/activities/2126044119
26.02.2019|178.35|04:43:36|1309|0|0|0|0||0|0|37.7|70.6|86|200|0|0|0|0|2,465|28|04:44:48|Garmin Edge 1030|https://www.strava.com/activities/2242538877
25.02.2019|183.36|04:36:41|476|0|0|0|0||0|0|39.8|70.9|89|189|0|0|0|0|2,778|27|04:36:41|Garmin Edge 1030|https://www.strava.com/activities/2174815430
24.02.2019|16.05|00:17:16|25|0|0|0|0||0|0|55.8|72.7|104|126|0|0|0|0|351|27|00:17:51|Garmin Edge 1030|https://www.strava.com/activities/2174815196
24.02.2019|21.75|00:40:51|67|0|0|0|0||0|0|32|50.4|92|200|0|0|0|0|309|27|00:40:51|Garmin Edge 1030|https://www.strava.com/activities/2242536085
23.02.2019|83.58|02:00:22|94|0|0|0|0||0|0|41.7|68.4|93|123|0|0|0|0|1,311|22|02:27:01|Garmin Edge 1030|https://www.strava.com/activities/2242536095
22.02.2019|86.32|02:31:02|244|0|0|0|0||0|0|34.3|60.1|90|200|0|0|0|0|1,530|25|02:41:49|Garmin Edge 1030|https://www.strava.com/activities/2242535372
17.02.2019|162.59|03:53:59|2320|0|0|0|0||0|0|41.7|88.2|93|154|0|0|0|0|3,238|13|03:54:16|Garmin Edge 1030|https://www.strava.com/activities/2242533017
16.02.2019|165.97|04:07:07|2275|0|0|0|0||0|0|40.3|80.3|91|165|0|0|0|0|3,348|15|04:25:30|Garmin Edge 1030|https://www.strava.com/activities/2242530032
15.02.2019|186.67|04:46:30|2583|0|0|0|0||0|0|39.1|88.6|91|160|0|0|0|0|3,541|14|04:52:42|Garmin Edge 1030|https://www.strava.com/activities/2242528481
13.02.2019|69.51|01:55:17|76|0|0|0|0||0|0|36.2|56.5|94|176|0|0|0|0|1,243|8|02:06:51|Garmin Edge 1030|https://www.strava.com/activities/2242525261
01.02.2019|98.29|03:17:50|1887|0|0|0|0||0|0|29.8|82.4|82|147|0|0|0|0|1,736|15|03:31:27|Garmin Edge 1030|https://www.strava.com/activities/2126044336
31.03.2019|1.92|00:04:34|7|0|0|0|0||0|0|25.3|55.4|92|114|0|0|0|0|35|12|00:04:34|Garmin Edge 1030|https://www.strava.com/activities/2412441078
30.03.2019|175.65|06:06:16|3693|0|0|0|0||0|0|28.8|70.2|87|122|0|0|0|0|4,741|14|06:21:35|Garmin Edge 1030|https://www.strava.com/activities/2252110182
29.03.2019|140|04:50:58|2796|0|0|0|0||0|0|28.9|76.7|86|180|0|0|0|0|3,541|13|04:56:57|Garmin Edge 1030|https://www.strava.com/activities/2249694998
28.03.2019|35.17|01:24:36|262|0|0|0|0||0|0|24.9|51.1|87|124|0|0|0|0|665|15|01:28:21|Garmin Edge 1030|https://www.strava.com/activities/2249692846
18.03.2019|124.47|03:57:59|1901|0|0|0|0||0|0|31.4|65.2|0|0|0|0|0|0|6,768|5|04:00:13|Garmin Edge 1030|https://www.strava.com/activities/2222186355
11.03.2019|63.9|02:00:07|811|0|0|0|0||0|0|31.9|63.4|0|0|0|0|0|0|3,402|2|5.20:37:56|Garmin Edge 1030|https://www.strava.com/activities/2222186328
27.03.2019|136.51|04:45:07|2436|0|0|0|0||0|0|28.7|103.3|85|134|0|0|0|0|3,324|15|05:10:35|Garmin Edge 1030|https://www.strava.com/activities/2244562473
26.03.2019|207.05|07:14:53|4202|0|0|0|0||0|0|28.6|103.3|82|145|0|0|0|0|5,200|13|07:54:04|Garmin Edge 1030|https://www.strava.com/activities/2242588896
25.03.2019|133.94|04:42:20|2777|0|0|0|0||0|0|28.5|73.4|76|130|0|0|0|0|3,580|13|05:35:43|Garmin Edge 1030|https://www.strava.com/activities/2242588846
30.04.2019|3.95|00:05:31|47|0|0|0|0||0|0|43|66.2|95|119|0|0|0|0|128|18|00:05:31|Garmin Edge 130|https://www.strava.com/activities/2331666635
21.04.2019|82.16|02:38:34|1204|0|0|0|0||0|0|31.1|54.7|88|160|0|0|0|0|1,864|15|02:38:34|Garmin Edge 1030|https://www.strava.com/activities/2412460880
19.04.2019|200.01|05:08:43|2051|0|0|0|0||0|0|38.9|72.4|94|132|0|0|0|0|4,157|21|05:36:17|Garmin Edge 1030|https://www.strava.com/activities/2302478807
19.04.2019|48.73|00:04:19|13|0|0|0|0||0|0|677.4|49.3|95|115|0|0|0|0|56|17|00:04:59|Garmin Edge 1030|https://www.strava.com/activities/2412457811
18.04.2019|90.2|02:54:27|1234|0|0|0|0||0|0|31|52.9|92|126|0|0|0|0|2,037|14|03:00:11|Garmin Edge 1030|https://www.strava.com/activities/2298906722
17.04.2019|79.15|02:29:43|726|0|0|0|0||0|0|31.7|56.2|95|148|0|0|0|0|1,722|12|02:30:02|Garmin Edge 1030|https://www.strava.com/activities/2412457090
16.04.2019|59.52|01:59:41|585|0|0|0|0||0|0|29.8|49.3|93|121|0|0|0|0|1,288|10|02:00:02|Garmin Edge 1030|https://www.strava.com/activities/2412456128
08.04.2019|11.2|00:18:41|282|0|0|0|0||0|0|36|85.7|95|135|0|0|0|0|355|9|00:19:07|Garmin Edge 1030|https://www.strava.com/activities/2275120159
08.04.2019|0.13|00:07:48|0|0|0|0|0||0|0|1|5|102|200|0|0|0|0|291|9|00:22:24|Garmin Edge 1030|https://www.strava.com/activities/2412443618
05.04.2019|60.93|01:56:21|563|0|0|0|0||0|0|31.4|51.1|93|138|0|0|0|0|1,431|4|01:56:21|Garmin Edge 1030|https://www.strava.com/activities/2412443746
04.04.2019|83.86|02:30:05|1144|0|0|0|0||0|0|33.5|61.6|93|122|0|0|0|0|2,195|6|02:30:31|Garmin Edge 1030|https://www.strava.com/activities/2265066121
03.04.2019|40.43|01:06:20|273|0|0|0|0||0|0|36.6|62.3|0|0|0|0|0|0|2,012|3|01:06:20|Garmin Edge 1030|https://www.strava.com/activities/2412441920
02.04.2019|41.57|01:26:38|383|0|0|0|0||0|0|28.8|56.5|92|134|0|0|0|0|869|7|01:32:18|Garmin Edge 1030|https://www.strava.com/activities/2412441604
28.04.2019|253.77|06:37:06|1963|0|0|0|0||0|0|38.3|82.8|89|200|0|0|0|0|5,203|4|06:38:39|Garmin Edge 1030|https://www.strava.com/activities/2412465600
13.04.2019|37.99|01:40:09|2653|0|0|0|0||0|0|22.8|71.3|91|184|0|0|0|0|3,028|20|03:01:23|Garmin Edge 1030|https://www.strava.com/activities/2412455090
12.04.2019|147.48|03:47:19|3085|0|0|0|0||0|0|38.9|84.6|89|200|0|0|0|0|3,586|16|03:47:19|Garmin Edge 1030|https://www.strava.com/activities/2412452934
11.04.2019|162.46|04:07:01|972|0|0|0|0||0|0|39.5|86.8|90|200|0|0|0|0|3,148|6|04:08:43|Garmin Edge 1030|https://www.strava.com/activities/2412449792
10.04.2019|189.84|04:47:31|2507|0|0|0|0||0|0|39.6|90.4|89|200|0|0|0|0|3,420|12|04:48:17|Garmin Edge 1030|https://www.strava.com/activities/2412448696
09.04.2019|147.72|03:29:00|1898|0|0|0|0||0|0|42.4|86|91|200|0|0|0|0|2,984|14|03:29:42|Garmin Edge 1030|https://www.strava.com/activities/2412445300
21.05.2019|118.44|04:41:47|3540|0|0|0|0||0|0|25.2|73.1|81|160|0|0|0|0|3,434|11|05:09:11|Garmin Edge 1030|https://www.strava.com/activities/2385489133
19.05.2019|109.24|04:00:43|3017|0|0|0|0||0|0|27.2|68.8|84|120|146|179|0|0|3,111|9|04:03:55|Garmin Edge 1030|https://www.strava.com/activities/2380276183
18.05.2019|98.64|03:30:16|2433|0|0|0|0||0|0|28.1|69.8|87|132|0|0|0|0|2,687|9|03:37:18|Garmin Edge 1030|https://www.strava.com/activities/2377125467
17.05.2019|72.51|02:42:40|1835|0|0|0|0||0|0|26.7|62.3|85|122|0|0|0|0|1,975|9|02:46:04|Garmin Edge 1030|https://www.strava.com/activities/2374960070
16.05.2019|49.83|01:58:57|1482|0|0|0|0||0|0|25.1|63.4|86|128|0|0|0|0|1,476|12|02:02:06|Garmin Edge 1030|https://www.strava.com/activities/2412470613
15.05.2019|41.15|01:32:23|889|0|0|0|0||0|0|26.7|65.9|88|117|0|0|0|0|1,010|10|01:33:45|Garmin Edge 1030|https://www.strava.com/activities/2412469905
14.05.2019|61.95|01:59:41|805|0|0|0|0||0|0|31.1|65.2|93|119|0|0|0|0|1,413|13|03:55:01|Garmin Edge 1030|https://www.strava.com/activities/2412469309
10.05.2019|4.07|00:54:07|0|0|0|0|0||0|0|0|0|0|0|0|0|0|0|||00:00:00||https://www.strava.com/activities/2422351005
05.05.2019|16.7|00:21:07|183|0|0|0|0||0|0|47.4|80.3|99|122|0|0|0|0|458|11|00:21:35|Garmin Edge 130|https://www.strava.com/activities/2344964322
31.05.2019|166.84|05:19:12|3919|0|0|0|0||0|0|31.4|106.9|86|200|0|0|0|0|4,117|18|05:40:01|Garmin Edge 1030|https://www.strava.com/activities/2412486884
30.05.2019|151.11|04:18:32|1666|0|0|0|0||0|0|35.1|83.5|89|154|0|0|0|0|2,936|19|04:50:36|Garmin Edge 1030|https://www.strava.com/activities/2412484825
29.05.2019|66.27|01:30:39|192|0|0|0|0||0|0|43.9|62.6|96|200|0|0|0|0|1,153|16|01:42:30|Garmin Edge 1030|https://www.strava.com/activities/2412483282
27.05.2019|51.3|02:11:58|1308|0|0|0|0||0|0|23.3|73.8|80|130|0|0|0|0|1,370|12|02:44:18|Garmin Edge 1030|https://www.strava.com/activities/2412482833
26.05.2019|139.84|04:15:18|2897|0|0|0|0||0|0|32.9|81.7|84|175|136|179|0|0|3,350|12|04:37:27|Garmin Edge 1030|https://www.strava.com/activities/2399000962
25.05.2019|141.03|05:02:56|4181|0|0|0|0||0|0|27.9|83.9|84|144|145|194|0|0|4,223|12|05:22:14|Garmin Edge 1030|https://www.strava.com/activities/2396203148
23.05.2019|163.98|06:00:01|4372|0|0|0|0||0|0|27.3|78.1|84|200|0|0|0|0|4,700|19|06:34:56|Garmin Edge 1030|https://www.strava.com/activities/2390913516
22.05.2019|139.81|04:59:48|3335|0|0|0|0||0|0|28|113.4|79|160|0|0|0|0|3,586|14|05:29:28|Garmin Edge 1030|https://www.strava.com/activities/2388148717
04.05.2019|106.94|02:42:43|1761|0|0|0|0||0|0|39.4|78.8|91|171|0|0|0|0|2,439|7|02:42:43|Garmin Edge 1030|https://www.strava.com/activities/2412468826
03.05.2019|159.05|03:50:44|2598|0|0|0|0||0|0|41.4|90.7|90|200|0|0|0|0|3,020|10|06:04:48|Garmin Edge 1030|https://www.strava.com/activities/2412467640
02.05.2019|173.68|04:11:38|1506|0|0|0|0||0|0|41.4|88.6|90|200|0|0|0|0|3,056|8|04:12:02|Garmin Edge 1030|https://www.strava.com/activities/2412466376
28.06.2019|82.61|02:30:10|822|0|0|0|0||0|0|33|55.8|99|138|0|0|0|0|1,900|19|02:38:25|Garmin Edge 1030|https://www.strava.com/activities/2686317484
26.06.2019|89.99|02:55:40|1478|0|0|0|0||0|0|30.7|73.8|96|130|0|0|0|0|2,080|18|02:57:22|Garmin Edge 1030|https://www.strava.com/activities/2686316534
25.06.2019|168.04|05:30:09|2466|0|0|0|0||0|0|30.5|69.8|90|151|0|0|0|0|3,909|14|05:38:54|Garmin Edge 1030|https://www.strava.com/activities/2479279076
22.06.2019|158.32|04:59:50|2259|0|0|0|0||0|0|31.7|67.7|93|125|0|0|0|0|3,512|19|05:04:00|Garmin Edge 1030|https://www.strava.com/activities/2471290506
21.06.2019|131.71|03:49:43|1386|0|0|0|0||0|0|34.4|79.9|93|155|0|0|0|0|4,406|13|03:56:43|Garmin Edge 1030|https://www.strava.com/activities/2468097101
12.06.2019|26.22|00:36:31|365|0|0|0|0||0|0|43.1|74.5|101|130|0|0|0|0|694|21|00:37:39|Garmin Edge 130|https://www.strava.com/activities/2446126282
08.06.2019|52.77|01:47:02|1182|0|0|0|0||0|0|29.6|74.2|88|130|0|0|0|0|1,319|15|01:50:51|Garmin Edge 1030|https://www.strava.com/activities/2471271164
07.06.2019|71.43|02:02:43|836|0|0|0|0||0|0|34.9|56.5|98|135|0|0|0|0|1,784|10|02:03:21|Garmin Edge 1030|https://www.strava.com/activities/2430725032
05.06.2019|103.22|03:22:54|1727|0|0|0|0||0|0|30.5|70.6|92|138|0|0|0|0|2,431|10|03:24:44|Garmin Edge 1030|https://www.strava.com/activities/2430724490
04.06.2019|73.16|02:27:51|1009|0|0|0|0||0|0|29.7|62.6|0|0|0|0|0|0|||02:27:51||https://www.strava.com/activities/2422351358
03.06.2019|62.94|01:59:12|1001|0|0|0|0||0|0|31.7|77.8|93|125|0|0|0|0|1,470|14|02:03:15|Garmin Edge 1030|https://www.strava.com/activities/2419765223
30.06.2019|234.86|05:32:37|2977|0|0|0|0||0|0|42.4|78.8|94|200|0|0|0|0|4,601|26|05:33:46|Garmin Edge 1030|https://www.strava.com/activities/2493593095
29.06.2019|52.84|01:37:43|404|0|0|0|0||0|0|32.4|67|90|168|0|0|0|0|725|31|01:38:23|Garmin Edge 1030|https://www.strava.com/activities/2686317871
16.06.2019|112.45|03:08:30|2778|0|0|0|0||0|0|35.8|91.8|88|200|0|0|0|0|2,581|24|03:08:30|Garmin Edge 1030|https://www.strava.com/activities/2471287502
15.06.2019|131.49|04:16:30|3309|0|0|0|0||0|0|30.8|92.9|84|147|0|0|0|0|3,746|17|04:16:30|Garmin Edge 1030|https://www.strava.com/activities/2471285958
14.06.2019|227.16|06:19:46|2996|0|0|0|0||0|0|35.9|89.3|85|173|0|0|0|0|4,367|19|06:20:49|Garmin Edge 1030|https://www.strava.com/activities/2471283325
13.06.2019|199.35|04:59:51|2067|0|0|0|0||0|0|39.9|85.7|88|199|0|0|0|0|3,315|26|05:00:49|Garmin Edge 1030|https://www.strava.com/activities/2471280503
11.06.2019|176.05|04:14:00|874|0|0|0|0||0|0|41.6|81.7|91|161|0|0|0|0|2,620|8|04:15:34|Garmin Edge 1030|https://www.strava.com/activities/2471277684
10.06.2019|178.72|04:18:11|2009|0|0|0|0||0|0|41.5|84.6|92|200|0|0|0|0|3,895|9|04:18:11|Garmin Edge 1030|https://www.strava.com/activities/2471275773
09.06.2019|141.17|03:24:16|2429|0|0|0|0||0|0|41.5|89.3|92|173|0|0|0|0|2,781|12|03:24:33|Garmin Edge 1030|https://www.strava.com/activities/2471274090
16.07.2019|0.06|00:02:05|0|0|0|0|0||0|0|1.8|1.8|107|171|0|0|0|0|298|29|00:30:34|Garmin Edge 1030|https://www.strava.com/activities/2686337709
06.07.2019|192.58|04:23:59|1619|0|0|0|0||0|0|43.8|85.3|91|158|0|0|0|0|2,920|27|04:23:59|Garmin Edge 1030|https://www.strava.com/activities/2513868976
20.07.2019|116.09|03:25:00|3175|0|0|0|0||0|0|34|87.5|92|200|0|0|0|0|3,117|27|03:25:00|Garmin Edge 1030|https://www.strava.com/activities/3728842947
17.07.2019|166.07|03:50:52|1775|0|0|0|0||0|0|43.2|87.5|91|200|0|0|0|0|2,725|32|03:51:33|Garmin Edge 1030|https://www.strava.com/activities/2686339589
15.07.2019|215.83|04:51:24|2936|0|0|0|0||0|0|44.4|95.8|90|180|0|0|0|0|3,835|29|04:51:53|Garmin Edge 1030|https://www.strava.com/activities/2686337710
13.07.2019|198.5|05:00:22|3723|0|0|0|0||0|0|39.7|93.6|90|200|0|0|0|0|4,185|30|05:23:04|Garmin Edge 1030|https://www.strava.com/activities/2686335821
12.07.2019|229.23|06:01:25|2385|0|0|0|0||0|0|38.1|82.8|88|185|0|0|0|0|3,752|27|06:02:54|Garmin Edge 1030|https://www.strava.com/activities/2686334016
11.07.2019|159.3|04:30:51|3751|0|0|0|0||0|0|35.3|91.4|90|189|0|0|0|0|3,942|18|04:31:41|Garmin Edge 1030|https://www.strava.com/activities/2543800969
10.07.2019|173.96|04:02:21|2247|0|0|0|0||0|0|43.1|94.3|91|200|0|0|0|0|3,355|27|04:02:44|Garmin Edge 1030|https://www.strava.com/activities/2686329442
09.07.2019|212.85|05:08:43|1649|0|0|0|0||0|0|41.4|87.8|89|165|0|0|0|0|3,110|26|05:09:24|Garmin Edge 1030|https://www.strava.com/activities/2686327905
08.07.2019|213.64|04:41:09|2425|0|0|0|0||0|0|45.6|89.6|91|179|0|0|0|0|3,447|24|04:41:09|Garmin Edge 1030|https://www.strava.com/activities/2686325265
02.07.2019|62.93|01:55:46|839|0|0|0|0||0|0|32.6|67.3|89|130|0|0|0|0|1,360|17|01:56:49|Garmin Edge 1030|https://www.strava.com/activities/2686319983
27.09.2019|201.88|05:20:52|2151|0|0|0|0||0|0|37.8|74.5|92|156|0|0|0|0|4,198|11|05:26:56|Garmin Edge 1030|https://www.strava.com/activities/2743950745
26.09.2019|89.79|02:53:35|988|0|0|0|0||0|0|31|56.5|91|196|0|0|0|0|1,931|13|02:54:01|Garmin Edge 1030|https://www.strava.com/activities/2741526353
25.09.2019|119.82|04:01:20|2130|0|0|0|0||0|0|29.8|82.8|82|123|0|0|0|0|2,998|12|04:01:41|Garmin Edge 1030|https://www.strava.com/activities/2738630927
24.09.2019|106.59|03:24:25|865|0|0|0|0||0|0|31.3|68.4|89|128|0|0|0|0|2,399|13|03:25:38|Garmin Edge 1030|https://www.strava.com/activities/2738630828
11.09.2019|156.1|04:57:14|1871|0|0|0|0||0|0|31.5|64.4|93|128|0|0|0|0|3,559|12|05:08:13|Garmin Edge 1030|https://www.strava.com/activities/2699868709
08.09.2019|154.35|04:55:23|1787|0|0|0|0||0|0|31.4|57.6|92|140|0|0|0|0|3,564|15|05:19:03|Garmin Edge 1030|https://www.strava.com/activities/2691621890
07.09.2019|81.84|02:30:22|772|0|0|0|0||0|0|32.7|55.4|94|135|0|0|0|0|1,896|14|02:31:29|Garmin Edge 1030|https://www.strava.com/activities/2691621541
06.09.2019|121.98|04:03:32|1568|0|0|0|0||0|0|30.1|55.1|91|138|0|0|0|0|2,639|11|04:08:23|Garmin Edge 1030|https://www.strava.com/activities/2691621643
05.09.2019|90.6|02:59:18|1319|0|0|0|0||0|0|30.3|66.6|90|133|0|0|0|0|2,248|13|03:02:17|Garmin Edge 1030|https://www.strava.com/activities/2691621657
10.09.2019|84.82|02:25:26|1125|0|0|0|0||0|0|35|90|92|133|0|0|0|0|2,176|12|02:28:57|Garmin Edge 1030|https://www.strava.com/activities/2696770184
04.09.2019|62.54|02:02:18|781|0|0|0|0||0|0|30.7|58.3|91|123|0|0|0|0|2,461|13|02:02:42|Garmin Edge 1030|https://www.strava.com/activities/2691621388
09.10.2019|177.79|04:03:38|1291|0|0|0|0||0|0|43.8|76.3|93|150|0|0|0|0|3,153|11|04:04:31|Garmin Edge 1030|https://www.strava.com/activities/2776274126
25.11.2019|57.33|02:03:37|624|0|0|0|0||0|0|27.8|58.7|0|0|0|0|0|0|||02:03:37||https://www.strava.com/activities/2890349817
21.11.2019|7.76|00:59:51|0|0|0|0|0||0|0|0|0|0|0|0|0|0|0|||00:00:00||https://www.strava.com/activities/2880533056
18.11.2019|9.64|00:59:48|0|0|0|0|0||0|0|0|0|0|0|0|0|0|0|||00:00:00||https://www.strava.com/activities/2873483497
31.12.2019|82.79|02:45:16|1168|0|0|0|0||0|0|30.1|72.7|90|126|0|0|0|0|1,948|1|02:45:16|Garmin Edge 1030|https://www.strava.com/activities/2981501146
30.12.2019|155.99|05:00:15|1983|0|0|0|0||0|0|31.2|80.6|93|142|0|0|0|0|3,765|2|05:01:03|Garmin Edge 1030|https://www.strava.com/activities/2981501533
05.12.2019|8.68|00:37:43|0|0|0|0|0||0|0|0|0|0|0|0|0|0|0|||00:00:00||https://www.strava.com/activities/2912742824
18.12.2019|85.63|02:40:40|1418|0|0|0|0||0|0|32|67.3|85|160|0|0|0|0|1,585|11|02:47:30|Garmin Edge 1030|https://www.strava.com/activities/3027948256
17.12.2019|45.7|01:19:52|753|0|0|0|0||0|0|34.3|64.8|82|153|0|0|0|0|946|12|01:19:52|Garmin Edge 1030|https://www.strava.com/activities/3027946732
10.12.2019|123.69|03:43:15|1120|0|0|0|0||0|0|33.2|68.8|93|190|0|0|0|0|2,408|16|04:05:48|Garmin Edge 1000|https://www.strava.com/activities/2924260701
09.12.2019|118.75|03:46:16|2496|0|0|0|0||0|0|31.5|85.7|91|200|0|0|0|0|2,752|15|03:54:23|Garmin Edge 1000|https://www.strava.com/activities/2922062757
08.12.2019|100.52|03:17:23|1339|0|0|0|0||0|0|30.6|70.6|88|167|0|0|0|0|1,823|14|03:22:53|Garmin Edge 1000|https://www.strava.com/activities/2922064381
11.01.2020|3.97|00:36:48|0|0|0|0|0||0|0|0|0|0|0|0|0|0|0|||00:00:00|Garmin Edge 1030|https://www.strava.com/activities/3004058669
10.01.2020|169.39|05:29:09|2113|0|0|0|0||0|0|30.9|61.6|91|130|0|0|0|0|3,914|4|05:31:55|Garmin Edge 1030|https://www.strava.com/activities/2998675524
07.01.2020|95.48|02:59:40|1130|0|0|0|0||0|0|31.9|56.2|93|133|0|0|0|0|2,221|7|03:00:40|Garmin Edge 1030|https://www.strava.com/activities/2990149810
04.01.2020|148.93|05:02:35|2470|0|0|0|0||0|0|29.5|61.2|84|135|0|0|0|0|3,592|2|05:07:43|Garmin Edge 1030|https://www.strava.com/activities/2981501531
03.01.2020|120.27|03:55:48|1362|0|0|0|0||0|0|30.6|59.4|90|136|0|0|0|0|2,760|5|03:55:48|Garmin Edge 1030|https://www.strava.com/activities/2981501394
02.01.2020|78.5|02:32:48|1023|0|0|0|0||0|0|30.8|64.8|92|134|0|0|0|0|1,821|6|02:32:48|Garmin Edge 1030|https://www.strava.com/activities/2981501149
31.01.2020|142.04|04:46:21|3488|0|0|0|0||0|0|29.8|85|83|200|0|0|0|0|3,579|19|04:55:40|Garmin Edge 1030|https://www.strava.com/activities/3059387181
30.01.2020|78.73|02:42:09|1952|0|0|0|0||0|0|29.1|82.4|82|154|0|0|0|0|1,882|20|02:50:42|Garmin Edge 1030|https://www.strava.com/activities/3056519501
28.01.2020|168.31|05:45:17|4214|0|0|0|0||0|0|29.2|81.7|83|200|0|0|0|0|4,164|16|06:01:35|Garmin Edge 1030|https://www.strava.com/activities/3050928803
27.01.2020|142.91|04:42:58|3503|0|0|0|0||0|0|30.3|84.6|86|200|0|0|0|0|3,525|11|04:50:11|Garmin Edge 1030|https://www.strava.com/activities/3048081636
26.01.2020|128.89|04:28:41|3548|0|0|0|0||0|0|28.8|78.1|84|200|0|0|0|0|3,395|10|04:44:58|Garmin Edge 1030|https://www.strava.com/activities/3045425493
25.01.2020|26.33|00:57:32|451|0|0|0|0||0|0|27.5|73.4|88|136|0|0|0|0|455|12|00:57:32|Garmin Edge 1030|https://www.strava.com/activities/3042741946
24.01.2020|200.34|06:31:23|3593|0|0|0|0||0|0|30.7|73.1|86|200|0|0|0|0|4,299|12|06:55:28|Garmin Edge 1030|https://www.strava.com/activities/3039874716
23.01.2020|156.34|05:16:02|4059|0|0|0|0||0|0|29.7|81.7|86|200|0|0|0|0|4,046|9|05:32:46|Garmin Edge 1030|https://www.strava.com/activities/3036615827
21.01.2020|117.55|03:41:13|2257|0|0|0|0||0|0|31.9|77|82|200|0|0|0|0|2,549|8|03:54:32|Garmin Edge 1030|https://www.strava.com/activities/3030796071
20.01.2020|125.46|04:04:14|2988|0|0|0|0||0|0|30.8|83.9|88|200|0|0|0|0|2,995|13|04:08:52|Garmin Edge 1030|https://www.strava.com/activities/3027950444
19.01.2020|72.61|02:37:49|1910|0|0|0|0||0|0|27.6|85|87|160|0|0|0|0|1,843|16|02:43:30|Garmin Edge 1030|https://www.strava.com/activities/3025055283
18.01.2020|63.19|02:03:56|1134|0|0|0|0||0|0|30.6|103.7|88|163|0|0|0|0|1,276|14|02:09:10|Garmin Edge 1030|https://www.strava.com/activities/3022684832
11.01.2020|3.97|00:36:48|0|0|0|0|0||0|0|0|0|0|0|0|0|0|0|||00:00:00|Garmin Edge 1030|https://www.strava.com/activities/3004058669
10.01.2020|169.39|05:29:09|2113|0|0|0|0||0|0|30.9|61.6|91|130|0|0|0|0|3,914|4|05:31:55|Garmin Edge 1030|https://www.strava.com/activities/2998675524
07.01.2020|95.48|02:59:40|1130|0|0|0|0||0|0|31.9|56.2|93|133|0|0|0|0|2,221|7|03:00:40|Garmin Edge 1030|https://www.strava.com/activities/2990149810
04.01.2020|148.93|05:02:35|2470|0|0|0|0||0|0|29.5|61.2|84|135|0|0|0|0|3,592|2|05:07:43|Garmin Edge 1030|https://www.strava.com/activities/2981501531
03.01.2020|120.27|03:55:48|1362|0|0|0|0||0|0|30.6|59.4|90|136|0|0|0|0|2,760|5|03:55:48|Garmin Edge 1030|https://www.strava.com/activities/2981501394
02.01.2020|78.5|02:32:48|1023|0|0|0|0||0|0|30.8|64.8|92|134|0|0|0|0|1,821|6|02:32:48|Garmin Edge 1030|https://www.strava.com/activities/2981501149
31.01.2020|142.04|04:46:21|3488|0|0|0|0||0|0|29.8|85|83|200|0|0|0|0|3,579|19|04:55:40|Garmin Edge 1030|https://www.strava.com/activities/3059387181
30.01.2020|78.73|02:42:09|1952|0|0|0|0||0|0|29.1|82.4|82|154|0|0|0|0|1,882|20|02:50:42|Garmin Edge 1030|https://www.strava.com/activities/3056519501
28.01.2020|168.31|05:45:17|4214|0|0|0|0||0|0|29.2|81.7|83|200|0|0|0|0|4,164|16|06:01:35|Garmin Edge 1030|https://www.strava.com/activities/3050928803
27.01.2020|142.91|04:42:58|3503|0|0|0|0||0|0|30.3|84.6|86|200|0|0|0|0|3,525|11|04:50:11|Garmin Edge 1030|https://www.strava.com/activities/3048081636
26.01.2020|128.89|04:28:41|3548|0|0|0|0||0|0|28.8|78.1|84|200|0|0|0|0|3,395|10|04:44:58|Garmin Edge 1030|https://www.strava.com/activities/3045425493
25.01.2020|26.33|00:57:32|451|0|0|0|0||0|0|27.5|73.4|88|136|0|0|0|0|455|12|00:57:32|Garmin Edge 1030|https://www.strava.com/activities/3042741946
24.01.2020|200.34|06:31:23|3593|0|0|0|0||0|0|30.7|73.1|86|200|0|0|0|0|4,299|12|06:55:28|Garmin Edge 1030|https://www.strava.com/activities/3039874716
23.01.2020|156.34|05:16:02|4059|0|0|0|0||0|0|29.7|81.7|86|200|0|0|0|0|4,046|9|05:32:46|Garmin Edge 1030|https://www.strava.com/activities/3036615827
21.01.2020|117.55|03:41:13|2257|0|0|0|0||0|0|31.9|77|82|200|0|0|0|0|2,549|8|03:54:32|Garmin Edge 1030|https://www.strava.com/activities/3030796071
20.01.2020|125.46|04:04:14|2988|0|0|0|0||0|0|30.8|83.9|88|200|0|0|0|0|2,995|13|04:08:52|Garmin Edge 1030|https://www.strava.com/activities/3027950444
19.01.2020|72.61|02:37:49|1910|0|0|0|0||0|0|27.6|85|87|160|0|0|0|0|1,843|16|02:43:30|Garmin Edge 1030|https://www.strava.com/activities/3025055283
18.01.2020|63.19|02:03:56|1134|0|0|0|0||0|0|30.6|103.7|88|163|0|0|0|0|1,276|14|02:09:10|Garmin Edge 1030|https://www.strava.com/activities/3022684832
20.03.2020|57|02:02:18|748|0|0|0|0||0|0|28|55.4|0|0|0|0|0|0|3,047|5|52.00:55:55|Garmin Edge 1030|https://www.strava.com/activities/3482528914
31.03.2020|4.4|00:10:12|63|0|0|0|0||0|0|25.9|59.4|91|120|0|0|0|0|84||00:10:12|Zwift|https://www.strava.com/activities/3237419244
30.03.2020|50.04|01:15:54|544|0|0|0|0||0|0|39.6|69.5|97|162|0|0|0|0|1,221||01:15:54|Zwift|https://www.strava.com/activities/3234044948
29.03.2020|33.5|00:58:08|702|0|0|0|0||0|0|34.6|88.6|84|110|0|0|0|0|847||00:58:08|Zwift|https://www.strava.com/activities/3230520028
11.03.2020|62.12|02:01:40|591|0|0|0|0||0|0|30.6|56.5|88|129|0|0|0|0|1,419|14|02:03:09|Garmin Edge 1030|https://www.strava.com/activities/3707348425
07.03.2020|35.54|01:00:07|618|0|0|0|0||0|0|35.5|81|87|117|0|0|0|0|763||01:00:07|Zwift|https://www.strava.com/activities/3160790479
06.03.2020|31.55|00:57:08|565|0|0|0|0||0|0|33.1|84.2|96|122|0|0|0|0|743||00:59:45|Zwift|https://www.strava.com/activities/3158297130
05.03.2020|17.71|00:40:05|430|0|0|0|0||0|0|26.5|86|96|132|0|0|0|0|488||00:40:35|Zwift|https://www.strava.com/activities/3155482139
31.03.2020|22.06|00:32:05|175|0|0|0|0||0|0|41.3|59.8|96|129|0|0|0|0|602||00:32:05|Zwift|https://www.strava.com/activities/3237398147
27.03.2020|33.77|01:00:14|788|0|0|0|0||0|0|33.6|82.1|91|190|0|0|0|0|824||01:00:14|Zwift|https://www.strava.com/activities/3222970519
26.03.2020|38.83|01:01:47|387|0|0|0|0||0|0|37.7|72.4|85|111|0|0|0|0|960||01:01:47|Zwift|https://www.strava.com/activities/3219542223
25.03.2020|40.52|01:02:17|417|0|0|0|0||0|0|39|63|95|196|0|0|0|0|828||01:02:32|Zwift|https://www.strava.com/activities/3215858362
14.03.2020|61.67|01:58:59|770|0|0|0|0||0|0|31.1|69.5|87|165|0|0|0|0|1,758|8|02:03:13|Garmin Edge 1030|https://www.strava.com/activities/3707350087
12.03.2020|116.02|03:50:59|1694|0|0|0|0||0|0|30.1|72.7|86|143|0|0|0|0|2,947|6|1.06:10:40|Garmin Edge 1030|https://www.strava.com/activities/3707350347
30.04.2020|21.08|00:47:20|262|0|0|0|0||0|0|26.7|53.3|0|0|0|0|0|0|332||00:47:20|Zwift|https://www.strava.com/activities/3374342344
26.04.2020|31.26|00:56:38|686|0|0|0|0||0|0|33.1|85.7|0|0|0|0|0|0|706||01:00:05|Zwift|https://www.strava.com/activities/3354952780
22.04.2020|28.48|01:00:09|1058|0|0|0|0||0|0|28.4|74.2|92|171|0|0|0|0|881||01:00:09|Zwift|https://www.strava.com/activities/3334959384
20.04.2020|41.09|01:00:02|198|0|0|0|0||0|0|41.1|60.5|0|0|0|0|0|0|816||01:00:02|Zwift|https://www.strava.com/activities/3325872591
19.04.2020|41.27|01:00:03|444|0|0|0|0||0|0|41.2|66.6|66|68|0|0|0|0|887||01:00:03|Zwift|https://www.strava.com/activities/3320169256
16.04.2020|39.22|00:58:05|417|0|0|0|0||0|0|40.5|82.4|83|115|0|0|0|0|879||00:58:05|Zwift|https://www.strava.com/activities/3306160954
15.04.2020|33.44|00:50:56|135|0|0|0|0||0|0|39.4|60.5|97|139|0|0|0|0|725||00:53:21|Zwift|https://www.strava.com/activities/3301341502
14.04.2020|38.54|01:00:18|446|0|0|0|0||0|0|38.4|58|94|126|0|0|0|0|851||01:00:18|Zwift|https://www.strava.com/activities/3296802129
12.04.2020|23.07|00:27:54|181|0|0|0|0||0|0|49.6|73.1|95|116|0|0|0|0|596||00:27:54|Zwift|https://www.strava.com/activities/3288294593
12.04.2020|23.58|00:38:11|203|0|0|0|0||0|0|37.1|59.4|95|138|0|0|0|0|435||00:38:11|Zwift|https://www.strava.com/activities/3288092270
10.04.2020|45.19|01:15:11|888|0|0|0|0||0|0|36.1|88.9|90|117|0|0|0|0|1,163||01:15:11|Zwift|https://www.strava.com/activities/3278811877
08.04.2020|58.58|01:30:03|619|0|0|0|0||0|0|39|61.6|93|125|0|0|0|0|1,194||01:30:03|Zwift|https://www.strava.com/activities/3270228186
07.04.2020|20.43|00:29:35|216|0|0|0|0||0|0|41.4|81.7|99|119|0|0|0|0|495||00:29:35|Zwift|https://www.strava.com/activities/3265505421
06.04.2020|36.6|01:00:03|441|0|0|0|0||0|0|36.6|70.9|95|127|0|0|0|0|871||01:00:03|Zwift|https://www.strava.com/activities/3261676158
04.04.2020|28.33|00:56:07|1186|0|0|0|0||0|0|30.3|68.4|0|0|0|0|0|0|1,183||00:56:07|Zwift|https://www.strava.com/activities/3252741918
03.04.2020|40.26|01:00:30|396|0|0|0|0||0|0|39.9|65.5|74|138|0|0|0|0|914||01:00:30|Zwift|https://www.strava.com/activities/3249074920
02.04.2020|24.19|01:00:07|1058|0|0|0|0||0|0|24.1|74.5|95|119|0|0|0|0|874||01:00:07|Zwift|https://www.strava.com/activities/3245217110
31.05.2020|65.92|02:13:57|1012|0|0|0|0||0|0|29.5|60.8|84|128|0|0|0|0|1,599|19|02:13:57|Garmin Edge 1030|https://www.strava.com/activities/3707423663
30.05.2020|141.04|04:30:12|1608|0|0|0|0||0|0|31.3|61.2|90|167|0|0|0|0|3,382|20|04:33:03|Garmin Edge 1030|https://www.strava.com/activities/3540403248
29.05.2020|155.77|05:05:06|1767|0|0|0|0||0|0|30.6|62.6|90|180|0|0|0|0|3,766|19|05:18:11|Garmin Edge 1030|https://www.strava.com/activities/3532052620
29.05.2020|1.42|00:02:49|1|0|0|0|0||0|0|30.4|47.5|93|112|0|0|0|0|17|21|00:02:49|Garmin Edge 1030|https://www.strava.com/activities/3707403266
27.05.2020|146.6|04:29:53|1549|0|0|0|0||0|0|32.6|65.2|90|129|0|0|0|0|5,138|18|04:43:03|Garmin Edge 1030|https://www.strava.com/activities/3524311963
23.05.2020|87.38|02:56:34|1488|0|0|0|0||0|0|29.7|65.2|82|123|0|0|0|0|2,253|13|02:56:50|Garmin Edge 1030|https://www.strava.com/activities/3707402056
22.05.2020|69.15|01:59:00|641|0|0|0|0||0|0|34.9|66.2|0|0|0|0|0|0|3,605|14|01:59:00|Garmin Edge 1030|https://www.strava.com/activities/3492820061
20.05.2020|105.97|03:30:09|1581|0|0|0|0||0|0|30.3|67|89|173|0|0|0|0|2,577|16|03:31:58|Garmin Edge 1030|https://www.strava.com/activities/3482529358
19.05.2020|109.35|03:29:56|1168|0|0|0|0||0|0|31.3|65.2|90|141|0|0|0|0|2,615|11|03:39:41|Garmin Edge 1030|https://www.strava.com/activities/3482529223
18.05.2020|90.74|03:02:01|1423|0|0|0|0||0|0|29.9|73.4|87|167|0|0|0|0|2,275|13|03:06:19|Garmin Edge 1030|https://www.strava.com/activities/3482529216
14.05.2020|89.71|03:00:28|991|0|0|0|0||0|0|29.8|58.3|0|0|0|0|0|0|4,710|9|03:04:31|Garmin Edge 1030|https://www.strava.com/activities/3482529089
13.05.2020|72.94|02:27:07|965|0|0|0|0||0|0|29.8|63|0|0|0|0|0|0|3,879|7|02:28:29|Garmin Edge 1030|https://www.strava.com/activities/3482528975
12.05.2020|76.56|02:37:05|923|0|0|0|0||0|0|29.2|57.2|0|0|0|0|0|0|3,974|7|02:39:50|Garmin Edge 1030|https://www.strava.com/activities/3482529026
10.05.2020|36.64|00:59:57|633|0|0|0|0||0|0|36.7|78.5|94|132|0|0|0|0|838||01:00:23|Zwift|https://www.strava.com/activities/3428778734
09.05.2020|37.47|01:00:26|356|0|0|0|0||0|0|37.2|71.6|91|149|0|0|0|0|842||01:00:26|Zwift|https://www.strava.com/activities/3422972658
06.05.2020|35.61|01:00:15|818|0|0|0|0||0|0|35.5|82.1|94|190|0|0|0|0|887||01:00:15|Zwift|https://www.strava.com/activities/3406396560
05.05.2020|61.65|01:30:01|90|0|0|0|0||0|0|41.1|54.7|87|135|0|0|0|0|1,180||01:30:01|Zwift|https://www.strava.com/activities/3400979797
04.05.2020|16.4|00:30:13|26|0|0|0|0||0|0|32.6|46.8|82|109|0|0|0|0|217||00:30:13|Zwift|https://www.strava.com/activities/3395598710
04.05.2020|11.22|00:28:03|420|0|0|0|0||0|0|24|62.3|94|117|0|0|0|0|370||00:28:03|Zwift|https://www.strava.com/activities/3395461449
08.05.2020|28.96|00:45:14|239|0|0|0|0||0|0|38.4|61.9|96|114|0|0|0|0|575||00:45:14|Zwift|https://www.strava.com/activities/3417686326
30.06.2020|92.97|03:01:56|957|0|0|0|0||0|0|30.7|59.8|86|116|0|0|0|0|2,108|14|03:05:48|Garmin Edge 1030|https://www.strava.com/activities/3711106033
28.06.2020|164.27|05:34:57|2590|0|0|0|0||0|0|29.4|77|83|144|0|0|0|0|3,901|15|05:36:34|Garmin Edge 1030|https://www.strava.com/activities/3711103979
27.06.2020|154.62|05:00:00|1924|0|0|0|0||0|0|30.9|68|88|145|0|0|0|0|3,575|13|05:13:55|Garmin Edge 1030|https://www.strava.com/activities/3678755844
26.06.2020|131.02|03:57:33|1549|0|0|0|0||0|0|33.1|72.7|89|130|0|0|0|0|2,961|13|04:05:28|Garmin Edge 1030|https://www.strava.com/activities/3678755703
25.06.2020|77.71|02:29:25|838|0|0|0|0||0|0|31.2|61.2|89|179|0|0|0|0|1,722|27|02:31:01|Garmin Edge 1030|https://www.strava.com/activities/3711088238
21.06.2020|172.6|05:35:58|2138|0|0|0|0||0|0|30.8|62.6|89|139|0|0|0|0|3,908|18|08:13:20|Garmin Edge 1030|https://www.strava.com/activities/3711085842
20.06.2020|155.41|05:00:19|2737|0|0|0|0||0|0|31.1|85|87|178|0|0|0|0|3,846|13|05:11:39|Garmin Edge 1030|https://www.strava.com/activities/3642533522
19.06.2020|127.59|04:00:01|1530|0|0|0|0||0|0|31.9|61.2|90|141|0|0|0|0|3,004|11|04:00:16|Garmin Edge 1030|https://www.strava.com/activities/3642533800
17.06.2020|88.5|02:55:20|939|0|0|0|0||0|0|30.3|73.4|87|128|0|0|0|0|2,118|11|02:57:22|Garmin Edge 1030|https://www.strava.com/activities/3711070158
16.06.2020|63.6|02:12:29|730|0|0|0|0||0|0|28.8|57.6|85|136|0|0|0|0|1,474|13|02:14:49|Garmin Edge 1030|https://www.strava.com/activities/3711067740
16.06.2020|54.91|01:25:17|590|0|0|0|0||0|0|38.6|67|94|136|0|0|0|0|1,349|12|01:25:34|Garmin Edge 1030|https://www.strava.com/activities/3711065682
15.06.2020|110.18|03:39:48|1413|0|0|0|0||0|0|30.1|63|87|129|0|0|0|0|2,567|11|03:40:04|Garmin Edge 1030|https://www.strava.com/activities/3711064928
14.06.2020|71.21|02:19:50|935|0|0|0|0||0|0|30.6|55.8|90|149|0|0|0|0|1,695|13|02:22:02|Garmin Edge 1030|https://www.strava.com/activities/3707513441
13.06.2020|89.97|02:49:14|951|0|0|0|0||0|0|31.9|57.2|92|200|0|0|0|0|2,094|12|02:49:14|Garmin Edge 1030|https://www.strava.com/activities/3707510430
12.06.2020|36.9|00:56:53|315|0|0|0|0||0|0|38.9|61.6|97|129|0|0|0|0|844||00:56:53|Zwift|https://www.strava.com/activities/3602015155
10.06.2020|35.66|01:10:06|1169|0|0|0|0||0|0|30.5|73.1|86|112|0|0|0|0|1,086||01:10:06|Zwift|https://www.strava.com/activities/3592494992
09.06.2020|142.16|04:28:17|1681|0|0|0|0||0|0|31.8|53.3|91|167|0|0|0|0|3,276|13|04:32:52|Garmin Edge 1030|https://www.strava.com/activities/3587227820
08.06.2020|171.94|05:29:58|1866|0|0|0|0||0|0|31.3|61.2|86|179|0|0|0|0|3,759|13|05:42:40|Garmin Edge 1030|https://www.strava.com/activities/3582431619
07.06.2020|36.02|01:00:19|744|0|0|0|0||0|0|35.8|86|76|119|0|0|0|0|971||01:01:11|Zwift|https://www.strava.com/activities/3576373080
06.06.2020|135.99|04:27:33|1573|0|0|0|0||0|0|30.5|60.8|90|142|0|0|0|0|3,300|12|04:35:55|Garmin Edge 1030|https://www.strava.com/activities/3707453375
03.06.2020|95.48|03:00:10|1157|0|0|0|0||0|0|31.8|59|92|195|0|0|0|0|2,200|16|03:00:29|Garmin Edge 1030|https://www.strava.com/activities/3707448922
02.06.2020|120.84|04:01:15|2059|0|0|0|0||0|0|30.1|79.6|89|159|0|0|0|0|3,012|19|04:05:45|Garmin Edge 1030|https://www.strava.com/activities/3552110672
31.07.2020|162.21|03:51:38|1165|0|0|0|0||0|0|42|85.3|88|189|0|0|0|0|2,220|38|03:52:02|Garmin Edge 1030|https://www.strava.com/activities/3929528837
30.07.2020|98.91|02:19:55|1210|0|0|0|0||0|0|42.4|120.2|85|144|0|0|0|0|2,678|37|02:37:39|Garmin Edge 1030|https://www.strava.com/activities/3929526839
28.07.2020|156.46|03:39:49|1523|0|0|0|0||0|0|42.7|94.7|92|144|0|0|0|0|2,489|26|03:40:37|Garmin Edge 1030|https://www.strava.com/activities/3929524197
27.07.2020|35.85|01:06:05|419|0|0|0|0||0|0|32.6|64.8|93|138|0|0|0|0|716|38|01:06:05|Garmin Edge 1030|https://www.strava.com/activities/3929521991
26.07.2020|95.69|02:57:34|1067|0|0|0|0||0|0|32.3|57.6|95|142|0|0|0|0|2,164|15|02:58:01|Garmin Edge 1030|https://www.strava.com/activities/3929521639
25.07.2020|125.07|03:55:57|2020|0|0|0|0||0|0|31.8|65.9|94|170|0|0|0|0|2,905|16|04:01:05|Garmin Edge 1030|https://www.strava.com/activities/3812548118
24.07.2020|61.13|01:58:03|910|0|0|0|0||0|0|31.1|67.3|94|175|0|0|0|0|1,385|13|23:15:47|Garmin Edge 1030|https://www.strava.com/activities/3929518143
23.07.2020|63.55|01:58:37|741|0|0|0|0||0|0|32.1|62.3|95|184|0|0|0|0|1,484|18|02:34:52|Garmin Edge 1030|https://www.strava.com/activities/3929517027
06.07.2020|108.17|03:40:21|2847|0|0|0|0||0|0|29.5|84.2|74|147|0|0|0|0|2,962|21|04:13:39|Garmin Edge 1030|https://www.strava.com/activities/3721364598
04.07.2020|67.95|02:30:46|1947|0|0|0|0||0|0|27|80.3|84|139|0|0|0|0|1,800|17|02:33:22|Garmin Edge 1030|https://www.strava.com/activities/3711115384
02.07.2020|121.87|03:50:57|1457|0|0|0|0||0|0|31.7|59|92|142|0|0|0|0|2,873|11|03:52:30|Garmin Edge 1030|https://www.strava.com/activities/3711113412
01.07.2020|109.87|03:41:32|1784|0|0|0|0||0|0|29.8|73.4|81|190|0|0|0|0|2,762|14|03:45:05|Garmin Edge 1030|https://www.strava.com/activities/3711109318
29.07.2020|167.93|03:55:49|1156|0|0|0|0||0|0|42.7|98.6|91|157|0|0|0|0|1,907|35|03:55:49|Garmin Edge 1030|https://www.strava.com/activities/3929526092
20.07.2020|132.52|04:06:06|2462|0|0|0|0||0|0|32.3|76|83|148|0|0|0|0|2,525|25|04:16:20|Garmin Edge 1030|https://www.strava.com/activities/3929516265
19.07.2020|141.24|04:46:06|3666|0|0|0|0||0|0|29.6|71.6|84|153|0|0|0|0|3,287|22|05:10:32|Garmin Edge 1030|https://www.strava.com/activities/3786175968
18.07.2020|87.59|03:00:58|1826|0|0|0|0||0|0|29|72|85|123|0|0|0|0|1,709|20|03:10:02|Garmin Edge 1030|https://www.strava.com/activities/3786170924
17.07.2020|160.15|05:35:27|4498|0|0|0|0||0|0|28.6|90|84|142|0|0|0|0|4,094|14|06:07:42|Garmin Edge 1030|https://www.strava.com/activities/3776255174
16.07.2020|203.4|06:51:00|4321|0|0|0|0||0|0|29.7|77.8|87|135|0|0|0|0|4,875|18|07:30:27|Garmin Edge 1030|https://www.strava.com/activities/3772646740
15.07.2020|152.8|05:22:19|3840|0|0|0|0||0|0|28.4|77.8|85|154|0|0|0|0|4,126|18|05:38:33|Garmin Edge 1030|https://www.strava.com/activities/3786152625
13.07.2020|47.32|02:08:09|1556|0|0|0|0||0|0|22.2|63.7|83|125|0|0|0|0|1,446|23|02:16:39|Garmin Edge 1030|https://www.strava.com/activities/3786147823
12.07.2020|114.83|03:49:05|2989|0|0|0|0||0|0|30.1|91.1|76|151|0|0|0|0|2,816|20|04:11:11|Garmin Edge 1030|https://www.strava.com/activities/3751514426
11.07.2020|137.37|04:45:22|3688|0|0|0|0||0|0|28.9|73.8|86|144|0|0|0|0|3,812|16|05:34:21|Garmin Edge 1030|https://www.strava.com/activities/3746874491
09.07.2020|172.27|06:24:06|5262|0|0|0|0||0|0|26.9|89.3|83|146|0|0|0|0|4,545|25|06:57:15|Garmin Edge 1030|https://www.strava.com/activities/3751567445
08.07.2020|143.89|04:56:54|3704|0|0|0|0||0|0|29.1|100.8|87|140|0|0|0|0|3,728|23|05:26:47|Garmin Edge 1030|https://www.strava.com/activities/3786132143
05.07.2020|89.8|03:19:18|2495|0|0|0|0||0|0|27|91.8|84|132|0|0|0|0|2,448|19|03:35:08|Garmin Edge 1030|https://www.strava.com/activities/3717682078
07.08.2020|57.56|02:07:27|649|0|0|0|0||0|0|27.1|58|88|133|0|0|0|0|1,092|21|02:10:48|Garmin Edge 1030|https://www.strava.com/activities/3929535454
06.08.2020|6.66|00:14:40|84|0|0|0|0||0|0|27.3|56.2|86|140|0|0|0|0|140|19|00:14:40|Garmin Edge 1030|https://www.strava.com/activities/3929533986
05.08.2020|76.09|02:23:10|1074|0|0|0|0||0|0|31.9|65.5|90|140|0|0|0|0|1,590|14|02:24:39|Garmin Edge 1030|https://www.strava.com/activities/3929533956
04.08.2020|61.19|01:57:58|745|0|0|0|0||0|0|31.1|63|0|0|0|0|0|0|3,217|16|01:59:20|Garmin Edge 1030|https://www.strava.com/activities/3929532099
01.08.2020|157.69|03:49:32|2204|0|0|0|0||0|0|41.2|94.3|89|154|0|0|0|0|2,911|34|03:50:03|Garmin Edge 1030|https://www.strava.com/activities/3929530772
08.10.2020|168.36|05:59:56|3679|0|0|0|0||0|0|28.1|66.2|89|158|0|0|0|0|4,723|16|06:16:33|Garmin Edge 1030|https://www.strava.com/activities/4167757927
06.10.2020|117.25|04:00:06|2010|0|0|0|0||0|0|29.3|67.3|92|175|0|0|0|0|2,988|15|04:07:55|Garmin Edge 1030|https://www.strava.com/activities/4158767231
05.10.2020|198.4|07:05:52|4521|0|0|0|0||0|0|28|67|90|168|0|0|0|0|5,381|13|07:24:48|Garmin Edge 1030|https://www.strava.com/activities/4154805494
04.10.2020|93.37|02:59:56|829|0|0|0|0||0|0|31.1|63.4|97|145|0|0|0|0|2,107|14|03:01:39|Garmin Edge 1030|https://www.strava.com/activities/4154823081
03.10.2020|116.16|04:06:27|2595|0|0|0|0||0|0|28.3|60.1|79|155|0|0|0|0|3,076|13|04:06:44|Garmin Edge 1030|https://www.strava.com/activities/4145308111
30.10.2020|183.75|04:14:19|2239|0|0|0|0||0|0|43.4|100.4|89|140|0|0|0|0|3,180|17|04:14:42|Garmin Edge 1030|https://www.strava.com/activities/4263238735
09.10.2020|87.09|03:01:58|1787|0|0|0|0||0|0|28.7|61.9|87|161|0|0|0|0|2,282|14|03:03:40|Garmin Edge 1030|https://www.strava.com/activities/4171340237
30.12.2020|115.23|04:00:30|1867|0|0|0|0||0|0|28.7|67|88|131|0|0|0|0|3,070|0|04:14:43|Garmin Edge 1030|https://www.strava.com/activities/4539410920
29.12.2020|74.74|02:00:01|1324|0|0|0|0||0|0|37.4|79.2|86|112|0|0|0|0|1,819||02:04:49|Zwift|https://www.strava.com/activities/4533597141
22.12.2020|5.98|01:05:59|0|0|0|0|0||0|0|0|0|0|0|0|0|0|0|||00:00:00||https://www.strava.com/activities/4504808289
21.12.2020|91.67|03:01:23|937|0|0|0|0||0|0|30.3|72|94|129|0|0|0|0|2,350|9|03:02:06|Garmin Edge 1030|https://www.strava.com/activities/4500026823
12.12.2020|7.85|01:04:44|0|0|0|0|0||0|0|0|0|0|0|0|0|0|0|||00:00:00||https://www.strava.com/activities/4461272605
10.12.2020|7.96|01:08:32|0|0|0|0|0||0|0|0|0|0|0|0|0|0|0|||00:00:00||https://www.strava.com/activities/4453386567
31.12.2020|124.87|04:06:35|1841|0|0|0|0||0|0|30.4|71.3|89|128|0|0|0|0|2,917|0|04:13:22|Garmin Edge 1030|https://www.strava.com/activities/4543718498
20.12.2020|85.76|03:03:06|1467|0|0|0|0||0|0|28.1|69.1|89|166|0|0|0|0|2,603|3|03:24:18|Garmin Edge 1030|https://www.strava.com/activities/4500031846
loaded urls in 1.09:43:52.2421267
