date|distance|mov_time|elevation|relativeEffort|avg_power_weig|work_total|training_load|intensity|estAvgPower|energyOutput|avg_speed|max_speed|avg_cadence|max_cadence|avg_heartRate|max_heartRate|avg_power|max_power|avg_calories|avg_temperature|avg_elap_time|bicycle_model|url
1/31/2018|42.5|01:29:32|149|0|148|761|22|38%|0|0|28.5|41.4|86|103|100|120|142|566|848|4|01:44:59|Garmin Edge 1000|https://www.strava.com/activities/1385900430
1/30/2018|134.67|05:02:10|2422|0|247|3709|208|63%|0|0|26.7|74.9|82|162|131|178|205|617|4,135|5|05:17:08|Garmin Edge 1000|https://www.strava.com/activities/1385902046
1/29/2018|111.82|04:00:11|1159|0|222|2589|133|57%|0|0|27.9|55.8|81|135|123|170|180|1301|2,886|5|04:05:53|Garmin Edge 1000|https://www.strava.com/activities/1381347924
1/27/2018|107.01|04:00:26|1757|0|239|2879|155|61%|0|0|26.7|70.9|81|139|125|174|200|1347|3,210|6|04:10:34|Garmin Edge 1000|https://www.strava.com/activities/1381347785
1/26/2018|81.68|02:55:45|925|0|210|1977|89|54%|0|0|27.9|65.5|84|143|115|157|187|765|2,205|5|03:11:08|Garmin Edge 1000|https://www.strava.com/activities/1375922431
1/25/2018|54.25|01:54:43|301|0|178|1106|42|46%|0|0|28.4|51.8|89|113|106|159|161|573|1,233|6|02:13:17|Garmin Edge 1000|https://www.strava.com/activities/1374342256
1/23/2018|0.17|00:05:36|0|0|179|53|13|46%|0|0|1.8|2.2|98|124|0|0|158|488|59|12|00:43:41|Garmin Edge 1000|https://www.strava.com/activities/1371262229
1/21/2018|88.03|02:02:23|622|0|249|1563|83|64%|0|0|43.2|67|88|125|142|178|213|1048|1,743|36|02:02:23|Garmin Edge 1000|https://www.strava.com/activities/1371205785
1/21/2018|15.43|00:47:16|64|0|89|224|4|23%|0|0|19.6|36.4|73|103|0|0|79|371|250|29|01:02:08|Garmin Edge 1000|https://www.strava.com/activities/1367105525
1/20/2018|152.31|03:54:45|1497|0|239|2884|147|61%|0|0|38.9|97.6|84|126|142|185|205|1061|3,216|31|03:55:26|Garmin Edge 1000|https://www.strava.com/activities/1365491160
1/19/2018|128.39|03:40:59|1718|0|227|2533|124|58%|0|0|34.9|89.6|80|130|149|184|191|856|2,825|42|03:40:59|Garmin Edge 1000|https://www.strava.com/activities/1364244769
1/18/2018|121.43|03:05:25|1078|0|222|1870|100|57%|0|0|39.3|84.6|82|122|139|187|168|908|2,085|41|03:05:46|Garmin Edge 1000|https://www.strava.com/activities/1362584948
1/15/2018|31.7|01:10:13|72|0|119|477|12|31%|0|0|27.1|42.8|82|102|0|0|113|553|531|27|02:00:31|Garmin Edge 1000|https://www.strava.com/activities/1357976448
1/14/2018|52.45|01:59:07|946|0|202|1174|56|52%|0|0|26.4|78.5|82|178|116|166|164|1506|1,309|18|02:05:07|Garmin Edge 1000|https://www.strava.com/activities/1357976498
1/10/2018|26.06|01:00:32|62|0|117|385|11|30%|0|0|25.8|44.3|78|105|0|0|106|531|429|25|02:10:26|Garmin Edge 1000|https://www.strava.com/activities/1350944899
1/10/2018|26.06|01:00:32|62|0|117|385|11|30%|0|0|25.8|44.3|78|105|0|0|106|531|429|25|02:10:26|Garmin Edge 1000|https://www.strava.com/activities/1345044152
1/6/2018|165.25|06:03:06|2298|0|238|4167|233|61%|0|0|27.3|62.3|81|117|131|182|191|1330|4,646|6|06:15:04|Garmin Edge 1000|https://www.strava.com/activities/1344943980
1/5/2018|51.37|01:55:05|298|0|159|954|34|41%|0|0|26.8|47.2|83|108|102|132|138|560|1,063|4|02:30:42|Garmin Edge 1000|https://www.strava.com/activities/1341713017
1/4/2018|140.83|04:58:40|1627|0|223|3207|167|57%|0|0|28.3|68|80|131|125|169|179|1345|3,576|4|05:09:09|Garmin Edge 1000|https://www.strava.com/activities/1341576869
1/3/2018|131.13|05:00:14|2220|0|231|3364|181|59%|0|0|26.2|64.1|79|136|130|180|187|1374|3,751|3|05:11:40|Garmin Edge 1000|https://www.strava.com/activities/1339441866
1/2/2018|42.33|01:27:36|273|0|172|839|28|44%|0|0|29|49.7|90|109|113|137|160|392|936|6|01:29:21|Garmin Edge 1000|https://www.strava.com/activities/1339440880
1/24/2018|48.87|01:40:09|291|0|176|1004|40|45%|0|0|29.3|53.6|87|111|106|138|167|793|1,120|9|02:00:01|Garmin Edge 1000|https://www.strava.com/activities/1372826904
1/17/2018|148.41|04:26:49|2327|0|0|0|0||294|4711|33.4|83.2|0|0|150|196|0|0|5,252|37|09:48:50|Garmin Edge 1000|https://www.strava.com/activities/1362331763
1/16/2018|146.47|03:50:10|1389|0|223|2385|125|57%|0|0|38.2|83.2|83|168|136|190|173|985|2,660|33|03:50:57|Garmin Edge 1000|https://www.strava.com/activities/1359452921
1/14/2018|51.17|01:04:32|302|0|281|949|55|72%|0|0|47.6|72.7|95|135|153|193|245|1344|1,058|17|01:04:32|Garmin Edge 1000|https://www.strava.com/activities/1357976380
1/13/2018|94.57|03:02:02|1005|0|218|2054|104|56%|0|0|31.2|72.4|87|127|120|175|188|1325|2,291|15|03:20:01|Garmin Edge 1000|https://www.strava.com/activities/1357976333
1/12/2018|94.78|03:11:12|1221|0|204|1992|93|52%|0|0|29.7|70.9|85|115|121|162|174|625|2,221|16|03:26:16|Garmin Edge 1000|https://www.strava.com/activities/1352753847
1/11/2018|65.58|02:09:27|132|0|142|1016|32|37%|0|0|30.4|44.6|83|108|0|0|131|600|1,133|31|02:59:39|Garmin Edge 1000|https://www.strava.com/activities/1351103417
2/28/2018|77.64|02:50:17|1323|0|247|2134|168|63%|0|0|27.4|60.1|82|125|124|169|209|527|2,380|-1|04:15:18|Garmin Edge 1000|https://www.strava.com/activities/1429894138
2/27/2018|117.44|04:03:33|1435|0|251|3034|178|65%|0|0|28.9|59.8|85|127|131|187|208|1359|3,383|0|04:16:15|Garmin Edge 1000|https://www.strava.com/activities/1428626972
2/24/2018|187.86|06:55:43|3544|0|246|5102|290|63%|0|0|27.1|65.9|81|131|134|178|205|1482|5,688|8|07:20:44|Garmin Edge 1000|https://www.strava.com/activities/1423668129
2/23/2018|0.53|00:27:16|0|0|236|276|74|61%|0|0|1.2|3.2|76|141|119|169|169|1208|308|11|02:00:12|Garmin Edge 1000|https://www.strava.com/activities/1423616429
2/22/2018|0.57|00:35:04|0|0|257|369|87|66%|0|0|1|4.3|79|132|124|186|176|653|412|9|02:00:03|Garmin Edge 1000|https://www.strava.com/activities/1420205785
2/20/2018|27.89|00:57:04|73|0|162|519|16|42%|0|0|29.3|40.3|91|122|0|0|152|687|579|5|00:57:04|Garmin Edge 1000|https://www.strava.com/activities/1420089385
2/16/2018|52.78|01:39:37|464|0|186|628|31|48%|0|0|31.8|72.7|79|112|125|177|105|1038|700|17|02:44:23|Garmin Edge 1000|https://www.strava.com/activities/1410307804
2/12/2018|0.51|00:23:30|0|0|229|260|49|59%|0|0|1.3|5.8|92|129|129|174|185|1289|290|9|01:25:38|Garmin Edge 1000|https://www.strava.com/activities/1403846911
2/10/2018|116.26|03:53:40|1041|0|201|2512|113|52%|0|0|29.9|61.2|87|128|121|170|179|664|2,801|7|04:19:11|Garmin Edge 1000|https://www.strava.com/activities/1401899248
2/9/2018|42.37|01:32:29|196|0|150|792|24|39%|0|0|27.5|49|84|107|0|0|143|404|883|5|01:42:11|Garmin Edge 1000|https://www.strava.com/activities/1401885755
2/7/2018|0.52|00:31:23|0|0|242|324|77|62%|0|0|1|1.8|74|129|116|170|172|1193|361|11|02:00:03|Garmin Edge 1000|https://www.strava.com/activities/1395822389
2/6/2018|110|04:03:26|1797|0|252|2939|182|65%|0|0|27.1|68.4|82|143|127|191|201|1246|3,277|3|04:22:29|Garmin Edge 1000|https://www.strava.com/activities/1394850557
2/4/2018|205.28|07:02:04|2851|0|240|5151|281|62%|0|0|29.2|64.1|84|124|133|183|203|1437|5,744|4|07:26:43|Garmin Edge 1000|https://www.strava.com/activities/1391768727
2/3/2018|0.18|00:09:32|0|0|183|96|14|47%|0|0|1.1|7.9|91|108|107|124|168|318|107|12|00:40:00|Garmin Edge 1000|https://www.strava.com/activities/1389161859
2/2/2018|0.56|00:22:43|0|0|241|182|77|62%|0|0|1.5|7.6|69|133|118|173|134|1289|203|10|02:00:38|Garmin Edge 1000|https://www.strava.com/activities/1387636452
2/1/2018|0.66|00:17:14|0|0|268|201|118|69%|0|0|2.3|67.7|77|128|130|192|194|1148|224|8|02:30:04|Garmin Edge 1000|https://www.strava.com/activities/1386037621
2/18/2018|172.14|04:20:31|2777|0|311|4195|277|80%|0|0|39.6|89.3|87|133|153|189|268|1167|4,678|15|04:20:31|Garmin Edge 1000|https://www.strava.com/activities/1414819985
2/17/2018|195.21|04:35:52|1873|0|263|3739|212|68%|0|0|42.5|83.9|87|118|140|196|226|1123|4,169|16|04:36:56|Garmin Edge 1000|https://www.strava.com/activities/1412746396
2/15/2018|186.25|05:06:07|3154|0|266|4029|237|68%|0|0|36.5|91.4|84|161|144|185|219|1098|4,492|16|05:06:47|Garmin Edge 1000|https://www.strava.com/activities/1409460652
2/14/2018|191.05|04:48:16|1929|0|239|3398|180|61%|0|0|39.8|77.8|86|126|143|202|196|1026|3,789|15|04:49:05|Garmin Edge 1000|https://www.strava.com/activities/1407424502
2/13/2018|61.76|01:47:46|408|0|204|1137|53|52%|0|0|34.4|71.6|88|133|121|168|176|857|1,267|13|01:57:09|Garmin Edge 1000|https://www.strava.com/activities/1405636917
2/8/2018|167.27|06:01:12|2507|0|244|4306|253|63%|0|0|27.8|62.6|81|123|128|184|199|1443|4,801|5|06:38:40|Garmin Edge 1000|https://www.strava.com/activities/1398037393
3/23/2018|76.35|02:28:33|519|0|234|1844|90|60%|0|0|30.8|64.1|92|132|129|177|207|1423|2,056|7|02:30:57|Garmin Edge 1000|https://www.strava.com/activities/1468498643
3/19/2018|0.06|00:00:00|0|0|185|8|15|48%|0|0|5.1|2.5|93|111|0|0|168|304|8|13|00:40:01|Garmin Edge 1000|https://www.strava.com/activities/1460717297
3/15/2018|63.04|01:50:07|113|0|195|1226|48|50%|0|0|34.3|51.8|94|127|117|150|186|616|1,367|11|01:55:02|Garmin Edge 1000|https://www.strava.com/activities/1455668754
3/13/2018|37.48|01:15:00|63|0|252|282|33|65%|0|0|30|49.3|54|108|88|165|63|573|314|16|03:22:19|Garmin Edge 1000|https://www.strava.com/activities/1450864615
3/7/2018|52.64|01:19:36|44|0|303|1211|119|78%|0|0|39.7|61.2|89|195|132|196|254|1083|1,350|12|03:42:35|Garmin Edge 1000|https://www.strava.com/activities/1442098678
3/4/2018|115.81|03:56:28|1571|0|248|2839|168|64%|0|0|29.4|63|85|129|131|184|200|1448|3,165|8|04:10:36|Garmin Edge 1000|https://www.strava.com/activities/1437545324
3/3/2018|0.49|00:26:54|0|0|232|303|71|60%|0|0|1.1|2.9|83|141|127|168|187|1242|337|9|02:00:05|Garmin Edge 1000|https://www.strava.com/activities/1433729278
3/25/2018|234|05:44:00|1619|0|283|5016|305|73%|0|0|40.8|82.8|86|123|149|191|243|1214|5,592|11|05:45:08|Garmin Edge 1000|https://www.strava.com/activities/1472733921
3/24/2018|34.36|01:13:43|124|0|152|594|20|39%|0|0|28|53.3|83|131|0|0|134|609|662|11|02:09:40|Garmin Edge 1000|https://www.strava.com/activities/1470251467
3/21/2018|137.91|04:59:44|2117|0|245|3515|209|63%|0|0|27.6|63.7|80|133|128|178|195|1402|3,919|8|05:21:32|Garmin Edge 1000|https://www.strava.com/activities/1464334371
3/21/2018|137.91|04:59:44|2117|0|245|3515|209|63%|0|0|27.6|63.7|80|133|128|178|195|1402|3,919|8|05:21:32|Garmin Edge 1000|https://www.strava.com/activities/1460651047
3/16/2018|44.55|01:27:00|466|0|195|876|37|50%|0|0|30.7|58.7|85|120|107|143|168|609|977|12|01:29:25|Garmin Edge 1000|https://www.strava.com/activities/1455668826
3/12/2018|151.68|03:50:40|1839|0|279|3244|198|72%|0|0|39.5|93.2|83|115|137|183|234|1079|3,617|11|03:50:40|Garmin Edge 1000|https://www.strava.com/activities/1450797762
3/11/2018|178.02|04:18:04|1507|0|289|3668|236|74%|0|0|41.4|79.9|83|129|135|181|237|1034|4,090|10|04:18:33|Garmin Edge 1000|https://www.strava.com/activities/1447921442
3/10/2018|217.12|06:32:35|4557|0|263|4919|297|68%|0|0|33.2|100.8|82|127|139|185|209|932|5,485|14|06:36:06|Garmin Edge 1000|https://www.strava.com/activities/1446099596
3/9/2018|236.93|06:23:19|3136|0|250|4711|264|64%|0|0|37.1|89.3|82|131|135|186|205|1077|5,253|15|06:25:13|Garmin Edge 1000|https://www.strava.com/activities/1444284389
3/8/2018|172.62|04:11:11|712|0|244|3124|166|63%|0|0|41.2|70.9|84|125|132|196|207|1134|3,483|14|04:13:01|Garmin Edge 1000|https://www.strava.com/activities/1442461576
3/6/2018|68.88|02:09:46|142|0|214|1353|70|55%|0|0|31.9|58.3|84|111|117|181|174|1002|1,509|9|02:19:45|Garmin Edge 1000|https://www.strava.com/activities/1439063323
4/25/2018|165.74|04:29:58|2350|0|0|0|0||350|5665|36.8|86|0|0|0|0|0|0|6,317|21|04:30:19|Garmin Edge 1000|https://www.strava.com/activities/1531737310
4/24/2018|6.57|00:19:12|103|0|285|194|40|73%|0|0|20.5|79.2|71|128|137|192|169|1182|217|25|00:54:32|Garmin Edge 1000|https://www.strava.com/activities/1528785602
4/23/2018|46.23|01:40:02|654|0|199|1014|46|51%|0|0|27.7|72|82|120|113|144|169|797|1,130|21|01:46:13|Garmin Edge 1000|https://www.strava.com/activities/1526619117
4/15/2018|243.45|06:25:27|3106|0|272|5219|316|70%|0|0|37.9|86.8|86|130|151|188|226|1073|5,819|17|06:28:18|Garmin Edge 1000|https://www.strava.com/activities/1510366352
4/14/2018|33.75|01:17:04|435|0|177|722|27|46%|0|0|26.3|55.1|87|183|111|137|156|673|805|15|01:18:19|Garmin Edge 1000|https://www.strava.com/activities/1507324122
4/10/2018|198.16|04:55:15|1247|0|274|3899|243|70%|0|0|40.3|80.6|86|123|145|188|220|1203|4,347|11|04:56:30|Garmin Edge 1000|https://www.strava.com/activities/1500601797
4/1/2018|263.04|06:25:21|1620|0|294|6096|369|76%|0|0|41|82.8|86|133|159|194|264|1050|6,797|5|06:26:10|Garmin Edge 1000|https://www.strava.com/activities/1484721599
5/21/2018|137.57|05:00:01|2062|0|237|3391|189|61%|0|0|27.5|70.9|81|119|136|192|188|1408|3,780|25|05:06:35|Garmin Edge 1000|https://www.strava.com/activities/1586518078
5/19/2018|154.65|05:59:49|2852|0|236|4181|230|61%|0|0|25.8|63|78|132|136|182|194|1448|4,662|23|06:15:49|Garmin Edge 1000|https://www.strava.com/activities/1584711635
5/16/2018|134.05|05:00:41|2413|0|247|3638|207|63%|0|0|26.7|63.7|81|141|139|192|202|1428|4,056|15|05:21:09|Garmin Edge 1000|https://www.strava.com/activities/1575756985
5/4/2018|112.07|03:59:21|1389|0|243|2932|158|62%|0|0|28.1|56.2|85|124|133|169|204|710|3,269|14|04:13:54|Garmin Edge 1000|https://www.strava.com/activities/1548846901
5/27/2018|153.65|04:01:51|2187|0|292|3677|227|75%|0|0|38.1|86.4|86|167|150|186|253|935|4,100|20|04:02:12|Garmin Edge 1000|https://www.strava.com/activities/1599708172
5/26/2018|179.54|04:31:49|1853|0|290|3912|253|75%|0|0|39.6|90.4|89|135|149|191|240|1116|4,362|16|04:32:20|Garmin Edge 1000|https://www.strava.com/activities/1597332211
6/30/2018|229.16|05:50:50|1995|0|248|4120|238|64%|0|0|39.2|72.4|87|149|152|198|196|1186|4,131|34|05:51:17|Garmin Edge 1000|https://www.strava.com/activities/1673249322
6/30/2018|229.16|05:50:50|1995|0|248|4120|238|64%|0|0|39.2|72.4|87|149|152|198|196|1186|4,131|34|05:51:17|Garmin Edge 1000|https://www.strava.com/activities/1667146262
6/23/2018|146.37|04:57:27|2118|0|254|3664|218|65%|0|0|29.5|73.4|84|123|132|184|205|1479|3,659|22|05:09:28|Garmin Edge 1000|https://www.strava.com/activities/1657236701
6/9/2018|55.87|01:22:23|484|0|281|1210|87|72%|0|0|40.7|90.7|91|140|150|195|245|916|1,511|25|04:25:06|Garmin Edge 1000|https://www.strava.com/activities/1627282046
6/4/2018|145.85|05:03:37|1580|0|232|3199|187|60%|0|0|28.8|64.1|83|127|130|191|176|1309|3,567|26|05:29:02|Garmin Edge 1000|https://www.strava.com/activities/1616645685
6/1/2018|164.97|06:00:33|2733|0|241|4183|238|62%|0|0|27.5|63|82|126|133|181|193|1479|4,664|25|06:17:49|Garmin Edge 1000|https://www.strava.com/activities/1610019165
6/16/2018|120.99|02:42:08|821|0|259|2176|120|67%|0|0|44.8|69.8|87|200|147|194|224|1012|2,179|30|02:42:27|Garmin Edge 1000|https://www.strava.com/activities/1642960148
6/15/2018|166.67|04:28:12|2661|0|268|3762|215|69%|0|0|37.3|87.5|82|146|139|175|234|1060|3,810|24|04:31:40|Garmin Edge 1000|https://www.strava.com/activities/1640591134
6/14/2018|183.13|05:21:57|3239|0|259|4283|241|67%|0|0|34.1|96.1|81|152|137|167|222|1058|4,315|21|05:24:44|Garmin Edge 1000|https://www.strava.com/activities/1639570440
6/13/2018|153.36|04:01:29|2500|0|269|3406|192|69%|0|0|38.1|88.9|85|149|146|178|235|942|3,414|16|04:01:58|Garmin Edge 1000|https://www.strava.com/activities/1636084728
6/12/2018|189.5|04:38:26|2254|0|268|3887|220|69%|0|0|40.8|82.4|87|146|135|180|233|1132|3,898|15|04:38:45|Garmin Edge 1000|https://www.strava.com/activities/1633909907
6/11/2018|181.39|04:43:39|1703|0|697|4458|1520|179%|0|0|38.4|79.6|85|200|132|185|262|2141|4,476|17|04:44:21|Garmin Edge 1000|https://www.strava.com/activities/1632579050
6/10/2018|154.61|03:51:32|1648|0|255|2787|167|66%|0|0|40.1|91.4|88|165|142|193|201|1063|2,815|28|03:51:57|Garmin Edge 1000|https://www.strava.com/activities/1629899182
6/8/2018|58.59|01:48:25|699|0|229|1241|68|59%|0|0|32.4|73.1|86|112|129|179|191|785|1,384|24|02:14:27|Garmin Edge 1000|https://www.strava.com/activities/1624907427
7/31/2018|156.31|03:51:35|1875|0|263|2985|177|68%|0|0|40.5|81|89|166|0|0|215|954|2,992|28|03:51:54|Garmin Edge 520|https://www.strava.com/activities/1740184859
7/31/2018|156.31|03:51:35|1875|0|263|2985|177|68%|0|0|40.5|81|89|166|0|0|215|954|2,992|28|03:51:54|Garmin Edge 520|https://www.strava.com/activities/1738027401
7/29/2018|166.02|04:19:22|1746|0|258|3263|189|66%|0|0|38.4|78.5|87|200|0|0|210|1063|3,319|28|04:19:43|Garmin Edge 1000|https://www.strava.com/activities/1735974521
7/28/2018|189.58|04:28:34|1258|0|251|3419|188|65%|0|0|42.4|81.4|89|146|146|193|212|1087|3,427|24|04:29:34|Garmin Edge 1000|https://www.strava.com/activities/1733478869
7/20/2018|121.26|04:03:31|1188|0|240|2567|160|62%|0|0|29.9|85|86|144|130|191|176|1335|2,563|17|04:11:13|Garmin Edge 1000|https://www.strava.com/activities/1715192514
7/18/2018|169.58|06:20:43|3865|0|231|4601|236|59%|0|0|26.7|82.8|79|135|143|182|201|1163|4,599|23|07:12:28|Garmin Edge 1000|https://www.strava.com/activities/1711485670
7/13/2018|111.58|03:59:57|1775|0|227|2541|142|58%|0|0|27.9|78.1|82|129|131|186|177|1400|2,538|21|04:13:02|Garmin Edge 1000|https://www.strava.com/activities/1699553741
7/8/2018|108.64|04:01:13|2050|0|237|2768|157|61%|0|0|27|88.9|83|116|130|173|191|523|2,767|18|04:14:57|Garmin Edge 1000|https://www.strava.com/activities/1688640743
7/4/2018|89.57|03:00:34|1049|0|199|1901|82|51%|0|0|29.8|84.2|86|125|127|165|175|709|1,901|17|03:16:35|Garmin Edge 1000|https://www.strava.com/activities/1680012841
8/12/2018|229.82|05:52:55|637|0|309|5952|374|79%|0|0|39.1|79.9|90|162|152|189|281|1127|5,950|11|05:58:20|Garmin Edge 520|https://www.strava.com/activities/1768785994
8/10/2018|103.27|03:22:36|1111|0|210|2215|103|54%|0|0|30.6|65.2|89|134|117|159|182|1404|2,212|14|03:33:11|Garmin Edge 520|https://www.strava.com/activities/1764952009
8/8/2018|118.79|03:58:20|1685|0|259|2920|183|67%|0|0|29.9|67|86|143|135|187|204|1462|2,907|25|04:08:51|Garmin Edge 520|https://www.strava.com/activities/1757994580
8/1/2018|184.42|04:08:32|1765|0|284|3490|220|73%|0|0|44.5|88.9|89|148|147|186|234|1067|3,498|27|04:08:32|Garmin Edge 520|https://www.strava.com/activities/1742490569
8/18/2018|180.95|04:05:15|1449|0|296|3757|236|76%|0|0|44.3|99|90|146|151|193|255|1392|3,780|24|04:05:41|Garmin Edge 520|https://www.strava.com/activities/1781067102
8/14/2018|32.44|01:00:34|26|0|237|635|54|61%|0|0|32.1|53.3|86|152|122|176|175|572|763|21|01:53:42|Garmin Edge 520|https://www.strava.com/activities/1771307011
8/13/2018|177.02|04:02:10|250|0|249|3117|167|64%|0|0|43.9|61.6|86|128|129|168|215|1017|3,115|17|04:06:49|Garmin Edge 520|https://www.strava.com/activities/1769361395
9/7/2018|137|04:53:51|2001|0|236|3279|192|61%|0|0|28|60.8|82|167|127|183|186|1419|3,271|18|05:17:32|Garmin Edge 520|https://www.strava.com/activities/1825094676
12/21/2018|135.53|04:56:13|1835|0|240|3514|196|62%|0|0|27.5|69.5|86|138|133|180|198|1238|3,514|1|05:20:45|Garmin Edge 1000|https://www.strava.com/activities/2028062210
12/12/2018|146.99|05:01:49|2764|0|229|3376|184|59%|0|0|29.2|92.2|82|114|138|181|186|1510|3,415|14|05:33:13|Garmin Edge 1000|https://www.strava.com/activities/2013763676
12/7/2018|133.38|04:20:50|2203|0|215|2812|134|55%|0|0|30.7|83.9|86|127|137|177|180|1482|2,822|13|04:27:15|Garmin Edge 1000|https://www.strava.com/activities/2004765653
12/6/2018|121.29|03:48:43|1344|0|195|2116|99|50%|0|0|31.8|61.9|86|112|134|176|154|566|2,123|17|03:57:16|Garmin Edge 1000|https://www.strava.com/activities/2003279173
1/27/2019|152.97|05:25:05|2728|0|240|4003|218|62%|0|0|28.2|72.7|84|124|131|178|205|1397|4,007|16|06:16:31|Garmin Edge 1000|https://www.strava.com/activities/2107150387
1/26/2019|140.19|05:12:00|2703|0|250|3751|225|64%|0|0|27|68|84|119|132|187|200|1399|3,747|16|05:57:30|Garmin Edge 1000|https://www.strava.com/activities/2104612740
1/26/2019|140.19|05:12:00|2703|0|250|3751|225|64%|0|0|27|68|84|119|132|187|200|1399|3,747|16|05:57:30|Garmin Edge 1000|https://www.strava.com/activities/2102411622
1/23/2019|182.94|07:05:19|3631|0|237|4996|279|61%|0|0|25.8|71.3|82|131|133|182|196|1408|4,987|16|07:43:50|Garmin Edge 1000|https://www.strava.com/activities/2098720953
1/22/2019|107.74|03:59:50|1832|0|220|2655|134|57%|0|0|27|67|84|113|129|174|185|593|2,656|18|04:09:27|Garmin Edge 1000|https://www.strava.com/activities/2096104170
1/16/2019|137.65|04:57:38|1704|0|238|3535|196|61%|0|0|27.8|67|88|126|129|180|198|1301|3,528|5|05:24:44|Garmin Edge 1000|https://www.strava.com/activities/2082991754
1/10/2019|181.13|05:38:46|1837|0|229|3930|208|59%|0|0|32.1|61.9|83|113|131|180|193|760|3,948|13|06:07:23|Garmin Edge 1000|https://www.strava.com/activities/2069418721
1/9/2019|215.02|06:31:03|2578|0|242|4769|263|62%|0|0|33|83.9|84|130|135|185|203|1400|4,785|12|07:18:39|Garmin Edge 1000|https://www.strava.com/activities/2066813508
2/14/2019|144.78|04:56:30|1858|0|210|3128|151|54%|0|0|29.3|74.2|90|161|124|175|176|1329|3,422|5|05:12:50|Garmin Edge 1000|https://www.strava.com/activities/2148434548
2/10/2019|87.21|01:52:03|352|0|294|1759|107|76%|0|0|46.7|79.2|89|126|149|184|262|1199|1,785|14|01:52:23|Garmin Edge 1000|https://www.strava.com/activities/2137831538
2/9/2019|187.64|04:59:29|3181|0|276|4066|252|71%|0|0|37.6|81.7|85|119|141|177|226|990|4,132|15|05:00:23|Garmin Edge 1000|https://www.strava.com/activities/2134490713
2/8/2019|192.65|05:03:47|3059|0|239|2799|170|61%|0|0|38.1|91.8|85|119|144|185|154|965|3,778|16|05:04:39|Garmin Edge 1000|https://www.strava.com/activities/2132879597
2/7/2019|168.51|04:17:46|2443|0|266|3421|200|68%|0|0|39.2|87.8|89|125|147|192|221|987|3,466|17|04:18:34|Garmin Edge 1000|https://www.strava.com/activities/2130238838
2/6/2019|27.96|01:02:28|144|0|268|349|63|69%|0|0|26.9|54.7|88|134|125|185|93|623|900|17|02:46:33|Garmin Edge 1000|https://www.strava.com/activities/2128012153
2/3/2019|158.6|03:44:38|1210|0|251|2829|157|65%|0|0|42.4|83.5|88|136|139|193|210|1223|2,883|10|03:45:34|Garmin Edge 1000|https://www.strava.com/activities/2121500951
2/2/2019|84.71|02:23:11|1593|0|308|2336|149|79%|0|0|35.5|77.4|88|125|155|183|272|966|2,344|7|02:23:11|Garmin Edge 1000|https://www.strava.com/activities/2119706958
2/17/2019|199.19|05:10:56|2817|0|284|4355|279|73%|0|0|38.4|76.7|89|131|150|195|233|1157|4,449|12|05:29:04|Garmin Edge 1000|https://www.strava.com/activities/2156106502
3/13/2019|21.46|00:23:39|27|0|376|532|36|97%|0|0|54.5|61.2|101|113|175|187|375|877|529|9|00:23:39|Garmin Edge 520|https://www.strava.com/activities/2210767713
3/23/2019|289.65|06:39:14|1826|0|243|4798|258|62%|0|0|43.5|86|87|129|143|201|200|1143|4,906|19|06:40:21|Garmin Edge 520|https://www.strava.com/activities/2237316014
3/18/2019|193.99|04:41:10|2171|0|255|3624|203|66%|0|0|41.4|86.4|85|123|134|188|215|1140|3,700|11|04:42:00|Garmin Edge 520|https://www.strava.com/activities/2223724335
3/17/2019|176.38|04:58:09|2884|0|277|3930|253|71%|0|0|35.5|82.8|81|132|137|179|220|1129|4,007|16|05:00:44|Garmin Edge 520|https://www.strava.com/activities/2220290769
3/10/2019|196.36|04:40:00|2167|0|282|4111|244|72%|0|0|42.1|89.6|91|137|152|193|245|1171|4,179|8|04:41:23|Garmin Edge 1030|https://www.strava.com/activities/2204567752
4/27/2019|166.52|03:57:34|1729|0|278|3336|200|71%|0|0|42.1|82.8|90|121|151|192|234|1138|3,368|15|03:57:34|Garmin Edge 520|https://www.strava.com/activities/2325153948
4/26/2019|171.72|04:10:33|924|0|252|3162|177|65%|0|0|41.1|72.7|88|119|146|187|210|1260|3,245|13|04:12:21|Garmin Edge 520|https://www.strava.com/activities/2321137820
4/25/2019|183.28|05:01:39|1672|0|259|3817|227|67%|0|0|36.5|94|85|123|141|184|211|1279|3,867|8|05:05:20|Garmin Edge 520|https://www.strava.com/activities/2318961405
4/15/2019|120.18|05:03:12|3019|0|242|3434|200|62%|0|0|23.8|70.2|81|142|138|189|189|1294|3,427|19|05:26:24|Garmin Edge 1030|https://www.strava.com/activities/2291637313
4/14/2019|49.29|02:01:21|560|0|161|1020|35|41%|0|0|24.4|55.4|84|109|0|0|140|427|1,008|17|02:05:55|Garmin Edge 1030|https://www.strava.com/activities/2289832367
4/13/2019|128.3|04:59:51|2975|0|239|3587|194|61%|0|0|25.7|66.6|83|110|135|177|199|977|3,584|15|05:37:41|Garmin Edge 1030|https://www.strava.com/activities/2286617717
4/12/2019|94.29|04:04:49|2248|0|217|2650|131|56%|0|0|23.1|69.1|79|131|129|182|180|1361|2,643|14|04:26:00|Garmin Edge 1030|https://www.strava.com/activities/2284668477
4/11/2019|97.63|04:00:18|2408|0|250|2833|171|64%|0|0|24.4|67|83|131|132|186|196|597|2,820|11|04:16:56|Garmin Edge 1030|https://www.strava.com/activities/2281743930
4/9/2019|155.37|06:01:41|3482|0|235|4194|222|60%|0|0|25.8|70.2|86|128|136|185|193|1398|4,302|8|06:43:34|Garmin Edge 1030|https://www.strava.com/activities/2277191875
4/8/2019|99.4|03:52:21|1812|0|225|2710|137|58%|0|0|25.7|70.6|85|145|132|176|194|1392|2,750|17|04:19:51|Garmin Edge 1030|https://www.strava.com/activities/2274513717
4/5/2019|32.53|01:15:15|446|0|179|748|27|46%|0|0|25.9|57.2|89|107|115|138|166|414|748|6|01:18:42|Garmin Edge 1030|https://www.strava.com/activities/2269520102
4/4/2019|116.95|05:00:28|3173|0|230|3476|181|59%|0|0|23.4|69.8|83|126|132|178|193|1354|3,471|9|05:26:53|Garmin Edge 1030|https://www.strava.com/activities/2264502890
4/3/2019|89.24|03:59:42|2496|0|218|2677|135|56%|0|0|22.3|73.4|80|135|130|171|186|1100|2,672|11|04:37:32|Garmin Edge 1030|https://www.strava.com/activities/2261988931
4/2/2019|67.43|03:00:13|2073|0|231|2146|109|59%|0|0|22.5|68.8|83|127|131|161|198|471|2,142|10|03:07:04|Garmin Edge 1030|https://www.strava.com/activities/2259585155
5/30/2019|219.93|04:55:53|1268|0|245|3458|196|63%|0|0|44.6|85.7|87|128|128|184|195|1237|3,620|18|04:56:22|Lezyne Mega XL GPS|https://www.strava.com/activities/2411101709
5/29/2019|182.02|05:11:29|3246|0|259|4011|232|67%|0|0|35.1|85|82|118|128|169|215|957|4,185|17|05:12:15|Lezyne Mega XL GPS|https://www.strava.com/activities/2406739549
5/28/2019|192.56|06:15:04|8260|0|277|5410|317|71%|0|0|30.8|92.5|82|124|145|173|240|1087|5,654|15|06:16:21|Lezyne Mega XL GPS|https://www.strava.com/activities/2404540628
5/26/2019|229.05|06:23:34|5984|0|245|4469|254|63%|0|0|35.8|89.3|80|124|124|175|194|1054|4,676|21|06:24:41|Lezyne Mega XL GPS|https://www.strava.com/activities/2404523790
5/25/2019|129.67|04:43:09|4010|0|275|4046|236|71%|0|0|27.5|85|79|126|0|0|238|986|4,200|22|04:43:09|Lezyne Mega XL GPS|https://www.strava.com/activities/2396509109
5/23/2019|156.76|04:03:47|1926|0|260|3133|182|67%|0|0|38.6|90.7|81|126|135|176|214|1178|3,268|27|04:04:42|Lezyne Mega XL GPS|https://www.strava.com/activities/2391803827
5/22/2019|219.61|05:21:34|556|0|204|3098|146|52%|0|0|41|60.8|82|119|121|197|161|1167|3,207|29|05:22:02|Lezyne Mega XL GPS|https://www.strava.com/activities/2389224879
5/21/2019|144.71|03:35:21|311|0|198|1818|93|51%|0|0|40.3|70.2|81|122|122|197|141|1168|1,879|27|03:36:24|Lezyne Mega XL GPS|https://www.strava.com/activities/2385944075
5/20/2019|27.84|00:58:50|42|0|93|31|2|24%|0|0|28.4|46.1|86|95|0|0|9|289|787|23|01:21:46|Lezyne Mega XL GPS|https://www.strava.com/activities/2383573968
5/19/2019|21.41|00:48:29|614|0|133|364|9|34%|0|0|26.5|51.1|80|99|0|0|125|348|372|18|00:48:48|Lezyne Mega XL GPS|https://www.strava.com/activities/2383572057
5/18/2019|240.7|05:43:18|1857|0|248|3983|234|64%|0|0|42.1|81.7|84|119|128|192|193|1233|4,130|21|05:44:49|Lezyne Mega XL GPS|https://www.strava.com/activities/2378465912
5/17/2019|183.32|04:23:37|2530|0|285|3886|235|73%|0|0|41.7|90.7|88|125|146|177|246|1087|4,042|23|04:24:26|Lezyne Mega XL GPS|https://www.strava.com/activities/2375071340
5/16/2019|239.62|06:07:36|3003|0|241|4209|235|62%|0|0|39.1|101.9|83|124|130|171|191|896|4,469|15|06:08:32|Lezyne Mega XL GPS|https://www.strava.com/activities/2373081963
5/15/2019|141.48|03:34:59|1344|0|257|2518|156|66%|0|0|39.5|77.8|88|124|133|176|195|1104|2,637|10|03:35:26|Lezyne Mega XL GPS|https://www.strava.com/activities/2373054805
5/14/2019|234.49|06:01:06|3036|0|261|4406|271|67%|0|0|39|96.8|84|124|134|184|203|996|4,615|19|06:02:22|Lezyne Mega XL GPS|https://www.strava.com/activities/2367932855
5/13/2019|219.11|05:22:15|1788|0|227|3411|182|58%|0|0|40.8|88.2|83|125|131|193|176|1224|3,576|17|05:23:45|Lezyne Mega XL GPS|https://www.strava.com/activities/2365280421
5/1/2019|185.73|04:26:19|2471|0|296|3764|257|76%|0|0|41.8|100.4|89|125|152|203|236|1234|3,813|18|04:26:50|Garmin Edge 520|https://www.strava.com/activities/2335616006
6/30/2019|200.41|05:05:42|3238|0|284|4221|271|73%|0|0|39.3|79.9|90|124|155|194|230|1028|4,408|35|05:06:08|Lezyne Mega XL GPS|https://www.strava.com/activities/2494393861
6/22/2019|152.89|04:15:16|2529|0|269|3408|203|69%|0|0|35.9|87.1|83|121|139|180|223|1195|3,612|20|04:15:16|Lezyne Mega XL GPS|https://www.strava.com/activities/2472796321
6/21/2019|168.47|04:13:24|1857|0|242|2893|162|62%|0|0|39.9|99|84|122|139|185|190|838|3,033|29|04:13:24|Lezyne Mega XL GPS|https://www.strava.com/activities/2468352324
6/20/2019|144.49|03:49:38|5286|0|238|2623|143|61%|0|0|37.8|88.9|83|118|143|189|190|1015|2,747|34|03:50:48|Lezyne Mega XL GPS|https://www.strava.com/activities/2466268656
6/19/2019|165.82|04:04:52|1834|0|248|2803|167|64%|0|0|40.6|80.6|86|123|147|200|191|1015|2,945|29|04:06:03|Lezyne Mega XL GPS|https://www.strava.com/activities/2463235460
6/1/2019|194.93|06:26:35|5498|0|269|5451|307|69%|0|0|30.3|95.8|80|130|143|163|235|781|5,667|25|06:26:52|Lezyne Mega XL GPS|https://www.strava.com/activities/2415383291
7/30/2019|176.48|04:29:39|2394|0|268|3394|213|69%|0|0|39.3|83.9|87|122|137|178|210|1005|3,455|22|04:29:39|Garmin Edge 520|https://www.strava.com/activities/2575788478
7/27/2019|185.03|04:22:29|1143|0|267|3326|207|69%|0|0|42.3|85.7|86|124|0|0|211|1192|3,479|19|04:23:18|Lezyne Mega XL GPS|https://www.strava.com/activities/2567652197
7/16/2019|157.81|05:59:54|3440|0|232|3887|225|60%|0|0|26.3|91.4|82|119|138|182|180|1323|3,889|19|06:36:52|Garmin Edge 1030|https://www.strava.com/activities/2537244712
7/10/2019|131.26|05:07:15|3191|0|220|3222|175|57%|0|0|25.6|88.9|79|122|136|178|175|565|3,359|22|05:55:07|Garmin Edge 1030|https://www.strava.com/activities/2521606488
8/19/2019|102.94|04:32:10|2694|0|248|3195|194|64%|0|0|22.7|74.9|79|143|127|187|196|760|3,183|11|04:48:15|Garmin Edge 1030|https://www.strava.com/activities/2632293710
8/15/2019|81.25|02:57:48|1183|0|198|1742|81|51%|0|0|27.4|100.1|85|116|117|156|163|890|1,744|13|03:28:11|Garmin Edge 1030|https://www.strava.com/activities/2621033218
8/16/2019|175.46|06:58:24|3789|0|224|4664|243|58%|0|0|25.2|125.3|83|121|133|184|186|586|4,687|15|07:28:13|Garmin Edge 1030|https://www.strava.com/activities/2624911021
8/30/2019|166.86|03:48:01|960|0|239|2660|142|61%|0|0|43.9|71.3|88|124|136|198|194|1377|2,709|30|03:48:27|Garmin Edge 520|https://www.strava.com/activities/2664876016
8/28/2019|167.24|03:47:19|1055|0|240|2565|145|62%|0|0|44.1|76|88|126|134|201|188|1269|2,695|24|03:47:41|Garmin Edge 520|https://www.strava.com/activities/2659603951
8/27/2019|188.53|04:27:24|1246|0|235|2980|161|60%|0|0|42.3|71.3|88|129|141|199|186|1189|3,079|26|04:27:45|Garmin Edge 520|https://www.strava.com/activities/2656193732
9/29/2019|233.8|05:51:39|450|0|290|5271|328|75%|0|0|39.9|99.7|89|128|146|182|250|1028|5,367|8|05:51:59|Garmin Edge 520|https://www.strava.com/activities/2751391592
9/19/2019|192.03|04:23:04|2034|0|309|3984|275|79%|0|0|43.8|101.2|94|129|155|195|252|1081|4,014|25|04:23:04|Garmin Edge 520|https://www.strava.com/activities/2723092111
9/12/2019|14.96|00:21:44|78|0|336|415|32|86%|0|0|41.3|67|95|111|153|169|318|594|414|20|00:47:01|Garmin Edge 520|https://www.strava.com/activities/2701950490
9/12/2019|14.96|00:21:44|78|0|336|415|32|86%|0|0|41.3|67|95|111|153|169|318|594|414|20|00:47:01|Garmin Edge 520|https://www.strava.com/activities/2704852273
9/10/2019|172.58|04:37:28|2810|0|285|3878|247|73%|0|0|37.3|85.3|87|132|141|177|233|1041|3,944|13|04:37:57|Garmin Edge 520|https://www.strava.com/activities/2696320819
9/9/2019|182.07|04:23:04|1163|0|254|3453|191|65%|0|0|41.5|81|89|128|137|200|219|1183|3,530|13|04:38:04|Garmin Edge 520|https://www.strava.com/activities/2695468519
9/8/2019|165.7|03:55:45|1569|0|257|2907|171|66%|0|0|42.2|85|89|125|137|194|206|1114|2,972|15|03:56:07|Garmin Edge 520|https://www.strava.com/activities/2690844659
9/7/2019|200.86|04:40:10|1639|0|224|2662|155|58%|0|0|43|82.8|88|124|136|198|158|986|2,759|15|04:40:31|Garmin Edge 520|https://www.strava.com/activities/2687649671
9/1/2019|249.27|06:16:09|3518|0|283|5032|333|73%|0|0|39.8|91.8|89|132|145|187|223|1132|5,130|17|06:16:36|Garmin Edge 520|https://www.strava.com/activities/2674530190
12/17/2019|59.21|02:21:45|1452|0|212|1526|72|54%|0|0|25.1|86|76|162|0|0|179|573|1,522|13|03:04:29|Garmin Edge 1030|https://www.strava.com/activities/2938468753
12/16/2019|221.06|06:15:11|1743|0|227|4041|218|58%|0|0|35.4|81.4|85|242|124|177|180|2299|4,353|16|06:30:10|Garmin Edge 1030|https://www.strava.com/activities/2937125344
12/13/2019|172.86|05:16:49|1903|0|227|3465|184|58%|0|0|32.7|90.4|86|186|125|178|182|1381|3,461|16|05:47:01|Garmin Edge 1030|https://www.strava.com/activities/2930121793
12/12/2019|165.03|04:48:34|1605|0|234|3657|181|60%|0|0|34.3|74.2|91|195|140|179|211|1441|3,664|15|05:09:09|Garmin Edge 1030|https://www.strava.com/activities/2928241204
12/10/2019|130.81|04:01:12|1515|0|220|2618|140|57%|0|0|32.5|89.3|86|165|128|178|181|1633|2,610|15|04:24:38|Garmin Edge 1030|https://www.strava.com/activities/2927673392
12/9/2019|134.47|04:13:22|1563|0|232|2894|157|60%|0|0|31.8|81.4|87|168|138|179|190|1418|2,906|11|04:25:18|Garmin Edge 1030|https://www.strava.com/activities/2921839265
12/6/2019|129.57|04:13:25|1647|0|217|2877|133|56%|0|0|30.7|63|88|166|135|174|189|777|2,876|6|04:15:40|Garmin Edge 1030|https://www.strava.com/activities/2915374239
1/18/2020|195.65|07:00:00|3593|0|227|4823|245|58%|0|0|28|76|84|171|128|180|191|1566|4,827|20|07:39:09|Garmin Edge 1030|https://www.strava.com/activities/3024122048
1/17/2020|129.24|04:59:54|2636|0|250|3377|212|64%|0|0|25.9|75.6|83|175|126|192|188|1429|3,375|19|05:51:58|Garmin Edge 1030|https://www.strava.com/activities/3019213637
1/14/2020|158.47|05:59:41|3252|0|233|3989|221|60%|0|0|26.4|62.6|81|175|127|178|185|1493|3,998|18|06:40:10|Garmin Edge 1030|https://www.strava.com/activities/3010750019
1/13/2020|135.14|04:53:18|2431|0|251|3538|214|65%|0|0|27.6|74.5|84|219|131|186|201|1607|3,549|20|05:29:35|Garmin Edge 1030|https://www.strava.com/activities/3008644192
1/8/2020|171.99|06:26:25|3400|0|241|4449|258|62%|0|0|26.7|68.4|82|160|126|180|192|1467|4,458|15|08:51:46|Garmin Edge 1030|https://www.strava.com/activities/2993667596
1/7/2020|142.56|04:55:58|2462|0|263|3741|233|68%|0|0|28.9|77|85|169|134|189|211|1598|3,737|18|05:16:48|Garmin Edge 1030|https://www.strava.com/activities/2990457006
1/4/2020|141.59|05:16:44|3038|0|242|3795|212|62%|0|0|26.8|79.6|83|175|131|181|200|1568|3,835|18|05:50:08|Garmin Edge 1030|https://www.strava.com/activities/2981701624
1/18/2020|195.65|07:00:00|3593|0|227|4823|245|58%|0|0|28|76|84|171|128|180|191|1566|4,827|20|07:39:09|Garmin Edge 1030|https://www.strava.com/activities/3024122048
1/17/2020|129.24|04:59:54|2636|0|250|3377|212|64%|0|0|25.9|75.6|83|175|126|192|188|1429|3,375|19|05:51:58|Garmin Edge 1030|https://www.strava.com/activities/3019213637
1/14/2020|158.47|05:59:41|3252|0|233|3989|221|60%|0|0|26.4|62.6|81|175|127|178|185|1493|3,998|18|06:40:10|Garmin Edge 1030|https://www.strava.com/activities/3010750019
1/13/2020|135.14|04:53:18|2431|0|251|3538|214|65%|0|0|27.6|74.5|84|219|131|186|201|1607|3,549|20|05:29:35|Garmin Edge 1030|https://www.strava.com/activities/3008644192
1/8/2020|171.99|06:26:25|3400|0|241|4449|258|62%|0|0|26.7|68.4|82|160|126|180|192|1467|4,458|15|08:51:46|Garmin Edge 1030|https://www.strava.com/activities/2993667596
1/7/2020|142.56|04:55:58|2462|0|263|3741|233|68%|0|0|28.9|77|85|169|134|189|211|1598|3,737|18|05:16:48|Garmin Edge 1030|https://www.strava.com/activities/2990457006
1/4/2020|141.59|05:16:44|3038|0|242|3795|212|62%|0|0|26.8|79.6|83|175|131|181|200|1568|3,835|18|05:50:08|Garmin Edge 1030|https://www.strava.com/activities/2981701624
7/27/2020|41.44|01:24:31|564|0|195|891|36|50%|0|0|29.4|67.3|90|169|0|0|176|740|642|33|01:26:37|Bryton Rider 420|https://www.strava.com/activities/3823544733
7/20/2020|163.17|07:00:03|3979|0|215|4520|222|55%|0|0|23.3|72.4|80|203|134|184|179|623|4,513|23|07:38:48|Garmin Edge 1030|https://www.strava.com/activities/3790497076
7/13/2020|190.61|07:01:44|4045|0|223|4659|247|57%|0|0|27.1|91.1|81|207|136|180|184|760|4,671|18|07:55:12|Garmin Edge 1030|https://www.strava.com/activities/3756112945
7/10/2020|137.94|05:53:15|3662|0|233|4251|226|60%|0|0|23.4|81|79|153|133|181|201|1464|4,251|24|06:49:22|Garmin Edge 1030|https://www.strava.com/activities/3741169313
7/2/2020|120.36|04:11:56|1346|0|242|2956|167|62%|0|0|28.7|74.5|85|174|126|188|196|1263|2,946|25|04:39:14|Garmin Edge 1030|https://www.strava.com/activities/3702336188
7/31/2020|162.04|03:51:40|1225|0|232|2361|138|60%|0|0|42|83.2|90|173|0|0|170|1163|2,167|37|03:51:40|Bryton Rider 420|https://www.strava.com/activities/3843776172
7/30/2020|148.38|04:26:27|2640|0|253|3366|188|65%|0|0|33.4|76.7|83|173|153|192|211|1112|3,152|36|04:26:50|Bryton Rider 420|https://www.strava.com/activities/3840178212
7/28/2020|156.06|03:50:37|1645|0|252|2724|162|65%|0|0|40.6|96.5|90|173|132|172|197|1943|2,050|26|03:51:37|Bryton Rider 420|https://www.strava.com/activities/3840167293
8/23/2020|248.94|05:51:05|2647|0|302|5162|354|78%|0|0|42.5|79.9|93|179|153|198|245|1127|4,232|31|05:51:38|Bryton Rider 420|https://www.strava.com/activities/3955704595
8/26/2020|176.26|04:12:36|2564|0|315|4021|276|81%|0|0|41.9|82.1|96|172|151|197|265|1126|2,952|19|04:13:16|Bryton Rider 420|https://www.strava.com/activities/3968662339
8/5/2020|198.95|04:19:38|1032|0|253|3227|183|65%|0|0|46|79.6|92|173|140|201|207|1564|2,663|31|04:20:05|Bryton Rider 420|https://www.strava.com/activities/3871995643
8/1/2020|157.17|04:08:41|2303|0|254|3185|175|65%|0|0|37.9|91.4|87|173|147|185|213|1395|2,766|32|04:08:41|Bryton Rider 420|https://www.strava.com/activities/3848827016
9/24/2020|117.53|04:59:59|3039|0|250|3514|215|64%|0|0|23.5|78.8|79|137|132|180|195|632|3,514|10|05:25:00|Garmin Edge 520 Plus|https://www.strava.com/activities/4105684807
9/21/2020|151.51|05:55:18|3345|0|233|4014|222|60%|0|0|25.6|83.9|83|171|131|181|188|1397|4,021|10|06:28:01|Garmin Edge 520 Plus|https://www.strava.com/activities/4092003422
9/4/2020|117.68|03:58:59|1778|0|243|2719|159|62%|0|0|29.5|62.3|87|166|127|190|190|1535|2,718|26|04:07:24|Garmin Edge 1030|https://www.strava.com/activities/4009835582
9/12/2020|170.2|03:58:40|1576|0|248|2868|163|64%|0|0|42.8|83.5|92|176|137|192|200|1175|2,342|29|03:59:47|Bryton Rider 420|https://www.strava.com/activities/4048729943
9/12/2020|170.2|03:58:40|1576|0|248|2868|163|64%|0|0|42.8|83.5|92|176|137|192|200|1175|2,342|29|03:59:47|Bryton Rider 420|https://www.strava.com/activities/4044533520
9/10/2020|192.73|05:10:21|2986|0|242|3644|199|62%|0|0|37.3|90|89|176|140|179|196|1105|3,165|28|05:10:21|Bryton Rider 420|https://www.strava.com/activities/4039506853
9/9/2020|215.32|05:46:24|3078|0|251|4160|242|65%|0|0|37.3|78.5|88|173|124|124|200|969|3,233|32|05:46:54|Bryton Rider 420|https://www.strava.com/activities/4038073667
9/8/2020|200|05:00:47|1373|0|222|2976|163|57%|0|0|39.9|81|89|173|129|196|165|1391|2,550|32|05:01:39|Bryton Rider 420|https://www.strava.com/activities/4030035915
9/7/2020|132.27|02:57:16|917|0|275|2330|148|71%|0|0|44.8|78.8|93|172|0|0|219|1418|1,732|30|02:57:43|Bryton Rider 420|https://www.strava.com/activities/4025132573
10/25/2020|15.48|00:20:24|13|0|329|403|24|85%|0|0|45.5|53.3|99|123|154|168|330|797|401|14|00:20:24|Garmin Edge 520 Plus|https://www.strava.com/activities/4250092481
10/24/2020|187.95|05:17:06|3456|0|280|4837|276|72%|0|0|35.6|78.8|87|166|142|175|254|1368|4,892|13|05:19:55|Garmin Edge 520 Plus|https://www.strava.com/activities/4237230514
10/23/2020|123.29|02:42:09|121|0|240|1943|103|62%|0|0|45.6|77.4|86|181|121|160|200|948|1,957|10|02:42:37|Garmin Edge 520 Plus|https://www.strava.com/activities/4233076078
10/22/2020|198.31|06:47:21|5438|0|262|5767|311|67%|0|0|29.2|102.6|80|196|137|160|236|1054|5,832|8|06:53:59|Garmin Edge 520 Plus|https://www.strava.com/activities/4229040981
10/21/2020|197.93|06:30:42|5215|0|269|5506|315|69%|0|0|30.4|101.2|80|177|135|165|235|980|5,614|11|06:36:50|Garmin Edge 520 Plus|https://www.strava.com/activities/4224618795
10/20/2020|226|06:26:02|3802|0|277|5316|325|71%|0|0|35.1|84.6|83|180|133|171|230|1190|5,342|13|06:26:02|Garmin Edge 520 Plus|https://www.strava.com/activities/4220280175
10/18/2020|176.93|05:34:20|4075|0|287|5060|309|74%|0|0|31.8|86|82|173|140|172|252|1162|5,159|11|05:40:31|Garmin Edge 520 Plus|https://www.strava.com/activities/4212191928
10/17/2020|33.72|00:49:33|511|0|321|973|68|83%|0|0|40.8|79.6|95|129|159|169|327|850|1,038|12|01:14:14|Garmin Edge 520 Plus|https://www.strava.com/activities/4206081541
10/16/2020|190.87|04:22:09|866|0|282|3657|228|72%|0|0|43.7|87.1|89|167|131|183|233|1318|3,673|13|04:23:06|Garmin Edge 520 Plus|https://www.strava.com/activities/4202398134
10/15/2020|200.61|06:04:24|2429|0|282|5138|317|72%|0|0|33|78.1|82|170|131|169|235|1160|5,151|9|06:05:15|Garmin Edge 520 Plus|https://www.strava.com/activities/4198550415
10/14/2020|179.2|04:00:25|1042|0|268|3109|193|69%|0|0|44.7|81.4|87|184|126|190|216|1267|3,153|18|04:03:40|Garmin Edge 520 Plus|https://www.strava.com/activities/4194341244
10/13/2020|174.58|04:23:06|1673|0|302|3895|266|78%|0|0|39.8|88.2|84|180|136|178|247|1277|3,922|12|04:23:33|Garmin Edge 520 Plus|https://www.strava.com/activities/4189652422
10/13/2020|174.58|04:23:06|1673|0|302|3895|266|78%|0|0|39.8|88.2|84|180|136|178|247|1277|3,922|12|04:23:33|Garmin Edge 520 Plus|https://www.strava.com/activities/4181452744
10/10/2020|199.93|05:04:20|2138|0|271|3990|247|70%|0|0|39.4|78.5|84|175|132|177|219|1503|4,006|21|05:04:48|Garmin Edge 520 Plus|https://www.strava.com/activities/4176434713
10/9/2020|143.39|02:47:41|410|0|277|1664|114|71%|0|0|51.3|90.7|89|159|140|176|165|1241|2,199|21|02:48:08|Garmin Edge 520 Plus|https://www.strava.com/activities/4171873971
10/8/2020|185.27|04:52:40|2465|0|258|3542|214|66%|0|0|38|87.5|84|194|134|187|202|1194|3,618|18|04:54:33|Garmin Edge 520 Plus|https://www.strava.com/activities/4167830405
10/7/2020|219.1|06:33:39|4435|0|267|5383|311|69%|0|0|33.4|89.3|83|167|0|0|228|1150|5,414|14|06:35:04|Garmin Edge 520 Plus|https://www.strava.com/activities/4163585930
10/6/2020|138.69|03:22:02|1540|0|287|2891|184|74%|0|0|41.2|76.3|89|186|0|0|238|1193|2,916|21|03:22:30|Garmin Edge 520 Plus|https://www.strava.com/activities/4158697782
10/5/2020|148.31|04:33:18|3239|0|271|3855|225|70%|0|0|32.6|84.6|84|167|150|185|235|856|3,876|23|04:52:29|Garmin Edge 520 Plus|https://www.strava.com/activities/4150772640
10/5/2020|148.31|04:33:18|3239|0|271|3855|225|70%|0|0|32.6|84.6|84|167|150|185|235|856|3,876|23|04:52:29|Garmin Edge 520 Plus|https://www.strava.com/activities/4157582251
10/4/2020|147.47|03:28:51|1835|0|265|2606|162|68%|0|0|42.4|81.7|90|157|140|192|208|1035|2,649|28|03:46:22|Garmin Edge 520 Plus|https://www.strava.com/activities/4145576765
