date|distance|mov_time|elevation|relativeEffort|avg_power_weig|work_total|training_load|intensity|estAvgPower|energyOutput|avg_speed|max_speed|avg_cadence|max_cadence|avg_heartRate|max_heartRate|avg_power|max_power|avg_calories|avg_temperature|avg_elap_time|bicycle_model|url
1/31/2018|33.79|01:06:49|488|0|0|0|0||0|0|30.3|63.4|86|115|139|168|0|0|1,200|13|01:08:15|SRM PC8|https://www.strava.com/activities/1391644061
1/30/2018|118.68|04:16:41|1927|0|0|0|0||0|0|27.7|64.8|82|152|128|251|0|0|3,619|13|05:19:44|SRM PC8|https://www.strava.com/activities/1382943515
1/29/2018|45.13|01:31:41|402|0|0|0|0||0|0|29.5|59|86|117|118|212|0|0|1,275|15|02:01:33|SRM PC8|https://www.strava.com/activities/1381442777
1/27/2018|120.04|04:01:11|1677|0|0|0|0||0|0|29.9|67|81|159|118|222|0|0|3,110|14|04:23:03|SRM PC8|https://www.strava.com/activities/1381442930
1/26/2018|142.9|04:51:07|2695|0|0|0|0||0|0|29.5|77|82|139|127|178|0|0|4,148|12|05:15:30|SRM PC8|https://www.strava.com/activities/1381443007
1/21/2018|123.13|04:19:24|2473|0|0|0|0||0|0|28.5|66.2|84|169|0|0|0|0|3,551|22|04:56:58|SRM PC8|https://www.strava.com/activities/1368859649
1/19/2018|152.7|04:53:20|2454|0|0|0|0||0|0|31.2|65.5|85|125|0|0|0|0|4,021|16|05:07:02|SRM PC8|https://www.strava.com/activities/1364748518
1/19/2018|152.7|04:53:20|2454|0|0|0|0||0|0|31.2|65.5|85|125|0|0|0|0|4,021|16|05:07:02|SRM PC8|https://www.strava.com/activities/1359890396
1/15/2018|86.74|02:45:24|725|0|0|0|0||0|0|31.5|76.3|0|0|0|0|0|0|2,140|10|03:13:03|Garmin Edge 1000|https://www.strava.com/activities/1358324582
1/14/2018|140.83|04:52:18|2198|0|0|0|0||0|0|28.9|66.2|87|195|0|0|0|0|4,492|11|05:26:17|SRM PC8|https://www.strava.com/activities/1356997240
1/13/2018|50.83|01:45:11|405|0|212|1154|51|53%|0|0|29|66.2|90|129|0|0|183|711|1,286|14|02:08:40|SRM PC8|https://www.strava.com/activities/1354817291
1/12/2018|70.38|02:21:02|639|0|247|1736|100|62%|0|0|29.9|60.5|91|163|0|0|205|886|1,936|14|02:47:13|SRM PC8|https://www.strava.com/activities/1354817335
1/11/2018|143.05|05:13:20|4286|0|0|0|0||0|0|27.4|61.9|86|116|0|0|0|0|4,384|11|05:51:42|SRM PC8|https://www.strava.com/activities/1351704040
1/10/2018|67.55|02:46:31|987|0|0|0|0||0|0|24.3|92.9|83|127|0|0|0|0|1,843|11|04:26:23|SRM PC8|https://www.strava.com/activities/1351703803
1/9/2018|38.17|01:35:33|901|0|0|0|0||0|0|24|54|0|0|0|0|0|0|1,179|5|01:44:56|Garmin Edge 1000|https://www.strava.com/activities/1348460783
1/8/2018|82.85|03:19:41|1648|0|0|0|0||0|0|24.9|71.3|82|188|0|0|0|0|2,660|16|03:59:29|SRM PC8|https://www.strava.com/activities/1346861703
1/5/2018|75.94|02:31:51|764|0|252|1959|105|63%|0|0|30|57.6|89|174|0|0|215|744|2,185|15|02:57:21|SRM PC8|https://www.strava.com/activities/1342195948
1/4/2018|67.49|02:33:41|871|0|0|0|0||171|1579|26.4|69.1|0|0|0|0|0|0|1,761|12|02:56:55|Garmin Edge 1000|https://www.strava.com/activities/1340489921
1/3/2018|135.59|05:01:37|2615|0|0|0|0||0|0|27|68.8|0|0|0|0|0|0|4,292|14|05:27:01|Garmin Edge 1000|https://www.strava.com/activities/1338909672
1/2/2018|106.24|03:27:04|1444|0|276|3076|170|69%|0|0|30.8|71.3|92|184|0|0|248|981|3,430|16|04:11:36|SRM PC8|https://www.strava.com/activities/1337480713
1/25/2018|87.3|02:53:25|1736|0|0|0|0||0|0|30.2|70.6|84|140|0|0|0|0|2,537|16|03:21:24|SRM PC8|https://www.strava.com/activities/1375753554
1/24/2018|22.32|00:52:50|289|0|0|0|0||0|0|25.4|51.1|78|104|0|0|0|0|446|18|01:59:22|SRM PC8|https://www.strava.com/activities/1375753461
1/23/2018|205.09|06:49:15|3748|0|0|0|0||0|0|30.1|73.4|83|207|0|0|0|0|5,351|18|07:25:31|SRM PC8|https://www.strava.com/activities/1375753778
1/22/2018|156.75|05:04:57|2779|0|0|0|0||0|0|30.8|69.8|85|164|0|0|0|0|4,221|22|05:31:32|SRM PC8|https://www.strava.com/activities/1375756758
1/20/2018|31.89|01:17:58|343|0|0|0|0||0|0|24.5|58.3|77|115|0|0|0|0|594|18|04:16:55|SRM PC8|https://www.strava.com/activities/1368859492
1/18/2018|119.39|03:47:40|1682|0|0|0|0||0|0|31.5|61.2|84|127|0|0|0|0|2,913|17|04:14:19|SRM PC8|https://www.strava.com/activities/1363408007
2/24/2018|12.67|00:16:16|36|0|375|364|24|94%|0|0|46.7|59|95|129|181|188|373|953|406|33|00:17:09|SRM PC8|https://www.strava.com/activities/1423454129
2/24/2018|29.16|01:02:17|65|0|196|588|28|49%|0|0|28.1|53.3|82|202|112|156|157|678|655|29|05:03:25|SRM PC8|https://www.strava.com/activities/1423454208
2/17/2018|68.18|02:27:14|1513|0|253|1794|102|63%|0|0|27.8|82.8|80|129|124|164|203|894|2,000|13|02:42:24|SRM PC8|https://www.strava.com/activities/1412059588
2/17/2018|36.46|01:21:19|666|0|224|981|42|56%|0|0|26.9|77|84|114|117|137|201|471|1,094|2|01:21:19|SRM PC8|https://www.strava.com/activities/1412059461
2/16/2018|144.69|05:05:02|3712|0|287|4157|276|72%|0|0|28.5|85.7|79|168|132|202|227|668|4,635|18|05:25:25|SRM PC8|https://www.strava.com/activities/1410788769
2/15/2018|130.44|04:47:23|3576|0|295|4089|277|74%|0|0|27.2|80.6|80|133|139|204|237|955|4,559|19|05:17:22|SRM PC8|https://www.strava.com/activities/1409062906
2/14/2018|29.3|01:09:16|547|0|196|695|28|49%|0|0|25.4|67.7|81|119|116|148|167|435|775|15|01:34:29|SRM PC8|https://www.strava.com/activities/1409062390
2/12/2018|161.03|05:57:33|4307|0|288|4845|325|72%|0|0|27|90|79|124|132|239|226|902|5,402|16|06:25:04|SRM PC8|https://www.strava.com/activities/1404435038
2/11/2018|135.79|05:10:42|3826|0|283|4179|278|71%|0|0|26.2|77|81|150|134|181|224|1029|4,660|18|05:37:51|SRM PC8|https://www.strava.com/activities/1403318021
2/9/2018|79.24|02:57:22|1756|0|256|2282|125|64%|0|0|26.8|98.6|82|164|130|180|214|1403|2,545|11|03:14:54|SRM PC8|https://www.strava.com/activities/1399636431
2/8/2018|119.59|04:47:46|3090|0|260|3766|209|65%|0|0|24.9|64.1|80|119|128|220|218|574|4,199|21|05:01:11|SRM PC8|https://www.strava.com/activities/1398013017
2/7/2018|82.44|03:05:09|1908|0|0|0|0||0|0|26.7|69.8|83|113|121|154|0|0|2,558|20|03:13:44|SRM PC8|https://www.strava.com/activities/1396077423
2/6/2018|58.52|02:05:49|1009|0|0|0|0||0|0|27.9|74.9|85|122|121|146|0|0|1,662|9|02:08:30|SRM PC8|https://www.strava.com/activities/1394262313
2/4/2018|141.22|04:33:29|2450|0|0|0|0||0|0|31|77.8|85|143|0|0|0|0|4,903|10|04:48:47|SRM PC8|https://www.strava.com/activities/1391644277
2/25/2018|197.85|04:43:42|1303|0|261|3528|201|65%|0|0|41.8|74.2|83|129|0|0|207|1172|3,934|25|04:44:59|SRM PC8|https://www.strava.com/activities/1425884893
2/23/2018|134.17|03:05:56|325|0|221|1944|94|55%|0|0|43.3|79.9|82|120|123|187|174|1100|2,168|35|03:06:37|SRM PC8|https://www.strava.com/activities/1421927040
2/22/2018|146.2|03:14:36|232|0|250|2230|128|63%|0|0|45.1|73.4|82|120|128|187|191|1074|2,486|30|03:15:09|SRM PC8|https://www.strava.com/activities/1420412165
2/21/2018|193.72|05:00:32|1178|0|202|2684|129|51%|0|0|38.7|86.4|80|178|118|188|149|1227|2,993|33|05:01:01|SRM PC8|https://www.strava.com/activities/1419014754
2/20/2018|70.75|01:58:11|143|0|256|1473|82|64%|0|0|35.9|59|85|130|120|180|208|1004|1,643|27|02:06:17|SRM PC8|https://www.strava.com/activities/1416843786
3/31/2018|152.54|05:25:39|3683|0|0|0|0||0|0|28.1|85.7|83|128|0|0|0|0|4,846|23|05:51:24|SRM PC8|https://www.strava.com/activities/1482249546
3/30/2018|127.11|04:43:40|3425|0|0|0|0||0|0|26.9|82.4|79|149|0|0|0|0|4,126|24|05:17:28|Garmin Edge 1000|https://www.strava.com/activities/1479943854
3/28/2018|79.34|02:56:26|1368|0|0|0|0||0|0|27|81.4|79|130|0|0|0|0|2,147|21|03:20:10|Garmin Edge 1000|https://www.strava.com/activities/1476249904
3/27/2018|45.29|01:40:46|679|0|0|0|0||0|0|27|78.5|80|123|0|0|0|0|1,149|23|02:22:11|SRM PC8|https://www.strava.com/activities/1476853683
3/18/2018|38.14|01:19:17|199|0|0|0|0||0|0|28.9|56.2|85|116|0|0|0|0|874|18|01:37:53|SRM PC8|https://www.strava.com/activities/1461225803
3/13/2018|178.3|05:47:18|2598|0|283|4864|304|71%|0|0|30.8|89.3|85|149|0|0|233|1095|5,423|14|06:15:50|SRM PC8|https://www.strava.com/activities/1451017935
3/12/2018|92.47|03:10:29|1527|0|280|2691|162|70%|0|0|29.1|64.8|82|128|0|0|235|1087|3,001|10|03:19:32|SRM PC8|https://www.strava.com/activities/1449700149
3/10/2018|86.88|03:00:59|1359|0|0|0|0||0|0|28.8|71.3|83|115|0|0|0|0|2,871|10|03:09:13|SRM PC8|https://www.strava.com/activities/1445521332
3/9/2018|134.16|04:41:26|2518|0|0|0|0||0|0|28.6|72.7|82|120|0|0|0|0|4,287|14|04:45:02|SRM PC8|https://www.strava.com/activities/1443773570
3/8/2018|120.97|04:02:46|1211|0|0|0|0||0|0|29.9|64.8|86|122|0|0|0|0|3,473|16|04:50:11|SRM PC8|https://www.strava.com/activities/1442459187
3/7/2018|103.35|03:38:55|1719|0|0|0|0||0|0|28.3|60.5|82|121|0|0|0|0|3,309|16|03:47:21|SRM PC8|https://www.strava.com/activities/1440684911
3/6/2018|89.07|03:01:42|614|0|216|2163|92|54%|0|0|29.4|60.5|86|128|0|0|198|851|2,412|15|03:33:38|SRM PC8|https://www.strava.com/activities/1439288324
3/4/2018|199.73|04:40:55|2162|0|0|0|0||0|0|42.7|95|85|200|0|0|0|0|4,720|14|04:42:26|SRM PC8|https://www.strava.com/activities/1436801144
3/24/2018|115.8|02:36:33|1673|0|0|0|0||0|0|44.4|93.6|86|122|0|0|0|0|2,525|7|02:40:19|SRM PC8|https://www.strava.com/activities/1469826278
3/25/2018|156.3|03:40:09|2128|0|0|0|0||0|0|42.6|82.8|87|131|0|0|0|0|4,171|13|03:40:09|SRM PC8|https://www.strava.com/activities/1471263931
3/23/2018|208.56|05:23:01|3146|0|0|0|0||0|0|38.7|93.6|83|142|0|0|0|0|4,484|16|05:27:03|SRM PC8|https://www.strava.com/activities/1467569812
3/22/2018|172.37|04:42:35|3651|0|0|0|0||0|0|36.6|85.7|85|132|0|0|0|0|4,905|12|04:47:26|SRM PC8|https://www.strava.com/activities/1466350884
3/21/2018|161.49|04:36:18|2849|0|0|0|0||0|0|35.1|86.4|84|167|0|0|0|0|4,260|13|04:36:39|SRM PC8|https://www.strava.com/activities/1464523401
3/20/2018|181.5|04:55:56|2446|0|252|3561|198|63%|0|0|36.8|81.4|84|128|0|0|201|991|3,971|15|05:12:01|SRM PC8|https://www.strava.com/activities/1463216254
3/20/2018|181.5|04:55:56|2446|0|252|3561|198|63%|0|0|36.8|81.4|84|128|0|0|201|991|3,971|15|05:12:01|SRM PC8|https://www.strava.com/activities/1461226170
3/17/2018|298.64|07:34:20|1470|0|0|0|0||0|0|39.4|81.4|83|222|0|0|0|0|2,814|12|07:44:27|SRM PC8|https://www.strava.com/activities/1461226286
3/16/2018|50.14|01:36:42|485|0|219|1072|51|55%|0|0|31.1|61.9|83|224|0|0|185|1069|1,195|14|01:43:13|SRM PC8|https://www.strava.com/activities/1461225725
3/14/2018|88.55|02:59:52|781|0|245|2300|120|61%|0|0|29.5|72.7|82|117|0|0|213|1003|2,565|12|03:29:33|SRM PC8|https://www.strava.com/activities/1452743789
4/27/2018|96.13|03:14:58|1707|0|288|2931|175|72%|0|0|29.6|75.6|85|132|0|0|251|1075|3,268|18|03:50:00|SRM PC8|https://www.strava.com/activities/1534640223
4/26/2018|58.94|02:11:13|489|0|192|1372|54|48%|0|0|27|59|81|114|0|0|174|645|1,530|24|02:26:17|SRM PC8|https://www.strava.com/activities/1532752442
4/25/2018|100.95|03:38:59|1785|0|266|2815|168|67%|0|0|27.7|65.5|77|124|0|0|214|784|3,139|27|03:48:17|Garmin Edge 1000|https://www.strava.com/activities/1530967836
4/24/2018|41.56|01:32:02|325|0|185|922|37|46%|0|0|27.1|77|77|117|0|0|167|655|1,028|24|01:55:20|SRM PC8|https://www.strava.com/activities/1532752406
4/19/2018|29.53|00:48:23|28|0|81|95|3|20%|0|0|36.6|63.4|71|106|0|0|33|482|106|19|00:51:17|SRM PC8|https://www.strava.com/activities/1518827616
4/14/2018|125.87|03:56:11|1631|0|0|0|0||0|0|32|78.5|83|129|0|0|0|0|3,661|19|04:30:55|SRM PC8|https://www.strava.com/activities/1507640822
4/13/2018|96.49|03:18:50|1489|0|0|0|0||0|0|29.1|83.5|85|129|0|0|0|0|3,259|19|03:28:57|SRM PC8|https://www.strava.com/activities/1505834712
4/12/2018|45.05|01:24:14|75|0|0|0|0||0|0|32.1|51.8|90|122|0|0|0|0|1,143|13|01:27:26|SRM PC8|https://www.strava.com/activities/1505834567
4/8/2018|99.33|03:52:38|2724|0|0|0|0||0|0|25.6|79.9|78|121|0|0|0|0|3,363|16|04:22:18|SRM PC8|https://www.strava.com/activities/1500246782
4/7/2018|178.68|06:29:14|4573|0|281|5367|335|70%|0|0|27.5|75.6|82|176|0|0|230|876|5,984|17|06:56:27|SRM PC8|https://www.strava.com/activities/1495008351
4/6/2018|26|00:58:30|458|0|207|640|27|52%|0|0|26.7|81.4|82|120|0|0|182|1285|714|21|01:50:57|SRM PC8|https://www.strava.com/activities/1492440265
4/5/2018|54.72|01:45:23|908|0|295|1671|98|74%|0|0|31.2|54|86|124|0|0|264|844|1,863|26|01:55:28|SRM PC8|https://www.strava.com/activities/1492440429
4/5/2018|79.94|02:16:46|952|0|253|1474|96|63%|0|0|35.1|82.8|84|134|0|0|180|917|1,644|19|02:32:52|SRM PC8|https://www.strava.com/activities/1492440406
4/4/2018|178.05|06:43:36|4723|0|0|0|0||0|0|26.5|85|80|155|0|0|0|0|5,852|19|07:19:46|SRM PC8|https://www.strava.com/activities/1489601407
4/3/2018|114.06|03:58:38|2291|0|237|2709|144|59%|0|0|28.7|82.8|83|129|0|0|189|1152|3,020|18|07:56:36|SRM PC8|https://www.strava.com/activities/1489599498
4/2/2018|25.97|00:59:38|452|0|200|635|26|50%|0|0|26.1|79.9|83|131|0|0|177|343|708|17|01:41:39|SRM PC8|https://www.strava.com/activities/1485562441
4/1/2018|165.75|05:47:30|3570|0|0|0|0||0|0|28.6|81.4|82|123|0|0|0|0|5,100|20|06:10:03|Garmin Edge 1000|https://www.strava.com/activities/1483921461
4/29/2018|73.18|02:47:40|1525|0|254|2043|114|64%|0|0|26.2|84.2|80|119|0|0|203|714|2,278|24|02:49:29|SRM PC8|https://www.strava.com/activities/1538621414
4/28/2018|152.88|05:25:23|2776|0|286|4543|291|72%|0|0|28.2|72.7|82|124|0|0|233|873|5,066|25|06:07:25|SRM PC8|https://www.strava.com/activities/1536976916
4/22/2018|151.59|03:27:11|593|0|0|0|0||0|0|43.9|82.8|83|125|0|0|0|0|2,682|31|03:28:00|SRM PC8|https://www.strava.com/activities/1526399735
4/21/2018|159.91|04:41:04|3426|0|0|0|0||0|0|34.1|79.9|85|130|0|0|0|0|4,794|28|04:42:33|SRM PC8|https://www.strava.com/activities/1522975005
4/20/2018|172.62|04:07:16|1728|0|276|3275|196|69%|0|0|41.9|77|87|124|0|0|221|1042|3,652|31|04:07:16|SRM PC8|https://www.strava.com/activities/1520538676
4/19/2018|144.32|04:33:17|2939|0|0|0|0||0|0|31.7|79.9|82|121|0|0|0|0|4,219|27|04:34:04|SRM PC8|https://www.strava.com/activities/1518828521
4/18/2018|236.04|05:42:13|2113|0|0|0|0||0|0|41.4|93.6|87|141|0|0|0|0|4,516|20|05:52:24|SRM PC8|https://www.strava.com/activities/1516861037
4/17/2018|234.86|06:01:02|707|0|0|0|0||0|0|39|71.3|85|123|0|0|0|0|4,733|16|06:08:29|SRM PC8|https://www.strava.com/activities/1514705390
4/11/2018|100.83|03:22:32|1206|0|0|0|0||0|0|29.9|72|82|140|0|0|0|0|2,895|16|03:39:25|Garmin Edge 1000|https://www.strava.com/activities/1502279236
5/27/2018|115.16|02:56:50|974|0|0|0|0||0|0|39.1|70.6|83|126|129|191|0|0|2,563|29|02:57:47|SRM PC8|https://www.strava.com/activities/1606472848
5/26/2018|211.79|05:58:26|4078|0|0|0|0||0|0|35.5|97.9|83|135|0|0|0|0|6,731|27|05:58:26|SRM PC8|https://www.strava.com/activities/1598696954
5/25/2018|181.44|05:42:50|4500|0|271|2673|263|68%|0|0|31.8|87.8|87|143|144|183|130|1112|2,980|25|05:47:38|SRM PC8|https://www.strava.com/activities/1595379205
5/24/2018|195.56|05:16:37|2176|0|0|0|0||0|0|37.1|84.2|82|123|0|0|0|0|4,477|30|05:17:44|SRM PC8|https://www.strava.com/activities/1593560492
5/23/2018|153.46|03:35:14|1921|0|0|0|0||0|0|42.8|92.2|87|135|0|0|0|0|3,819|25|03:35:14|SRM PC8|https://www.strava.com/activities/1591783731
5/22/2018|33.56|00:42:38|198|0|0|0|0||0|0|47.2|71.3|97|120|0|0|0|0|1,063|20|00:42:38|SRM PC8|https://www.strava.com/activities/1588876665
5/21/2018|28.94|01:06:27|64|0|164|532|20|41%|0|0|26.1|45.4|80|117|93|122|133|613|593|29|01:27:50|SRM PC8|https://www.strava.com/activities/1588876616
5/20/2018|173.33|04:46:46|3148|0|0|0|0||0|0|36.3|86.4|85|147|0|0|0|0|5,203|18|04:47:15|SRM PC8|https://www.strava.com/activities/1585333311
5/19/2018|184.8|05:37:32|4219|0|299|5099|316|75%|0|0|32.9|96.5|80|138|0|0|252|1063|5,686|22|05:38:35|SRM PC8|https://www.strava.com/activities/1582785252
5/18/2018|178.14|03:56:00|466|0|0|0|0||0|0|45.3|81.4|96|116|118|173|0|0|69|27|03:56:30|SRM PC8|https://www.strava.com/activities/1582785175
5/17/2018|212.74|04:49:25|727|0|0|0|0||0|0|44.1|87.1|83|135|113|180|0|0|3,684|22|04:50:39|SRM PC8|https://www.strava.com/activities/1582785272
5/16/2018|153.97|03:27:08|1953|0|0|0|0||0|0|44.6|90.7|87|127|0|0|0|0|3,760|21|03:27:33|SRM PC8|https://www.strava.com/activities/1576070745
5/15/2018|240.95|06:04:07|3846|0|0|0|0||0|0|39.7|90.7|87|142|143|176|0|0|6,493|18|06:04:42|SRM PC8|https://www.strava.com/activities/1576070945
5/14/2018|24.21|00:57:18|56|0|167|445|17|42%|0|0|25.3|43.9|77|113|0|0|130|562|497|24|01:00:31|SRM PC8|https://www.strava.com/activities/1576070528
5/13/2018|225.09|05:58:48|3946|0|288|5044|310|72%|0|0|37.6|88.6|86|124|0|0|234|955|5,624|25|05:59:46|SRM PC8|https://www.strava.com/activities/1570073339
5/12/2018|206.82|05:15:01|2569|0|0|0|0||0|0|39.4|85|86|148|144|183|0|0|5,883|24|05:15:01|SRM PC8|https://www.strava.com/activities/1568013851
5/11/2018|158.79|03:44:34|814|0|226|2332|121|57%|0|0|42.4|88.6|85|141|111|181|173|1127|2,600|27|03:45:28|SRM PC8|https://www.strava.com/activities/1565304389
5/10/2018|166.92|04:27:04|3173|0|0|0|0||0|0|37.5|93.6|87|132|0|0|0|0|4,569|26|04:27:28|SRM PC8|https://www.strava.com/activities/1563153045
5/9/2018|148.6|04:07:47|2042|0|0|0|0||0|0|36|78.5|83|129|125|179|0|0|3,365|26|04:09:13|SRM PC8|https://www.strava.com/activities/1560740986
5/8/2018|198.51|05:20:14|3422|0|0|0|0||0|0|37.2|81.4|86|134|0|0|0|0|4,895|28|05:20:46|SRM PC8|https://www.strava.com/activities/1558511383
5/7/2018|39.91|01:15:33|58|0|0|0|0||0|0|31.7|44.6|81|120|0|0|0|0|751|26|01:21:38|SRM PC8|https://www.strava.com/activities/1556471428
5/6/2018|226.36|05:01:04|1735|0|0|0|0||0|0|45.1|99.4|86|138|0|0|0|0|3,599|30|05:02:30|SRM PC8|https://www.strava.com/activities/1554007402
5/5/2018|165.21|03:51:01|951|0|0|0|0||0|0|42.9|79.9|85|131|0|0|0|0|2,808|30|03:51:32|SRM PC8|https://www.strava.com/activities/1551452360
5/4/2018|9.51|00:13:38|174|0|388|314|21|97%|0|0|41.9|73.4|97|122|0|0|384|1038|351|32|00:13:38|SRM PC8|https://www.strava.com/activities/1549321781
5/4/2018|22.44|00:52:13|399|0|199|472|24|50%|0|0|25.8|64.8|75|110|0|0|151|1012|527|28|01:00:36|SRM PC8|https://www.strava.com/activities/1549321718
5/3/2018|66.24|01:53:41|773|0|248|1405|82|62%|0|0|35|77|88|145|0|0|206|937|1,567|37|02:16:43|SRM PC8|https://www.strava.com/activities/1549324606
5/2/2018|59.8|01:57:48|789|0|217|1212|59|54%|0|0|30.5|82.1|81|121|0|0|171|1142|1,351|39|02:04:12|SRM PC8|https://www.strava.com/activities/1545537806
6/30/2018|52.07|01:45:42|422|0|224|1194|57|56%|0|0|29.6|60.5|86|130|0|0|188|882|1,331|27|02:22:33|SRM PC8|https://www.strava.com/activities/1671148207
6/27/2018|70.38|02:25:25|919|0|0|0|0||0|0|29|69.1|0|0|0|0|0|0|1,504|25|02:37:15|Garmin fēnix 5|https://www.strava.com/activities/1665506289
6/23/2018|46.58|01:52:03|955|0|238|1237|70|60%|0|0|24.9|67.7|80|119|0|0|184|598|1,379|22|02:44:55|SRM PC8|https://www.strava.com/activities/1656525344
6/22/2018|124.96|04:26:01|2321|0|0|0|0||0|0|28.2|85|0|0|0|0|0|0|2,322|15|04:35:17|Garmin fēnix 5|https://www.strava.com/activities/1654697646
6/21/2018|111.2|03:08:39|588|0|0|0|0||271|3070|35.4|66.6|0|0|0|0|0|0|3,940|28|04:48:04|Garmin fēnix 5|https://www.strava.com/activities/1652762580
6/20/2018|46.23|02:49:55|1438|0|0|0|0||207|2111|16.3|63.7|0|0|0|0|0|0|1,477|23|02:51:09|Garmin fēnix 5|https://www.strava.com/activities/1650231304
6/17/2018|21.18|00:26:56|193|0|397|627|44|99%|0|0|47.2|82.8|98|122|0|0|388|983|699|26|00:27:46|SRM PC8|https://www.strava.com/activities/1645439498
6/12/2018|31.65|00:58:03|286|0|0|0|0||0|0|32.7|55.8|90|123|0|0|0|0|746|21|00:58:03|Garmin Edge 1000|https://www.strava.com/activities/1633234832
6/11/2018|62.25|01:46:50|673|0|0|0|0||0|0|35|75.6|0|0|0|0|0|0|1,115|26|02:01:27|Garmin fēnix 5|https://www.strava.com/activities/1631360490
6/10/2018|82.78|02:45:23|1198|0|0|0|0||229|2270|30|90.4|0|0|0|0|0|0|1,430|26|02:59:53|Garmin fēnix 5|https://www.strava.com/activities/1629367413
6/9/2018|36.57|01:28:13|572|0|0|0|0||0|0|24.9|85.7|0|0|0|0|0|0|1,721|24|01:30:39|Garmin fēnix 5|https://www.strava.com/activities/1626835331
6/4/2018|115.43|03:56:55|1839|0|247|2907|160|62%|0|0|29.2|75.6|83|124|0|0|205|806|3,241|27|05:02:11|SRM PC8|https://www.strava.com/activities/1616582769
6/24/2018|177.14|04:43:24|3580|0|334|4765|331|84%|0|0|37.5|84.2|89|152|0|0|280|1081|5,312|23|04:43:43|SRM PC8|https://www.strava.com/activities/1660764473
6/16/2018|158.37|03:53:13|2148|0|0|0|0||0|0|40.7|86|0|0|0|0|0|0|2,827|24|03:53:36|Garmin fēnix 5|https://www.strava.com/activities/1642392225
6/15/2018|177.7|04:09:35|1841|0|0|0|0||0|0|42.7|101.5|0|0|0|0|0|0|2,729|23|04:18:10|Garmin fēnix 5|https://www.strava.com/activities/1640029117
6/14/2018|157.08|03:44:51|1019|0|0|0|0||399|5383|41.9|95.4|0|0|0|0|0|0|2,136|22|03:46:56|Garmin fēnix 5|https://www.strava.com/activities/1637984071
6/13/2018|161.48|03:39:03|596|0|0|0|0||0|0|44.2|81.4|0|0|0|0|0|0|1,947|24|03:40:22|Garmin fēnix 5|https://www.strava.com/activities/1636257386
6/8/2018|158.66|05:37:43|3045|0|83|470|25|21%|0|0|28.2|85.3|81|121|0|0|23|880|524|24|06:51:18|Garmin fēnix 5|https://www.strava.com/activities/1625136496
6/7/2018|140.84|04:24:19|1709|0|0|0|0||0|0|32|77|85|130|0|0|0|0|3,866|25|05:21:34|SRM PC8|https://www.strava.com/activities/1623011142
6/5/2018|146.31|04:47:59|1994|0|0|0|0||0|0|30.5|72.7|83|141|0|0|0|0|4,344|26|05:22:19|SRM PC8|https://www.strava.com/activities/1618722246
7/27/2018|14.86|00:55:06|93|0|0|0|0||61|200|16.2|42.5|0|0|0|0|0|0|397|27|01:37:13|Garmin fēnix 5|https://www.strava.com/activities/1735900508
7/22/2018|99.64|03:22:07|1475|0|0|0|0||201|2443|29.6|68.8|0|0|0|0|0|0|1,843|25|03:31:52|Garmin fēnix 5|https://www.strava.com/activities/1719685925
7/21/2018|80.69|02:21:38|612|0|266|1839|106|67%|0|0|34.2|64.8|84|130|0|0|216|769|2,051|30|02:35:58|SRM PC8|https://www.strava.com/activities/1717873952
7/21/2018|27.09|00:57:15|571|0|303|836|56|76%|0|0|28.4|66.2|80|127|0|0|243|700|932|28|00:58:58|SRM PC8|https://www.strava.com/activities/1717873278
7/20/2018|57.41|02:01:13|382|0|208|1150|57|52%|0|0|28.4|64.8|80|116|0|0|158|830|1,282|30|02:30:33|SRM PC8|https://www.strava.com/activities/1717873444
7/19/2018|66.19|02:27:20|1416|0|294|1954|146|74%|0|0|27|59|82|123|0|0|221|902|2,178|29|03:02:04|SRM PC8|https://www.strava.com/activities/1712845226
7/18/2018|104.34|03:22:16|397|0|0|0|0||176|2134|31|60.8|0|0|0|0|0|0|1,712|27|03:45:49|Garmin fēnix 5|https://www.strava.com/activities/1710523409
7/17/2018|64.6|02:21:20|734|0|218|1460|76|55%|0|0|27.4|59.8|83|163|0|0|172|667|1,628|31|02:41:15|SRM PC8|https://www.strava.com/activities/1712845139
7/13/2018|129.77|03:39:34|2827|0|0|0|0||0|0|35.5|87.1|86|124|152|187|0|0|4,117|28|03:39:34|SRM PC8|https://www.strava.com/activities/1700126801
7/4/2018|53.33|01:50:22|427|0|0|0|0||0|0|29|65.5|0|0|0|0|0|0|979|28|02:05:49|Garmin fēnix 5|https://www.strava.com/activities/1680802816
7/4/2018|49.25|01:33:50|568|0|0|0|0||0|0|31.5|65.5|0|0|0|0|0|0|1,005|27|01:34:44|Garmin fēnix 5|https://www.strava.com/activities/1679846604
7/3/2018|126.08|04:20:21|3864|0|0|0|0||0|0|29.1|79.9|0|0|0|0|0|0|2,632|26|04:34:16|Garmin fēnix 5|https://www.strava.com/activities/1677919978
7/2/2018|98.85|03:44:17|1441|0|0|0|0||0|0|26.4|69.1|0|0|119|170|0|0|1,824|27|04:13:34|Garmin fēnix 5|https://www.strava.com/activities/1675773386
7/30/2018|134.27|04:40:26|2192|0|245|3286|182|61%|0|0|28.7|87.8|82|124|0|0|195|963|3,664|23|05:21:27|SRM PC8|https://www.strava.com/activities/1737722814
7/29/2018|168.24|06:15:17|3927|0|270|4824|303|68%|0|0|26.9|96.5|78|137|132|175|214|963|5,378|25|07:04:07|SRM PC8|https://www.strava.com/activities/1735817872
7/28/2018|108.35|03:59:09|2359|0|268|3086|187|67%|0|0|27.2|85.7|79|124|0|0|215|948|3,441|23|04:45:48|SRM PC8|https://www.strava.com/activities/1733181310
7/26/2018|53.55|03:38:52|1419|0|0|0|0||107|1404|14.7|63|0|0|0|0|0|0|1,984|25|04:26:03|Garmin fēnix 5|https://www.strava.com/activities/1728979345
7/25/2018|113.78|04:05:16|2236|0|237|2942|152|59%|0|0|27.8|79.9|80|133|0|0|200|710|3,280|23|04:40:52|SRM PC8|https://www.strava.com/activities/1726780341
7/24/2018|38.01|02:50:21|1085|0|0|0|0||96|986|13.4|61.6|0|0|0|0|0|0|1,529|24|03:27:55|Garmin fēnix 5|https://www.strava.com/activities/1724221035
7/14/2018|159.53|03:37:17|1655|0|0|0|0||0|0|44.1|87.8|86|123|134|185|0|0|3,329|30|03:37:17|SRM PC8|https://www.strava.com/activities/1702416681
7/12/2018|175.04|04:19:50|2997|0|337|4606|306|84%|0|0|40.4|104.4|88|129|158|185|295|1135|5,135|23|04:19:50|SRM PC8|https://www.strava.com/activities/1698225369
7/11/2018|92.27|03:05:46|2444|0|295|2848|169|74%|0|0|29.8|85|80|126|136|167|255|722|3,175|13|03:06:32|SRM PC8|https://www.strava.com/activities/1695800372
7/10/2018|140.01|03:15:07|2027|0|0|0|0||0|0|43.1|90|88|133|0|0|0|0|3,969|23|03:15:07|SRM PC8|https://www.strava.com/activities/1693463712
7/9/2018|134.72|03:41:38|2131|0|0|0|0||0|0|36.5|87.1|84|126|0|0|0|0|4,023|26|03:42:28|SRM PC8|https://www.strava.com/activities/1691169072
7/8/2018|181.33|04:30:34|2537|0|0|0|0||0|0|40.2|103|87|135|0|0|0|0|4,148|27|04:31:01|SRM PC8|https://www.strava.com/activities/1689442703
7/7/2018|146.41|03:31:32|2063|0|0|0|0||0|0|41.5|90.7|87|131|0|0|0|0|3,472|28|03:31:32|SRM PC8|https://www.strava.com/activities/1687008501
8/28/2018|33.15|02:46:37|1143|0|0|0|0||148|1481|11.9|72|0|0|0|0|0|0|1,224|24|03:58:15|Garmin fēnix 5|https://www.strava.com/activities/1802805010
8/21/2018|45.25|01:34:03|685|0|242|1225|61|61%|0|0|28.9|73.4|85|126|0|0|217|936|1,366|30|02:01:24|SRM PC8|https://www.strava.com/activities/1792921040
8/15/2018|172.97|03:47:38|245|0|0|0|0||412|5626|45.6|61.9|0|0|0|0|0|0|6,273|23|03:48:06|SRM PC8|https://www.strava.com/activities/1774279647
8/14/2018|12.99|00:15:40|7|0|379|346|23|95%|0|0|49.7|63.4|98|123|0|0|368|948|385|26|00:15:40|SRM PC8|https://www.strava.com/activities/1772455523
8/14/2018|13.13|00:22:54|7|0|197|232|10|49%|0|0|34.4|52.6|88|119|118|146|169|577|259|24|00:29:14|SRM PC8|https://www.strava.com/activities/1772455506
8/13/2018|176.05|04:01:34|188|0|237|2875|140|59%|0|0|43.7|71.3|85|132|128|177|198|1080|3,205|21|04:01:34|SRM PC8|https://www.strava.com/activities/1770140632
8/11/2018|48.79|01:24:17|288|0|228|994|47|57%|0|0|34.7|57.6|85|125|113|143|197|983|1,108|20|01:27:35|SRM PC8|https://www.strava.com/activities/1764968923
8/10/2018|24.8|00:47:11|165|0|186|472|17|47%|0|0|31.5|51.8|82|124|105|135|167|1010|526|19|00:48:19|SRM PC8|https://www.strava.com/activities/1764014614
8/9/2018|39.91|02:41:31|1588|0|0|0|0||204|1979|14.8|49|0|0|137|175|0|0|1,173|25|02:53:22|Garmin Edge 1030|https://www.strava.com/activities/1760257786
8/8/2018|129.85|03:37:39|1573|0|0|0|0||0|0|35.8|96.5|87|149|0|0|0|0|3,299|32|04:03:44|SRM PC8|https://www.strava.com/activities/1759166120
8/6/2018|46.63|02:31:55|1103|0|0|0|0||0|0|18.4|52.6|0|0|0|0|0|0|1,187|27|03:10:20|Garmin Edge 1030|https://www.strava.com/activities/1753484783
8/4/2018|162.69|05:43:47|2636|0|0|0|0||0|0|28.4|84.2|83|128|129|246|0|0|4,530|25|06:10:43|SRM PC8|https://www.strava.com/activities/1749110121
8/3/2018|32.39|01:13:37|439|0|209|751|33|52%|0|0|26.4|63.4|83|120|0|0|170|732|837|21|01:14:24|SRM PC8|https://www.strava.com/activities/1746622007
8/2/2018|121.26|04:39:52|2865|0|281|3586|238|70%|0|0|26|85|81|130|0|0|214|1091|3,998|24|05:18:41|SRM PC8|https://www.strava.com/activities/1744757999
8/1/2018|85.72|02:59:12|1731|0|256|2326|129|64%|0|0|28.7|83.5|84|130|0|0|216|1018|2,593|24|03:09:16|SRM PC8|https://www.strava.com/activities/1742094721
8/31/2018|115.39|04:21:22|2508|0|272|3520|208|68%|0|0|26.5|66.2|79|128|0|0|224|715|3,924|18|04:45:16|SRM PC8|https://www.strava.com/activities/1809540713
8/30/2018|115.89|03:47:30|1368|0|262|3061|175|66%|0|0|30.6|68|84|129|0|0|224|869|3,053|20|05:23:42|Garmin Edge 1030|https://www.strava.com/activities/1807502209
8/29/2018|36.97|02:19:03|1556|0|0|0|0||227|1891|16|62.6|0|0|0|0|0|0|1,156|23|02:43:19|Garmin fēnix 5|https://www.strava.com/activities/1804961966
8/26/2018|205.58|04:50:48|2552|0|268|3992|217|67%|0|0|42.4|87.8|89|124|0|0|229|1084|4,451|22|04:50:48|SRM PC8|https://www.strava.com/activities/1800301962
8/25/2018|174.88|04:12:08|2261|0|0|0|0||0|0|41.6|93.6|89|130|0|0|0|0|3,545|20|04:12:43|SRM PC8|https://www.strava.com/activities/1797247381
8/24/2018|193.93|04:50:09|2376|0|0|0|0||0|0|40.1|97.9|87|135|129|191|0|0|3,849|23|04:51:09|SRM PC8|https://www.strava.com/activities/1794569564
8/23/2018|154.38|03:35:01|1119|0|0|0|0||0|0|43.1|101.5|88|131|0|0|0|0|2,700|32|03:35:28|SRM PC8|https://www.strava.com/activities/1792921250
8/19/2018|207.19|04:48:54|1932|0|271|3851|221|68%|0|0|43|84.2|89|140|0|0|222|1008|4,294|24|04:48:54|SRM PC8|https://www.strava.com/activities/1784622939
8/18/2018|180.63|04:06:36|1327|0|272|3409|190|68%|0|0|43.9|99.4|90|136|0|0|230|1047|3,801|26|04:06:36|SRM PC8|https://www.strava.com/activities/1781446706
8/17/2018|202.91|04:40:22|1179|0|0|0|0||0|0|43.4|81.4|87|130|131|189|0|0|3,701|25|04:41:03|SRM PC8|https://www.strava.com/activities/1779066410
8/16/2018|165.44|03:45:29|339|0|231|2633|125|58%|0|0|44|75.6|87|133|0|0|195|1072|2,936|27|03:45:29|SRM PC8|https://www.strava.com/activities/1776617603
8/12/2018|228.65|05:52:16|928|0|297|5460|322|74%|0|0|38.9|79.9|87|133|0|0|258|1686|6,088|16|05:52:34|SRM PC8|https://www.strava.com/activities/1770140872
9/27/2018|44.75|01:30:01|486|0|220|1022|46|55%|0|0|29.8|61.9|83|128|0|0|189|690|1,140|21|01:40:34|SRM PC8|https://www.strava.com/activities/1869596639
9/22/2018|197.58|05:06:24|2728|0|0|0|0||0|0|38.7|90.7|90|140|0|0|0|0|4,929|31|05:06:54|SRM PC8|https://www.strava.com/activities/1856386709
9/22/2018|197.58|05:06:24|2728|0|0|0|0||0|0|38.7|90.7|90|140|0|0|0|0|4,929|31|05:06:54|SRM PC8|https://www.strava.com/activities/1860234859
9/21/2018|48.71|01:35:29|210|0|0|0|0||0|0|30.6|70.6|86|169|0|0|0|0|1,191|29|01:56:11|SRM PC8|https://www.strava.com/activities/1849985646
9/17/2018|59.95|01:29:53|219|0|0|0|0||0|0|40|70.6|90|139|0|0|0|0|1,116|24|01:36:41|SRM PC8|https://www.strava.com/activities/1847669616
9/15/2018|31.25|01:03:10|147|0|0|0|0||0|0|29.7|54.7|91|153|0|0|0|0|824|20|01:07:32|SRM PC8|https://www.strava.com/activities/1846188332
9/14/2018|77.83|02:33:57|956|0|0|0|0||0|0|30.3|77|88|131|0|0|0|0|2,270|29|02:47:12|SRM PC8|https://www.strava.com/activities/1840762792
9/12/2018|97.49|03:03:55|1283|0|269|2666|143|67%|0|0|31.8|67.7|90|126|0|0|242|774|2,972|26|03:13:24|SRM PC8|https://www.strava.com/activities/1837014781
9/8/2018|27.58|01:09:19|465|0|202|606|31|51%|0|0|23.9|68.4|81|126|0|0|146|532|676|21|01:14:17|SRM PC8|https://www.strava.com/activities/1837014969
9/6/2018|38.2|01:27:24|285|0|0|0|0||0|0|26.2|65.5|80|123|0|0|0|0|755|23|02:06:45|SRM PC8|https://www.strava.com/activities/1824253607
9/5/2018|99.76|02:58:04|520|0|206|1828|83|52%|0|0|33.6|68.4|85|164|0|0|171|694|2,038|22|03:13:26|SRM PC8|https://www.strava.com/activities/1824253690
9/3/2018|55.61|02:03:31|1748|0|321|1904|136|80%|0|0|27|67.7|83|122|0|0|257|877|2,123|16|02:08:30|SRM PC8|https://www.strava.com/activities/1816132451
9/2/2018|34.35|01:20:03|1161|0|0|0|0||0|0|25.7|75.6|79|131|0|0|0|0|1,468|16|01:22:31|SRM PC8|https://www.strava.com/activities/1813720637
9/30/2018|224.72|06:01:44|3958|0|0|0|0||0|0|37.3|97.9|89|145|0|0|0|0|5,638|20|06:03:02|SRM PC8|https://www.strava.com/activities/1876981469
9/29/2018|34.1|01:11:07|586|0|279|873|61|70%|0|0|28.8|85|84|121|0|0|205|878|973|15|01:15:55|SRM PC8|https://www.strava.com/activities/1872507989
9/28/2018|88.33|02:59:53|1394|0|259|2183|137|65%|0|0|29.5|84.2|83|213|0|0|202|1302|2,434|18|03:22:47|SRM PC8|https://www.strava.com/activities/1870964677
9/26/2018|115.38|03:18:03|833|0|0|0|0||0|0|35|63.4|91|134|0|0|0|0|3,122|16|03:39:19|SRM PC8|https://www.strava.com/activities/1866685950
9/25/2018|152.57|05:18:58|2442|0|0|0|0||0|0|28.7|90.7|85|141|0|0|0|0|4,915|15|06:06:19|SRM PC8|https://www.strava.com/activities/1864912610
9/20/2018|73.61|02:31:09|721|0|0|0|0||0|0|29.2|68.4|85|123|0|0|0|0|1,958|30|03:04:21|SRM PC8|https://www.strava.com/activities/1856386915
9/19/2018|207.26|05:24:54|2302|0|0|0|0||0|0|38.3|85.7|88|144|0|0|0|0|4,755|31|05:32:30|SRM PC8|https://www.strava.com/activities/1852597416
9/16/2018|156.08|05:45:20|3580|0|275|4920|282|69%|0|0|27.1|71.3|80|133|0|0|237|814|5,485|23|06:08:09|SRM PC8|https://www.strava.com/activities/1846188815
9/9/2018|196.82|05:19:21|3643|0|284|4379|268|71%|0|0|37|89.3|88|132|0|0|229|974|4,883|19|05:20:06|SRM PC8|https://www.strava.com/activities/1837017954
9/7/2018|199.42|05:03:56|2560|0|0|0|0||0|0|39.4|82.8|88|131|0|0|0|0|4,301|24|05:04:19|SRM PC8|https://www.strava.com/activities/1826186374
10/24/2018|30.66|02:01:01|899|0|0|0|0||170|1236|15.2|42.8|0|0|0|0|0|0|1,389|16|02:21:58|Garmin Edge 1030|https://www.strava.com/activities/1924966591
10/23/2018|33.89|02:07:57|946|0|0|0|0||189|1451|15.9|51.1|0|0|123|172|0|0|952|20|02:52:54|Garmin Edge 1030|https://www.strava.com/activities/1922626689
10/18/2018|78.41|03:46:41|1996|0|0|0|0||253|3445|20.8|70.6|0|0|134|165|0|0|1,973|14|07:25:53|Garmin Edge 1030|https://www.strava.com/activities/1912501365
10/12/2018|43.54|01:23:38|100|0|0|0|0||0|0|31.2|43.2|77|124|98|129|0|0|654|24|01:48:12|SRM PC8|https://www.strava.com/activities/1903328991
10/11/2018|29.01|01:05:25|482|0|277|831|55|69%|0|0|26.6|51.8|86|124|53|148|212|668|927|19|01:09:24|SRM PC8|https://www.strava.com/activities/1903329000
10/10/2018|77.48|02:43:31|1796|0|0|0|0||0|0|28.4|81.4|87|169|0|0|0|0|2,733|23|03:00:59|SRM PC8|https://www.strava.com/activities/1897512989
10/8/2018|85.83|02:49:38|572|0|0|0|0||0|0|30.4|68.4|93|133|0|0|0|0|2,444|25|03:14:02|SRM PC8|https://www.strava.com/activities/1892006265
10/5/2018|33.02|01:11:32|363|0|0|0|0||0|0|27.7|57.6|79|123|109|147|0|0|808|22|01:24:34|SRM PC8|https://www.strava.com/activities/1885939752
10/4/2018|142.36|04:44:38|2302|0|0|0|0||0|0|30|78.5|89|122|0|0|0|0|4,576|16|05:37:18|SRM PC8|https://www.strava.com/activities/1883653319
10/3/2018|60|01:48:09|587|0|0|0|0||0|0|33.3|61.9|90|123|0|0|0|0|1,723|23|03:07:53|SRM PC8|https://www.strava.com/activities/1883653053
10/31/2018|33.69|02:28:26|1329|0|0|0|0||180|1606|13.6|49.7|0|0|133|162|0|0|1,320|8|03:20:04|Garmin Edge 1030|https://www.strava.com/activities/1937525509
10/14/2018|69.02|01:28:40|280|0|331|1566|101|83%|0|0|46.7|66.2|94|135|150|184|294|1159|1,746|21|01:28:40|SRM PC8|https://www.strava.com/activities/1905250610
10/13/2018|233.74|05:56:56|3568|0|299|5237|342|75%|0|0|39.3|109.4|89|136|145|189|245|1061|5,839|23|06:06:49|SRM PC8|https://www.strava.com/activities/1903329221
10/6/2018|204.29|05:09:50|3030|0|0|0|0||0|0|39.6|77|91|179|0|0|0|0|5,313|17|05:10:47|SRM PC8|https://www.strava.com/activities/1888459490
11/29/2018|37.38|01:33:17|445|0|193|926|41|48%|0|0|24|51.8|85|136|0|0|165|739|1,033|15|01:50:13|SRM PC8|https://www.strava.com/activities/1994728420
11/28/2018|108.08|03:56:38|1912|0|249|2998|160|62%|0|0|27.4|68.4|88|131|125|154|211|828|3,342|16|04:23:48|SRM PC8|https://www.strava.com/activities/1989597556
11/27/2018|95.13|03:18:53|1459|0|256|2549|145|64%|0|0|28.7|61.9|89|133|130|169|214|1282|2,843|17|03:48:37|SRM PC8|https://www.strava.com/activities/1987821527
11/26/2018|80.98|02:50:25|579|0|184|1626|66|46%|0|0|28.5|51.8|87|124|113|145|159|989|1,813|15|04:07:40|SRM PC8|https://www.strava.com/activities/1985889379
11/25/2018|104.75|03:58:43|2152|0|259|3053|176|65%|0|0|26.3|67.7|85|140|132|163|213|639|3,404|14|04:26:08|SRM PC8|https://www.strava.com/activities/1984244004
11/25/2018|104.75|03:58:43|2152|0|259|3053|176|65%|0|0|26.3|67.7|85|140|132|163|213|639|3,404|14|04:26:08|SRM PC8|https://www.strava.com/activities/1982231454
11/18/2018|50.25|03:07:08|1542|0|0|0|0||190|2130|16.1|56.9|0|0|128|160|0|0|1,478|0|05:50:31|Garmin Edge 1030|https://www.strava.com/activities/1972119338
11/17/2018|73.4|03:00:00|1280|0|0|0|0||0|0|24.5|63.4|0|0|128|161|0|0|1,444|4|03:11:38|Garmin Edge 1030|https://www.strava.com/activities/1969385724
11/10/2018|44.36|02:16:41|734|0|0|0|0||156|1283|19.5|58.7|0|0|0|0|0|0|1,721|11|05:24:32|Garmin Edge 1030|https://www.strava.com/activities/1956629743
11/9/2018|47.53|02:39:28|1375|0|0|0|0||209|1998|17.9|65.9|0|0|132|160|0|0|1,341|8|03:09:50|Garmin Edge 1030|https://www.strava.com/activities/1954719245
11/4/2018|57.99|01:40:11|442|0|274|1455|88|69%|0|0|34.7|67.7|90|136|0|0|242|1206|1,622|19|03:50:18|SRM PC8|https://www.strava.com/activities/1962507597
12/31/2018|72.84|02:57:02|1704|0|261|2133|131|65%|0|0|24.7|59.8|80|131|0|0|201|1095|2,378|16|03:30:44|SRM PC8|https://www.strava.com/activities/2046577463
12/30/2018|38.61|01:34:49|531|0|0|0|0||0|0|24.4|56.2|83|119|108|133|0|0|944|15|01:37:51|SRM PC8|https://www.strava.com/activities/2046577023
12/29/2018|127.64|04:54:42|3113|0|0|0|0||0|0|26|77|0|0|0|0|0|0|3,078|16|05:26:44|Garmin fēnix 5|https://www.strava.com/activities/2042193865
12/28/2018|110.43|04:07:26|2132|0|0|0|0||0|0|26.8|60.5|83|145|0|0|0|0|3,446|13|04:42:54|SRM PC8|https://www.strava.com/activities/2042199044
12/25/2018|74.55|02:27:39|867|0|230|1862|86|58%|0|0|30.3|61.9|88|130|125|161|210|791|2,076|2|02:35:20|SRM PC8|https://www.strava.com/activities/2038471849
12/7/2018|77.01|02:44:44|907|0|240|1947|106|60%|0|0|28.1|57.6|89|183|0|0|197|885|2,171|17|03:31:35|SRM PC8|https://www.strava.com/activities/2005205954
12/5/2018|98.94|03:49:21|1903|0|0|0|0||0|0|25.9|57.6|86|134|123|234|0|0|3,096|17|04:14:46|SRM PC8|https://www.strava.com/activities/2005205992
12/4/2018|127.7|05:04:06|2641|0|251|3774|210|63%|0|0|25.2|69.1|88|134|0|0|207|1263|4,208|16|05:44:02|SRM PC8|https://www.strava.com/activities/1999785387
12/3/2018|85.51|03:04:54|492|0|202|1997|82|51%|0|0|27.8|60.5|89|125|0|0|180|750|2,227|17|03:39:33|SRM PC8|https://www.strava.com/activities/1999785352
12/2/2018|61.48|02:10:39|503|0|203|1360|58|51%|0|0|28.2|53.3|86|126|0|0|174|924|1,517|13|02:43:36|SRM PC8|https://www.strava.com/activities/1996220087
12/1/2018|152.43|05:24:00|1645|0|234|3894|200|59%|0|0|28.2|70.6|90|152|127|161|200|741|4,341|16|06:51:16|SRM PC8|https://www.strava.com/activities/1994728876
12/22/2018|89.07|03:17:47|1438|0|0|0|0||0|0|27|71.3|84|134|0|0|0|0|2,757|7|03:31:41|SRM PC8|https://www.strava.com/activities/2030269230
12/21/2018|86.69|02:50:40|586|0|227|2212|103|57%|0|0|30.5|59|90|163|0|0|216|872|2,466|5|03:55:09|SRM PC8|https://www.strava.com/activities/2028161749
12/19/2018|146.14|05:15:37|2765|0|0|0|0||206|3903|27.8|66.6|0|0|124|166|0|0|2,745|14|05:56:17|Garmin fēnix 5|https://www.strava.com/activities/2025123854
12/18/2018|108.96|03:40:50|2012|0|245|2781|150|61%|0|0|29.6|95|83|194|134|216|210|636|3,100|13|04:08:23|SRM PC8|https://www.strava.com/activities/2023311957
12/13/2018|70.68|02:21:28|879|0|0|0|0||0|0|30|82.8|83|139|0|0|0|0|2,266|6|02:23:56|SRM PC8|https://www.strava.com/activities/2015060512
12/12/2018|82.49|02:33:46|1551|0|266|2003|122|67%|0|0|32.2|84.2|87|133|0|0|217|1179|2,233|10|02:45:55|SRM PC8|https://www.strava.com/activities/2014046659
12/11/2018|97.94|03:26:04|1796|0|0|0|0||0|0|28.5|75.6|81|126|119|253|0|0|2,730|12|03:41:53|SRM PC8|https://www.strava.com/activities/2014046638
12/10/2018|98.39|03:11:37|1607|0|252|2235|134|63%|0|0|30.8|71.3|83|135|0|0|194|825|2,492|15|03:27:52|SRM PC8|https://www.strava.com/activities/2010436263
1/30/2019|118.12|04:28:47|2212|0|0|0|0||0|0|26.4|60.5|84|128|0|0|0|0|3,539|8|04:53:30|SRM PC8|https://www.strava.com/activities/2117698153
1/29/2019|136.57|05:07:13|3176|0|267|3956|240|67%|0|0|26.7|72.7|84|133|0|0|215|829|4,411|12|05:31:38|SRM PC8|https://www.strava.com/activities/2111290392
1/28/2019|83.6|03:00:04|1500|0|248|2146|116|62%|0|0|27.9|66.2|86|133|0|0|199|796|2,392|13|03:02:14|SRM PC8|https://www.strava.com/activities/2111290272
1/27/2019|138.26|05:16:14|2676|0|235|3488|191|59%|0|0|26.2|66.2|83|129|0|0|184|991|3,890|14|05:43:35|SRM PC8|https://www.strava.com/activities/2107588838
1/26/2019|81.86|02:55:47|890|0|228|1953|99|57%|0|0|27.9|61.9|85|126|123|211|185|920|2,178|14|03:20:00|SRM PC8|https://www.strava.com/activities/2107588773
1/8/2019|43.85|01:36:12|948|0|0|0|0||0|0|27.3|59|85|125|0|0|0|0|1,521|1|01:50:39|SRM PC8|https://www.strava.com/activities/2064071644
1/5/2019|141.23|04:58:06|1854|0|0|0|0||0|0|28.4|69.8|85|132|0|0|0|0|3,983|13|05:44:25|SRM PC8|https://www.strava.com/activities/2057338497
1/4/2019|130.59|04:50:59|2972|0|269|3945|236|67%|0|0|26.9|68.4|82|137|0|0|226|1046|4,399|10|05:29:17|SRM PC8|https://www.strava.com/activities/2055050788
1/3/2019|81.3|03:08:09|1815|0|264|2337|145|66%|0|0|25.9|61.9|76|124|0|0|207|741|2,606|12|03:32:30|SRM PC8|https://www.strava.com/activities/2052511539
1/1/2019|113.45|04:18:24|2756|0|0|0|0||0|0|26.3|63.4|79|125|0|0|0|0|3,800|14|05:00:51|SRM PC8|https://www.strava.com/activities/2049082033
1/21/2019|173.95|05:50:32|3090|0|269|4383|274|67%|0|0|29.8|86.4|83|140|0|0|208|823|4,887|11|06:31:06|SRM PC8|https://www.strava.com/activities/2098734786
1/19/2019|160.65|04:47:07|1629|0|256|3412|211|64%|0|0|33.6|68.4|86|129|0|0|198|880|3,805|12|05:26:58|SRM PC8|https://www.strava.com/activities/2089570222
1/18/2019|41.34|01:34:21|238|0|170|805|31|43%|0|0|26.3|51.8|80|132|0|0|142|1015|898|13|02:26:33|SRM PC8|https://www.strava.com/activities/2089562624
1/17/2019|187.87|06:04:38|3466|0|263|4636|277|66%|0|0|30.9|81.4|84|146|0|0|212|873|5,169|8|06:55:39|SRM PC8|https://www.strava.com/activities/2085100056
1/16/2019|139.05|04:30:09|2404|0|277|3533|229|69%|0|0|30.9|72.7|83|160|0|0|218|1142|3,939|13|04:50:37|SRM PC8|https://www.strava.com/activities/2082715685
1/15/2019|113.89|03:07:58|749|0|257|2323|135|64%|0|0|36.4|73.4|91|133|0|0|206|683|2,591|15|03:22:41|SRM PC8|https://www.strava.com/activities/2080839013
1/14/2019|45.15|01:37:00|172|0|163|838|29|41%|0|0|27.9|56.2|82|148|0|0|144|677|934|17|02:25:03|SRM PC8|https://www.strava.com/activities/2080838592
1/13/2019|174.22|05:31:30|2726|0|0|0|0||244|4847|31.5|74.2|0|0|0|0|0|0|6,468|13|06:02:29|Garmin fēnix 5|https://www.strava.com/activities/2076061441
1/12/2019|116.5|04:04:14|2262|0|260|3118|181|65%|0|0|28.6|77|84|153|0|0|213|1124|3,477|11|04:21:11|SRM PC8|https://www.strava.com/activities/2073543086
1/11/2019|110.11|03:41:45|1998|0|264|2783|168|66%|0|0|29.8|72.7|82|127|0|0|209|786|3,103|7|03:53:25|SRM PC8|https://www.strava.com/activities/2071067025
1/9/2019|97.79|03:26:20|1749|0|0|0|0||0|0|28.4|74.9|84|128|0|0|0|0|2,961|8|03:33:45|SRM PC8|https://www.strava.com/activities/2066729546
2/22/2019|16.35|00:22:49|350|0|393|497|36|98%|0|0|43|96.5|95|131|0|0|363|1039|554|21|00:22:49|SRM PC8|https://www.strava.com/activities/2167261612
2/18/2019|77.18|02:25:40|1129|0|288|2253|133|72%|0|0|31.8|68.8|88|140|0|0|258|1031|2,251|6|02:39:12|Garmin Edge 1030|https://www.strava.com/activities/2158317375
2/14/2019|153.5|05:49:22|3653|0|233|3920|204|58%|0|0|26.4|77|82|133|0|0|187|861|4,371|15|06:32:29|SRM PC8|https://www.strava.com/activities/2148688841
2/13/2019|92.57|03:39:47|1627|0|193|2100|90|48%|0|0|25.3|61.9|82|132|0|0|159|1000|2,342|16|04:31:37|SRM PC8|https://www.strava.com/activities/2148704250
2/12/2019|42.08|01:26:06|470|0|0|0|0||208|1076|29.3|61.2|0|0|0|0|0|0|613|16|01:36:22|Garmin fēnix 5|https://www.strava.com/activities/2148704159
2/6/2019|12.79|00:23:08|101|0|341|374|33|85%|0|0|33.2|59|91|124|0|0|269|876|417|21|00:29:57|SRM PC8|https://www.strava.com/activities/2128115228
2/3/2019|155.54|05:50:50|3538|0|0|0|0||228|4801|26.6|61.9|0|0|133|250|0|0|5,353|12|06:21:15|SRM PC8|https://www.strava.com/activities/2122003662
2/3/2019|155.54|05:50:50|3538|0|0|0|0||228|4801|26.6|61.9|0|0|133|250|0|0|5,353|12|06:21:15|SRM PC8|https://www.strava.com/activities/2119132782
2/1/2019|54.79|01:52:32|404|0|0|0|0||0|0|29.2|60.5|91|130|0|0|0|0|1,320|9|01:57:51|SRM PC8|https://www.strava.com/activities/2117697997
2/28/2019|66.59|02:31:40|1259|0|0|0|0||0|0|26.3|71.3|82|127|0|0|0|0|1,915|10|02:36:56|Garmin Edge 1030|https://www.strava.com/activities/2183130594
2/27/2019|121.63|04:24:56|2058|0|0|0|0||0|0|27.5|73.8|83|127|0|0|0|0|3,374|11|05:17:24|Garmin Edge 1030|https://www.strava.com/activities/2179316289
2/24/2019|163.87|03:58:39|2344|0|0|0|0||0|0|41.2|87.8|90|135|0|0|0|0|3,591|20|03:58:39|SRM PC8|https://www.strava.com/activities/2172640704
2/23/2019|48.02|01:21:11|1242|0|0|0|0||0|0|35.5|78.5|91|134|150|180|0|0|1,583|22|01:21:46|SRM PC8|https://www.strava.com/activities/2170068665
2/21/2019|216.09|05:53:24|1906|0|0|0|0||0|0|36.7|88.6|86|141|0|0|0|0|4,732|21|05:55:51|SRM PC8|https://www.strava.com/activities/2165769368
2/20/2019|170.93|04:23:53|2296|0|276|3543|210|69%|0|0|38.9|87.8|88|131|0|0|224|1116|3,950|22|04:24:52|SRM PC8|https://www.strava.com/activities/2163110378
2/17/2019|110.62|04:19:46|2798|0|285|3514|231|71%|0|0|25.6|69.1|81|120|0|0|225|952|3,505|8|04:52:15|Garmin Edge 1030|https://www.strava.com/activities/2156475500
2/10/2019|86.83|01:51:35|358|0|295|1758|102|74%|0|0|46.7|83.5|92|130|0|0|263|1078|1,960|18|01:52:21|SRM PC8|https://www.strava.com/activities/2137415219
2/9/2019|186.73|04:56:52|3274|0|291|4252|263|73%|0|0|37.7|88.6|90|155|135|181|239|1144|4,741|19|04:57:20|SRM PC8|https://www.strava.com/activities/2134941589
2/8/2019|191.67|04:59:55|3217|0|0|0|0||0|0|38.3|82.8|92|172|0|0|0|0|4,708|20|05:01:08|SRM PC8|https://www.strava.com/activities/2132764547
2/7/2019|168.09|04:09:57|2505|0|280|3364|204|70%|0|0|40.4|93.6|91|131|0|0|224|1080|3,751|21|04:10:44|SRM PC8|https://www.strava.com/activities/2130665061
3/21/2019|32.15|00:57:08|298|0|282|901|47|71%|0|0|33.8|61.9|96|123|0|0|263|638|1,005|12|00:57:24|SRM PC8|https://www.strava.com/activities/2231444467
3/19/2019|10.29|00:12:20|10|0|433|316|24|108%|0|0|50.1|58.3|98|119|173|186|428|855|353|12|00:12:20|SRM PC8|https://www.strava.com/activities/2226357318
3/11/2019|29.26|00:54:10|18|0|183|570|20|46%|0|0|32.4|42.5|84|122|0|0|176|557|636|18|00:58:01|SRM PC8|https://www.strava.com/activities/2208351095
3/10/2019|106.4|04:06:52|2915|0|0|0|0||0|0|25.9|72|81|118|0|0|0|0|4,062|9|04:10:17|SRM PC8|https://www.strava.com/activities/2204377741
3/9/2019|142.85|05:10:25|2791|0|0|0|0||0|0|27.6|78.5|85|121|0|0|0|0|4,607|15|05:35:25|SRM PC8|https://www.strava.com/activities/2202490833
3/8/2019|83.88|02:34:19|419|0|199|1760|66|50%|0|0|32.6|76.3|89|120|0|0|190|708|1,962|16|02:45:58|SRM PC8|https://www.strava.com/activities/2198913099
3/7/2019|116.11|04:18:48|2681|0|286|3608|231|72%|0|0|26.9|74.9|85|128|0|0|232|681|4,023|17|04:36:44|SRM PC8|https://www.strava.com/activities/2197067800
3/5/2019|61.01|02:07:53|876|0|0|0|0||0|0|28.6|64.8|89|120|0|0|0|0|1,591|11|02:48:31|SRM PC8|https://www.strava.com/activities/2193031823
3/31/2019|250.56|05:28:41|1930|0|0|0|0||0|0|45.7|92.9|93|213|0|0|0|0|6,432|16|05:28:41|SRM PC8|https://www.strava.com/activities/2255300528
3/29/2019|204.07|04:49:01|2281|0|0|0|0||0|0|42.4|87.1|91|196|0|0|0|0|4,942|21|04:49:23|SRM PC8|https://www.strava.com/activities/2250004568
3/28/2019|41.51|01:23:21|86|0|200|861|38|50%|0|0|29.9|49.7|85|177|0|0|172|799|960|15|01:56:00|SRM PC8|https://www.strava.com/activities/2246889386
3/23/2019|288.81|06:37:30|1996|0|0|0|0||0|0|43.6|82.8|89|130|0|0|0|0|5,719|22|06:39:54|SRM PC8|https://www.strava.com/activities/2235879193
3/22/2019|49.84|01:32:48|498|0|237|1109|59|59%|0|0|32.2|60.5|90|143|119|168|199|749|1,237|19|01:59:18|SRM PC8|https://www.strava.com/activities/2231444497
3/18/2019|193.52|04:41:49|2388|0|0|0|0||0|0|41.2|85.7|89|135|0|0|0|0|4,394|15|04:42:15|SRM PC8|https://www.strava.com/activities/2223007596
3/17/2019|177.2|04:43:23|3141|0|309|4161|281|77%|0|0|37.5|88.6|86|128|0|0|245|1024|4,639|20|04:44:10|SRM PC8|https://www.strava.com/activities/2220807760
3/16/2019|218.22|05:19:02|3448|0|0|0|0||0|0|41|83.5|90|166|141|185|0|0|5,287|21|05:19:56|SRM PC8|https://www.strava.com/activities/2217798488
3/15/2019|223.63|05:35:40|2978|0|253|4347|223|63%|0|0|40|95|89|126|0|0|216|1043|4,847|22|05:36:37|SRM PC8|https://www.strava.com/activities/2215368540
3/14/2019|194.4|04:44:59|2224|0|277|4084|229|69%|0|0|40.9|116.6|91|132|0|0|239|1072|4,554|19|04:47:35|SRM PC8|https://www.strava.com/activities/2213591870
3/13/2019|21.46|00:23:50|36|0|413|592|42|103%|0|0|54|63.4|98|125|176|187|414|927|660|13|00:25:51|SRM PC8|https://www.strava.com/activities/2210810980
3/12/2019|86.86|02:21:10|114|0|232|1668|84|58%|0|0|36.9|64.8|89|149|0|0|197|905|1,859|17|02:36:13|SRM PC8|https://www.strava.com/activities/2208351126
3/6/2019|110.32|03:12:54|648|0|275|2766|161|69%|0|0|34.3|63.4|92|151|140|181|239|794|3,084|14|03:40:02|SRM PC8|https://www.strava.com/activities/2195001351
4/30/2019|58.78|02:07:18|1038|0|245|1563|82|61%|0|0|27.7|86.4|84|122|119|190|205|806|1,743|17|02:22:09|SRM PC8|https://www.strava.com/activities/2334752463
4/29/2019|58|02:04:08|679|0|197|1334|51|49%|0|0|28|77|84|116|0|0|179|848|1,487|15|02:15:47|SRM PC8|https://www.strava.com/activities/2328181810
4/10/2019|71.43|02:10:12|1092|0|0|0|0||0|0|32.9|72.7|92|126|0|0|0|0|2,445|11|02:11:30|SRM PC8|https://www.strava.com/activities/2279233950
4/1/2019|47.8|01:34:39|568|0|0|0|0||0|0|30.3|67.7|88|150|0|0|0|0|1,049|11|01:36:09|SRM PC8|https://www.strava.com/activities/2258094816
4/28/2019|253.21|06:40:13|4369|0|300|6030|376|75%|0|0|38|85.7|87|132|143|178|251|1049|6,723|8|06:41:23|SRM PC8|https://www.strava.com/activities/2326257296
4/26/2019|72.94|02:22:00|1323|0|278|1933|118|70%|0|0|30.8|70.6|83|129|129|171|227|978|2,156|13|02:26:06|SRM PC8|https://www.strava.com/activities/2320260221
4/25/2019|31.04|01:19:32|634|0|192|752|32|48%|0|0|23.4|79.9|75|120|0|0|158|553|838|17|01:44:33|SRM PC8|https://www.strava.com/activities/2320260084
4/24/2019|193.13|04:58:23|2995|0|298|4419|278|75%|0|0|38.8|93.6|89|137|147|193|247|1058|4,927|26|04:58:43|SRM PC8|https://www.strava.com/activities/2316399293
4/23/2019|76.09|02:27:44|1001|0|222|1595|79|56%|0|0|30.9|66.2|84|116|110|155|180|630|1,779|19|02:59:21|SRM PC8|https://www.strava.com/activities/2316399128
4/22/2019|27.96|01:03:00|426|0|190|617|26|48%|0|0|26.6|59.8|78|110|0|0|163|497|687|25|01:48:32|SRM PC8|https://www.strava.com/activities/2316399064
4/21/2019|260.98|06:34:00|3674|0|0|0|0||0|0|39.7|90.7|91|132|0|0|0|0|6,556|27|06:35:53|SRM PC8|https://www.strava.com/activities/2308424322
4/20/2019|42.12|01:30:21|591|0|0|0|0||0|0|28|71.3|87|128|0|0|0|0|1,128|24|01:33:44|SRM PC8|https://www.strava.com/activities/2304384774
4/14/2019|253.94|06:10:59|1917|0|0|0|0||0|0|41.1|79.9|96|212|0|0|0|0|3,847|10|06:14:13|SRM PC8|https://www.strava.com/activities/2291136699
4/12/2019|89.59|02:48:23|454|0|0|0|0||0|0|31.9|59.8|89|167|0|0|0|0|2,815|14|03:10:31|SRM PC8|https://www.strava.com/activities/2284947028
4/7/2019|266.45|06:20:13|3091|0|0|0|0||0|0|42|86.4|91|139|0|0|0|0|6,513|20|06:21:20|SRM PC8|https://www.strava.com/activities/2273987954
4/3/2019|181.93|04:08:23|1772|0|0|0|0||0|0|43.9|86.4|93|130|0|0|0|0|4,330|14|04:12:18|SRM PC8|https://www.strava.com/activities/2262579426
5/31/2019|120.25|04:09:51|2304|0|288|3556|231|72%|0|0|28.9|73.4|83|121|131|243|237|961|3,965|26|04:52:00|SRM PC8|https://www.strava.com/activities/2412451560
5/30/2019|122.72|04:39:34|2170|0|230|3358|159|58%|0|0|26.3|77|81|119|115|148|200|844|3,745|22|05:15:24|SRM PC8|https://www.strava.com/activities/2409366930
5/29/2019|64.04|02:24:49|1174|0|236|1774|90|59%|0|0|26.5|66.2|85|146|117|164|204|1093|1,978|24|02:41:49|SRM PC8|https://www.strava.com/activities/2409366612
5/28/2019|55.29|01:44:42|626|0|0|0|0||228|1431|31.7|76.3|0|0|121|165|0|0|855|23|01:47:11|Garmin fēnix 5|https://www.strava.com/activities/2409369372
5/15/2019|95.36|03:29:08|2323|0|253|2819|146|63%|0|0|27.4|79.9|82|186|128|164|225|774|3,143|28|03:54:12|SRM PC8|https://www.strava.com/activities/2378037576
5/10/2019|86.48|02:57:33|1002|0|255|2301|126|64%|0|0|29.2|57.6|84|126|125|165|216|958|2,566|14|03:24:02|SRM PC8|https://www.strava.com/activities/2356175115
5/6/2019|86.94|03:15:46|1230|0|238|2304|121|60%|0|0|26.6|55.4|81|141|121|180|196|850|2,569|20|03:40:32|SRM PC8|https://www.strava.com/activities/2356175222
5/4/2019|53.88|01:50:50|802|0|259|1453|81|65%|0|0|29.2|64.8|88|134|124|174|218|854|1,620|21|01:56:37|SRM PC8|https://www.strava.com/activities/2356175089
5/26/2019|140.79|04:50:13|3561|0|296|3934|279|74%|0|0|29.1|75.6|80|146|131|181|226|1152|4,387|25|05:37:04|SRM PC8|https://www.strava.com/activities/2399257305
5/25/2019|50.99|01:54:39|1079|0|218|1273|60|55%|0|0|26.7|75.6|80|133|0|0|185|1159|1,420|28|02:30:15|SRM PC8|https://www.strava.com/activities/2399255498
5/24/2019|181.49|06:24:50|4348|0|269|4857|304|67%|0|0|28.3|90.7|80|135|128|200|210|839|5,416|27|07:06:10|SRM PC8|https://www.strava.com/activities/2393917452
5/21/2019|139.98|05:03:44|3239|0|262|3929|233|66%|0|0|27.7|90.7|83|140|122|159|216|892|4,381|23|05:59:14|SRM PC8|https://www.strava.com/activities/2391068407
5/20/2019|163.54|05:39:57|3893|0|274|4444|279|69%|0|0|28.9|85.7|81|142|124|163|218|728|4,955|24|06:17:00|SRM PC8|https://www.strava.com/activities/2383177713
5/19/2019|122.6|04:29:24|3369|0|282|3874|239|71%|0|0|27.3|78.5|83|131|136|212|240|760|4,319|26|05:14:39|SRM PC8|https://www.strava.com/activities/2383177715
5/17/2019|111.85|03:59:33|2617|0|258|3297|180|65%|0|0|28|82.8|84|151|127|251|229|1103|3,676|28|04:29:03|SRM PC8|https://www.strava.com/activities/2378037504
5/16/2019|140.12|05:18:31|3495|0|262|4001|243|66%|0|0|26.4|92.2|79|139|125|228|209|878|4,461|26|05:54:30|SRM PC8|https://www.strava.com/activities/2378037589
5/14/2019|72.82|02:25:35|1396|0|235|1773|87|59%|0|0|30|89.3|85|135|123|153|203|883|1,977|27|02:32:43|SRM PC8|https://www.strava.com/activities/2367614909
5/1/2019|184.78|04:26:22|2782|0|315|4155|276|79%|0|0|41.6|95|89|139|149|189|260|1174|4,632|23|04:26:47|SRM PC8|https://www.strava.com/activities/2334752707
6/28/2019|134.18|04:26:23|2007|0|0|0|0||231|3693|30.2|73.4|0|0|125|165|0|0|2,481|27|05:05:56|Garmin fēnix 5|https://www.strava.com/activities/2487131987
6/25/2019|49.88|01:37:28|364|0|206|1100|43|52%|0|0|30.7|65.5|89|140|112|150|188|624|1,227|30|01:38:14|SRM PC8|https://www.strava.com/activities/2481831279
6/22/2019|18.25|00:24:17|88|0|315|450|26|79%|0|0|45.1|74.2|96|132|143|169|309|842|502|20|00:25:25|SRM PC8|https://www.strava.com/activities/2471408259
6/20/2019|113.54|02:54:20|1670|0|306|2904|171|77%|0|0|39.1|92.9|86|142|141|174|278|1002|3,238|21|02:54:20|SRM PC8|https://www.strava.com/activities/2466330138
6/19/2019|174.42|04:19:42|2686|0|317|4413|271|79%|0|0|40.3|99.4|91|139|140|182|283|1081|4,921|30|04:19:42|SRM PC8|https://www.strava.com/activities/2463348522
6/15/2019|9.75|00:11:54|54|0|407|286|20|102%|0|0|49.2|67|100|126|168|181|400|933|319|20|00:11:54|SRM PC8|https://www.strava.com/activities/2455818825
6/15/2019|18.31|00:44:28|456|0|238|615|34|60%|0|0|24.7|51.8|86|122|118|150|231|595|686|20|00:57:42|SRM PC8|https://www.strava.com/activities/2455818912
6/12/2019|130.84|05:11:21|3074|0|269|4216|270|67%|0|0|25.2|81.4|81|135|134|184|226|953|4,701|29|06:25:20|SRM PC8|https://www.strava.com/activities/2447213279
6/8/2019|48.12|01:27:04|460|0|247|1090|56|62%|0|0|33.2|72|89|130|0|0|209|1132|1,216|31|01:37:55|SRM PC8|https://www.strava.com/activities/2438223407
6/7/2019|37.19|01:02:00|122|0|226|806|38|57%|0|0|36|56.9|94|131|124|156|217|559|898|28|01:24:05|SRM PC8|https://www.strava.com/activities/2430761720
6/4/2019|128.11|04:28:53|1761|0|250|3384|186|63%|0|0|28.6|64.8|86|140|123|246|210|914|3,773|23|05:09:39|SRM PC8|https://www.strava.com/activities/2422800583
6/3/2019|144.12|05:00:16|3099|0|0|0|0||229|4132|28.8|74.2|0|0|134|183|0|0|3,028|24|05:32:44|Garmin fēnix 5|https://www.strava.com/activities/2420188002
6/2/2019|58.8|01:49:02|568|0|0|0|0||238|1554|32.4|76.3|0|0|117|150|0|0|901|24|02:15:24|Garmin fēnix 5|https://www.strava.com/activities/2417034129
6/1/2019|126.82|04:33:18|3053|0|0|0|0||237|3889|27.8|88.6|0|0|137|179|0|0|2,784|24|04:49:58|Garmin fēnix 5|https://www.strava.com/activities/2414243747
6/30/2019|149.61|03:52:28|2134|0|0|0|0||0|0|38.6|82.8|92|132|0|0|0|0|4,233|33|03:52:28|SRM PC8|https://www.strava.com/activities/2493346451
6/27/2019|95.56|02:59:32|1209|0|0|0|0||0|0|31.9|79.9|0|0|0|0|0|0|1,701|29|03:32:36|Garmin fēnix 5|https://www.strava.com/activities/2487131604
6/26/2019|62.83|02:15:36|986|0|223|1608|71|56%|0|0|27.8|67.7|81|122|127|160|198|726|1,793|32|02:54:56|SRM PC8|https://www.strava.com/activities/2481831349
6/23/2019|101.31|03:15:33|2926|0|318|3250|209|80%|0|0|31.1|135.4|83|140|149|178|277|826|3,624|27|03:17:25|SRM PC8|https://www.strava.com/activities/2476557646
6/21/2019|210.84|05:39:34|4089|0|294|5272|316|74%|0|0|37.3|98.6|86|134|0|0|259|1028|5,879|21|05:49:06|SRM PC8|https://www.strava.com/activities/2471409272
6/18/2019|165.42|03:54:54|1885|0|279|3182|191|70%|0|0|42.3|109.4|90|151|131|235|226|1112|3,548|31|03:55:49|SRM PC8|https://www.strava.com/activities/2460625546
6/17/2019|163.13|03:45:41|1713|0|260|2951|159|65%|0|0|43.4|90.7|90|147|125|184|218|1110|3,290|30|03:46:08|SRM PC8|https://www.strava.com/activities/2459550880
6/16/2019|160.25|04:10:42|2571|0|303|3859|240|76%|0|0|38.4|102.2|88|137|140|187|257|1179|4,302|23|04:11:08|SRM PC8|https://www.strava.com/activities/2455819215
6/7/2019|42.73|00:50:25|88|0|397|1197|82|99%|0|0|50.9|64.8|99|134|176|187|396|925|1,334|23|00:50:25|SRM PC8|https://www.strava.com/activities/2431584908
6/6/2019|96.53|03:07:51|702|0|224|2164|106|56%|0|0|30.8|68.4|85|138|122|230|192|917|2,412|30|03:41:08|SRM PC8|https://www.strava.com/activities/2430762080
7/31/2019|45.53|01:31:16|441|0|229|1053|51|57%|0|0|29.9|64.8|88|138|0|0|192|1041|1,051|26|02:03:08|Garmin Edge 1030|https://www.strava.com/activities/2578033154
7/28/2019|127.76|03:09:52|1705|0|248|2261|122|62%|0|0|40.4|78.5|87|135|0|0|198|996|2,521|25|03:11:49|SRM PC8|https://www.strava.com/activities/2577653304
7/27/2019|58.91|02:11:37|2150|0|302|2247|126|76%|0|0|26.9|79.2|82|121|0|0|285|737|2,506|24|02:12:43|SRM PC8|https://www.strava.com/activities/2577653314
7/26/2019|88.5|03:05:52|2776|0|302|3086|178|76%|0|0|28.6|93.6|85|134|0|0|277|1071|3,440|30|03:06:59|SRM PC8|https://www.strava.com/activities/2577653298
7/25/2019|207.47|06:03:25|4609|0|284|5233|308|71%|0|0|34.3|113.8|83|136|0|0|240|1105|5,835|33|06:07:16|SRM PC8|https://www.strava.com/activities/2577654337
7/24/2019|199.4|04:47:24|2137|0|247|3817|183|62%|0|0|41.6|85|86|137|0|0|221|1073|4,256|37|04:47:48|SRM PC8|https://www.strava.com/activities/2577653328
7/23/2019|176.1|04:01:38|1660|0|253|2983|161|63%|0|0|43.7|86.4|88|140|0|0|206|1125|3,326|40|04:02:34|SRM PC8|https://www.strava.com/activities/2557346318
7/22/2019|34.65|01:16:00|266|0|191|660|33|48%|0|0|27.4|50.4|79|127|104|150|145|1054|736|39|02:03:00|SRM PC8|https://www.strava.com/activities/2557455130
7/21/2019|184.19|05:15:06|3898|0|286|4631|272|72%|0|0|35.1|99.4|86|128|124|179|245|1109|5,164|26|05:17:52|SRM PC8|https://www.strava.com/activities/2557346783
7/20/2019|116.55|03:46:36|3258|0|305|3705|219|76%|0|0|30.9|95|86|135|141|179|273|1096|4,131|28|03:46:57|SRM PC8|https://www.strava.com/activities/2548714582
7/19/2019|26.95|00:36:43|399|0|393|838|58|98%|0|0|44|79.9|99|140|174|186|381|1063|935|31|00:36:43|SRM PC8|https://www.strava.com/activities/2545652011
7/7/2019|26.1|00:28:04|197|0|0|0|0||0|0|55.8|89.3|95|131|0|0|0|0|745|22|00:29:30|SRM PC8|https://www.strava.com/activities/2512543004
7/7/2019|35.34|01:04:29|262|0|0|0|0||0|0|32.9|74.2|82|120|0|0|0|0|671|22|01:31:56|SRM PC8|https://www.strava.com/activities/2512543281
7/6/2019|191.82|04:23:39|1938|0|0|0|0||0|0|43.7|86.4|88|134|0|0|0|0|3,949|30|04:26:01|SRM PC8|https://www.strava.com/activities/2509334360
7/3/2019|64.69|01:35:42|308|0|0|0|0||0|0|40.6|82.8|89|132|0|0|0|0|1,480|22|01:43:12|SRM PC8|https://www.strava.com/activities/2500636828
7/18/2019|208.31|05:18:37|3258|0|284|4811|268|71%|0|0|39.2|105.1|89|140|132|176|252|1132|5,364|23|05:19:00|SRM PC8|https://www.strava.com/activities/2544731215
7/17/2019|166.52|03:51:56|2087|0|261|3048|164|65%|0|0|43.1|90.7|90|146|126|190|219|1125|3,398|34|03:52:53|SRM PC8|https://www.strava.com/activities/2540644465
7/16/2019|18.96|00:50:49|205|0|130|329|11|33%|0|0|22.4|46.8|72|111|0|0|108|503|366|30|01:57:26|SRM PC8|https://www.strava.com/activities/2540643648
7/15/2019|217.01|04:59:08|3068|0|274|3992|236|69%|0|0|43.5|99.4|88|133|126|177|222|1038|4,451|30|04:59:45|SRM PC8|https://www.strava.com/activities/2540644581
7/14/2019|170.82|04:24:28|2755|0|0|0|0||0|0|38.8|101.5|86|132|0|0|0|0|3,792|29|04:25:02|SRM PC8|https://www.strava.com/activities/2532675660
7/13/2019|199.82|05:24:11|3896|0|290|4789|285|73%|0|0|37|107.3|88|138|135|177|246|979|5,340|30|05:24:11|SRM PC8|https://www.strava.com/activities/2532675735
7/12/2019|229.67|06:02:24|2611|0|0|0|0||0|0|38|86.4|85|129|0|0|0|0|4,534|29|06:03:26|SRM PC8|https://www.strava.com/activities/2526250443
7/11/2019|160.88|04:49:09|3847|0|0|0|0||0|0|33.4|132.5|86|140|0|0|0|0|4,855|21|04:49:36|SRM PC8|https://www.strava.com/activities/2524333387
7/10/2019|174.66|04:02:42|2428|0|0|0|0||0|0|43.2|100.8|90|139|0|0|0|0|4,033|28|04:03:07|SRM PC8|https://www.strava.com/activities/2521545777
7/9/2019|213.21|05:07:53|1953|0|0|0|0||0|0|41.6|97.9|87|135|0|0|0|0|4,159|28|05:09:42|SRM PC8|https://www.strava.com/activities/2518329270
7/8/2019|214.16|04:48:30|2953|0|0|0|0||0|0|44.5|94.3|90|147|0|0|0|0|4,344|27|04:49:24|SRM PC8|https://www.strava.com/activities/2515645238
8/22/2019|106.9|03:54:30|1693|0|251|2924|159|63%|0|0|27.4|89.6|80|143|126|173|208|1151|2,910|15|04:02:42|Garmin Edge 1030|https://www.strava.com/activities/2641175130
8/20/2019|86.41|03:15:52|2089|0|264|2534|156|66%|0|0|26.5|79.6|84|169|129|169|216|667|2,527|22|03:48:41|Garmin Edge 1030|https://www.strava.com/activities/2634740180
8/19/2019|109.92|03:49:25|1531|0|252|2614|162|63%|0|0|28.7|61.2|81|143|123|187|190|959|2,604|26|04:19:50|Garmin Edge 1030|https://www.strava.com/activities/2632125029
8/18/2019|27.76|00:59:24|287|0|202|602|28|51%|0|0|28|58.7|86|150|110|147|169|854|601|28|01:16:10|Garmin Edge 1030|https://www.strava.com/activities/2629176876
8/17/2019|77.57|02:33:53|1245|0|0|0|0||0|0|30.2|66.6|86|150|0|0|0|0|2,045|25|02:43:42|Garmin Edge 1030|https://www.strava.com/activities/2626185620
8/16/2019|82.38|02:51:21|664|0|0|0|0||0|0|28.8|52.2|76|136|0|0|0|0|1,261|30|03:37:55|Garmin Edge 1030|https://www.strava.com/activities/2623706534
8/15/2019|26.8|00:59:29|232|0|0|0|0||0|0|27|51.1|80|126|0|0|0|0|463|29|01:20:40|Garmin Edge 1030|https://www.strava.com/activities/2620732011
8/1/2019|59.79|01:57:41|710|0|282|1461|99|71%|0|0|30.5|69.5|86|167|0|0|207|976|1,454|24|01:58:40|Garmin Edge 1030|https://www.strava.com/activities/2580810867
8/28/2019|187.97|06:17:55|2841|0|0|0|0||0|0|29.8|80.6|83|135|0|0|0|0|4,606|24|07:17:36|Garmin Edge 1030|https://www.strava.com/activities/2659312070
8/25/2019|121.31|03:58:32|1684|0|0|0|0||0|0|30.5|70.9|79|153|0|0|0|0|3,044|20|04:13:28|Garmin Edge 1030|https://www.strava.com/activities/2649715819
8/23/2019|136.46|04:51:58|2290|0|0|0|0||0|0|28|71.6|79|137|0|0|0|0|3,572|16|05:32:02|Garmin Edge 1030|https://www.strava.com/activities/2644104708
8/9/2019|153.61|04:05:09|3326|0|329|4173|275|82%|0|0|37.6|103.7|89|138|0|0|284|1074|4,653|28|04:05:09|SRM PC8|https://www.strava.com/activities/2605138009
8/8/2019|160.22|04:22:21|3376|0|311|3903|265|78%|0|0|36.6|92.9|86|150|0|0|248|1159|4,352|23|04:22:21|SRM PC8|https://www.strava.com/activities/2605137966
8/7/2019|153.54|03:49:54|2150|0|285|3177|194|71%|0|0|40.1|92.2|90|154|132|192|230|1030|3,542|31|03:50:25|SRM PC8|https://www.strava.com/activities/2599840550
8/6/2019|140.71|04:21:15|1540|0|191|2366|100|48%|0|0|32.3|78.5|81|139|0|0|151|818|2,638|32|04:27:53|SRM PC8|https://www.strava.com/activities/2599840596
8/5/2019|149.86|03:29:06|1029|0|241|2643|126|60%|0|0|43|77|87|127|120|184|211|1131|2,947|25|03:29:57|SRM PC8|https://www.strava.com/activities/2599840512
9/20/2019|144.58|05:23:09|3158|0|0|0|0||0|0|26.8|74.2|82|142|0|0|0|0|4,639|25|06:01:43|SRM PC8|https://www.strava.com/activities/2724898790
9/19/2019|127.61|04:31:27|2108|0|0|0|0||0|0|28.2|72|82|144|0|0|0|0|3,878|26|05:16:40|SRM PC8|https://www.strava.com/activities/2722110643
9/18/2019|123.1|03:58:25|1510|0|260|3200|179|65%|0|0|31|67.7|90|134|0|0|224|999|3,568|28|04:24:31|SRM PC8|https://www.strava.com/activities/2719640619
9/8/2019|62.66|02:34:27|1849|0|301|2344|149|75%|0|0|24.3|65.5|79|122|134|160|253|674|2,340|8|02:39:02|Garmin Edge 1030|https://www.strava.com/activities/2690155033
9/25/2019|111|03:49:40|1128|0|0|0|0||0|0|29|72|83|125|0|0|0|0|2,517|11|04:18:23|Garmin Edge 1030|https://www.strava.com/activities/2738416072
9/24/2019|199.62|06:27:35|3864|0|275|5083|340|69%|0|0|30.9|86|82|138|137|184|219|1142|5,057|14|07:34:53|Garmin Edge 1030|https://www.strava.com/activities/2736314086
9/22/2019|212.13|06:59:58|3977|0|287|5931|377|72%|0|0|30.3|82.4|83|134|139|180|235|940|5,917|11|07:50:44|Garmin Edge 1030|https://www.strava.com/activities/2731259429
9/15/2019|225.23|06:09:49|4614|0|298|5235|345|75%|0|0|36.5|103|89|133|0|0|236|1101|5,837|19|06:10:48|SRM PC8|https://www.strava.com/activities/2712343724
9/13/2019|199.75|05:08:39|2888|0|0|0|0||0|0|38.8|89.3|90|183|0|0|0|0|4,962|20|05:13:01|SRM PC8|https://www.strava.com/activities/2705902327
9/1/2019|250.32|06:12:10|4237|0|0|0|0||0|0|40.4|87.1|90|132|0|0|0|0|6,116|21|06:13:03|SRM PC8|https://www.strava.com/activities/2671885181
10/31/2019|11.4|01:40:59|0|0|0|0|0||0|0|0|0|0|0|0|0|0|0|||00:00:00|Garmin fēnix 5|https://www.strava.com/activities/2830546257
10/29/2019|113.51|03:56:16|1535|0|0|0|0||0|0|28.8|57.6|85|136|0|0|0|0|2,781|19|04:40:51|Garmin Edge 1030|https://www.strava.com/activities/2825951141
10/28/2019|74.93|02:32:06|1076|0|0|0|0||0|0|29.6|57.2|89|136|0|0|0|0|1,908|17|02:49:00|Garmin Edge 1030|https://www.strava.com/activities/2823369211
10/27/2019|120.1|04:20:39|2062|0|0|0|0||0|0|27.6|59.8|85|141|0|0|0|0|3,157|20|04:39:41|Garmin Edge 1030|https://www.strava.com/activities/2821482833
10/22/2019|62.5|02:26:25|1594|0|0|0|0||0|0|25.6|82.8|81|136|0|0|0|0|1,917|14|02:34:41|Garmin Edge 1030|https://www.strava.com/activities/2807917691
10/19/2019|47.96|01:29:09|531|0|0|0|0||0|0|32.3|80.3|87|136|0|0|0|0|1,234|13|02:13:31|Garmin Edge 1030|https://www.strava.com/activities/2799984291
10/18/2019|69.47|02:06:45|1138|0|0|0|0||0|0|32.9|72|90|133|0|0|0|0|1,919|11|02:07:07|Garmin Edge 1030|https://www.strava.com/activities/2797767629
11/30/2019|128.59|04:23:49|1057|0|0|0|0||0|0|29.2|65.2|81|130|0|0|0|0|2,574|15|04:33:29|Garmin Edge 530|https://www.strava.com/activities/2901341601
11/28/2019|74.65|03:17:54|1899|0|0|0|0||0|0|22.6|77.8|71|126|0|0|0|0|2,291|12|03:53:44|Garmin Edge 530|https://www.strava.com/activities/2896925030
11/27/2019|32.59|01:15:02|385|0|0|0|0||0|0|26.1|56.2|83|132|0|0|0|0|753|14|01:20:40|Garmin Edge 530|https://www.strava.com/activities/2895366017
11/26/2019|93.3|03:40:11|2046|0|0|0|0||0|0|25.4|77|80|130|0|0|0|0|2,659|12|04:08:23|Garmin Edge 1030|https://www.strava.com/activities/2892555318
11/25/2019|118.2|04:35:04|2281|0|0|0|0||0|0|25.8|72.7|76|133|0|0|0|0|3,289|12|05:09:09|Garmin Edge 1030|https://www.strava.com/activities/2890365102
12/31/2019|167.38|06:08:03|4022|0|0|0|0||0|0|27.3|83.5|83|144|0|0|0|0|5,237|3|06:28:32|Garmin Edge 530|https://www.strava.com/activities/2970766840
12/29/2019|150.65|05:17:18|3045|0|0|0|0||0|0|28.5|78.5|86|146|0|0|0|0|4,358|3|05:33:16|Garmin Edge 530|https://www.strava.com/activities/2965394360
12/22/2019|36.29|01:00:47|255|0|0|0|0||0|0|35.8|52.6|102|160|0|0|0|0|770||01:00:47|Zwift|https://www.strava.com/activities/2948522955
12/21/2019|59.7|01:52:44|1244|0|0|0|0||0|0|31.8|86|92|165|0|0|0|0|1,640||01:54:03|Zwift|https://www.strava.com/activities/2947338692
12/14/2019|39.29|01:29:40|441|0|0|0|0||0|0|26.3|64.1|85|119|0|0|0|0|915|15|01:32:05|Garmin Edge 530|https://www.strava.com/activities/2931592462
12/13/2019|105.33|03:58:11|2461|0|0|0|0||0|0|26.5|64.1|86|125|0|0|0|0|3,336|12|04:13:02|Garmin Edge 530|https://www.strava.com/activities/2930165260
12/12/2019|124.13|04:30:33|2958|0|0|0|0||0|0|27.5|74.9|89|161|0|0|0|0|4,149|7|04:53:39|Garmin Edge 530|https://www.strava.com/activities/2928180632
12/11/2019|89.74|02:59:32|1510|0|0|0|0||0|0|30|63.7|94|152|0|0|0|0|2,624|8|03:01:29|Garmin Edge 1030|https://www.strava.com/activities/2925981334
12/10/2019|48.01|01:37:49|833|0|0|0|0||0|0|29.5|62.6|92|149|0|0|0|0|1,312|14|01:49:11|Garmin Edge 1030|https://www.strava.com/activities/2923693232
12/8/2019|142.45|04:54:08|3249|0|0|0|0||0|0|29.1|73.4|87|130|0|0|0|0|4,342|11|05:08:24|Garmin Edge 530|https://www.strava.com/activities/2919817847
12/7/2019|114.56|04:12:40|2725|0|0|0|0||0|0|27.2|69.1|86|127|0|0|0|0|3,579|9|04:22:32|Garmin Edge 530|https://www.strava.com/activities/2916910288
12/28/2019|135.59|05:00:45|2980|0|0|0|0||0|0|27.1|87.1|82|141|0|0|0|0|4,068|2|05:46:18|Garmin Edge 530|https://www.strava.com/activities/2962671660
12/19/2019|139.27|04:28:05|2521|0|0|0|0||0|0|31.2|83.2|83|124|0|0|0|0|3,319|14|04:55:49|Garmin Edge 530|https://www.strava.com/activities/2943081411
12/18/2019|111.34|03:29:57|1832|0|0|0|0||0|0|31.8|72.4|88|123|0|0|0|0|2,754|14|03:52:30|Garmin Edge 530|https://www.strava.com/activities/2940977524
12/17/2019|100.33|03:13:14|1730|0|0|0|0||0|0|31.2|76|86|127|0|0|0|0|2,447|14|03:24:27|Garmin Edge 530|https://www.strava.com/activities/2938701896
12/16/2019|89.42|03:08:05|1879|0|0|0|0||0|0|28.5|73.4|84|142|0|0|0|0|2,283|15|03:25:12|Garmin Edge 530|https://www.strava.com/activities/2936635750
12/3/2019|126.66|04:40:45|2021|0|0|0|0||0|0|27.1|59|84|127|0|0|0|0|3,427|13|05:00:55|Garmin Edge 530|https://www.strava.com/activities/2908237875
1/29/2020|190.91|07:05:32|4490|0|274|0|345|69%|0|0|26.9|68|82|132|130|183|0|1043|5,802|12|07:23:04|Garmin Edge 530|https://www.strava.com/activities/3053814526
1/28/2020|46.36|01:58:17|1070|0|0|0|0||0|0|23.5|69.5|78|122|0|0|0|0|1,333|13|02:04:55|Garmin Edge 530|https://www.strava.com/activities/3050460957
1/27/2020|132.43|04:40:04|2930|0|285|0|242|71%|0|0|28.4|71.3|85|138|134|181|0|936|4,002|7|05:02:17|Garmin Edge 1030|https://www.strava.com/activities/3047914902
1/26/2020|121.91|04:30:51|3141|0|286|0|239|72%|0|0|27|69.1|84|133|141|187|0|1097|3,881|10|04:44:02|Garmin Edge 530|https://www.strava.com/activities/3045181361
1/24/2020|161.4|05:47:25|4161|0|287|0|310|72%|0|0|27.9|85|83|133|139|183|0|959|5,084|2|06:09:50|Garmin Edge 530|https://www.strava.com/activities/3039086379
1/23/2020|34.18|01:00:22|371|0|233|0|34|58%|0|0|34|73.8|93|156|123|137|0|486|768||01:00:22|Zwift|https://www.strava.com/activities/3036064440
1/22/2020|127.14|04:06:55|2406|0|291|0|230|73%|0|0|30.9|77.8|86|146|139|188|0|819|3,748|5|04:32:20|Garmin Edge 530|https://www.strava.com/activities/3033683557
1/21/2020|127.07|04:10:07|2739|0|297|0|239|74%|0|0|30.5|80.6|88|155|140|177|0|761|3,903|0|04:35:54|Garmin Edge 530|https://www.strava.com/activities/3030663739
1/15/2020|204.92|06:46:39|3858|0|0|0|0||0|0|30.2|85.3|88|139|0|0|0|0|4,926|12|07:30:59|Garmin Edge 530|https://www.strava.com/activities/3013647451
1/14/2020|147.48|04:24:24|1294|0|0|0|0||0|0|33.5|73.1|89|146|0|0|0|0|3,447|12|05:56:17|Garmin Edge 530|https://www.strava.com/activities/3010498803
1/13/2020|127.55|04:09:40|2500|0|0|0|0||0|0|30.7|76.3|88|127|0|0|0|0|3,199|11|04:28:51|Garmin Edge 530|https://www.strava.com/activities/3007583661
1/12/2020|50.15|01:39:09|613|0|0|0|0||0|0|30.4|64.4|89|177|0|0|0|0|1,020|15|02:22:59|Garmin Edge 530|https://www.strava.com/activities/3004484645
1/11/2020|169.39|05:42:16|3428|0|0|0|0||0|0|29.7|65.5|87|132|0|0|0|0|4,286|10|06:12:04|Garmin Edge 530|https://www.strava.com/activities/3001604311
1/10/2020|94.18|02:59:27|1648|0|0|0|0||0|0|31.5|77|89|129|0|0|0|0|2,272|11|03:23:16|Garmin Edge 530|https://www.strava.com/activities/2998272269
1/9/2020|172.27|05:10:46|2220|0|0|0|0||0|0|33.3|89.6|90|127|0|0|0|0|3,964|12|05:50:38|Garmin Edge 530|https://www.strava.com/activities/2995938259
1/9/2020|172.27|05:10:46|2220|0|0|0|0||0|0|33.3|89.6|90|127|0|0|0|0|3,964|12|05:50:38|Garmin Edge 530|https://www.strava.com/activities/2990168089
1/6/2020|139.49|04:46:07|2754|0|0|0|0||0|0|29.3|76.3|86|159|0|0|0|0|3,493|11|04:54:36|Garmin Edge 530|https://www.strava.com/activities/2987129893
1/5/2020|147.91|04:58:42|2776|0|0|0|0||0|0|29.7|63.4|84|120|0|0|0|0|3,487|11|05:13:59|Garmin Edge 530|https://www.strava.com/activities/2984433306
1/3/2020|91.63|03:14:18|1872|0|0|0|0||0|0|28.3|78.8|80|123|0|0|0|0|2,479|2|03:23:00|Garmin Edge 530|https://www.strava.com/activities/2978027003
1/29/2020|190.91|07:05:32|4490|0|274|0|345|69%|0|0|26.9|68|82|132|130|183|0|1043|5,802|12|07:23:04|Garmin Edge 530|https://www.strava.com/activities/3053814526
1/28/2020|46.36|01:58:17|1070|0|0|0|0||0|0|23.5|69.5|78|122|0|0|0|0|1,333|13|02:04:55|Garmin Edge 530|https://www.strava.com/activities/3050460957
1/27/2020|132.43|04:40:04|2930|0|285|0|242|71%|0|0|28.4|71.3|85|138|134|181|0|936|4,002|7|05:02:17|Garmin Edge 1030|https://www.strava.com/activities/3047914902
1/26/2020|121.91|04:30:51|3141|0|286|0|239|72%|0|0|27|69.1|84|133|141|187|0|1097|3,881|10|04:44:02|Garmin Edge 530|https://www.strava.com/activities/3045181361
1/26/2020|121.91|04:30:51|3141|0|286|0|239|72%|0|0|27|69.1|84|133|141|187|0|1097|3,881|10|04:44:02|Garmin Edge 530|https://www.strava.com/activities/3039086379
1/23/2020|34.18|01:00:22|371|0|233|0|34|58%|0|0|34|73.8|93|156|123|137|0|486|768||01:00:22|Zwift|https://www.strava.com/activities/3036064440
1/22/2020|127.14|04:06:55|2406|0|291|0|230|73%|0|0|30.9|77.8|86|146|139|188|0|819|3,748|5|04:32:20|Garmin Edge 530|https://www.strava.com/activities/3033683557
1/21/2020|127.07|04:10:07|2739|0|297|0|239|74%|0|0|30.5|80.6|88|155|140|177|0|761|3,903|0|04:35:54|Garmin Edge 530|https://www.strava.com/activities/3030663739
1/15/2020|204.92|06:46:39|3858|0|0|0|0||0|0|30.2|85.3|88|139|0|0|0|0|4,926|12|07:30:59|Garmin Edge 530|https://www.strava.com/activities/3013647451
1/14/2020|147.48|04:24:24|1294|0|0|0|0||0|0|33.5|73.1|89|146|0|0|0|0|3,447|12|05:56:17|Garmin Edge 530|https://www.strava.com/activities/3010498803
1/13/2020|127.55|04:09:40|2500|0|0|0|0||0|0|30.7|76.3|88|127|0|0|0|0|3,199|11|04:28:51|Garmin Edge 530|https://www.strava.com/activities/3007583661
1/12/2020|50.15|01:39:09|613|0|0|0|0||0|0|30.4|64.4|89|177|0|0|0|0|1,020|15|02:22:59|Garmin Edge 530|https://www.strava.com/activities/3004484645
1/11/2020|169.39|05:42:16|3428|0|0|0|0||0|0|29.7|65.5|87|132|0|0|0|0|4,286|10|06:12:04|Garmin Edge 530|https://www.strava.com/activities/3001604311
1/10/2020|94.18|02:59:27|1648|0|0|0|0||0|0|31.5|77|89|129|0|0|0|0|2,272|11|03:23:16|Garmin Edge 530|https://www.strava.com/activities/2998272269
1/9/2020|172.27|05:10:46|2220|0|0|0|0||0|0|33.3|89.6|90|127|0|0|0|0|3,964|12|05:50:38|Garmin Edge 530|https://www.strava.com/activities/2995938259
1/7/2020|172.89|05:49:29|3138|0|0|0|0||0|0|29.7|73.1|89|145|0|0|0|0|4,225|12|06:31:00|Garmin Edge 530|https://www.strava.com/activities/2990168089
1/6/2020|139.49|04:46:07|2754|0|0|0|0||0|0|29.3|76.3|86|159|0|0|0|0|3,493|11|04:54:36|Garmin Edge 530|https://www.strava.com/activities/2987129893
1/5/2020|147.91|04:58:42|2776|0|0|0|0||0|0|29.7|63.4|84|120|0|0|0|0|3,487|11|05:13:59|Garmin Edge 530|https://www.strava.com/activities/2984433306
1/3/2020|91.63|03:14:18|1872|0|0|0|0||0|0|28.3|78.8|80|123|0|0|0|0|2,479|2|03:23:00|Garmin Edge 530|https://www.strava.com/activities/2978027003
1/29/2020|190.91|07:05:32|4490|0|274|0|345|69%|0|0|26.9|68|82|132|130|183|0|1043|5,802|12|07:23:04|Garmin Edge 530|https://www.strava.com/activities/3053814526
1/28/2020|46.36|01:58:17|1070|0|0|0|0||0|0|23.5|69.5|78|122|0|0|0|0|1,333|13|02:04:55|Garmin Edge 530|https://www.strava.com/activities/3050460957
1/27/2020|132.43|04:40:04|2930|0|285|0|242|71%|0|0|28.4|71.3|85|138|134|181|0|936|4,002|7|05:02:17|Garmin Edge 1030|https://www.strava.com/activities/3047914902
1/26/2020|121.91|04:30:51|3141|0|286|0|239|72%|0|0|27|69.1|84|133|141|187|0|1097|3,881|10|04:44:02|Garmin Edge 530|https://www.strava.com/activities/3045181361
1/24/2020|161.4|05:47:25|4161|0|287|0|310|72%|0|0|27.9|85|83|133|139|183|0|959|5,084|2|06:09:50|Garmin Edge 530|https://www.strava.com/activities/3039086379
1/23/2020|34.18|01:00:22|371|0|233|0|34|58%|0|0|34|73.8|93|156|123|137|0|486|768||01:00:22|Zwift|https://www.strava.com/activities/3036064440
1/22/2020|127.14|04:06:55|2406|0|291|0|230|73%|0|0|30.9|77.8|86|146|139|188|0|819|3,748|5|04:32:20|Garmin Edge 530|https://www.strava.com/activities/3033683557
1/21/2020|127.07|04:10:07|2739|0|297|0|239|74%|0|0|30.5|80.6|88|155|140|177|0|761|3,903|0|04:35:54|Garmin Edge 530|https://www.strava.com/activities/3030663739
1/15/2020|204.92|06:46:39|3858|0|0|0|0||0|0|30.2|85.3|88|139|0|0|0|0|4,926|12|07:30:59|Garmin Edge 530|https://www.strava.com/activities/3013647451
1/14/2020|147.48|04:24:24|1294|0|0|0|0||0|0|33.5|73.1|89|146|0|0|0|0|3,447|12|05:56:17|Garmin Edge 530|https://www.strava.com/activities/3010498803
1/13/2020|127.55|04:09:40|2500|0|0|0|0||0|0|30.7|76.3|88|127|0|0|0|0|3,199|11|04:28:51|Garmin Edge 530|https://www.strava.com/activities/3007583661
1/12/2020|50.15|01:39:09|613|0|0|0|0||0|0|30.4|64.4|89|177|0|0|0|0|1,020|15|02:22:59|Garmin Edge 530|https://www.strava.com/activities/3004484645
1/11/2020|169.39|05:42:16|3428|0|0|0|0||0|0|29.7|65.5|87|132|0|0|0|0|4,286|10|06:12:04|Garmin Edge 530|https://www.strava.com/activities/3001604311
1/10/2020|94.18|02:59:27|1648|0|0|0|0||0|0|31.5|77|89|129|0|0|0|0|2,272|11|03:23:16|Garmin Edge 530|https://www.strava.com/activities/2998272269
1/9/2020|172.27|05:10:46|2220|0|0|0|0||0|0|33.3|89.6|90|127|0|0|0|0|3,964|12|05:50:38|Garmin Edge 530|https://www.strava.com/activities/2995938259
1/7/2020|172.89|05:49:29|3138|0|0|0|0||0|0|29.7|73.1|89|145|0|0|0|0|4,225|12|06:31:00|Garmin Edge 530|https://www.strava.com/activities/2990168089
1/6/2020|139.49|04:46:07|2754|0|0|0|0||0|0|29.3|76.3|86|159|0|0|0|0|3,493|11|04:54:36|Garmin Edge 530|https://www.strava.com/activities/2987129893
1/5/2020|147.91|04:58:42|2776|0|0|0|0||0|0|29.7|63.4|84|120|0|0|0|0|3,487|11|05:13:59|Garmin Edge 530|https://www.strava.com/activities/2984433306
1/3/2020|91.63|03:14:18|1872|0|0|0|0||0|0|28.3|78.8|80|123|0|0|0|0|2,479|2|03:23:00|Garmin Edge 530|https://www.strava.com/activities/2978027003
4/30/2020|105.69|04:37:53|3102|0|279|3745|232|70%|0|0|22.8|72.4|78|117|0|0|225|702|3,756|12|04:47:48|Garmin Edge 1030|https://www.strava.com/activities/3375243304
4/14/2020|67.62|02:05:26|1009|0|266|1750|93|67%|0|0|32.3|65.9|84|158|0|0|232|685|1,669||02:05:26|Zwift|https://www.strava.com/activities/3297240526
4/23/2020|36.41|01:00:36|313|0|281|932|49|70%|0|0|36|76|82|133|0|0|256|937|910||01:00:36|Zwift|https://www.strava.com/activities/3341428177
4/4/2020|18.61|00:53:47|1047|0|322|989|58|81%|0|0|20.8|68.4|79|147|0|0|306|717|986||00:54:05|Zwift|https://www.strava.com/activities/3254409750
5/30/2020|196.11|06:23:42|2604|0|250|5009|261|63%|0|0|30.7|74.9|85|131|0|0|218|977|4,993|15|06:53:52|Garmin Edge 530|https://www.strava.com/activities/3536136727
5/27/2020|84.86|03:43:46|1901|0|263|2807|173|66%|0|0|22.8|66.6|76|122|0|0|209|964|2,778|19|04:09:54|Garmin Edge 530|https://www.strava.com/activities/3519454207
5/24/2020|73.37|02:03:18|269|0|269|1709|92|67%|0|0|35.7|59|85|119|0|0|231|789|1,704|15|02:03:34|Garmin Edge 530|https://www.strava.com/activities/3502227700
5/21/2020|125.89|04:22:55|2532|0|280|3656|218|70%|0|0|28.7|81.7|85|155|0|0|232|877|3,647|17|04:28:24|Garmin Edge 1030|https://www.strava.com/activities/3487849740
5/13/2020|146.65|04:39:11|1780|0|260|3841|205|65%|0|0|31.5|72.4|85|126|0|0|229|806|3,817|12|05:02:46|Garmin Edge 530|https://www.strava.com/activities/3444279384
5/9/2020|162.28|05:19:14|3019|0|263|4285|241|66%|0|0|30.5|71.6|85|127|0|0|224|925|4,278|22|05:35:10|Garmin Edge 530|https://www.strava.com/activities/3423929929
5/6/2020|124.47|04:32:16|3358|0|0|0|0||0|0|27.4|90.4|84|132|134|170|0|0|3,796|13|04:51:10|Garmin Edge 530|https://www.strava.com/activities/3407894207
5/4/2020|53.34|01:15:53|462|0|0|0|0||0|0|42.2|68.8|85|134|152|182|0|0|1,273||01:16:53|Zwift|https://www.strava.com/activities/3396703620
5/28/2020|166.68|05:31:13|2740|0|267|4374|260|67%|0|0|30.2|69.8|85|125|0|0|220|777|4,367|17|07:17:13|Garmin Edge 530|https://www.strava.com/activities/3525838922
5/23/2020|120.67|04:24:21|2272|0|285|3517|232|71%|0|0|27.4|81|80|200|0|0|222|1152|3,501|18|04:36:33|Garmin Edge 530|https://www.strava.com/activities/3497662625
5/20/2020|120.56|03:58:18|1905|0|257|3193|174|64%|0|0|30.4|77.4|83|141|0|0|223|976|3,183|17|04:23:21|Garmin Edge 530|https://www.strava.com/activities/3482212909
5/16/2020|118.36|04:01:15|2411|0|277|3340|198|69%|0|0|29.4|70.9|83|129|0|0|231|997|3,335|12|04:11:59|Garmin Edge 530|https://www.strava.com/activities/3460092571
5/14/2020|148.63|05:12:00|2423|0|244|3743|199|61%|0|0|28.6|81.7|79|150|0|0|200|918|3,729|22|05:47:26|Garmin Edge 530|https://www.strava.com/activities/3449538225
6/26/2020|101.18|04:17:54|1881|0|0|0|0||0|0|23.5|72.7|79|143|0|0|0|0|3,476|18|04:33:48|Garmin Edge 530|https://www.strava.com/activities/3674369265
6/25/2020|51.13|01:51:38|962|0|0|0|0||0|0|27.5|66.2|86|113|0|0|0|0|1,327|25|02:00:42|Garmin Edge 530|https://www.strava.com/activities/3668131649
6/24/2020|121.72|04:35:35|2671|0|0|0|0||0|0|26.5|68|84|119|0|0|0|0|3,312|29|05:11:01|Garmin Edge 530|https://www.strava.com/activities/3664370747
6/16/2020|203.05|06:53:10|4368|0|283|5775|363|71%|0|0|29.5|88.2|84|135|0|0|233|938|5,768|20|07:27:24|Garmin Edge 530|https://www.strava.com/activities/3623806226
6/13/2020|153.29|05:52:06|4152|0|282|4797|307|71%|0|0|26.1|73.1|79|200|0|0|227|752|4,775|24|06:21:02|Garmin Edge 530|https://www.strava.com/activities/3608133669
6/12/2020|127.88|04:17:47|2550|0|285|3667|224|71%|0|0|29.8|83.5|84|139|0|0|237|764|3,659|21|04:28:27|Garmin Edge 530|https://www.strava.com/activities/3602218182
6/10/2020|141.89|04:44:33|1256|0|247|3752|205|62%|0|0|29.9|77.8|86|127|0|0|220|850|3,735|16|06:47:36|Garmin Edge 530|https://www.strava.com/activities/3593009437
6/6/2020|112.35|03:39:56|1153|0|241|2782|138|60%|0|0|30.7|68.8|85|132|0|0|211|1061|2,771|22|04:03:34|Garmin Edge 530|https://www.strava.com/activities/3571639962
6/4/2020|126.73|03:59:51|1203|0|253|3210|170|63%|0|0|31.7|68.8|86|142|0|0|223|881|3,202|16|04:40:10|Garmin Edge 530|https://www.strava.com/activities/3562509752
6/2/2020|141.24|04:32:54|2091|0|263|3722|203|66%|0|0|31.1|85|83|144|0|0|227|810|3,715|22|04:43:28|Garmin Edge 530|https://www.strava.com/activities/3552317077
6/29/2020|68.73|02:19:50|1646|0|0|0|0||0|0|29.5|73.1|84|141|0|0|0|0|1,768|22|02:38:32|Garmin Edge 530|https://www.strava.com/activities/3687862567
6/28/2020|120.7|04:54:14|3638|0|0|0|0||0|0|24.6|75.2|82|163|0|0|0|0|3,788|23|05:22:58|Garmin Edge 530|https://www.strava.com/activities/3683766426
6/27/2020|104.03|03:36:22|2126|0|0|0|0||0|0|28.8|90.4|83|171|0|0|0|0|2,649|28|04:13:00|Garmin Edge 530|https://www.strava.com/activities/3678361844
6/21/2020|144.34|03:31:01|1568|0|0|0|0||0|0|41|72|91|151|0|0|0|0|3,176|19|03:31:23|Garmin Edge 530|https://www.strava.com/activities/3650707801
6/19/2020|41.55|00:49:50|103|0|367|1042|70|92%|0|0|50|73.1|95|132|0|0|348|1185|1,045|16|00:50:11|Garmin Edge 530|https://www.strava.com/activities/3639760765
6/17/2020|135.1|04:19:26|1612|0|231|3111|148|58%|0|0|31.2|73.1|85|162|0|0|200|757|3,100|19|04:38:49|Garmin Edge 530|https://www.strava.com/activities/3628279299
6/11/2020|102.64|02:59:55|751|0|223|2098|96|56%|0|0|34.2|69.1|86|131|0|0|194|859|2,095|18|03:07:04|Garmin Edge 530|https://www.strava.com/activities/3597113614
6/7/2020|174.32|05:34:50|2939|0|278|4529|285|70%|0|0|31.2|77|83|124|0|0|225|1022|4,511|21|05:58:42|Garmin Edge 530|https://www.strava.com/activities/3577746544
6/3/2020|213.83|06:49:52|2827|0|231|4877|243|58%|0|0|31.3|74.2|84|125|0|0|198|920|4,849|24|08:13:38|Garmin Edge 530|https://www.strava.com/activities/3558261520
7/29/2020|56.25|01:53:54|972|0|286|1520|98|72%|0|0|29.6|72.7|86|132|0|0|222|863|1,511|28|01:55:07|Garmin Edge 530|https://www.strava.com/activities/3831895693
7/31/2020|60.42|02:08:00|1043|0|0|0|0||204|1568|28.3|76|0|0|0|0|0|0|855|34|02:27:30|Garmin Edge 530|https://www.strava.com/activities/3842576847
7/24/2020|182.73|06:08:41|3467|0|237|4301|225|59%|0|0|29.7|83.2|79|157|0|0|194|710|4,311|24|06:52:13|Garmin Edge 530|https://www.strava.com/activities/3808496619
7/23/2020|41.59|01:32:49|745|0|203|804|45|51%|0|0|26.9|89.6|75|136|0|0|144|1108|798|26|01:53:12|Garmin Edge 530|https://www.strava.com/activities/3808498886
7/22/2020|221.59|07:23:27|4771|0|263|5517|331|66%|0|0|30|79.6|79|141|0|0|207|1016|5,501|27|07:49:52|Garmin Edge 530|https://www.strava.com/activities/3800941443
7/21/2020|137.85|04:07:22|2036|0|246|3032|169|62%|0|0|33.4|89.6|85|139|0|0|204|913|3,025|27|04:38:01|Garmin Edge 530|https://www.strava.com/activities/3795186668
7/20/2020|180.91|06:17:59|3696|0|246|4446|250|62%|0|0|28.7|87.8|80|178|0|0|196|805|4,437|27|06:47:42|Garmin Edge 530|https://www.strava.com/activities/3790341637
7/19/2020|40.48|01:36:56|1043|0|219|1082|50|55%|0|0|25.1|88.2|80|133|0|0|186|900|1,080|27|02:18:42|Garmin Edge 530|https://www.strava.com/activities/3784858841
7/18/2020|162.32|05:48:22|4276|0|265|4427|263|66%|0|0|28|89.3|80|127|0|0|212|573|4,417|25|06:27:08|Garmin Edge 530|https://www.strava.com/activities/3780354074
7/17/2020|169.21|05:19:23|3128|0|260|4198|238|65%|0|0|31.8|78.5|85|123|0|0|219|777|4,189|24|06:01:41|Garmin Edge 530|https://www.strava.com/activities/3775450407
7/16/2020|42.02|01:44:09|1114|0|223|1184|56|56%|0|0|24.2|82.4|80|135|0|0|190|909|1,181|23|01:48:53|Garmin Edge 530|https://www.strava.com/activities/3770119398
7/15/2020|187.14|06:08:25|4185|0|265|4643|281|66%|0|0|30.5|77.8|83|132|0|0|210|899|4,626|16|06:39:44|Garmin Edge 530|https://www.strava.com/activities/3766129652
7/14/2020|164.1|05:22:38|3207|0|256|3874|228|64%|0|0|30.5|79.6|83|128|0|0|200|922|3,861|22|05:47:06|Garmin Edge 530|https://www.strava.com/activities/3760837905
7/13/2020|158.87|04:57:03|2531|0|246|3570|194|62%|0|0|32.1|73.4|84|135|0|0|200|776|3,559|24|05:07:11|Garmin Edge 530|https://www.strava.com/activities/3755694635
7/12/2020|52.96|01:32:50|729|0|0|0|0||266|1484|34.2|81|0|0|0|0|0|0|589|21|01:37:22|Garmin Edge 530|https://www.strava.com/activities/3750179578
7/11/2020|139.29|04:59:01|3565|0|266|4062|231|67%|0|0|28|77|85|130|0|0|226|1004|4,053|20|05:15:29|Garmin Edge 530|https://www.strava.com/activities/3746127613
7/10/2020|111.69|02:44:24|644|0|198|1575|69|50%|0|0|40.8|82.8|87|139|0|0|160|774|1,567|26|02:52:55|Garmin Edge 530|https://www.strava.com/activities/3740571980
7/9/2020|51.06|01:48:07|1247|0|0|0|0||200|1295|28.3|83.9|0|0|0|0|0|0|821|25|01:51:17|Garmin Edge 530|https://www.strava.com/activities/3735631192
7/9/2020|51.06|01:48:07|1247|0|0|0|0||200|1295|28.3|83.9|0|0|0|0|0|0|821|25|01:51:17|Garmin Edge 530|https://www.strava.com/activities/3954159087
8/10/2020|35.88|01:13:26|702|0|291|1114|67|73%|0|0|29.3|76.3|85|140|0|0|253|777|1,099|21|01:15:56|Garmin Edge 830|https://www.strava.com/activities/3893367758
8/7/2020|51.45|01:39:01|501|0|198|1030|41|50%|0|0|31.2|58.3|79|121|0|0|173|866|1,028|28|01:40:12|Garmin Edge 830|https://www.strava.com/activities/3877235636
8/5/2020|109.5|03:39:15|2662|0|302|3278|213|76%|0|0|30|81.4|84|133|0|0|249|773|3,263|19|03:43:21|Garmin Edge 830|https://www.strava.com/activities/3868693157
8/31/2020|200.07|05:21:43|2682|0|0|0|0||323|6237|37.3|81.7|0|0|0|0|0|0|2,394|22|05:23:16|Garmin Edge 830|https://www.strava.com/activities/3991866457
8/30/2020|195.01|05:42:13|3533|0|265|4542|249|66%|0|0|34.2|90.4|85|134|0|0|221|932|4,610|28|05:44:52|Garmin Edge 830|https://www.strava.com/activities/3987681372
8/29/2020|162.94|04:07:34|1540|0|268|3117|188|67%|0|0|39.5|73.4|89|156|0|0|210|990|3,206|21|04:12:39|Garmin Edge 830|https://www.strava.com/activities/3982841519
8/28/2020|49.88|01:46:40|836|0|199|982|45|50%|0|0|28.1|68|80|144|0|0|153|797|975|28|01:52:27|Garmin Edge 830|https://www.strava.com/activities/3976811068
8/27/2020|51.2|01:47:33|974|0|227|1143|59|57%|0|0|28.6|78.5|80|127|0|0|177|775|1,141|27|01:52:56|Garmin Edge 830|https://www.strava.com/activities/3972231568
8/26/2020|121.32|04:17:35|1646|0|208|2571|125|52%|0|0|28.3|63.7|80|130|0|0|166|686|2,552|29|04:42:08|Garmin Edge 830|https://www.strava.com/activities/3968014568
8/16/2020|156.38|04:42:52|3843|0|322|4557|308|81%|0|0|33.2|88.6|85|142|0|0|268|910|4,568|25|04:44:14|Garmin Edge 830|https://www.strava.com/activities/3922163623
8/15/2020|150.79|04:38:45|4210|0|328|4793|312|82%|0|0|32.5|89.6|86|139|0|0|287|1035|4,809|28|04:38:45|Garmin Edge 830|https://www.strava.com/activities/3917007135
8/14/2020|159.41|04:30:29|3283|0|303|4276|260|76%|0|0|35.4|104|86|135|0|0|263|893|4,286|29|04:30:58|Garmin Edge 830|https://www.strava.com/activities/3912057819
8/13/2020|137.5|04:10:13|2800|0|283|3718|209|71%|0|0|33|94.7|82|131|0|0|248|1011|3,756|31|04:10:13|Garmin Edge 830|https://www.strava.com/activities/3907663425
8/12/2020|227.29|05:58:08|3457|0|264|4848|261|66%|0|0|38.1|84.6|86|140|0|0|226|1112|4,857|27|05:59:41|Garmin Edge 830|https://www.strava.com/activities/3902655539
8/11/2020|77.68|02:24:43|546|0|192|1390|58|48%|0|0|32.2|66.6|83|131|0|0|160|800|1,384|28|02:53:03|Garmin Edge 830|https://www.strava.com/activities/3896557381
8/8/2020|316.61|07:40:44|2662|0|245|5428|289|61%|0|0|41.2|91.1|85|143|0|0|196|1098|5,445|34|07:44:18|Garmin Edge 830|https://www.strava.com/activities/3883727551
9/30/2020|203.94|04:56:41|3026|0|304|4349|286|76%|0|0|41.2|91.8|88|183|0|0|244|1009|4,372|17|04:57:27|Garmin Edge 830|https://www.strava.com/activities/4132861451
9/29/2020|41.99|01:30:58|725|0|236|1023|55|59%|0|0|27.7|64.1|82|127|0|0|187|582|1,016|14|01:36:23|Garmin Edge 830|https://www.strava.com/activities/4127207914
9/20/2020|128|03:19:26|896|0|240|2197|120|60%|0|0|38.5|76|81|160|0|0|184|984|2,212|27|03:20:17|Garmin Edge 830|https://www.strava.com/activities/4089253109
9/19/2020|35.84|01:04:26|945|0|354|1337|84|89%|0|0|33.4|74.9|87|129|0|0|346|660|1,336|22|01:05:32|Garmin Edge 830|https://www.strava.com/activities/4082661518
9/18/2020|172.49|03:56:55|2069|0|273|3152|183|68%|0|0|43.7|85|87|121|0|0|222|936|3,192|30|03:57:32|Garmin Edge 830|https://www.strava.com/activities/4078021318
9/17/2020|193.67|05:32:54|4397|0|298|4727|310|75%|0|0|34.9|94.3|82|127|0|0|237|881|4,756|24|05:32:54|Garmin Edge 830|https://www.strava.com/activities/4073492276
9/16/2020|174.85|05:24:51|4213|0|302|5208|311|76%|0|0|32.3|95|83|138|0|0|267|905|5,231|26|05:25:55|Garmin Edge 830|https://www.strava.com/activities/4068838120
9/15/2020|168.79|04:45:39|3554|0|299|4276|267|75%|0|0|35.5|91.4|85|127|0|0|250|905|4,311|28|04:46:42|Garmin Edge 830|https://www.strava.com/activities/4063765474
9/14/2020|38.57|01:10:47|198|0|178|648|24|45%|0|0|32.7|55.1|78|106|0|0|153|506|644|28|01:19:25|Garmin Edge 830|https://www.strava.com/activities/4057839168
9/13/2020|187.1|05:25:16|3623|0|289|4951|282|72%|0|0|34.5|92.5|83|123|0|0|254|939|4,973|27|05:25:54|Garmin Edge 830|https://www.strava.com/activities/4054905725
9/12/2020|200.81|04:47:20|2567|0|291|4251|254|73%|0|0|41.9|87.8|87|169|0|0|247|1046|4,280|28|04:48:58|Garmin Edge 830|https://www.strava.com/activities/4049363636
9/11/2020|13.37|00:19:53|56|0|153|148|5|38%|0|0|40.4|69.5|77|106|0|0|124|719|165|20|00:24:50|Garmin Edge 830|https://www.strava.com/activities/4044549496
9/11/2020|197.35|05:36:43|4344|0|302|5045|321|76%|0|0|35.2|94.7|84|130|0|0|250|920|5,085|26|05:36:43|Garmin Edge 830|https://www.strava.com/activities/4044546970
9/10/2020|221.51|05:32:17|3446|0|0|0|0||411|8204|40|92.2|0|0|0|0|0|0|2,818|28|05:38:44|Garmin Edge 830|https://www.strava.com/activities/4040135372
9/9/2020|174.17|04:19:01|1133|0|238|3060|154|60%|0|0|40.3|83.5|84|133|0|0|197|979|3,097|31|04:19:58|Garmin Edge 830|https://www.strava.com/activities/4035158089
9/8/2020|173.83|03:49:13|753|0|276|3264|181|69%|0|0|45.5|75.2|89|128|0|0|237|1104|3,329|29|03:49:29|Garmin Edge 830|https://www.strava.com/activities/4030208148
9/7/2020|49.01|01:44:12|211|0|173|896|33|43%|0|0|28.2|51.5|75|130|0|0|143|969|891|24|01:46:39|Garmin Edge 830|https://www.strava.com/activities/4024511380
9/6/2020|161.06|04:42:35|3392|0|288|4122|244|72%|0|0|34.2|88.2|83|128|0|0|243|996|4,163|17|04:44:33|Garmin Edge 830|https://www.strava.com/activities/4021204260
9/5/2020|142.59|04:41:03|3589|0|278|3936|228|70%|0|0|30.4|91.1|83|145|0|0|233|952|3,975|26|04:41:30|Garmin Edge 830|https://www.strava.com/activities/4016237738
9/4/2020|172.94|03:45:41|2035|0|302|3395|215|76%|0|0|46|92.5|92|146|0|0|251|1007|3,416|32|03:45:41|Garmin Edge 830|https://www.strava.com/activities/4010609701
9/3/2020|193.88|05:06:31|3074|0|268|4241|229|67%|0|0|38|88.9|87|169|0|0|231|1013|4,270|30|05:07:19|Garmin Edge 830|https://www.strava.com/activities/4010607217
9/2/2020|185.06|04:29:06|1419|0|232|2765|151|58%|0|0|41.3|88.9|87|138|0|0|171|985|2,799|29|04:30:38|Garmin Edge 830|https://www.strava.com/activities/4001314477
9/1/2020|162.49|04:25:40|3111|0|283|3936|223|71%|0|0|36.7|91.4|86|131|0|0|247|994|3,960|22|04:27:39|Garmin Edge 830|https://www.strava.com/activities/3996445560
10/2/2020|73.42|02:26:49|1256|0|228|1584|82|57%|0|0|30|73.8|80|132|0|0|180|705|1,578|14|02:31:39|Garmin Edge 830|https://www.strava.com/activities/4140895995
10/1/2020|32.64|01:07:20|194|0|169|602|19|42%|0|0|29.1|44.6|81|125|0|0|149|737|602|14|01:07:20|Garmin Edge 830|https://www.strava.com/activities/4136270738
10/20/2020|179.65|04:40:57|2971|0|291|4102|249|73%|0|0|38.4|89.3|87|133|0|0|243|943|4,121|18|04:42:14|Garmin Edge 830|https://www.strava.com/activities/4220503249
10/19/2020|44.16|01:34:29|611|0|203|1031|42|51%|0|0|28|58|82|119|0|0|182|896|1,026|21|01:39:03|Garmin Edge 830|https://www.strava.com/activities/4215262662
10/18/2020|76.93|02:28:59|865|0|237|1638|93|59%|0|0|31|60.1|84|128|0|0|183|796|1,621|14|02:42:46|Garmin Edge 830|https://www.strava.com/activities/4210853016
10/4/2020|261.83|06:44:05|1175|0|298|5920|377|75%|0|0|38.9|93.2|87|200|0|0|244|1060|5,965|10|06:45:50|Garmin Edge 830|https://www.strava.com/activities/4150731566
12/31/2020|139.55|05:17:18|3785|0|297|4491|306|74%|0|0|26.4|72|81|183|0|0|236|887|4,476|8|05:40:39|Garmin Edge 830|https://www.strava.com/activities/4544978948
12/30/2020|113.04|04:10:25|2527|0|270|3318|197|68%|0|0|27.1|63.7|81|138|0|0|221|866|3,295|9|04:20:09|Garmin Edge 830|https://www.strava.com/activities/4539153427
12/29/2020|54.23|02:00:27|1125|0|256|1590|84|64%|0|0|27|68.8|84|144|0|0|220|908|1,583|11|02:03:10|Garmin Edge 830|https://www.strava.com/activities/4533520502
12/28/2020|115.52|04:19:45|2857|0|282|3628|226|71%|0|0|26.7|69.1|80|133|0|0|233|838|3,607|6|04:33:21|Garmin Edge 830|https://www.strava.com/activities/4529993661
12/27/2020|95.28|03:39:42|2724|0|297|3179|206|74%|0|0|26|71.3|80|135|0|0|241|965|3,168|8|03:45:20|Garmin Edge 830|https://www.strava.com/activities/4524546083
12/17/2020|154.44|05:35:07|3262|0|281|4542|289|70%|0|0|27.7|67.7|82|130|0|0|226|956|4,521|9|06:52:20|Garmin Edge 830|https://www.strava.com/activities/4483421880
12/16/2020|153.54|05:58:01|3546|0|274|4557|294|69%|0|0|25.7|67.7|78|133|0|0|212|975|4,541|11|06:20:01|Garmin Edge 830|https://www.strava.com/activities/4479373125
12/14/2020|60.38|02:01:21|664|0|220|1485|63|55%|0|0|29.9|64.8|85|130|0|0|204|800|1,475|13|02:10:33|Garmin Edge 830|https://www.strava.com/activities/4470637079
12/13/2020|171.08|06:12:10|3284|0|263|4814|278|66%|0|0|27.6|70.2|84|135|0|0|216|967|4,805|9|06:35:21|Garmin Edge 830|https://www.strava.com/activities/4467687248
12/11/2020|53.58|02:07:55|974|0|218|1459|70|55%|0|0|25.1|59.4|81|125|0|0|190|697|1,451|8|02:21:37|Garmin Edge 830|https://www.strava.com/activities/4457926905
12/10/2020|121.87|04:32:50|2635|0|262|3477|207|66%|0|0|26.8|66.2|82|135|0|0|212|695|3,456|10|04:55:25|Garmin Edge 830|https://www.strava.com/activities/4454185762
12/10/2020|121.87|04:32:50|2635|0|262|3477|207|66%|0|0|26.8|66.2|82|135|0|0|212|695|3,456|10|04:55:25|Garmin Edge 830|https://www.strava.com/activities/4450085075
12/15/2020|109.7|04:12:58|2313|0|269|3167|201|67%|0|0|26|66.6|80|195|0|0|209|963|3,154|9|04:39:07|Garmin Edge 830|https://www.strava.com/activities/4475009282
12/12/2020|93.7|03:42:24|2123|0|269|2795|176|67%|0|0|25.3|63.7|81|127|0|0|209|1038|2,774|7|03:57:47|Garmin Edge 830|https://www.strava.com/activities/4462327750
loaded urls in 2.07:28:45.4860094
